51467.304976 r 18.882 0.014
51467.305809 i 18.763 0.018
51467.306643 u 19.728 0.067
51467.307476 z 18.543 0.049
51467.308309 g 19.054 0.013
51819.280987 r 18.794 0.011
51819.281820 i 18.714 0.015
51819.282654 u 19.672 0.042
51819.283487 z 18.513 0.038
51819.284320 g 18.957 0.010
52172.296568 r 18.876 0.011
52172.297401 i 18.770 0.014
52172.298235 u 19.785 0.041
52172.299068 z 18.634 0.074
52172.299901 g 19.064 0.010
52172.346718 r 18.872 0.012
52172.347551 i 18.740 0.015
52172.348385 u 19.821 0.048
52172.349218 z 18.542 0.037
52172.350051 g 19.074 0.011
52558.246255 r 18.828 0.011
52558.247088 i 18.726 0.014
52558.247922 u 19.757 0.039
52558.248755 z 18.540 0.033
52558.249588 g 19.057 0.010
52577.133750 r 18.858 0.013
52577.134583 i 18.763 0.019
52577.135417 u 19.885 0.051
52577.136250 z 18.493 0.046
52577.137083 g 19.036 0.010
52586.137228 r 18.833 0.012
52586.138061 i 18.721 0.015
52586.138895 u 19.877 0.039
52586.139728 z 18.519 0.038
52586.140561 g 19.069 0.010
52931.147912 r 18.698 0.010
52931.148745 i 18.623 0.014
52931.149579 u 19.708 0.037
52931.150412 z 18.360 0.030
52931.151245 g 18.875 0.009
52935.144875 r 18.700 0.010
52935.145708 i 18.644 0.013
52935.146542 u 19.613 0.037
52935.147375 z 18.420 0.033
52935.148208 g 18.876 0.009
53313.138077 r 18.711 0.012
53313.138910 i 18.602 0.016
53313.139744 u 19.516 0.042
53313.140577 z 18.391 0.046
53313.141410 g 18.816 0.009
53622.247322 r 18.688 0.011
53622.248155 i 18.625 0.016
53622.248989 u 19.520 0.044
53622.249822 z 18.438 0.045
53622.250655 g 18.844 0.010
53625.243287 r 18.715 0.011
53625.244120 i 18.640 0.012
53625.244954 u 19.638 0.037
53625.245787 z 18.529 0.031
53625.246620 g 18.854 0.010
53634.196791 r 18.740 0.020
53634.197624 i 18.662 0.022
53634.198458 u 19.408 0.090
53634.199291 z 18.413 0.055
53634.200124 g 18.899 0.027
53636.202323 r 18.703 0.011
53636.203156 i 18.594 0.013
53636.203990 u 19.535 0.042
53636.204823 z 18.448 0.035
53636.205656 g 18.864 0.011
53655.174328 r 18.726 0.015
53655.175161 i 18.620 0.018
53655.175995 u 19.733 0.081
53655.176828 z 18.444 0.044
53655.177661 g 18.886 0.017
53664.199288 r 18.729 0.015
53664.200121 i 18.641 0.021
53664.200955 u 19.674 0.090
53664.201788 z 18.372 0.041
53664.202621 g 18.880 0.016
53666.162889 r 18.739 0.011
53666.163722 i 18.662 0.015
53666.164556 u 19.616 0.037
53666.165389 z 18.426 0.035
53666.166222 g 18.889 0.009
53669.158527 r 18.744 0.010
53669.159360 i 18.655 0.013
53669.160194 u 19.606 0.037
53669.161027 z 18.463 0.032
53669.161860 g 18.901 0.009
53671.243314 r 18.750 0.014
53671.244147 i 18.660 0.020
53671.244981 u 19.823 0.098
53671.245814 z 18.360 0.050
53671.246647 g 18.878 0.013
53674.142763 r 18.755 0.012
53674.143596 i 18.654 0.014
53674.144430 u 19.590 0.036
53674.145263 z 18.421 0.031
53674.146096 g 18.892 0.009
53676.232256 r 18.744 0.012
53676.233089 i 18.664 0.012
53676.233923 u 19.618 0.040
53676.234756 z 18.422 0.028
53676.235589 g 18.886 0.009
53679.204141 r 18.770 0.012
53679.204974 i 18.651 0.015
53679.205808 u 19.672 0.054
53679.206641 z 18.419 0.036
53679.207474 g 18.899 0.010
53681.195653 r 18.750 0.011
53681.196486 i 18.681 0.014
53681.197320 u 19.674 0.042
53681.198153 z 18.441 0.031
53681.198986 g 18.878 0.010
53685.154697 r 18.730 0.020
53685.155530 i 18.686 0.048
53685.156364 u 19.474 0.066
53685.157197 z 18.413 0.040
53685.158030 g 18.899 0.020
53687.193044 r 18.745 0.018
53687.193877 i 18.677 0.018
53687.194711 u 19.626 0.097
53687.195544 z 18.430 0.035
53687.196377 g 18.929 0.021
53694.168585 r 18.773 0.025
53694.169418 i 18.679 0.028
53694.170252 u 19.547 0.111
53694.171085 z 18.464 0.073
53694.171918 g 18.881 0.024
53697.152677 r 18.709 0.075
53697.153510 i 18.651 0.079
53697.154344 u 20.076 0.421
#53697.155177 z -99.000 0.125
53697.156010 g 18.940 0.026
53700.151636 r 18.742 0.011
53700.152469 i 18.634 0.014
53700.153303 u 19.659 0.043
53700.154136 z 18.456 0.033
53700.154969 g 18.887 0.010
53705.138306 r 18.735 0.011
53705.139139 i 18.675 0.014
53705.139973 u 19.604 0.045
53705.140806 z 18.410 0.032
53705.141639 g 18.907 0.010
53975.223301 r 18.857 0.042
53975.224135 i 18.675 0.020
53975.224968 u 19.613 0.047
53975.225801 z 18.449 0.042
53975.226635 g 18.926 0.017
53993.291103 r 18.779 0.016
53993.291936 i 18.707 0.017
53993.292770 u 19.715 0.044
53993.293603 z 18.449 0.032
53993.294436 g 18.901 0.018
53996.230034 r 18.752 0.014
53996.230867 i 18.670 0.016
53996.231701 u 19.620 0.037
53996.232534 z 18.470 0.031
53996.233367 g 18.895 0.015
53998.198726 r 18.768 0.013
53998.199560 i 18.651 0.014
53998.200393 u 19.647 0.035
53998.201226 z 18.399 0.028
53998.202060 g 18.888 0.014
54010.184147 r 18.774 0.014
54010.184981 i 18.672 0.015
54010.185814 u 19.580 0.040
#54010.186647 z -99.000 0.032
54010.187481 g 18.915 0.017
54012.176991 r 18.775 0.018
54012.177824 i 18.747 0.023
54012.178657 u 19.610 0.065
#54012.179491 z -99.000 0.041
54012.180324 g 18.945 0.022
54020.182985 r 18.762 0.018
54020.183818 i 18.644 0.018
54020.184652 u 19.592 0.037
54020.185485 z 18.420 0.035
54020.186318 g 18.899 0.016
54022.232249 r 18.755 0.017
54022.233083 i 18.659 0.017
54022.233916 u 19.655 0.038
54022.234749 z 18.483 0.029
54022.235583 g 18.907 0.017
54028.173330 r 18.723 0.015
54028.174164 i 18.657 0.017
54028.174997 u 19.675 0.042
54028.175830 z 18.427 0.038
54028.176664 g 18.878 0.016
54030.176523 r 18.751 0.013
54030.177357 i 18.695 0.017
54030.178190 u 19.587 0.033
54030.179023 z 18.436 0.030
54030.179857 g 18.847 0.014
54035.252295 r 18.775 0.063
54035.253128 i 18.650 0.023
54035.253961 u 19.619 0.068
54035.254795 z 18.391 0.048
54035.255628 g 18.918 0.021
54037.157758 r 18.760 0.014
54037.158592 i 18.627 0.018
54037.159425 u 19.580 0.041
54037.160258 z 18.458 0.040
54037.161092 g 18.897 0.018
54040.172261 r 18.779 0.021
54040.173094 i 18.649 0.023
54040.173928 u 19.746 0.073
54040.174761 z 18.382 0.039
54040.175594 g 18.891 0.020
54050.156872 r 18.747 0.016
54050.157705 i 18.696 0.022
54050.158539 u 19.743 0.055
54050.159372 z 18.457 0.052
54050.160205 g 18.891 0.018
54053.163024 r 18.774 0.018
54053.163858 i 18.726 0.019
54053.164691 u 19.679 0.044
54053.165524 z 18.425 0.038
54053.166358 g 18.901 0.017
54056.164712 r 18.774 0.040
54056.165545 i 18.675 0.034
54056.166379 u 19.660 0.089
54056.167212 z 18.385 0.050
54056.168045 g 18.869 0.036
54057.133360 r 18.780 0.015
54057.134193 i 18.668 0.016
54057.135026 u 19.674 0.039
54057.135860 z 18.343 0.030
54057.136693 g 18.901 0.013
54059.159019 r 18.733 0.015
54059.159852 i 18.663 0.017
54059.160686 u 19.635 0.041
54059.161519 z 18.409 0.033
54059.162352 g 18.942 0.018
54061.170027 r 18.783 0.020
54061.170860 i 18.705 0.025
54061.171694 u 19.784 0.050
54061.172527 z 18.443 0.039
54061.173360 g 18.913 0.020
54062.163896 r 18.760 0.017
54062.164729 i 18.673 0.021
54062.165562 u 19.662 0.051
54062.166396 z 18.376 0.039
54062.167229 g 18.920 0.012
54068.153847 r 18.763 0.025
54068.154680 i 18.631 0.025
54068.155514 u 19.816 0.137
54068.156347 z 18.476 0.059
54068.157180 g 18.859 0.025
54357.202186 r 18.698 0.022
54357.203019 i 18.626 0.016
54357.203852 u 19.534 0.042
54357.204686 z 18.432 0.037
54357.205519 g 18.827 0.022
54365.200073 r 18.689 0.016
54365.200906 i 18.637 0.024
54365.201739 u 19.506 0.056
54365.202573 z 18.472 0.043
54365.203406 g 18.831 0.018
54385.250007 r 18.659 0.015
54385.250840 i 18.609 0.019
54385.251673 u 19.500 0.044
54385.252507 z 18.403 0.032
54385.253340 g 18.771 0.018
54387.250503 r 18.659 0.013
54387.251336 i 18.584 0.018
54387.252170 u 19.483 0.046
54387.253003 z 18.435 0.036
54387.253836 g 18.812 0.015
54392.245232 r 18.671 0.017
54392.246065 i 18.623 0.017
54392.246899 u 19.500 0.042
54392.247732 z 18.387 0.032
54392.248565 g 18.800 0.013
54402.243730 r 18.658 0.019
54402.244563 i 18.580 0.020
54402.245397 u 19.449 0.082
54402.246230 z 18.355 0.040
54402.247063 g 18.808 0.021
