51467.302598 r 15.430 0.003
51467.303431 i 14.817 0.003
51467.304265 u 19.638 0.055
51467.305098 z 14.490 0.004
51467.305931 g 16.857 0.004
51819.278595 r 15.458 0.004
51819.279428 i 14.850 0.004
51819.280262 u 19.692 0.037
51819.281095 z 14.502 0.004
51819.281928 g 16.900 0.004
52172.294186 r 15.443 0.004
52172.295019 i 14.821 0.004
52172.295853 u 19.645 0.036
52172.296686 z 14.487 0.004
52172.297519 g 16.861 0.005
52172.344336 r 15.442 0.004
52172.345169 i 14.828 0.005
52172.346003 u 19.677 0.041
52172.346836 z 14.493 0.005
52172.347669 g 16.853 0.005
52558.243872 r 15.452 0.004
52558.244705 i 14.828 0.004
52558.245539 u 19.748 0.038
52558.246372 z 14.460 0.004
52558.247205 g 16.882 0.004
52577.131366 r 15.437 0.003
52577.132199 i 14.832 0.003
52577.133033 u 19.733 0.037
52577.133866 z 14.472 0.004
52577.134699 g 16.881 0.004
52586.134844 r 15.442 0.003
52586.135677 i 14.829 0.003
52586.136511 u 19.711 0.035
52586.137344 z 14.513 0.005
52586.138177 g 16.875 0.004
52931.145527 r 15.438 0.004
52931.146360 i 14.828 0.004
52931.147194 u 19.661 0.032
52931.148027 z 14.482 0.004
52931.148860 g 16.886 0.005
52935.142490 r 15.444 0.004
52935.143323 i 14.820 0.004
52935.144157 u 19.714 0.034
52935.144990 z 14.481 0.004
52935.145823 g 16.876 0.005
53313.135691 r 15.436 0.003
53313.136524 i 14.834 0.003
53313.137358 u 19.742 0.044
53313.138191 z 14.487 0.004
53313.139024 g 16.882 0.004
53622.244935 r 15.425 0.003
53622.245768 i 14.812 0.003
53622.246602 u 19.675 0.048
53622.247435 z 14.486 0.004
53622.248268 g 16.856 0.004
53625.240900 r 15.442 0.005
53625.241733 i 14.828 0.005
53625.242567 u 19.652 0.036
53625.243400 z 14.430 0.005
53625.244233 g 16.871 0.005
53634.194405 r 15.443 0.003
#53634.195238 i -99.000 0.003
53634.196072 u 19.740 0.142
53634.196905 z 14.498 0.004
53634.197738 g 16.879 0.006
53636.199937 r 15.438 0.004
53636.200770 i 14.822 0.004
53636.201604 u 19.631 0.041
53636.202437 z 14.437 0.005
53636.203270 g 16.862 0.005
53655.171943 r 15.437 0.003
53655.172776 i 14.822 0.003
53655.173610 u 19.861 0.082
53655.174443 z 14.474 0.004
53655.175276 g 16.887 0.005
53664.196901 r 15.451 0.003
53664.197734 i 14.841 0.003
53664.198568 u 19.691 0.070
53664.199401 z 14.505 0.004
53664.200234 g 16.879 0.005
53666.160503 r 15.445 0.004
53666.161336 i 14.830 0.005
53666.162170 u 19.758 0.036
53666.163003 z 14.484 0.005
53666.163836 g 16.879 0.005
53669.156142 r 15.440 0.004
53669.156975 i 14.829 0.004
53669.157809 u 19.700 0.033
53669.158642 z 14.497 0.004
53669.159475 g 16.879 0.005
53671.240933 r 15.432 0.004
53671.241766 i 14.836 0.004
53671.242600 u 19.669 0.070
53671.243433 z 14.467 0.005
53671.244266 g 16.869 0.005
53674.140377 r 15.439 0.004
53674.141210 i 14.825 0.004
53674.142044 u 19.723 0.037
53674.142877 z 14.502 0.004
53674.143710 g 16.866 0.004
53676.229873 r 15.442 0.005
53676.230706 i 14.822 0.005
53676.231540 u 19.731 0.038
53676.232373 z 14.492 0.005
53676.233206 g 16.862 0.005
53679.201756 r 15.443 0.003
53679.202589 i 14.824 0.003
53679.203423 u 19.700 0.047
53679.204256 z 14.489 0.004
53679.205089 g 16.871 0.004
53681.193268 r 15.450 0.005
53681.194101 i 14.836 0.005
53681.194935 u 19.718 0.040
53681.195768 z 14.491 0.005
53681.196601 g 16.876 0.005
53685.152313 r 15.441 0.004
53685.153146 i 14.830 0.004
53685.153980 u 19.733 0.086
53685.154813 z 14.457 0.005
53685.155646 g 16.849 0.006
53687.190661 r 15.444 0.004
53687.191494 i 14.834 0.004
53687.192328 u 19.924 0.131
53687.193161 z 14.484 0.004
53687.193994 g 16.847 0.006
53694.166202 r 16.238 0.004
53694.167035 i 15.419 0.003
53694.167869 u 20.925 0.377
53694.168702 z 14.928 0.005
53694.169535 g 17.299 0.008
53697.150291 r 15.457 0.007
53697.151124 i 14.822 0.006
53697.151958 u 19.503 0.185
#53697.152791 z -99.000 0.010
53697.153624 g 16.863 0.013
53700.149251 r 15.445 0.004
53700.150084 i 14.823 0.004
53700.150918 u 19.702 0.039
53700.151751 z 14.452 0.004
53700.152584 g 16.879 0.004
53705.135922 r 15.438 0.003
53705.136755 i 14.833 0.003
53705.137589 u 19.648 0.041
53705.138422 z 14.477 0.004
53705.139255 g 16.872 0.004
53975.220917 r 15.433 0.012
53975.221750 i 14.807 0.011
53975.222583 u 19.698 0.036
53975.223417 z 14.476 0.018
53975.224250 g 16.859 0.018
53993.288740 r 15.440 0.012
53993.289574 i 14.811 0.011
53993.290407 u 19.742 0.039
53993.291240 z 14.485 0.015
53993.292074 g 16.866 0.023
53996.227653 r 15.449 0.013
53996.228486 i 14.841 0.011
53996.229320 u 19.730 0.032
53996.230153 z 14.486 0.015
53996.230986 g 16.888 0.015
53998.196271 r 15.432 0.011
53998.197104 i 14.803 0.013
53998.197938 u 19.718 0.034
53998.198771 z 14.472 0.013
53998.199604 g 16.846 0.018
54010.181754 r 15.440 0.001
54010.182588 i 14.829 0.015
54010.183421 u 19.669 0.040
54010.184254 z 14.479 0.013
54010.185088 g 16.861 0.017
54012.174629 r 15.459 0.016
54012.175462 i 14.848 0.016
54012.176295 u 19.631 0.061
54012.177129 z 14.479 0.012
54012.177962 g 16.858 0.022
54020.180585 r 15.432 0.011
54020.181418 i 14.819 0.012
54020.182251 u 19.735 0.041
54020.183085 z 14.481 0.012
54020.183918 g 16.863 0.010
54022.229861 r 15.435 0.013
54022.230695 i 14.812 0.012
54022.231528 u 19.666 0.037
54022.232361 z 14.502 0.026
54022.233195 g 16.869 0.023
54028.170985 r 15.451 0.013
54028.171818 i 14.828 0.015
54028.172652 u 19.775 0.039
54028.173485 z 14.490 0.016
54028.174318 g 16.892 0.012
54030.174136 r 15.454 0.011
54030.174969 i 14.810 0.011
54030.175802 u 19.682 0.034
54030.176636 z 14.485 0.015
54030.177469 g 16.854 0.019
54032.163398 r 15.459 0.010
#54032.164231 i -99.000 0.012
54032.165065 u 19.507 0.146
#54032.165898 z -99.000 0.012
54032.166731 g 16.881 0.020
54035.249964 r 15.434 0.036
54035.250798 i 14.821 0.017
54035.251631 u 19.803 0.072
54035.252464 z 14.508 0.031
54035.253298 g 16.856 0.059
54037.155383 r 15.435 0.001
54037.156217 i 14.811 0.013
54037.157050 u 19.712 0.047
54037.157883 z 14.420 0.016
54037.158717 g 16.834 0.021
54040.169893 r 15.425 0.014
54040.170726 i 14.811 0.011
54040.171560 u 19.809 0.088
54040.172393 z 14.508 0.013
54040.173226 g 16.849 0.019
54050.154487 r 15.428 0.015
54050.155321 i 14.820 0.020
54050.156154 u 19.755 0.055
54050.156987 z 14.491 0.017
54050.157821 g 16.866 0.020
54053.160649 r 15.447 0.015
54053.161483 i 14.803 0.014
54053.162316 u 19.632 0.043
54053.163149 z 14.486 0.020
54053.163983 g 16.854 0.021
54056.162326 r 15.441 0.015
54056.163159 i 14.832 0.035
54056.163992 u 19.612 0.054
#54056.164826 z -99.000 0.020
54056.165659 g 16.834 0.027
54057.130997 r 15.440 0.016
54057.131831 i 14.824 0.015
54057.132664 u 19.653 0.038
54057.133497 z 14.484 0.014
54057.134331 g 16.842 0.019
54059.156628 r 15.435 0.015
54059.157462 i 14.826 0.014
54059.158295 u 19.755 0.064
54059.159128 z 14.466 0.020
54059.159962 g 16.858 0.015
54061.167649 r 15.467 0.016
54061.168483 i 14.822 0.014
54061.169316 u 19.610 0.047
54061.170149 z 14.454 0.019
54061.170983 g 16.864 0.018
54062.161496 r 15.449 0.014
54062.162329 i 14.832 0.017
54062.163163 u 19.691 0.051
54062.163996 z 14.487 0.016
#54062.164829 g -99.000 0.015
54068.151492 r 15.440 0.020
54068.152325 i 14.827 0.015
54068.153159 u 19.731 0.130
54068.153992 z 14.474 0.025
54068.154825 g 16.853 0.013
54357.199793 r 15.471 0.010
54357.200626 i 14.835 0.020
54357.201459 u 19.789 0.045
54357.202293 z 14.491 0.016
54357.203126 g 16.852 0.015
54365.197671 r 15.394 0.026
54365.198504 i 14.811 0.021
54365.199338 u 19.675 0.062
54365.200171 z 14.501 0.022
54365.201004 g 16.861 0.014
54385.247621 r 15.438 0.013
54385.248455 i 14.798 0.018
54385.249288 u 19.709 0.040
54385.250121 z 14.473 0.020
54385.250955 g 16.861 0.014
54387.248119 r 15.436 0.012
54387.248952 i 14.820 0.012
54387.249785 u 19.593 0.046
54387.250619 z 14.481 0.016
54387.251452 g 16.866 0.012
54392.242847 r 15.466 0.014
54392.243680 i 14.831 0.015
54392.244513 u 19.691 0.044
54392.245347 z 14.507 0.013
54392.246180 g 16.873 0.021
54402.241315 r 15.437 0.016
54402.242148 i 14.794 0.012
54402.242981 u 19.848 0.111
54402.243815 z 14.475 0.018
54402.244648 g 16.829 0.019
