51075.381931 r 17.182 0.006
51075.382764 i 16.632 0.005
51075.383598 u 21.511 0.131
51075.384431 z 16.650 0.013
51075.385264 g 19.516 0.018
51818.351590 r 17.119 0.006
51818.352423 i 16.673 0.005
51818.353257 u 21.741 0.160
51818.354090 z 16.387 0.009
51818.354923 g 18.502 0.010
52170.402578 r 17.421 0.007
52170.403411 i 16.738 0.006
52170.404245 u 20.997 0.098
52170.405078 z 16.323 0.010
52170.405911 g 18.385 0.008
52173.316030 r 16.922 0.005
52173.316863 i 16.646 0.005
52173.317697 u 20.230 0.074
52173.318530 z 16.389 0.011
52173.319363 g 18.751 0.012
52207.367888 r 17.192 0.006
52207.368721 i 16.478 0.006
52207.369555 u 21.432 0.145
52207.370388 z 16.531 0.011
52207.371221 g 18.362 0.009
52224.296096 r 17.079 0.006
52224.296929 i 16.498 0.006
52224.297763 u 20.646 0.077
52224.298596 z 16.348 0.010
52224.299429 g 18.534 0.010
52231.281513 r 16.876 0.005
52231.282346 i 16.433 0.006
52231.283180 u 20.647 0.080
52231.284013 z 16.220 0.009
52231.284846 g 18.337 0.008
52234.252604 r 17.280 0.006
52234.253437 i 16.552 0.006
52234.254271 u 20.875 0.086
52234.255104 z 16.669 0.011
52234.255937 g 18.555 0.010
52261.215958 r 17.185 0.006
52261.216791 i 16.599 0.005
52261.217625 u 20.825 0.086
52261.218458 z 16.372 0.010
52261.219291 g 18.351 0.009
52287.096450 r 16.878 0.005
52287.097283 i 16.563 0.005
#52287.098117 u 24.642 1.100
52287.098950 z 16.148 0.008
52287.099783 g 18.839 0.011
52552.415153 r 17.035 0.005
52552.415986 i 16.539 0.005
52552.416820 u 21.466 0.184
52552.417653 z 16.377 0.010
52552.418486 g 18.740 0.012
52557.389510 r 17.003 0.005
52557.390343 i 16.603 0.006
52557.391177 u 20.956 0.099
52557.392010 z 16.316 0.010
52557.392843 g 18.540 0.010
52908.364077 r 17.068 0.005
52908.364910 i 16.657 0.005
52908.365744 u 22.218 0.283
52908.366577 z 16.494 0.010
52908.367410 g 18.364 0.008
52912.343517 r 17.038 0.005
52912.344350 i 16.325 0.004
#52912.345184 u 24.640 1.442
52912.346017 z 16.221 0.009
52912.346850 g 18.147 0.007
52934.295982 r 17.365 0.006
52934.296815 i 16.609 0.005
52934.297649 u 20.906 0.108
52934.298482 z 16.341 0.010
52934.299315 g 18.459 0.009
52936.291908 r 17.100 0.006
52936.292741 i 16.539 0.006
52936.293575 u 21.121 0.097
52936.294408 z 16.422 0.010
52936.295241 g 18.413 0.009
53270.355987 r 17.324 0.266
53270.356820 i 16.678 0.200
53270.357654 u 20.396 0.605
53270.358487 z 16.182 0.145
53270.359320 g 19.153 0.838
53272.405910 r 17.088 0.005
53272.406743 i 16.557 0.005
#53272.407577 u -99.000 0.075
53272.408410 z 16.664 0.012
53272.409243 g 18.467 0.009
53286.374626 r 17.260 0.006
53286.375459 i 16.657 0.005
53286.376293 u 21.238 0.144
53286.377126 z 16.410 0.009
53286.377959 g 18.401 0.008
53288.333120 r 17.053 0.006
53288.333953 i 16.824 0.006
53288.334787 u 20.801 0.077
53288.335620 z 16.411 0.010
53288.336453 g 18.631 0.010
53294.380793 r 16.953 0.005
53294.381626 i 16.364 0.004
53294.382460 u 20.711 0.098
53294.383293 z 16.177 0.008
53294.384126 g 18.343 0.008
53298.377571 r 17.356 0.006
53298.378404 i 16.549 0.005
53298.379238 u 20.999 0.121
53298.380071 z 16.406 0.011
53298.380904 g 18.483 0.009
53302.328789 r 16.877 0.005
53302.329622 i 16.408 0.005
53302.330456 u 21.890 0.442
53302.331289 z 16.185 0.009
53302.332122 g 18.096 0.009
53314.285518 r 17.219 0.006
53314.286351 i 16.544 0.005
53314.287185 u 21.086 0.136
53314.288018 z 16.383 0.010
53314.288851 g 18.226 0.008
53639.398161 r 17.021 0.006
53639.398994 i 16.599 0.006
53639.399828 u 21.472 0.156
53639.400661 z 16.305 0.010
53639.401494 g 18.312 0.008
53641.397328 r 17.186 0.006
53641.398161 i 16.635 0.005
53641.398995 u 20.756 0.088
53641.399828 z 16.444 0.010
53641.400661 g 18.321 0.009
53663.340759 r 17.251 0.007
53663.341592 i 16.566 0.006
53663.342426 u 21.756 0.425
53663.343259 z 16.410 0.010
53663.344092 g 18.282 0.010
53666.410848 r 17.130 0.006
53666.411681 i 16.391 0.005
53666.412515 u 21.308 0.268
53666.413348 z 16.248 0.009
53666.414181 g 18.415 0.010
53668.330360 r 17.313 0.006
53668.331193 i 17.000 0.006
53668.332027 u 20.718 0.128
53668.332860 z 16.748 0.013
53668.333693 g 18.657 0.011
53669.417980 r 17.219 0.006
53669.418813 i 16.547 0.005
#53669.419647 u -99.000 0.180
53669.420480 z 16.231 0.009
53669.421313 g 18.701 0.013
53670.335211 r 17.079 0.005
53670.336044 i 16.683 0.005
53670.336878 u 20.937 0.128
53670.337711 z 16.548 0.011
53670.338544 g 18.337 0.008
53673.303198 r 17.046 0.006
53673.304031 i 16.813 0.006
53673.304865 u 20.874 0.088
53673.305698 z 16.442 0.010
53673.306531 g 18.443 0.009
53675.300086 r 17.133 0.005
53675.300919 i 16.813 0.006
53675.301753 u 21.999 0.243
53675.302586 z 16.310 0.009
53675.303419 g 18.637 0.010
53677.321116 r 17.096 0.006
53677.321949 i 16.619 0.006
53677.322783 u 21.183 0.118
53677.323616 z 16.620 0.011
53677.324449 g 18.276 0.008
53680.307783 r 17.200 0.006
53680.308616 i 16.724 0.006
53680.309450 u 20.936 0.091
53680.310283 z 16.510 0.010
53680.311116 g 18.768 0.012
53683.366340 r 17.102 0.005
53683.367173 i 16.520 0.005
53683.368007 u 20.590 0.104
53683.368840 z 16.214 0.009
53683.369673 g 18.434 0.009
53693.309675 r 17.610 0.008
53693.310508 i 16.903 0.006
53693.311342 u 20.263 0.178
53693.312175 z 16.798 0.014
53693.313008 g 18.562 0.014
53698.307064 r 17.438 0.008
53698.307897 i 16.754 0.006
53698.308731 u 20.882 0.133
53698.309564 z 16.305 0.009
53698.310397 g 19.408 0.019
53704.292997 r 17.633 0.007
53704.293830 i 16.506 0.005
53704.294664 u 22.605 0.509
53704.295497 z 16.437 0.010
53704.296330 g 18.828 0.012
53989.389074 r 17.237 0.213
53989.389907 i 16.610 0.126
53989.390741 u 20.889 0.401
53989.391574 z 16.355 0.203
53989.392407 g 18.329 0.402
53995.427802 r 16.927 0.123
53995.428635 i 16.547 0.138
53995.429468 u 20.890 0.503
53995.430302 z 16.315 0.149
53995.431135 g 18.270 0.269
54007.414636 r 17.078 0.201
54007.415469 i 16.683 0.151
54007.416303 u 21.395 0.419
54007.417136 z 16.288 0.156
54007.417969 g 18.485 0.487
54009.338408 r 17.030 0.185
54009.339242 i 16.789 0.155
54009.340075 u 21.214 0.213
54009.340908 z 16.269 0.175
54009.341742 g 18.955 0.513
54011.402872 r 17.097 0.299
54011.403706 i 16.638 0.163
54011.404539 u 20.898 0.120
54011.405372 z 16.350 0.187
54011.406206 g 18.287 0.497
54025.401915 r 16.984 0.186
54025.402748 i 16.524 0.148
#54025.403582 u 22.125 1.040
54025.404415 z 16.649 0.236
54025.405248 g 19.106 0.789
54346.395741 r 16.973 0.152
54346.396574 i 16.824 0.176
54346.397407 u 20.953 0.361
54346.398241 z 16.583 0.234
54346.399074 g 18.894 0.502
54348.399651 r 17.219 0.235
54348.400485 i 16.502 0.129
54348.401318 u 20.758 0.202
54348.402151 z 16.454 0.206
#54348.402985 g -99.000 0.587
54358.355499 r 16.981 0.139
54358.356332 i 16.797 0.131
54358.357165 u 20.360 0.225
54358.357999 z 16.331 0.147
54358.358832 g 18.789 0.418
54365.388522 r 17.004 0.132
54365.389355 i 16.547 0.110
54365.390188 u 20.909 0.500
54365.391022 z 16.205 0.099
54365.391855 g 18.305 0.280
54381.408087 r 17.105 0.189
54381.408920 i 16.556 0.118
54381.409753 u 21.481 0.351
54381.410587 z 16.314 0.110
54381.411420 g 18.449 0.428
54384.414747 r 17.035 0.207
54384.415580 i 16.591 0.156
#54384.416414 u 23.549 1.731
54384.417247 z 16.275 0.187
54384.418080 g 18.395 0.459
54386.400400 r 17.099 0.204
54386.401234 i 16.883 0.190
54386.402067 u 20.801 0.364
54386.402900 z 16.726 0.255
54386.403734 g 18.543 0.410
54388.404659 r 17.015 0.192
54388.405492 i 16.712 0.140
54388.406326 u 22.093 0.346
54388.407159 z 16.405 0.186
54388.407992 g 18.887 0.544
54392.402235 r 17.769 0.346
54392.403069 i 16.898 0.181
54392.403902 u 20.790 0.636
54392.404735 z 16.454 0.170
54392.405569 g 18.158 0.257
54403.318504 r 17.135 0.225
54403.319338 i 16.611 0.153
#54403.320171 u -99.000 99.999
54403.321004 z 16.294 0.174
#54403.321838 g -99.000 0.390
54404.376001 r 17.353 0.229
54404.376834 i 16.530 0.134
54404.377668 u 20.781 0.519
54404.378501 z 16.808 0.204
54404.379334 g 18.386 0.276
54405.374025 r 17.229 0.191
54405.374858 i 16.545 0.129
54405.375691 u 21.195 0.440
54405.376525 z 16.277 0.084
54405.377358 g 18.640 0.388
54406.312282 r 17.211 0.228
54406.313116 i 16.744 0.156
54406.313949 u 20.947 0.142
54406.314782 z 16.267 0.178
54406.315616 g 18.734 0.420
54412.338044 r 16.993 0.136
54412.338877 i 16.519 0.109
54412.339711 u 20.677 0.406
54412.340544 z 16.265 0.130
54412.341377 g 18.388 0.249
