51075.336008 r 20.193 0.028
51075.336841 i 19.887 0.036
51075.337675 u 21.230 0.106
51075.338508 z 19.636 0.100
51075.339341 g 20.434 0.025
51819.390883 r 20.059 0.028
51819.391716 i 19.840 0.035
51819.392550 u 21.107 0.137
51819.393383 z 19.427 0.078
51819.394216 g 20.328 0.026
52558.356118 r 19.938 0.022
52558.356951 i 19.762 0.029
52558.357785 u 20.727 0.090
52558.358618 z 19.463 0.074
52558.359451 g 20.197 0.021
52577.243622 r 20.032 0.024
52577.244455 i 19.841 0.030
52577.245289 u 20.703 0.079
52577.246122 z 19.509 0.077
52577.246955 g 20.220 0.020
52586.247100 r 19.916 0.023
52586.247933 i 19.758 0.033
52586.248767 u 20.942 0.088
52586.249600 z 19.363 0.087
52586.250433 g 20.225 0.020
52910.327581 r 20.133 0.024
52910.328414 i 19.949 0.032
52910.329248 u 21.160 0.112
52910.330081 z 19.434 0.066
52910.330914 g 20.401 0.022
52931.257784 r 20.126 0.026
52931.258617 i 19.905 0.033
52931.259451 u 20.971 0.100
52931.260284 z 19.617 0.091
52931.261117 g 20.385 0.024
52935.254748 r 20.144 0.031
52935.255581 i 19.913 0.037
52935.256415 u 21.054 0.117
52935.257248 z 19.548 0.099
52935.258081 g 20.417 0.026
52959.198078 r 20.096 0.022
52959.198911 i 19.860 0.027
52959.199745 u 21.263 0.113
52959.200578 z 19.573 0.066
52959.201411 g 20.354 0.021
52963.177822 r 20.109 0.022
52963.178655 i 19.887 0.028
52963.179489 u 21.050 0.087
52963.180322 z 19.444 0.061
52963.181155 g 20.365 0.021
53352.148888 r 20.164 0.030
53352.149721 i 19.876 0.036
53352.150555 u 20.702 0.102
53352.151388 z 19.399 0.082
53352.152221 g 20.357 0.024
53622.357187 r 20.173 0.034
53622.358020 i 19.930 0.047
53622.358854 u 20.972 0.153
53622.359687 z 19.575 0.116
53622.360520 g 20.384 0.032
53634.306657 r 20.081 0.047
53634.307490 i 19.777 0.045
53634.308324 u 21.192 0.379
53634.309157 z 19.631 0.104
53634.309990 g 20.339 0.073
53638.347993 r 20.223 0.029
53638.348826 i 19.955 0.032
53638.349660 u 21.113 0.140
53638.350493 z 19.475 0.074
53638.351326 g 20.485 0.030
53640.312027 r 20.108 0.026
53640.312860 i 19.914 0.036
53640.313694 u 21.290 0.156
53640.314527 z 19.547 0.079
53640.315360 g 20.387 0.025
53655.284198 r 20.061 0.035
53655.285031 i 19.867 0.043
53655.285865 u 21.262 0.199
53655.286698 z 19.659 0.120
53655.287531 g 20.334 0.038
53664.309154 r 20.035 0.050
53664.309987 i 19.786 0.048
53664.310821 u 20.877 0.230
53664.311654 z 19.449 0.102
53664.312487 g 20.456 0.059
53669.268399 r 20.149 0.024
53669.269232 i 19.877 0.029
53669.270066 u 21.092 0.098
53669.270899 z 19.551 0.075
53669.271732 g 20.373 0.020
53674.252635 r 20.187 0.030
53674.253468 i 19.940 0.037
53674.254302 u 21.195 0.182
53674.255135 z 19.717 0.099
53674.255968 g 20.418 0.025
53676.342105 r 20.070 0.028
53676.342938 i 19.917 0.034
53676.343772 u 21.183 0.159
53676.344605 z 19.620 0.076
53676.345438 g 20.471 0.027
53679.314001 r 20.253 0.037
53679.314834 i 19.968 0.045
53679.315668 u 21.189 0.184
53679.316501 z 19.703 0.133
53679.317334 g 20.556 0.031
53685.264567 r 20.180 0.079
#53685.265400 i -99.000 0.070
53685.266234 u 21.151 0.386
53685.267067 z 19.382 0.108
53685.267900 g 20.306 0.079
53694.278442 r 20.115 0.065
53694.279275 i 19.792 0.060
#53694.280109 u -99.000 3.589
53694.280942 z 19.570 0.150
#53694.281775 g -99.000 0.088
53700.261496 r 20.166 0.035
53700.262329 i 19.881 0.043
53700.263163 u 20.969 0.163
53700.263996 z 19.651 0.128
53700.264829 g 20.441 0.030
53705.248166 r 20.216 0.028
53705.248999 i 19.960 0.032
53705.249833 u 21.431 0.172
53705.250666 z 19.707 0.075
53705.251499 g 20.475 0.025
53975.333176 r 20.074 0.026
53975.334009 i 19.915 0.030
53975.334843 u 20.977 0.112
53975.335676 z 19.601 0.080
53975.336509 g 20.342 0.025
53994.356169 r 20.138 0.023
53994.357002 i 19.972 0.030
53994.357836 u 21.345 0.103
53994.358669 z 19.527 0.065
53994.359502 g 20.383 0.026
53996.340022 r 20.098 0.027
53996.340855 i 19.971 0.035
53996.341688 u 21.057 0.120
53996.342522 z 19.578 0.087
#53996.343355 g -99.000 0.039
54010.294062 r 20.207 0.030
54010.294896 i 19.940 0.031
54010.295729 u 21.072 0.101
54010.296562 z 19.585 0.064
54010.297396 g 20.397 0.031
54012.286945 r 20.207 0.040
54012.287778 i 19.931 0.039
54012.288611 u 21.159 0.202
54012.289445 z 19.645 0.086
54012.290278 g 20.442 0.047
54020.292901 r 20.188 0.044
54020.293734 i 19.988 0.048
54020.294567 u 20.874 0.137
54020.295401 z 19.459 0.088
54020.296234 g 20.328 0.035
54024.374421 r 20.165 0.041
54024.375254 i 19.951 0.050
54024.376088 u 21.728 0.360
54024.376921 z 19.696 0.109
54024.377754 g 20.378 0.046
54028.362804 r 20.225 0.036
54028.363637 i 19.992 0.040
54028.364470 u 20.770 0.113
54028.365304 z 19.672 0.094
54028.366137 g 20.441 0.032
54030.286497 r 20.218 0.027
54030.287331 i 19.944 0.031
54030.288164 u 21.279 0.102
54030.288997 z 19.634 0.072
54030.289831 g 20.423 0.029
54035.362278 r 20.184 0.035
54035.363111 i 19.956 0.043
54035.363945 u 20.938 0.142
54035.364778 z 19.630 0.098
54035.365611 g 20.417 0.031
54037.267648 r 20.225 0.031
54037.268481 i 19.871 0.035
54037.269315 u 21.151 0.115
54037.270148 z 19.708 0.085
54037.270981 g 20.446 0.028
54040.282130 r 20.155 0.059
54040.282963 i 19.901 0.055
#54040.283797 u -99.000 0.288
54040.284630 z 19.631 0.105
54040.285463 g 20.407 0.061
54049.308603 r 20.195 0.043
54049.309436 i 19.925 0.045
54049.310269 u 21.196 0.278
54049.311103 z 19.784 0.111
54049.311936 g 20.347 0.050
54053.272913 r 20.081 0.030
54053.273747 i 19.992 0.037
54053.274580 u 21.345 0.134
54053.275413 z 19.508 0.080
54053.276247 g 20.358 0.031
54056.274616 r 20.174 0.041
54056.275449 i 19.938 0.057
#54056.276282 u -99.000 0.146
54056.277116 z 19.552 0.100
54056.277949 g 20.373 0.033
54062.273736 r 20.160 0.032
54062.274569 i 20.018 0.044
54062.275402 u 21.157 0.151
54062.276236 z 19.703 0.102
54062.277069 g 20.411 0.026
54068.254362 r 20.029 0.047
54068.255195 i 19.986 0.055
54068.256028 u 21.404 0.368
54068.256862 z 19.630 0.107
54068.257695 g 20.483 0.061
54357.312054 r 20.417 0.025
54357.312887 i 20.237 0.032
54357.313721 u 21.661 0.148
54357.314554 z 19.939 0.085
54357.315387 g 20.648 0.026
54382.342063 r 20.178 0.053
54382.342896 i 20.323 0.074
54382.343729 u 21.148 0.178
54382.344563 z 19.510 0.116
54382.345396 g 20.684 0.044
54385.359942 r 20.411 0.027
54385.360775 i 20.145 0.031
54385.361608 u 21.312 0.119
54385.362442 z 19.754 0.066
54385.363275 g 20.638 0.031
54387.360459 r 20.697 0.069
54387.361292 i 20.503 0.081
#54387.362126 u 23.101 1.494
54387.362959 z 20.208 0.190
54387.363792 g 21.137 0.063
54390.352779 r 20.404 0.047
54390.353612 i 20.060 0.048
#54390.354446 u -99.000 0.145
54390.355279 z 19.995 0.143
54390.356112 g 20.678 0.032
54392.355114 r 20.281 0.043
54392.355947 i 19.976 0.046
54392.356781 u 21.989 0.369
54392.357614 z 19.675 0.102
54392.358447 g 20.513 0.035
54402.353552 r 20.435 0.067
54402.354386 i 20.173 0.060
#54402.355219 u 22.410 1.338
54402.356052 z 19.658 0.100
54402.356886 g 20.585 0.081
