51075.393813 r 20.088 0.028
51075.394646 i 20.063 0.047
51075.395480 u 21.288 0.136
51075.396313 z 19.796 0.138
51075.397146 g 20.376 0.023
51818.363487 r 20.146 0.024
51818.364320 i 20.076 0.035
51818.365154 u 21.217 0.115
51818.365987 z 19.729 0.095
51818.366820 g 20.379 0.022
52170.414454 r 20.043 0.024
52170.415287 i 20.013 0.033
52170.416121 u 20.778 0.083
52170.416954 z 19.779 0.095
52170.417787 g 20.137 0.019
52173.327823 r 19.993 0.026
52173.328656 i 20.014 0.040
52173.329490 u 20.798 0.105
52173.330323 z 19.492 0.097
52173.331156 g 20.171 0.023
52224.307991 r 20.027 0.021
52224.308824 i 20.036 0.032
52224.309658 u 20.818 0.079
52224.310491 z 19.707 0.080
52224.311324 g 20.198 0.019
52234.264477 r 19.986 0.023
52234.265310 i 19.988 0.033
52234.266144 u 20.849 0.089
52234.266977 z 19.754 0.082
52234.267810 g 20.179 0.020
52261.227831 r 20.046 0.023
52261.228664 i 20.016 0.031
52261.229498 u 20.910 0.089
52261.230331 z 19.865 0.099
52261.231164 g 20.216 0.021
52283.095204 r 20.073 0.030
52283.096037 i 19.983 0.046
52283.096871 u 21.096 0.137
52283.097704 z 19.677 0.124
52283.098537 g 20.269 0.028
52287.108327 r 20.074 0.025
52287.109160 i 20.088 0.035
52287.109994 u 21.100 0.091
52287.110827 z 19.811 0.082
52287.111660 g 20.278 0.021
52552.427027 r 19.960 0.029
52552.427860 i 19.970 0.045
52552.428694 u 21.070 0.145
52552.429527 z 19.641 0.118
52552.430360 g 20.230 0.025
52557.401383 r 20.021 0.025
52557.402216 i 20.100 0.040
52557.403050 u 20.834 0.090
52557.403883 z 19.894 0.118
52557.404716 g 20.192 0.021
52908.375953 r 20.060 0.024
52908.376786 i 19.988 0.034
52908.377620 u 21.020 0.101
52908.378453 z 19.809 0.100
52908.379286 g 20.199 0.019
52912.355391 r 20.080 0.024
52912.356224 i 20.058 0.033
52912.357058 u 21.052 0.110
52912.357891 z 19.981 0.110
52912.358724 g 20.190 0.020
52934.307857 r 20.075 0.028
52934.308690 i 19.980 0.038
52934.309524 u 20.945 0.101
52934.310357 z 19.819 0.124
52934.311190 g 20.273 0.021
52936.303782 r 20.127 0.025
52936.304615 i 19.996 0.035
52936.305449 u 21.027 0.092
52936.306282 z 19.827 0.105
52936.307115 g 20.224 0.019
53270.367844 r 20.269 0.027
53270.368678 i 20.195 0.034
53270.369511 u 21.288 0.121
53270.370344 z 19.908 0.094
53270.371178 g 20.402 0.027
53272.417782 r 20.210 0.027
53272.418615 i 20.163 0.042
53272.419449 u 21.225 0.143
53272.420282 z 19.720 0.111
53272.421115 g 20.448 0.024
53286.386502 r 20.212 0.029
53286.387335 i 20.123 0.039
53286.388169 u 21.541 0.196
53286.389002 z 19.910 0.108
53286.389835 g 20.497 0.028
53288.344996 r 20.221 0.026
53288.345829 i 20.284 0.040
53288.346663 u 21.169 0.122
53288.347496 z 19.897 0.105
53288.348329 g 20.453 0.022
53294.392667 r 20.209 0.032
53294.393500 i 20.201 0.042
53294.394334 u 21.169 0.124
53294.395167 z 19.852 0.103
53294.396000 g 20.403 0.024
53296.339679 r 20.169 0.033
53296.340512 i 20.279 0.050
53296.341346 u 21.040 0.105
53296.342179 z 20.176 0.134
53296.343012 g 20.429 0.028
53298.389443 r 20.317 0.042
53298.390276 i 20.249 0.062
53298.391110 u 21.175 0.142
53298.391943 z 20.361 0.242
53298.392776 g 20.381 0.028
53302.340662 r 20.303 0.045
53302.341495 i 20.246 0.057
53302.342329 u 21.104 0.180
53302.343162 z 19.928 0.116
53302.343995 g 20.408 0.045
53312.296242 r 20.221 0.041
53312.297075 i 20.157 0.056
53312.297909 u 20.979 0.177
53312.298742 z 19.957 0.147
53312.299575 g 20.427 0.047
53314.297394 r 20.179 0.034
53314.298227 i 20.187 0.049
53314.299061 u 21.061 0.121
53314.299894 z 20.062 0.146
53314.300727 g 20.458 0.033
53319.285190 r 20.269 0.048
53319.286023 i 20.122 0.054
53319.286857 u 21.244 0.167
53319.287690 z 20.209 0.201
53319.288523 g 20.366 0.032
53616.401749 r 20.126 0.027
53616.402582 i 19.997 0.039
53616.403416 u 21.000 0.128
53616.404249 z 19.797 0.117
53616.405082 g 20.316 0.024
53628.363040 r 20.092 0.037
53628.363873 i 19.989 0.047
53628.364707 u 21.176 0.210
53628.365540 z 19.869 0.131
53628.366373 g 20.223 0.044
53637.364659 r 20.141 0.037
53637.365492 i 20.077 0.049
53637.366326 u 21.041 0.187
53637.367159 z 19.716 0.121
53637.367992 g 20.318 0.042
53639.410035 r 20.092 0.025
53639.410868 i 20.027 0.032
53639.411702 u 21.150 0.126
53639.412535 z 19.901 0.097
53639.413368 g 20.286 0.024
53641.409202 r 20.064 0.024
53641.410035 i 20.031 0.034
53641.410869 u 20.829 0.101
53641.411702 z 19.790 0.093
53641.412535 g 20.262 0.022
53657.368085 r 20.102 0.052
53657.368918 i 19.990 0.069
53657.369752 u 21.028 0.256
53657.370585 z 19.748 0.148
53657.371418 g 20.219 0.057
53663.352633 r 20.112 0.042
53663.353466 i 19.994 0.044
53663.354300 u 20.762 0.167
53663.355133 z 19.781 0.100
53663.355966 g 20.206 0.041
53665.330605 r 19.966 0.040
53665.331438 i 19.874 0.042
53665.332272 u 20.631 0.152
53665.333105 z 19.647 0.127
#53665.333938 g -99.000 0.051
53666.422721 r 20.017 0.032
53666.423554 i 19.973 0.040
#53666.424388 u -99.000 0.174
53666.425221 z 19.835 0.111
53666.426054 g 20.144 0.034
53668.342234 r 19.981 0.029
53668.343067 i 19.992 0.045
53668.343901 u 20.644 0.118
53668.344734 z 19.810 0.126
53668.345567 g 20.141 0.029
53669.429852 r 19.993 0.034
53669.430685 i 20.003 0.043
53669.431519 u 20.611 0.146
53669.432352 z 19.763 0.110
53669.433185 g 20.216 0.035
53670.347086 r 20.012 0.032
53670.347919 i 19.949 0.042
#53670.348753 u -99.000 0.114
53670.349586 z 19.820 0.133
53670.350419 g 20.177 0.027
53673.315072 r 20.021 0.022
53673.315905 i 19.966 0.031
53673.316739 u 20.622 0.072
53673.317572 z 19.611 0.070
53673.318405 g 20.166 0.018
53675.311962 r 20.024 0.028
53675.312795 i 20.018 0.041
#53675.313629 u -99.000 0.105
53675.314462 z 19.790 0.108
53675.315295 g 20.177 0.021
53677.332991 r 20.006 0.022
53677.333824 i 20.086 0.031
53677.334658 u 20.795 0.081
53677.335491 z 19.691 0.066
53677.336324 g 20.165 0.018
53680.319658 r 20.001 0.023
53680.320491 i 19.966 0.032
53680.321325 u 20.650 0.074
53680.322158 z 19.765 0.087
53680.322991 g 20.151 0.019
53683.378212 r 19.959 0.030
53683.379045 i 19.932 0.047
53683.379879 u 20.854 0.130
53683.380712 z 19.616 0.139
53683.381545 g 20.100 0.022
53686.319090 r 19.846 0.055
53686.319923 i 19.867 0.063
53686.320757 u 20.132 0.193
53686.321590 z 19.645 0.150
53686.322423 g 19.943 0.071
53693.321549 r 19.880 0.046
53693.322382 i 19.895 0.057
53693.323216 u 20.511 0.247
53693.324049 z 19.858 0.152
53693.324882 g 20.041 0.054
53698.318938 r 19.976 0.028
53698.319771 i 20.006 0.042
53698.320605 u 20.656 0.116
53698.321438 z 19.843 0.109
53698.322271 g 20.060 0.025
53699.342390 r 19.937 0.024
53699.343223 i 19.970 0.034
53699.344057 u 20.576 0.099
53699.344890 z 19.743 0.088
53699.345723 g 20.083 0.022
53704.304871 r 19.951 0.025
53704.305704 i 20.011 0.041
53704.306538 u 20.709 0.098
53704.307371 z 19.704 0.101
53704.308204 g 20.053 0.020
53989.401007 r 20.024 0.043
53989.401841 i 20.059 0.049
#53989.402674 u -99.000 0.125
53989.403507 z 19.818 0.102
53989.404341 g 20.172 0.045
53995.439695 r 20.101 0.022
53995.440528 i 20.031 0.029
53995.441361 u 20.815 0.074
53995.442195 z 19.614 0.063
53995.443028 g 20.169 0.023
54000.376351 r 20.004 0.024
54000.377184 i 20.075 0.038
54000.378017 u 20.922 0.105
54000.378851 z 19.595 0.090
54000.379684 g 20.185 0.033
54007.426496 r 20.026 0.026
54007.427330 i 20.039 0.033
54007.428163 u 20.888 0.089
54007.428996 z 19.842 0.095
54007.429830 g 20.171 0.028
54009.350269 r 20.102 0.023
54009.351102 i 20.019 0.029
54009.351935 u 20.972 0.081
54009.352769 z 19.748 0.076
54009.353602 g 20.218 0.024
54011.414765 r 20.089 0.021
54011.415599 i 19.984 0.028
54011.416432 u 20.790 0.065
54011.417265 z 19.817 0.072
54011.418099 g 20.199 0.024
54025.413810 r 20.070 0.028
54025.414643 i 20.040 0.041
54025.415477 u 20.622 0.091
54025.416310 z 19.776 0.096
54025.417143 g 20.197 0.030
54346.407537 r 20.050 0.042
54346.408370 i 20.012 0.042
#54346.409203 u -99.000 0.164
54346.410037 z 19.591 0.081
54346.410870 g 20.222 0.042
54348.411728 r 19.933 0.033
54348.412561 i 20.040 0.041
54348.413394 u 20.628 0.099
54348.414228 z 19.824 0.102
54348.415061 g 20.101 0.024
54355.421641 r 20.019 0.025
54355.422475 i 19.994 0.033
54355.423308 u 20.750 0.072
54355.424141 z 19.826 0.074
54355.424975 g 20.148 0.020
54358.367337 r 20.003 0.030
54358.368170 i 20.045 0.041
54358.369004 u 20.788 0.094
54358.369837 z 19.880 0.108
54358.370670 g 20.139 0.023
54365.400551 r 20.000 0.022
54365.401385 i 20.025 0.031
54365.402218 u 20.734 0.061
54365.403051 z 19.700 0.068
54365.403885 g 20.131 0.022
54381.419957 r 20.036 0.022
54381.420790 i 19.962 0.030
54381.421623 u 20.748 0.070
54381.422457 z 19.749 0.066
54381.423290 g 20.108 0.018
54384.426776 r 19.955 0.021
54384.427609 i 20.014 0.031
54384.428443 u 20.500 0.070
54384.429276 z 19.777 0.077
54384.430109 g 20.129 0.021
54386.412457 r 19.977 0.031
54386.413290 i 19.980 0.036
54386.414124 u 20.787 0.084
54386.414957 z 19.683 0.069
54386.415790 g 20.135 0.019
54388.416567 r 20.004 0.024
54388.417400 i 19.934 0.030
54388.418233 u 20.651 0.085
54388.419067 z 19.823 0.074
54388.419900 g 20.103 0.023
54392.414103 r 19.940 0.031
54392.414936 i 19.985 0.039
#54392.415769 u -99.000 0.097
54392.416603 z 19.691 0.102
54392.417436 g 20.067 0.049
54404.387886 r 19.906 0.069
54404.388720 i 20.091 0.071
54404.389553 u 20.482 0.334
54404.390386 z 19.966 0.423
54404.391220 g 20.188 0.060
54405.385857 r 19.988 0.026
54405.386690 i 19.970 0.035
54405.387524 u 20.546 0.096
54405.388357 z 19.833 0.086
54405.389190 g 20.113 0.025
54406.324342 r 19.979 0.022
54406.325176 i 19.933 0.032
#54406.326009 u -99.000 0.076
54406.326842 z 19.812 0.073
54406.327676 g 20.102 0.024
54412.349931 r 19.967 0.025
54412.350765 i 19.912 0.031
54412.351598 u 20.893 0.097
54412.352431 z 19.811 0.089
54412.353265 g 20.144 0.023
