51464.195501 r 17.973 0.007
51464.196334 i 18.437 0.012
51464.197168 u 19.439 0.027
51464.198001 z 19.458 0.096
51464.198834 g 18.489 0.008
52197.221193 r 17.908 0.007
52197.222026 i 18.309 0.010
52197.222860 u 19.555 0.034
52197.223693 z 18.192 0.030
52197.224526 g 18.803 0.010
52231.107165 r 18.009 0.008
52231.107998 i 17.943 0.008
52231.108832 u 19.465 0.029
52231.109665 z 17.515 0.016
52231.110498 g 18.287 0.007
52936.117557 r 18.427 0.009
52936.118390 i 17.967 0.009
52936.119224 u 19.670 0.034
52936.120057 z 17.783 0.020
52936.120890 g 18.753 0.009
53243.302766 r 17.995 0.008
53243.303599 i 17.631 0.007
53243.304433 u 19.606 0.044
53243.305266 z 17.545 0.018
53243.306099 g 18.348 0.009
53302.154442 r 17.974 0.009
53302.155275 i 17.982 0.010
53302.156109 u 19.543 0.057
53302.156942 z 18.413 0.036
53302.157775 g 19.042 0.017
53626.191963 r 18.198 0.009
53626.192796 i 18.296 0.011
53626.193630 u 19.436 0.045
53626.194463 z 18.018 0.026
53626.195296 g 18.487 0.010
53665.144382 r 18.587 0.022
53665.145215 i 18.543 0.025
53665.146049 u 19.591 0.075
53665.146882 z 17.966 0.051
53665.147715 g 19.586 0.029
53989.214726 r 18.600 0.284
53989.215559 i 18.355 0.300
53989.216393 u 20.006 0.084
53989.217226 z 18.461 0.418
53989.218059 g 18.838 0.143
54005.154183 r 18.173 0.145
54005.155017 i 17.676 0.106
54005.155850 u 19.489 0.046
54005.156683 z 18.348 0.319
54005.157517 g 18.647 0.110
54009.164058 r 17.959 0.142
54009.164891 i 18.470 0.310
54009.165724 u 19.642 0.057
54009.166558 z 17.616 0.155
54009.167391 g 18.596 0.128
54011.228541 r 18.769 0.324
54011.229375 i 17.759 0.159
54011.230208 u 19.880 0.086
54011.231041 z 18.333 0.355
54011.231875 g 18.500 0.101
