51075.331502 r 19.139 0.013
51075.332335 i 19.030 0.018
51075.333169 u 19.847 0.035
51075.334002 z 18.765 0.044
51075.334835 g 19.208 0.011
52196.350684 r 19.290 0.014
52196.351517 i 19.248 0.020
52196.352351 u 19.973 0.046
52196.353184 z 19.000 0.050
52196.354017 g 19.258 0.012
52197.345102 r 19.314 0.014
52197.345935 i 19.252 0.019
52197.346769 u 19.924 0.041
52197.347602 z 18.990 0.049
52197.348435 g 19.255 0.011
52207.317529 r 19.267 0.013
52207.318362 i 19.219 0.018
52207.319196 u 19.805 0.040
52207.320029 z 19.042 0.044
52207.320862 g 19.263 0.012
52225.195303 r 19.300 0.014
52225.196136 i 19.217 0.019
52225.196970 u 19.964 0.042
52225.197803 z 19.006 0.047
52225.198636 g 19.305 0.013
52231.231085 r 19.316 0.013
52231.231918 i 19.244 0.017
52231.232752 u 19.943 0.040
52231.233585 z 18.895 0.037
52231.234418 g 19.319 0.011
52253.217254 r 19.331 0.015
52253.218087 i 19.298 0.020
52253.218921 u 20.054 0.050
52253.219754 z 18.985 0.048
52253.220587 g 19.320 0.013
52557.339087 r 19.550 0.019
52557.339920 i 19.426 0.025
52557.340754 u 20.496 0.074
52557.341587 z 19.112 0.057
52557.342420 g 19.613 0.015
52578.235172 r 19.590 0.016
52578.236005 i 19.440 0.021
52578.236839 u 20.361 0.049
52578.237672 z 19.179 0.052
52578.238505 g 19.597 0.013
52908.313654 r 19.487 0.016
52908.314487 i 19.431 0.023
52908.315321 u 20.256 0.050
52908.316154 z 19.165 0.054
52908.316987 g 19.522 0.013
52934.245556 r 19.477 0.019
52934.246389 i 19.360 0.027
52934.247223 u 20.016 0.052
52934.248056 z 19.114 0.076
52934.248889 g 19.493 0.015
52936.241482 r 19.474 0.015
52936.242315 i 19.375 0.020
52936.243149 u 20.141 0.044
52936.243982 z 19.168 0.047
52936.244815 g 19.487 0.013
53270.305551 r 19.373 0.022
53270.306384 i 19.285 0.018
53270.307218 u 20.161 0.043
53270.308051 z 19.040 0.037
53270.308884 g 19.400 0.023
53272.355485 r 19.368 0.014
53272.356318 i 19.287 0.019
53272.357152 u 20.074 0.044
53272.357985 z 19.104 0.048
53272.358818 g 19.373 0.012
53286.324204 r 19.371 0.016
53286.325037 i 19.291 0.022
53286.325871 u 20.013 0.052
53286.326704 z 18.971 0.045
53286.327537 g 19.354 0.014
53288.282695 r 19.347 0.016
53288.283528 i 19.316 0.021
53288.284362 u 19.984 0.052
53288.285195 z 19.038 0.052
53288.286028 g 19.426 0.014
53294.330370 r 19.378 0.018
53294.331203 i 19.317 0.026
53294.332037 u 20.029 0.055
53294.332870 z 19.033 0.060
53294.333703 g 19.370 0.014
53296.277379 r 19.328 0.022
53296.278212 i 19.358 0.027
53296.279046 u 20.085 0.055
53296.279879 z 19.069 0.061
53296.280712 g 19.411 0.026
53298.327148 r 19.367 0.021
53298.327981 i 19.281 0.025
53298.328815 u 20.067 0.079
53298.329648 z 18.956 0.053
53298.330481 g 19.381 0.014
53302.278363 r 19.356 0.021
53302.279196 i 19.272 0.023
53302.280030 u 19.952 0.073
53302.280863 z 19.056 0.048
53302.281696 g 19.389 0.022
53312.233910 r 19.361 0.019
53312.234743 i 19.305 0.026
53312.235577 u 20.075 0.057
53312.236410 z 19.070 0.054
53312.237243 g 19.379 0.025
53314.235093 r 19.343 0.015
53314.235926 i 19.274 0.021
53314.236760 u 20.040 0.047
53314.237593 z 18.991 0.050
53314.238426 g 19.400 0.013
53616.339453 r 19.329 0.017
53616.340286 i 19.267 0.026
53616.341120 u 19.922 0.058
#53616.341953 z -99.000 0.085
53616.342786 g 19.322 0.015
53626.315879 r 19.280 0.014
53626.316712 i 19.196 0.018
53626.317546 u 20.008 0.042
53626.318379 z 18.955 0.041
53626.319212 g 19.332 0.012
53628.300744 r 19.309 0.021
53628.301577 i 19.238 0.024
53628.302411 u 19.999 0.084
53628.303244 z 18.983 0.051
53628.304077 g 19.328 0.026
53637.302361 r 19.275 0.024
53637.303194 i 19.190 0.027
53637.304028 u 19.999 0.075
53637.304861 z 18.982 0.068
53637.305694 g 19.287 0.019
53639.347737 r 19.278 0.013
53639.348570 i 19.213 0.017
53639.349404 u 19.888 0.044
53639.350237 z 19.002 0.036
53639.351070 g 19.299 0.012
53654.329430 r 19.262 0.014
53654.330263 i 19.227 0.019
53654.331097 u 19.952 0.044
53654.331930 z 19.025 0.048
53654.332763 g 19.292 0.012
53663.290334 r 19.220 0.018
53663.291167 i 19.166 0.020
53663.292001 u 19.947 0.075
53663.292834 z 18.959 0.041
53663.293667 g 19.282 0.019
53666.360431 r 19.243 0.016
53666.361264 i 19.178 0.019
53666.362098 u 19.792 0.066
53666.362931 z 19.002 0.044
53666.363764 g 19.305 0.017
53668.279933 r 19.198 0.016
53668.280766 i 19.188 0.025
53668.281600 u 19.881 0.056
53668.282433 z 19.058 0.063
53668.283266 g 19.228 0.015
53670.284786 r 19.219 0.013
53670.285619 i 19.210 0.018
53670.286453 u 19.786 0.040
53670.287286 z 18.913 0.046
53670.288119 g 19.260 0.012
53673.252772 r 19.234 0.013
53673.253605 i 19.149 0.017
53673.254439 u 19.887 0.038
53673.255272 z 18.898 0.037
53673.256105 g 19.213 0.011
53675.249660 r 19.242 0.014
53675.250493 i 19.178 0.019
53675.251327 u 19.960 0.047
53675.252160 z 18.980 0.051
53675.252993 g 19.227 0.012
53677.270691 r 19.204 0.013
53677.271524 i 19.138 0.016
53677.272358 u 19.859 0.038
53677.273191 z 18.900 0.034
53677.274024 g 19.223 0.011
53680.257357 r 19.252 0.014
53680.258190 i 19.179 0.017
53680.259024 u 19.768 0.037
53680.259857 z 19.007 0.038
53680.260690 g 19.230 0.011
53693.259252 r 19.235 0.020
53693.260085 i 19.185 0.020
53693.260919 u 19.935 0.078
53693.261752 z 18.930 0.040
#53693.262585 g -99.000 0.019
53698.256642 r 19.191 0.014
53698.257475 i 19.153 0.019
53698.258309 u 19.846 0.045
53698.259142 z 19.032 0.049
53698.259975 g 19.246 0.012
53704.242575 r 19.205 0.020
53704.243408 i 19.156 0.027
53704.244242 u 19.937 0.058
#53704.245075 z -99.000 0.058
53704.245908 g 19.240 0.012
53974.335230 r 19.152 0.015
53974.336063 i 19.174 0.018
53974.336896 u 19.850 0.039
53974.337730 z 18.944 0.042
53974.338563 g 19.176 0.022
53977.383839 r 19.183 0.021
53977.384672 i 19.144 0.025
53977.385506 u 19.821 0.031
53977.386339 z 18.891 0.037
53977.387172 g 19.201 0.020
53989.338622 r 19.179 0.029
53989.339456 i 19.189 0.026
53989.340289 u 19.853 0.069
53989.341122 z 18.900 0.041
53989.341956 g 19.194 0.024
53995.353289 r 19.204 0.018
53995.354122 i 19.107 0.018
53995.354956 u 19.901 0.035
53995.355789 z 18.934 0.036
53995.356622 g 19.203 0.022
54000.314075 r 19.144 0.022
54000.314908 i 19.156 0.024
#54000.315741 u -99.000 0.043
54000.316575 z 18.913 0.056
54000.317408 g 19.178 0.034
#54006.260973 r -99.000 0.026
54006.261807 i 19.084 0.047
54006.262640 u 19.871 0.037
#54006.263473 z -99.000 0.038
#54006.264307 g -99.000 0.016
54007.364207 r 19.186 0.019
54007.365041 i 19.140 0.029
54007.365874 u 19.803 0.051
54007.366707 z 18.892 0.051
54007.367541 g 19.170 0.025
54009.287991 r 19.171 0.017
54009.288824 i 19.148 0.025
54009.289657 u 19.865 0.037
54009.290491 z 18.890 0.039
54009.291324 g 19.190 0.018
54011.352448 r 19.165 0.016
54011.353282 i 19.126 0.020
#54011.354115 u -99.000 0.039
54011.354948 z 18.895 0.035
54011.355782 g 19.217 0.022
54025.351484 r 19.168 0.018
54025.352318 i 19.130 0.021
54025.353151 u 19.783 0.039
54025.353984 z 18.924 0.048
54025.354818 g 19.182 0.020
54029.281818 r 19.206 0.021
54029.282651 i 19.108 0.029
54029.283484 u 19.820 0.045
54029.284318 z 18.914 0.052
54029.285151 g 19.178 0.020
54348.349213 r 19.335 0.021
54348.350047 i 19.262 0.023
#54348.350880 u -99.000 0.049
54348.351713 z 18.983 0.045
54348.352547 g 19.352 0.020
54358.305071 r 19.338 0.022
54358.305905 i 19.220 0.029
54358.306738 u 19.950 0.054
54358.307571 z 19.068 0.060
54358.308405 g 19.353 0.033
54359.299099 r 19.347 0.031
54359.299933 i 19.253 0.038
54359.300766 u 20.106 0.107
54359.301599 z 19.212 0.134
54359.302433 g 19.322 0.034
54365.338109 r 19.331 0.020
54365.338942 i 19.251 0.021
54365.339776 u 19.972 0.036
54365.340609 z 18.971 0.036
54365.341442 g 19.334 0.023
54381.357716 r 19.296 0.020
54381.358549 i 19.230 0.021
54381.359383 u 20.008 0.043
54381.360216 z 19.003 0.040
54381.361049 g 19.310 0.031
54384.364342 r 19.310 0.021
54384.365176 i 19.238 0.022
54384.366009 u 19.953 0.045
54384.366842 z 18.936 0.042
54384.367676 g 19.334 0.025
54386.349980 r 19.301 0.018
54386.350813 i 19.233 0.025
54386.351646 u 20.002 0.048
54386.352480 z 18.945 0.054
54386.353313 g 19.291 0.023
54388.354244 r 19.294 0.022
54388.355077 i 19.238 0.022
54388.355910 u 20.041 0.044
54388.356744 z 18.928 0.036
54388.357577 g 19.355 0.027
54403.268057 r 19.329 0.041
54403.268890 i 19.130 0.047
54403.269724 u 20.138 0.148
54403.270557 z 18.965 0.082
54403.271390 g 19.278 0.031
54404.325667 r 19.280 0.019
54404.326501 i 19.245 0.023
54404.327334 u 20.020 0.077
54404.328167 z 18.940 0.042
54404.329001 g 19.327 0.023
54405.323601 r 19.294 0.020
54405.324434 i 19.223 0.022
54405.325268 u 19.936 0.073
54405.326101 z 19.063 0.040
54405.326934 g 19.346 0.022
54406.261867 r 19.252 0.024
54406.262700 i 19.219 0.024
54406.263533 u 19.953 0.042
54406.264367 z 18.979 0.045
54406.265200 g 19.301 0.026
54412.264788 r 19.283 0.020
54412.265621 i 19.218 0.021
54412.266455 u 19.886 0.041
54412.267288 z 19.003 0.041
54412.268121 g 19.308 0.019
