51467.288999 r 19.449 0.021
51467.289832 i 19.191 0.022
51467.290666 u 21.967 0.469
51467.291499 z 19.159 0.087
51467.292332 g 20.069 0.028
51819.264990 r 19.383 0.015
51819.265823 i 19.142 0.015
51819.266657 u 20.918 0.107
51819.267490 z 19.094 0.052
51819.268323 g 19.879 0.017
52172.280531 r 19.381 0.015
52172.281364 i 19.142 0.015
52172.282198 u 20.943 0.105
52172.283031 z 18.911 0.042
52172.283864 g 19.916 0.017
52172.330706 r 19.388 0.016
52172.331539 i 19.181 0.017
52172.332373 u 21.130 0.146
52172.333206 z 18.991 0.056
52172.334039 g 19.898 0.018
52558.230237 r 19.373 0.015
52558.231070 i 19.156 0.015
52558.231904 u 20.879 0.106
52558.232737 z 18.945 0.044
52558.233570 g 19.905 0.017
52576.142496 r 19.626 0.025
52576.143329 i 19.510 0.035
52576.144163 u 20.865 0.139
52576.144996 z 19.149 0.075
52576.145829 g 20.035 0.031
52577.117731 r 19.379 0.016
52577.118564 i 19.155 0.018
52577.119398 u 21.023 0.108
52577.120231 z 19.029 0.057
52577.121064 g 19.883 0.017
52586.121210 r 19.364 0.015
52586.122043 i 19.184 0.016
52586.122877 u 21.014 0.097
52586.123710 z 19.170 0.055
52586.124543 g 19.920 0.016
52931.131891 r 19.401 0.014
52931.132724 i 19.138 0.014
52931.133558 u 20.842 0.085
52931.134391 z 19.063 0.043
52931.135224 g 19.887 0.016
52935.128856 r 19.365 0.016
52935.129689 i 19.188 0.017
52935.130523 u 20.935 0.111
52935.131356 z 19.192 0.056
52935.132189 g 19.878 0.017
53313.122055 r 19.378 0.018
53313.122888 i 19.179 0.019
53313.123722 u 21.179 0.158
53313.124555 z 19.067 0.058
53313.125388 g 20.006 0.019
53622.231301 r 19.627 0.024
53622.232134 i 19.351 0.025
53622.232968 u 21.076 0.174
53622.233801 z 19.141 0.069
53622.234634 g 20.086 0.026
53625.227265 r 19.391 0.015
53625.228098 i 19.164 0.014
53625.228932 u 20.913 0.098
53625.229765 z 18.996 0.039
53625.230598 g 19.911 0.020
#53634.180770 r -99.000 0.056
#53634.181603 i -99.000 0.046
53634.182437 u 20.957 0.336
#53634.183270 z -99.000 0.088
#53634.184103 g -99.000 0.070
53636.186303 r 19.390 0.016
53636.187136 i 19.168 0.015
53636.187970 u 21.120 0.138
53636.188803 z 19.054 0.048
53636.189636 g 19.914 0.022
53655.158308 r 19.370 0.020
53655.159141 i 19.140 0.019
53655.159975 u 20.903 0.195
53655.160808 z 19.060 0.056
53655.161641 g 19.938 0.032
53664.183267 r 19.431 0.022
53664.184100 i 19.163 0.019
53664.184934 u 21.621 0.375
53664.185767 z 19.057 0.061
53664.186600 g 19.955 0.035
53666.146868 r 19.384 0.014
53666.147701 i 19.160 0.015
53666.148535 u 20.803 0.079
53666.149368 z 19.100 0.050
53666.150201 g 19.899 0.015
53669.142506 r 19.353 0.014
53669.143339 i 19.199 0.015
53669.144173 u 21.177 0.107
53669.145006 z 19.034 0.043
53669.145839 g 19.917 0.015
53671.227299 r 19.744 0.031
53671.228132 i 19.340 0.026
53671.228966 u 21.207 0.267
53671.229799 z 19.121 0.081
53671.230632 g 20.308 0.034
53674.126741 r 19.389 0.016
53674.127574 i 19.158 0.015
53674.128408 u 20.887 0.103
53674.129241 z 19.057 0.048
53674.130074 g 19.890 0.017
53676.216240 r 19.360 0.015
53676.217073 i 19.140 0.014
53676.217907 u 21.021 0.113
53676.218740 z 19.091 0.044
53676.219573 g 19.904 0.016
53679.188122 r 19.458 0.019
53679.188955 i 19.178 0.017
53679.189789 u 21.017 0.163
53679.190622 z 19.012 0.053
53679.191455 g 19.946 0.019
#53681.179634 r -99.000 0.069
#53681.180467 i -99.000 0.305
53681.181301 u 21.060 0.185
53681.182134 z 19.060 0.050
53681.182967 g 19.925 0.018
53685.138678 r 19.394 0.028
53685.139511 i 19.139 0.021
53685.140345 u 20.921 0.242
53685.141178 z 19.056 0.055
53685.142011 g 19.832 0.044
53687.177027 r 19.389 0.027
53687.177860 i 19.089 0.019
53687.178694 u 21.033 0.330
53687.179527 z 19.020 0.051
53687.180360 g 19.799 0.044
53694.152569 r 19.818 0.065
53694.153402 i 19.234 0.041
53694.154236 u 20.904 0.373
53694.155069 z 19.030 0.110
#53694.155902 g -99.000 0.084
53697.136657 r 19.377 0.117
53697.137490 i 19.024 0.093
#53697.138324 u 22.371 1.503
#53697.139157 z -99.000 0.501
53697.139990 g 19.792 0.086
53700.135618 r 19.400 0.016
53700.136451 i 19.171 0.017
53700.137285 u 20.976 0.126
53700.138118 z 19.317 0.072
53700.138951 g 19.892 0.018
53705.122288 r 19.430 0.018
53705.123121 i 19.139 0.018
53705.123955 u 21.027 0.157
53705.124788 z 19.041 0.062
53705.125621 g 19.915 0.021
53975.207289 r 19.402 0.016
53975.208123 i 19.162 0.017
53975.208956 u 20.845 0.082
53975.209789 z 19.098 0.046
53975.210623 g 19.882 0.019
53996.214007 r 19.393 0.016
53996.214841 i 19.216 0.018
53996.215674 u 20.712 0.074
53996.216507 z 19.139 0.038
53996.217341 g 19.892 0.020
53998.182657 r 19.372 0.016
53998.183491 i 19.190 0.015
53998.184324 u 20.928 0.080
53998.185157 z 19.050 0.038
53998.185991 g 19.899 0.022
54010.168145 r 19.392 0.020
54010.168979 i 19.162 0.018
54010.169812 u 21.076 0.145
54010.170645 z 19.041 0.036
54010.171479 g 19.912 0.026
54012.160960 r 19.380 0.033
54012.161793 i 19.155 0.027
54012.162626 u 20.715 0.209
54012.163460 z 19.186 0.071
54012.164293 g 19.817 0.045
54020.166942 r 19.411 0.020
54020.167775 i 19.147 0.017
54020.168608 u 21.021 0.103
54020.169442 z 19.087 0.050
54020.170275 g 19.871 0.026
54022.216229 r 19.334 0.030
54022.217062 i 19.189 0.023
54022.217896 u 21.375 0.167
54022.218729 z 19.019 0.049
54022.219562 g 19.884 0.024
54028.157314 r 19.427 0.020
54028.158147 i 19.281 0.029
54028.158980 u 20.883 0.131
54028.159814 z 19.050 0.058
54028.160647 g 20.002 0.023
54030.160516 r 19.421 0.018
54030.161349 i 19.139 0.018
54030.162182 u 20.904 0.088
54030.163016 z 19.103 0.041
54030.163849 g 19.902 0.018
54035.236326 r 19.678 0.159
54035.237160 i 19.335 0.039
54035.237993 u 20.871 0.207
54035.238826 z 19.055 0.081
54035.239660 g 20.088 0.072
54037.141753 r 19.396 0.016
54037.142586 i 19.150 0.023
54037.143419 u 21.017 0.118
54037.144253 z 18.985 0.048
54037.145086 g 19.901 0.029
54040.156230 r 19.393 0.027
54040.157064 i 19.173 0.024
54040.157897 u 21.174 0.295
54040.158730 z 19.132 0.060
54040.159564 g 19.832 0.042
54050.140848 r 19.440 0.025
54050.141681 i 19.160 0.024
54050.142514 u 20.976 0.129
54050.143348 z 19.126 0.064
54050.144181 g 20.010 0.031
54053.147010 r 19.431 0.024
54053.147843 i 19.114 0.021
54053.148676 u 21.004 0.130
54053.149510 z 19.105 0.062
54053.150343 g 19.865 0.029
54056.148722 r 19.613 0.074
54056.149555 i 19.554 0.144
54056.150388 u 21.301 0.373
54056.151222 z 19.692 0.825
54056.152055 g 20.401 0.440
54057.117362 r 19.403 0.017
54057.118195 i 19.176 0.021
54057.119028 u 21.123 0.119
54057.119862 z 19.151 0.058
54057.120695 g 19.913 0.024
54059.142968 r 19.400 0.023
54059.143802 i 19.139 0.020
54059.144635 u 20.662 0.106
54059.145468 z 19.047 0.056
54059.146302 g 19.878 0.027
54061.154012 r 19.406 0.026
54061.154845 i 19.230 0.029
54061.155679 u 20.989 0.139
54061.156512 z 18.999 0.057
54061.157345 g 19.986 0.095
54062.147869 r 19.550 0.032
54062.148703 i 19.287 0.029
54062.149536 u 20.805 0.149
54062.150369 z 19.201 0.087
54062.151203 g 20.065 0.161
54068.137858 r 19.426 0.049
54068.138692 i 19.234 0.055
54068.139525 u 21.193 0.581
54068.140358 z 19.254 0.176
54068.141192 g 20.188 0.087
54357.186205 r 19.561 0.028
54357.187039 i 19.161 0.025
54357.187872 u 20.921 0.107
54357.188705 z 19.107 0.053
54357.189539 g 19.889 0.023
54365.184024 r 19.357 0.024
54365.184857 i 19.141 0.025
54365.185691 u 20.993 0.199
54365.186524 z 19.064 0.065
54365.187357 g 19.986 0.038
54385.233988 r 19.390 0.022
54385.234821 i 19.160 0.019
54385.235655 u 21.186 0.155
54385.236488 z 19.018 0.045
54385.237321 g 19.950 0.029
54387.234508 r 19.403 0.023
54387.235342 i 19.168 0.020
54387.236175 u 21.111 0.157
54387.237008 z 19.004 0.049
54387.237842 g 19.878 0.021
54392.229284 r 19.563 0.038
54392.230117 i 19.346 0.035
54392.230951 u 21.008 0.189
54392.231784 z 19.053 0.066
54392.232617 g 20.116 0.047
54402.227684 r 19.394 0.026
54402.228517 i 19.181 0.022
54402.229351 u 21.551 0.613
54402.230184 z 19.075 0.071
54402.231017 g 19.866 0.055
