51081.376098 r 15.208 0.003
51081.376931 i 14.941 0.003
51081.377765 u 17.431 0.009
51081.378598 z 14.798 0.004
51081.379431 g 15.877 0.003
51819.447235 r 15.197 0.005
51819.448068 i 14.922 0.005
51819.448902 u 17.384 0.010
51819.449735 z 14.792 0.005
51819.450568 g 15.848 0.004
51875.191060 r 15.197 0.005
51875.191893 i 14.915 0.005
51875.192727 u 17.393 0.009
51875.193560 z 14.809 0.005
51875.194393 g 15.856 0.004
52225.271923 r 15.215 0.004
52225.272756 i 14.892 0.004
52225.273590 u 17.382 0.009
52225.274423 z 14.804 0.004
52225.275256 g 15.867 0.004
52288.106344 r 15.238 0.005
52288.107177 i 14.931 0.006
52288.108011 u 17.373 0.009
52288.108844 z 14.787 0.006
52288.109677 g 15.855 0.005
52551.379636 r 15.210 0.003
52551.380469 i 14.946 0.004
52551.381303 u 17.384 0.009
52551.382136 z 14.792 0.004
52551.382969 g 15.871 0.003
52558.412511 r 15.213 0.005
52558.413344 i 14.937 0.005
52558.414178 u 17.399 0.009
52558.415011 z 14.797 0.006
52558.415844 g 15.875 0.004
52576.245562 r 15.222 0.004
52576.246395 i 14.941 0.004
52576.247229 u 17.390 0.009
52576.248062 z 14.805 0.004
52576.248895 g 15.868 0.004
52578.284117 r 15.217 0.003
52578.284950 i 14.946 0.003
52578.285784 u 17.385 0.009
52578.286617 z 14.809 0.005
52578.287450 g 15.867 0.004
52585.247096 r 15.209 0.004
52585.247929 i 14.938 0.004
52585.248763 u 17.381 0.009
52585.249596 z 14.803 0.005
52585.250429 g 15.871 0.003
52909.413732 r 15.227 0.004
52909.414565 i 14.905 0.004
52909.415399 u 17.333 0.009
52909.416232 z 14.815 0.005
52909.417065 g 15.899 0.004
52910.383973 r 15.210 0.003
52910.384806 i 14.931 0.004
52910.385640 u 17.372 0.009
52910.386473 z 14.799 0.004
52910.387306 g 15.846 0.003
52935.311142 r 15.214 0.004
52935.311975 i 14.938 0.003
52935.312809 u 17.378 0.009
52935.313642 z 14.800 0.005
52935.314475 g 15.873 0.003
52963.234219 r 15.212 0.004
52963.235052 i 14.938 0.004
52963.235886 u 17.378 0.009
52963.236719 z 14.802 0.005
52963.237552 g 15.874 0.004
52971.225134 r 15.210 0.003
52971.225967 i 14.938 0.003
52971.226801 u 17.378 0.009
52971.227634 z 14.794 0.004
52971.228467 g 15.871 0.003
53351.156522 r 15.210 0.003
53351.157355 i 14.944 0.003
53351.158189 u 17.417 0.009
53351.159022 z 14.802 0.004
53351.159855 g 15.859 0.003
53622.413574 r 15.208 0.004
53622.414407 i 14.938 0.004
53622.415241 u 17.361 0.009
53622.416074 z 14.797 0.005
53622.416907 g 15.857 0.004
53634.363046 r 15.225 0.003
53634.363879 i 14.950 0.004
53634.364713 u 17.378 0.014
53634.365546 z 14.805 0.005
53634.366379 g 15.860 0.004
53638.404382 r 15.210 0.004
53638.405215 i 14.938 0.005
53638.406049 u 17.391 0.010
53638.406882 z 14.804 0.005
53638.407715 g 15.871 0.004
53640.368417 r 15.214 0.004
53640.369250 i 14.946 0.004
#53640.370084 u -99.000 0.011
53640.370917 z 14.789 0.004
53640.371750 g 15.885 0.003
53646.429828 r 15.218 0.004
53646.430661 i 14.931 0.004
53646.431495 u 17.402 0.011
53646.432328 z 14.797 0.005
53646.433161 g 15.852 0.003
53655.340591 r 15.212 0.004
53655.341424 i 14.985 0.004
53655.342258 u 17.402 0.009
53655.343091 z 14.802 0.004
53655.343924 g 15.871 0.004
53663.430248 r 15.212 0.004
53663.431081 i 14.936 0.005
53663.431915 u 17.360 0.015
53663.432748 z 14.810 0.005
53663.433581 g 15.872 0.004
53664.365548 r 15.218 0.004
#53664.366381 i -99.000 0.004
53664.367215 u 17.399 0.017
53664.368048 z 14.839 0.005
53664.368881 g 15.864 0.004
53665.430182 r 15.215 0.004
53665.431015 i 14.937 0.005
53665.431849 u 17.382 0.013
53665.432682 z 14.805 0.005
53665.433515 g 15.874 0.004
53668.418810 r 15.213 0.004
53668.419643 i 14.939 0.004
53668.420477 u 17.346 0.013
53668.421310 z 14.806 0.006
53668.422143 g 15.886 0.004
53669.324791 r 15.202 0.006
53669.325624 i 14.930 0.005
53669.326458 u 17.499 0.018
53669.327291 z 14.789 0.006
53669.328124 g 15.842 0.004
53670.424773 r 15.204 0.003
53670.425606 i 14.932 0.003
53670.426440 u 17.385 0.013
53670.427273 z 14.801 0.004
53670.428106 g 15.867 0.003
53671.409548 r 15.222 0.004
53671.410381 i 14.924 0.005
53671.411215 u 17.373 0.012
53671.412048 z 14.809 0.005
53671.412881 g 15.876 0.004
53674.309028 r 15.208 0.003
53674.309861 i 14.947 0.003
53674.310695 u 17.385 0.010
53674.311528 z 14.793 0.004
53674.312361 g 15.851 0.003
53676.398490 r 15.203 0.004
53676.399323 i 14.924 0.005
53676.400157 u 17.344 0.011
53676.400990 z 14.772 0.005
53676.401823 g 15.876 0.004
53679.370389 r 15.211 0.003
53679.371222 i 14.935 0.003
53679.372056 u 17.377 0.011
53679.372889 z 14.826 0.004
53679.373722 g 15.878 0.003
53681.361903 r 15.209 0.004
53681.362736 i 14.934 0.005
53681.363570 u 17.408 0.010
53681.364403 z 14.801 0.005
53681.365236 g 15.856 0.004
53684.323398 r 15.218 0.004
53684.324231 i 14.947 0.004
53684.325065 u 17.393 0.020
53684.325898 z 14.779 0.008
53684.326731 g 15.902 0.005
53687.264711 r 15.215 0.004
53687.265544 i 14.882 0.004
53687.266378 u 17.388 0.014
53687.267211 z 14.807 0.005
53687.268044 g 15.888 0.004
53694.334847 r 15.221 0.003
53694.335680 i 14.931 0.003
53694.336514 u 17.335 0.014
#53694.337347 z -99.000 0.004
53694.338180 g 15.869 0.003
53697.318927 r 15.215 0.004
53697.319760 i 14.993 0.004
53697.320594 u 17.372 0.011
53697.321427 z 14.798 0.005
53697.322260 g 15.869 0.004
53700.317885 r 15.207 0.003
53700.318718 i 14.937 0.003
53700.319552 u 17.379 0.011
53700.320385 z 14.801 0.004
53700.321218 g 15.863 0.003
53705.304555 r 15.202 0.003
53705.305388 i 14.937 0.003
53705.306222 u 17.398 0.010
53705.307055 z 14.800 0.004
53705.307888 g 15.876 0.003
53975.389546 r 15.209 0.014
53975.390379 i 14.922 0.016
53975.391212 u 17.395 0.011
53975.392046 z 14.809 0.012
53975.392879 g 15.862 0.012
#53993.401672 r -99.000 0.021
#53993.402506 i -99.000 0.030
#53993.403339 u -99.000 0.035
#53993.404172 z -99.000 0.016
#53993.405006 g -99.000 0.033
53994.412545 r 15.206 0.014
53994.413378 i 14.928 0.014
53994.414211 u 17.418 0.017
53994.415045 z 14.805 0.014
53994.415878 g 15.860 0.017
53996.396283 r 15.199 0.006
53996.397116 i 14.931 0.016
53996.397949 u 17.366 0.019
53996.398783 z 14.806 0.019
53996.399616 g 15.869 0.020
54005.409520 r 15.198 0.012
54005.410354 i 14.934 0.009
54005.411187 u 17.401 0.017
54005.412020 z 14.804 0.011
54005.412854 g 15.856 0.019
54010.350417 r 15.210 0.011
54010.351251 i 14.950 0.018
54010.352084 u 17.393 0.014
54010.352917 z 14.796 0.020
54010.353751 g 15.855 0.025
54012.343262 r 15.204 0.014
54012.344095 i 14.925 0.017
54012.344928 u 17.374 0.012
#54012.345762 z -99.000 0.016
54012.346595 g 15.889 0.025
54020.349274 r 15.224 0.011
54020.350107 i 14.931 0.008
54020.350941 u 17.382 0.014
54020.351774 z 14.795 0.017
54020.352607 g 15.896 0.019
54024.430814 r 15.195 0.017
54024.431647 i 14.930 0.021
54024.432481 u 17.355 0.012
54024.433314 z 14.796 0.011
54024.434147 g 15.861 0.018
54028.419116 r 15.193 0.026
#54028.419949 i -99.000 0.173
54028.420783 u 17.367 0.014
54028.421616 z 14.810 0.013
#54028.422449 g -99.000 0.025
54030.342791 r 15.202 0.013
54030.343625 i 14.934 0.011
54030.344458 u 17.360 0.013
54030.345291 z 14.897 0.014
54030.346125 g 15.870 0.022
54030.374546 r 15.205 0.011
54030.375380 i 14.944 0.014
54030.376213 u 17.381 0.012
54030.377046 z 14.835 0.010
54030.377880 g 15.875 0.026
54035.418527 r 15.202 0.010
54035.419360 i 14.928 0.010
54035.420193 u 17.370 0.035
54035.421027 z 14.802 0.012
54035.421860 g 15.869 0.010
54037.324025 r 15.223 0.019
54037.324858 i 14.939 0.014
54037.325691 u 17.413 0.020
54037.326525 z 14.793 0.017
54037.327358 g 15.870 0.023
54040.338502 r 15.209 0.013
54040.339336 i 14.931 0.014
54040.340169 u 17.375 0.039
54040.341002 z 14.811 0.011
54040.341836 g 15.893 0.017
54047.369122 r 16.394 0.047
54047.369955 i 15.584 0.036
#54047.370788 u -99.000 0.811
54047.371622 z 15.396 0.023
54047.372455 g 16.506 0.025
54049.364952 r 15.204 0.001
54049.365785 i 14.925 0.011
54049.366619 u 17.375 0.015
54049.367452 z 14.819 0.018
54049.368285 g 15.880 0.016
54053.344622 r 15.224 0.011
54053.345456 i 14.938 0.012
54053.346289 u 17.362 0.026
#54053.347122 z -99.000 0.018
54053.347956 g 15.878 0.022
54056.330972 r 15.200 0.014
54056.331805 i 14.914 0.014
54056.332639 u 17.395 0.013
54056.333472 z 14.800 0.020
54056.334305 g 15.888 0.018
54059.325272 r 15.209 0.013
54059.326106 i 14.894 0.016
54059.326939 u 17.366 0.020
54059.327772 z 14.826 0.013
54059.328606 g 15.860 0.014
54061.336338 r 15.202 0.043
54061.337171 i 14.931 0.026
54061.338005 u 17.364 0.019
54061.338838 z 14.814 0.032
54061.339671 g 15.887 0.015
54062.330194 r 15.201 0.001
54062.331028 i 14.927 0.011
54062.331861 u 17.371 0.013
54062.332694 z 14.796 0.014
54062.333528 g 15.866 0.017
54064.326573 r 15.192 0.009
54064.327406 i 14.932 0.010
54064.328240 u 17.367 0.011
54064.329073 z 14.791 0.018
54064.329906 g 15.863 0.022
54068.310719 r 15.234 0.019
54068.311552 i 14.927 0.017
54068.312385 u 17.383 0.019
54068.313219 z 14.784 0.014
54068.314052 g 15.877 0.009
54357.368453 r 15.210 0.022
54357.369287 i 14.912 0.012
54357.370120 u 17.379 0.015
54357.370953 z 14.813 0.029
54357.371787 g 15.886 0.014
54362.418243 r 15.196 0.018
54362.419076 i 14.904 0.013
54362.419910 u 17.383 0.011
54362.420743 z 14.784 0.019
54362.421576 g 15.870 0.015
54376.413374 r 15.212 0.015
54376.414208 i 14.926 0.016
54376.415041 u 17.349 0.014
54376.415874 z 14.787 0.015
54376.416708 g 15.868 0.017
54382.398509 r 15.206 0.014
54382.399343 i 14.935 0.013
54382.400176 u 17.391 0.021
54382.401009 z 14.798 0.017
54382.401843 g 15.881 0.023
54385.416293 r 15.197 0.017
54385.417127 i 14.927 0.012
#54385.417960 u -99.000 0.019
54385.418793 z 14.791 0.014
54385.419627 g 15.869 0.023
54387.416773 r 15.211 0.017
54387.417607 i 14.897 0.025
54387.418440 u 17.392 0.042
54387.419273 z 14.788 0.016
54387.420107 g 15.865 0.016
54390.409165 r 15.211 0.013
54390.409998 i 14.938 0.010
54390.410832 u 17.368 0.013
54390.411665 z 14.792 0.011
54390.412498 g 15.864 0.020
54391.417583 r 15.213 0.028
54391.418416 i 14.923 0.031
54391.419249 u 17.408 0.018
54391.420083 z 14.779 0.011
54391.420916 g 15.857 0.012
54402.409944 r 15.216 0.011
54402.410777 i 14.948 0.020
#54402.411611 u -99.000 0.015
54402.412444 z 14.761 0.018
54402.413277 g 15.868 0.029
