51467.319087 r 16.218 0.004
51467.319920 i 15.203 0.003
51467.320754 u 20.416 0.106
51467.321587 z 14.670 0.004
51467.322420 g 17.658 0.006
51819.295095 r 16.214 0.004
51819.295928 i 15.208 0.004
51819.296762 u 20.349 0.062
51819.297595 z 14.658 0.004
51819.298428 g 17.652 0.006
52172.310676 r 16.225 0.005
52172.311509 i 15.204 0.004
52172.312343 u 20.351 0.058
52172.313176 z 14.677 0.005
52172.314009 g 17.670 0.006
52172.360839 r 16.218 0.005
52172.361672 i 15.199 0.005
52172.362506 u 20.337 0.064
52172.363339 z 14.665 0.005
52172.364172 g 17.659 0.006
52558.260366 r 16.178 0.005
52558.261199 i 15.194 0.005
52558.262033 u 20.443 0.060
52558.262866 z 14.664 0.005
52558.263699 g 17.658 0.006
52577.147859 r 16.209 0.004
52577.148692 i 15.206 0.003
52577.149526 u 20.419 0.060
52577.150359 z 14.656 0.004
52577.151192 g 17.661 0.005
52586.151337 r 16.235 0.004
52586.152170 i 15.193 0.004
52586.153004 u 20.384 0.054
52586.153837 z 14.652 0.004
52586.154670 g 17.639 0.005
52931.162020 r 16.203 0.004
52931.162853 i 15.193 0.004
52931.163687 u 20.276 0.047
52931.164520 z 14.657 0.005
52931.165353 g 17.645 0.006
52935.158984 r 16.203 0.004
52935.159817 i 15.198 0.004
52935.160651 u 20.417 0.058
52935.161484 z 14.665 0.005
52935.162317 g 17.647 0.005
53313.152186 r 16.194 0.004
53313.153019 i 15.199 0.003
53313.153853 u 20.316 0.061
53313.154686 z 14.659 0.004
53313.155519 g 17.657 0.005
53622.261429 r 16.201 0.003
53622.262262 i 15.184 0.003
53622.263096 u 20.383 0.082
53622.263929 z 14.663 0.004
53622.264762 g 17.632 0.006
53625.257393 r 16.180 0.005
53625.258226 i 15.185 0.005
53625.259060 u 20.346 0.051
53625.259893 z 14.658 0.005
53625.260726 g 17.645 0.006
53634.210899 r 16.333 0.004
53634.211732 i 15.427 0.003
#53634.212566 u -99.000 0.400
53634.213399 z 14.791 0.004
53634.214232 g 17.771 0.010
53636.216431 r 16.209 0.005
53636.217264 i 15.187 0.004
53636.218098 u 20.242 0.071
53636.218931 z 14.659 0.005
53636.219764 g 17.633 0.006
53655.188438 r 16.206 0.004
53655.189271 i 15.131 0.003
53655.190105 u 20.527 0.149
53655.190938 z 14.645 0.004
53655.191771 g 17.636 0.007
53664.213395 r 16.205 0.004
53664.214228 i 15.196 0.003
53664.215062 u 20.499 0.161
53664.215895 z 14.647 0.004
53664.216728 g 17.673 0.007
53666.176997 r 16.196 0.005
53666.177830 i 15.187 0.005
53666.178664 u 20.490 0.060
53666.179497 z 14.659 0.005
53666.180330 g 17.641 0.006
53669.172636 r 16.220 0.004
53669.173469 i 15.194 0.005
53669.174303 u 20.361 0.051
53669.175136 z 14.657 0.005
53669.175969 g 17.651 0.006
53671.257423 r 16.186 0.003
53671.258256 i 15.184 0.003
53671.259090 u 20.379 0.137
53671.259923 z 14.680 0.004
53671.260756 g 17.643 0.006
53674.156871 r 16.193 0.007
53674.157704 i 15.192 0.008
53674.158538 u 20.323 0.058
53674.159371 z 14.656 0.006
53674.160204 g 17.661 0.007
53676.246365 r 16.194 0.005
53676.247198 i 15.193 0.005
53676.248032 u 20.337 0.063
53676.248865 z 14.654 0.005
53676.249698 g 17.644 0.006
53679.218249 r 16.197 0.004
53679.219082 i 15.193 0.003
53679.219916 u 20.150 0.065
53679.220749 z 14.650 0.004
53679.221582 g 17.649 0.005
53681.209761 r 16.201 0.004
53681.210594 i 15.182 0.004
53681.211428 u 20.325 0.061
53681.212261 z 14.660 0.005
53681.213094 g 17.637 0.006
53685.168807 r 16.150 0.005
53685.169640 i 15.190 0.004
53685.170474 u 20.075 0.121
53685.171307 z 14.661 0.005
53685.172140 g 17.627 0.009
53687.207151 r 16.200 0.004
53687.207984 i 15.161 0.004
53687.208818 u 20.172 0.179
53687.209651 z 14.652 0.004
53687.210484 g 17.602 0.009
53694.182693 r 16.584 0.005
53694.183526 i 15.719 0.004
53694.184360 u 21.367 0.552
53694.185193 z 15.072 0.005
53694.186026 g 18.157 0.014
53697.166783 r 16.191 0.004
53697.167616 i 15.192 0.004
53697.168450 u 20.317 0.084
53697.169283 z 14.659 0.005
53697.170116 g 17.622 0.007
53700.165744 r 16.183 0.004
53700.166577 i 15.183 0.004
53700.167411 u 20.464 0.068
53700.168244 z 14.656 0.004
53700.169077 g 17.643 0.006
53705.152413 r 16.169 0.004
53705.153246 i 15.188 0.004
53705.154080 u 20.313 0.062
53705.154913 z 14.654 0.004
53705.155746 g 17.647 0.006
53975.237408 r 16.179 0.019
53975.238242 i 15.165 0.016
53975.239075 u 20.272 0.044
53975.239908 z 14.637 0.018
53975.240742 g 17.597 0.018
53993.305218 r 16.186 0.013
53993.306051 i 15.191 0.015
53993.306885 u 20.359 0.060
53993.307718 z 14.644 0.016
53993.308551 g 17.627 0.023
53996.244134 r 16.176 0.013
53996.244967 i 15.187 0.010
53996.245801 u 20.372 0.057
53996.246634 z 14.639 0.017
53996.247467 g 17.641 0.016
53998.212766 r 16.158 0.017
53998.213599 i 15.186 0.009
53998.214432 u 20.347 0.048
53998.215266 z 14.651 0.015
53998.216099 g 17.616 0.016
54005.243003 r 16.163 0.013
54005.243836 i 15.183 0.012
54005.244670 u 20.360 0.052
54005.245503 z 14.651 0.014
54005.246336 g 17.604 0.016
54010.198265 r 16.191 0.016
54010.199099 i 15.179 0.017
54010.199932 u 20.293 0.074
54010.200765 z 14.647 0.016
54010.201599 g 17.635 0.019
54012.191087 r 16.161 0.013
54012.191921 i 15.152 0.018
54012.192754 u 20.249 0.115
54012.193587 z 14.658 0.013
54012.194421 g 17.615 0.022
54020.197077 r 16.189 0.013
54020.197910 i 15.183 0.016
54020.198744 u 20.406 0.063
54020.199577 z 14.661 0.014
54020.200410 g 17.638 0.022
54022.246356 r 16.157 0.017
54022.247189 i 15.170 0.019
54022.248023 u 20.430 0.051
54022.248856 z 14.680 0.016
54022.249689 g 17.619 0.017
54028.187446 r 16.167 0.017
54028.188279 i 15.180 0.012
54028.189113 u 20.541 0.067
54028.189946 z 14.658 0.017
54028.190779 g 17.645 0.015
54030.190633 r 16.194 0.011
54030.191466 i 15.186 0.013
54030.192299 u 20.385 0.063
54030.193133 z 14.667 0.019
54030.193966 g 17.609 0.023
54035.266405 r 16.191 0.013
54035.267239 i 15.189 0.011
54035.268072 u 20.235 0.083
54035.268905 z 14.673 0.015
54035.269739 g 17.635 0.021
54037.171905 r 16.198 0.016
54037.172738 i 15.187 0.017
54037.173572 u 20.324 0.067
54037.174405 z 14.650 0.022
54037.175238 g 17.630 0.014
54040.186350 r 16.250 0.013
54040.187184 i 15.186 0.016
54040.188017 u 20.435 0.141
54040.188850 z 14.659 0.013
54040.189684 g 17.626 0.019
54050.171019 r 16.185 0.039
54050.171853 i 15.182 0.015
54050.172686 u 20.173 0.089
54050.173519 z 14.649 0.025
54050.174353 g 17.622 0.016
54053.177132 r 16.150 0.019
54053.177965 i 15.171 0.012
54053.178798 u 20.169 0.055
54053.179632 z 14.638 0.011
54053.180465 g 17.620 0.017
54056.178808 r 16.189 0.029
54056.179642 i 15.167 0.023
54056.180475 u 20.328 0.115
54056.181308 z 14.683 0.013
54056.182142 g 17.646 0.060
54057.147478 r 16.180 0.015
54057.148311 i 15.172 0.012
54057.149144 u 20.322 0.059
54057.149978 z 14.651 0.018
54057.150811 g 17.621 0.022
54059.173126 r 16.177 0.011
54059.173960 i 15.194 0.020
54059.174793 u 20.265 0.061
54059.175626 z 14.660 0.019
54059.176460 g 17.631 0.015
54061.184187 r 16.176 0.016
54061.185020 i 15.205 0.021
54061.185853 u 20.424 0.075
54061.186687 z 14.659 0.019
54061.187520 g 17.591 0.023
54062.178028 r 16.182 0.020
54062.178862 i 15.169 0.023
54062.179695 u 20.319 0.075
54062.180528 z 14.649 0.014
54062.181362 g 17.634 0.022
54068.168021 r 16.194 0.029
54068.168854 i 15.163 0.018
54068.169687 u 20.327 0.158
54068.170521 z 14.647 0.015
54068.171354 g 17.645 0.016
54357.216292 r 16.190 0.014
54357.217126 i 15.180 0.013
54357.217959 u 20.393 0.057
54357.218792 z 14.658 0.014
54357.219626 g 17.624 0.019
54365.214141 r 16.179 0.012
54365.214974 i 15.210 0.024
54365.215807 u 20.667 0.120
54365.216641 z 14.659 0.012
54365.217474 g 17.634 0.015
54376.274782 r 16.124 0.018
54376.275616 i 15.165 0.020
54376.276449 u 20.424 0.074
54376.277282 z 14.673 0.017
54376.278116 g 17.605 0.011
54385.264119 r 16.190 0.013
54385.264953 i 15.165 0.014
54385.265786 u 20.275 0.067
54385.266619 z 14.678 0.020
54385.267453 g 17.666 0.039
54387.264614 r 16.174 0.011
54387.265447 i 15.175 0.011
54387.266280 u 20.446 0.086
54387.267114 z 14.629 0.017
54387.267947 g 17.645 0.021
54392.259365 r 16.182 0.008
54392.260198 i 15.174 0.032
54392.261031 u 20.193 0.068
54392.261865 z 14.655 0.015
54392.262698 g 17.640 0.017
54402.257790 r 16.174 0.011
#54402.258624 i -99.000 0.012
54402.259457 u 20.059 0.148
54402.260290 z 14.684 0.013
54402.261124 g 17.611 0.017
