51075.391134 r 16.264 0.004
51075.391967 i 16.180 0.004
51075.392801 u 17.600 0.011
51075.393634 z 16.125 0.008
51075.394467 g 16.472 0.004
51818.360767 r 16.377 0.005
51818.361600 i 16.293 0.005
51818.362434 u 17.698 0.011
51818.363267 z 16.262 0.008
51818.364100 g 16.578 0.004
52170.411771 r 15.979 0.004
52170.412604 i 15.985 0.005
52170.413438 u 17.260 0.009
52170.414271 z 16.005 0.007
52170.415104 g 16.064 0.004
52173.325150 r 15.901 0.004
52173.325983 i 15.925 0.004
52173.326817 u 17.149 0.009
52173.327650 z 15.938 0.007
52173.328483 g 15.934 0.003
52224.305295 r 16.395 0.005
52224.306128 i 16.295 0.005
52224.306962 u 17.733 0.012
52224.307795 z 16.278 0.008
52224.308628 g 16.601 0.005
52234.261801 r 16.311 0.005
52234.262634 i 16.220 0.005
52234.263468 u 17.640 0.011
52234.264301 z 16.196 0.007
52234.265134 g 16.524 0.004
52261.225154 r 16.366 0.004
52261.225987 i 16.283 0.005
52261.226821 u 17.666 0.011
52261.227654 z 16.266 0.007
52261.228487 g 16.564 0.004
52287.105650 r 16.057 0.004
52287.106483 i 16.026 0.004
52287.107317 u 17.359 0.009
52287.108150 z 16.026 0.007
52287.108983 g 16.159 0.004
52552.424351 r 16.117 0.003
52552.425184 i 16.103 0.004
52552.426018 u 17.286 0.010
52552.426851 z 16.094 0.007
52552.427684 g 16.126 0.003
52557.398708 r 16.200 0.004
52557.399541 i 16.140 0.005
52557.400375 u 17.548 0.010
52557.401208 z 16.099 0.008
52557.402041 g 16.385 0.004
52908.373276 r 16.008 0.004
52908.374109 i 16.017 0.004
52908.374943 u 17.179 0.009
52908.375776 z 16.019 0.007
52908.376609 g 15.990 0.004
52912.352714 r 16.448 0.004
52912.353547 i 16.347 0.005
52912.354381 u 17.936 0.013
52912.355214 z 16.301 0.008
52912.356047 g 16.681 0.004
52934.305180 r 16.383 0.004
52934.306013 i 16.287 0.005
52934.306847 u 17.757 0.012
52934.307680 z 16.220 0.008
52934.308513 g 16.605 0.004
52936.301106 r 16.446 0.005
52936.301939 i 16.362 0.005
52936.302773 u 17.749 0.011
52936.303606 z 16.329 0.008
52936.304439 g 16.608 0.004
53270.365158 r 16.004 0.019
53270.365991 i 15.989 0.010
53270.366824 u 17.311 0.015
53270.367658 z 15.999 0.014
53270.368491 g 16.094 0.014
53272.415107 r 16.458 0.004
53272.415940 i 16.335 0.004
53272.416774 u 17.803 0.012
53272.417607 z 16.287 0.008
53272.418440 g 16.692 0.004
53286.383826 r 15.917 0.006
53286.384659 i 15.940 0.006
53286.385493 u 17.172 0.010
53286.386326 z 15.950 0.009
53286.387159 g 15.942 0.005
53288.342319 r 16.263 0.005
53288.343152 i 16.174 0.005
53288.343986 u 17.604 0.011
53288.344819 z 16.150 0.007
53288.345652 g 16.440 0.004
53294.389990 r 16.371 0.004
53294.390823 i 16.274 0.004
53294.391657 u 17.707 0.012
53294.392490 z 16.234 0.007
53294.393323 g 16.597 0.004
53296.337008 r 16.472 0.011
53296.337841 i 16.369 0.013
53296.338674 u 17.817 0.020
53296.339508 z 16.380 0.016
53296.340341 g 16.703 0.015
53298.386767 r 16.132 0.004
53298.387600 i 16.091 0.005
53298.388434 u 17.443 0.011
53298.389267 z 16.076 0.008
53298.390100 g 16.282 0.004
53302.337986 r 16.272 0.005
53302.338819 i 16.210 0.005
53302.339653 u 17.518 0.013
53302.340486 z 16.206 0.008
53302.341319 g 16.365 0.004
53312.293532 r 16.430 0.025
53312.294365 i 16.332 0.009
53312.295199 u 17.802 0.025
53312.296032 z 16.280 0.015
53312.296865 g 16.691 0.013
53314.294716 r 15.943 0.004
53314.295549 i 15.951 0.004
53314.296383 u 17.137 0.009
53314.297216 z 15.978 0.007
53314.298049 g 15.919 0.003
53319.282513 r 16.258 0.003
53319.283346 i 16.175 0.004
53319.284180 u 17.626 0.012
53319.285013 z 16.142 0.008
53319.285846 g 16.481 0.003
53616.399071 r 16.441 0.004
53616.399904 i 16.352 0.004
53616.400738 u 17.819 0.013
53616.401571 z 16.280 0.008
53616.402404 g 16.677 0.004
53626.375498 r 16.265 0.006
53626.376331 i 16.182 0.007
#53626.377165 u -99.000 0.016
#53626.377998 z -99.000 0.011
#53626.378831 g -99.000 0.005
53628.360363 r 16.433 0.004
53628.361196 i 16.346 0.005
53628.362030 u 17.820 0.014
53628.362863 z 16.303 0.008
53628.363696 g 16.641 0.004
53637.361981 r 16.394 0.004
53637.362814 i 16.330 0.005
53637.363648 u 17.794 0.015
53637.364481 z 16.270 0.008
53637.365314 g 16.575 0.004
53639.407359 r 16.135 0.005
53639.408192 i 16.076 0.005
#53639.409026 u -99.000 0.010
53639.409859 z 16.064 0.007
53639.410692 g 16.274 0.004
53641.406524 r 16.372 0.004
53641.407357 i 16.291 0.005
53641.408191 u 17.732 0.012
53641.409024 z 16.257 0.008
53641.409857 g 16.579 0.004
53657.365408 r 16.348 0.004
53657.366241 i 16.248 0.004
53657.367075 u 17.714 0.016
53657.367908 z 16.200 0.008
53657.368741 g 16.565 0.004
53663.349956 r 16.401 0.005
53663.350789 i 16.293 0.005
53663.351623 u 17.743 0.015
53663.352456 z 16.229 0.008
53663.353289 g 16.639 0.005
53665.327928 r 16.382 0.005
53665.328761 i 16.321 0.005
53665.329595 u 17.653 0.013
53665.330428 z 16.291 0.008
53665.331261 g 16.569 0.004
53666.420044 r 16.438 0.004
53666.420877 i 16.337 0.005
53666.421711 u 17.796 0.017
53666.422544 z 16.291 0.008
53666.423377 g 16.658 0.005
53668.339557 r 16.252 0.004
53668.340390 i 16.214 0.004
53668.341224 u 17.517 0.012
53668.342057 z 16.179 0.007
53668.342890 g 16.357 0.004
53669.427174 r 16.461 0.004
53669.428007 i 16.353 0.005
53669.428841 u 17.770 0.017
53669.429674 z 16.340 0.008
53669.430507 g 16.692 0.004
53670.344409 r 16.133 0.004
53670.345242 i 16.085 0.004
#53670.346076 u -99.000 0.011
53670.346909 z 16.048 0.007
53670.347742 g 16.266 0.003
53673.312395 r 16.110 0.005
53673.313228 i 16.061 0.005
53673.314062 u 17.406 0.010
53673.314895 z 16.041 0.007
53673.315728 g 16.230 0.005
53675.309284 r 16.426 0.004
53675.310117 i 16.322 0.004
53675.310951 u 17.786 0.012
53675.311784 z 16.267 0.008
53675.312617 g 16.633 0.004
53677.330314 r 15.886 0.004
53677.331147 i 15.902 0.004
53677.331981 u 17.045 0.009
53677.332814 z 15.922 0.007
53677.333647 g 15.810 0.004
53680.316981 r 15.787 0.004
53680.317814 i 15.840 0.004
53680.318648 u 16.925 0.008
53680.319481 z 15.859 0.007
53680.320314 g 15.716 0.004
53683.375535 r 16.013 0.004
53683.376368 i 15.989 0.004
53683.377202 u 17.320 0.011
53683.378035 z 16.004 0.008
53683.378868 g 16.060 0.004
53686.316412 r 15.928 0.004
53686.317245 i 15.932 0.004
53686.318079 u 17.153 0.013
53686.318912 z 15.953 0.007
53686.319745 g 15.960 0.004
53693.318873 r 16.449 0.004
53693.319706 i 16.350 0.004
53693.320540 u 17.762 0.020
53693.321373 z 16.356 0.008
53693.322206 g 16.604 0.005
53698.316262 r 16.109 0.004
53698.317095 i 16.062 0.004
53698.317929 u 17.420 0.011
53698.318762 z 16.046 0.007
53698.319595 g 16.233 0.004
53704.302193 r 16.192 0.004
53704.303026 i 16.137 0.004
53704.303860 u 17.522 0.011
53704.304693 z 16.116 0.007
53704.305526 g 16.361 0.004
53989.398271 r 16.207 0.021
53989.399104 i 16.136 0.016
53989.399937 u 17.509 0.017
53989.400771 z 16.099 0.017
53989.401604 g 16.354 0.017
53995.436984 r 16.301 0.014
53995.437817 i 16.224 0.012
53995.438651 u 17.613 0.015
53995.439484 z 16.192 0.023
53995.440317 g 16.511 0.017
54000.373713 r 16.430 0.016
54000.374546 i 16.322 0.012
54000.375379 u 17.719 0.025
54000.376213 z 16.296 0.011
54000.377046 g 16.596 0.012
54007.423805 r 16.385 0.012
54007.424639 i 16.310 0.010
54007.425472 u 17.749 0.022
54007.426305 z 16.277 0.016
54007.427139 g 16.638 0.021
54009.347645 r 16.435 0.013
54009.348478 i 16.349 0.014
54009.349312 u 17.703 0.018
54009.350145 z 16.307 0.015
54009.350978 g 16.621 0.021
54011.412069 r 16.194 0.011
54011.412902 i 16.118 0.012
54011.413736 u 17.516 0.024
54011.414569 z 16.116 0.011
54011.415402 g 16.375 0.020
54025.411086 r 16.317 0.012
54025.411919 i 16.257 0.011
54025.412752 u 17.615 0.020
54025.413586 z 16.253 0.018
54025.414419 g 16.519 0.015
54346.404862 r 15.846 0.009
54346.405695 i 15.887 0.012
54346.406528 u 17.043 0.016
54346.407362 z 15.901 0.015
54346.408195 g 15.833 0.012
54348.408824 r 16.336 0.015
54348.409657 i 16.222 0.015
54348.410491 u 17.675 0.017
54348.411324 z 16.168 0.022
54348.412157 g 16.606 0.014
54355.418931 r 16.098 0.038
54355.419764 i 16.048 0.012
54355.420598 u 17.343 0.015
54355.421431 z 15.989 0.022
54355.422264 g 16.158 0.025
54358.364646 r 16.041 0.020
54358.365480 i 16.000 0.016
54358.366313 u 17.334 0.023
54358.367146 z 15.958 0.015
54358.367980 g 16.056 0.026
54365.397720 r 15.823 0.013
54365.398553 i 15.852 0.013
54365.399386 u 16.842 0.013
54365.400220 z 15.869 0.013
54365.401053 g 15.738 0.020
54381.417320 r 16.453 0.012
54381.418153 i 16.401 0.013
54381.418987 u 17.779 0.018
54381.419820 z 16.348 0.016
54381.420653 g 16.666 0.016
54384.423929 r 16.097 0.015
54384.424762 i 16.086 0.017
54384.425595 u 17.224 0.014
54384.426429 z 16.055 0.016
54384.427262 g 16.108 0.020
54386.409592 r 16.136 0.013
54386.410426 i 16.067 0.014
#54386.411259 u -99.000 0.026
54386.412092 z 16.060 0.019
54386.412926 g 16.261 0.017
54388.413873 r 16.428 0.015
54388.414707 i 16.347 0.011
54388.415540 u 17.787 0.034
54388.416373 z 16.278 0.018
54388.417207 g 16.687 0.016
54392.411448 r 16.233 0.009
54392.412282 i 16.144 0.011
54392.413115 u 17.600 0.035
54392.413948 z 16.110 0.016
54392.414782 g 16.438 0.024
54403.327829 r 16.433 0.014
54403.328662 i 16.309 0.013
#54403.329496 u -99.000 0.025
54403.330329 z 16.288 0.022
54403.331162 g 16.636 0.014
#54404.385194 r -99.000 0.016
54404.386028 i 16.238 0.011
#54404.386861 u -99.000 0.022
#54404.387694 z -99.000 0.015
54404.388528 g 16.616 0.015
54405.383169 r 15.969 0.016
54405.384002 i 15.959 0.011
54405.384836 u 17.170 0.022
54405.385669 z 15.969 0.013
54405.386502 g 16.064 0.017
54406.321492 r 16.433 0.012
54406.322326 i 16.346 0.010
54406.323159 u 17.750 0.023
54406.323992 z 16.303 0.019
54406.324826 g 16.677 0.017
54412.347310 r 16.530 0.012
54412.348143 i 16.417 0.011
54412.348977 u 17.825 0.014
54412.349810 z 16.373 0.018
54412.350643 g 16.723 0.017
