51464.217124 r 19.155 0.012
51464.217957 i 18.927 0.014
51464.218791 u 21.111 0.089
51464.219624 z 18.746 0.049
51464.220457 g 19.744 0.015
52197.242856 r 19.249 0.013
52197.243689 i 19.041 0.015
52197.244523 u 21.363 0.139
52197.245356 z 18.904 0.048
52197.246189 g 19.797 0.015
52231.128814 r 19.395 0.014
52231.129647 i 19.091 0.015
52231.130481 u 21.419 0.126
52231.131314 z 18.687 0.038
52231.132147 g 19.759 0.014
52557.236819 r 19.256 0.014
52557.237652 i 18.956 0.015
52557.238486 u 21.208 0.131
52557.239319 z 18.894 0.055
52557.240152 g 19.816 0.016
52578.132897 r 19.263 0.013
52578.133730 i 18.998 0.014
52578.134564 u 21.077 0.093
52578.135397 z 18.890 0.046
52578.136230 g 19.844 0.014
52929.163124 r 19.263 0.013
52929.163957 i 18.955 0.014
52929.164791 u 21.148 0.109
52929.165624 z 18.884 0.048
52929.166457 g 19.821 0.015
52934.143281 r 19.239 0.014
52934.144114 i 18.972 0.016
52934.144948 u 21.297 0.144
52934.145781 z 18.856 0.053
52934.146614 g 19.771 0.016
52936.139207 r 19.300 0.013
52936.140040 i 19.046 0.014
52936.140874 u 21.299 0.101
52936.141707 z 18.838 0.040
52936.142540 g 19.849 0.014
53270.203263 r 19.248 0.025
53270.204097 i 19.000 0.028
53270.204930 u 21.271 0.137
53270.205763 z 18.899 0.058
53270.206597 g 19.788 0.027
53272.253216 r 19.140 0.021
53272.254049 i 18.969 0.020
53272.254883 u 21.684 0.510
53272.255716 z 18.835 0.059
53272.256549 g 19.702 0.032
53286.221931 r 19.169 0.014
53286.222764 i 18.905 0.014
53286.223598 u 21.380 0.165
53286.224431 z 18.903 0.048
53286.225264 g 19.787 0.016
53288.180422 r 19.185 0.013
53288.181255 i 18.973 0.014
53288.182089 u 20.833 0.107
53288.182922 z 18.740 0.044
53288.183755 g 19.824 0.016
53294.207780 r 19.186 0.033
53294.208613 i 18.963 0.040
53294.209446 u 20.928 0.132
53294.210280 z 18.835 0.081
53294.211113 g 19.707 0.036
53302.176090 r 19.234 0.022
53302.176923 i 18.991 0.020
53302.177757 u 21.189 0.270
53302.178590 z 18.741 0.052
53302.179423 g 19.863 0.039
53312.131716 r 19.141 0.030
53312.132549 i 18.952 0.036
53312.133383 u 21.082 0.142
53312.134216 z 18.927 0.087
53312.135049 g 19.771 0.027
53314.132818 r 19.191 0.014
53314.133651 i 18.975 0.015
53314.134485 u 21.165 0.110
53314.135318 z 19.033 0.060
53314.136151 g 19.849 0.015
53616.237187 r 19.141 0.016
53616.238020 i 18.957 0.019
53616.238854 u 21.015 0.178
53616.239687 z 18.729 0.065
53616.240520 g 19.735 0.017
53623.227398 r 19.196 0.014
53623.228231 i 18.968 0.015
53623.229065 u 21.097 0.127
53623.229898 z 18.747 0.048
53623.230731 g 19.812 0.017
53637.200090 r 19.229 0.016
53637.200923 i 18.926 0.017
53637.201757 u 21.015 0.159
53637.202590 z 18.602 0.059
53637.203423 g 19.819 0.021
53644.192551 r 19.406 0.046
53644.193384 i 19.064 0.026
53644.194218 u 21.178 0.094
53644.195051 z 18.803 0.040
53644.195884 g 19.896 0.024
53663.188061 r 19.237 0.015
53663.188894 i 19.187 0.017
53663.189728 u 21.137 0.175
53663.190561 z 18.792 0.040
53663.191394 g 19.828 0.022
53668.177661 r 19.191 0.015
53668.178494 i 18.921 0.018
53668.179328 u 21.152 0.162
53668.180161 z 18.824 0.068
53668.180994 g 19.747 0.016
53670.182514 r 19.219 0.014
53670.183347 i 19.019 0.015
53670.184181 u 21.290 0.132
53670.185014 z 18.960 0.054
53670.185847 g 19.785 0.015
53673.150497 r 19.219 0.014
53673.151330 i 18.980 0.015
53673.152164 u 21.067 0.124
53673.152997 z 18.903 0.055
53673.153830 g 19.759 0.015
53677.168418 r 19.237 0.013
53677.169251 i 19.017 0.014
53677.170085 u 21.158 0.103
53677.170918 z 18.727 0.036
53677.171751 g 19.822 0.014
53680.155083 r 19.197 0.015
53680.155916 i 18.909 0.014
53680.156750 u 21.034 0.115
53680.157583 z 18.934 0.050
53680.158416 g 19.787 0.015
53693.156984 r 19.217 0.018
53693.157817 i 19.009 0.017
53693.158651 u 20.948 0.193
53693.159484 z 18.823 0.045
53693.160317 g 19.807 0.028
53989.236378 r 19.251 0.029
53989.237211 i 19.025 0.028
53989.238045 u 21.081 0.163
53989.238878 z 18.905 0.049
53989.239711 g 19.887 0.038
53995.225616 r 19.268 0.022
53995.226450 i 18.986 0.024
53995.227283 u 21.132 0.092
53995.228116 z 18.859 0.049
53995.228950 g 19.825 0.024
54000.211824 r 19.225 0.029
54000.212657 i 18.962 0.032
54000.213490 u 21.168 0.146
54000.214324 z 18.946 0.081
54000.215157 g 19.757 0.024
54007.188585 r 19.236 0.022
54007.189419 i 19.032 0.027
54007.190252 u 21.362 0.137
54007.191085 z 18.966 0.062
54007.191919 g 19.881 0.027
54007.261929 r 19.239 0.045
54007.262762 i 18.967 0.054
54007.263596 u 21.445 0.137
54007.264429 z 18.933 0.058
54007.265262 g 19.858 0.044
54009.185738 r 19.197 0.023
54009.186572 i 18.994 0.024
54009.187405 u 21.099 0.127
54009.188238 z 18.798 0.041
54009.189072 g 19.842 0.029
54011.250180 r 19.238 0.021
54011.251014 i 19.319 0.041
#54011.251847 u -99.000 0.192
54011.252680 z 18.807 0.042
54011.253514 g 19.800 0.025
54025.249198 r 19.230 0.027
54025.250032 i 18.997 0.031
54025.250865 u 20.929 0.127
54025.251698 z 18.911 0.066
54025.252532 g 19.824 0.029
54358.202812 r 19.220 0.031
54358.203645 i 18.974 0.033
54358.204478 u 21.266 0.179
54358.205312 z 18.776 0.072
54358.206145 g 19.739 0.028
54365.235869 r 19.571 0.042
54365.236702 i 19.364 0.055
54365.237536 u 21.583 0.270
54365.238369 z 18.864 0.046
54365.239202 g 20.251 0.062
54382.244956 r 19.214 0.030
54382.245789 i 18.883 0.034
54382.246622 u 21.203 0.191
54382.247456 z 18.758 0.073
54382.248289 g 19.731 0.030
54403.165758 r 19.273 0.025
54403.166591 i 18.979 0.025
54403.167425 u 21.252 0.151
54403.168258 z 18.996 0.066
54403.169091 g 19.888 0.034
54406.159646 r 19.214 0.026
54406.160480 i 19.016 0.029
54406.161313 u 21.132 0.106
54406.162146 z 19.011 0.066
54406.162980 g 19.846 0.024
