51081.313752 r 19.473 0.018
#51081.314585 i -99.000 0.020
51081.315419 u 19.817 0.044
51081.316252 z 19.486 0.104
51081.317085 g 19.601 0.016
51819.384851 r 19.109 0.013
51819.385684 i 18.973 0.015
51819.386518 u 19.254 0.033
51819.387351 z 19.000 0.062
51819.388184 g 19.181 0.012
52558.350099 r 19.401 0.014
52558.350932 i 19.200 0.016
52558.351766 u 19.655 0.039
52558.352599 z 19.284 0.068
52558.353432 g 19.554 0.013
52577.237601 r 19.416 0.015
52577.238434 i 19.237 0.017
52577.239268 u 19.643 0.037
52577.240101 z 19.476 0.080
52577.240934 g 19.507 0.012
52586.241079 r 19.379 0.015
52586.241912 i 19.203 0.020
52586.242746 u 19.645 0.036
52586.243579 z 19.539 0.105
52586.244412 g 19.495 0.012
52910.321561 r 19.518 0.015
52910.322394 i 19.333 0.017
52910.323228 u 19.957 0.044
52910.324061 z 19.429 0.072
52910.324894 g 19.642 0.014
52931.251763 r 19.550 0.019
52931.252596 i 19.296 0.020
52931.253430 u 19.864 0.044
52931.254263 z 19.515 0.089
52931.255096 g 19.732 0.016
52935.248726 r 19.521 0.017
52935.249559 i 19.293 0.020
52935.250393 u 19.983 0.048
52935.251226 z 19.434 0.087
52935.252059 g 19.691 0.016
52959.192056 r 19.483 0.014
52959.192889 i 19.236 0.016
52959.193723 u 19.777 0.038
52959.194556 z 19.284 0.056
52959.195389 g 19.659 0.013
52963.171800 r 19.519 0.014
52963.172633 i 19.162 0.014
52963.173467 u 19.854 0.036
52963.174300 z 19.284 0.054
52963.175133 g 19.658 0.013
53352.142868 r 19.681 0.017
53352.143701 i 19.457 0.019
53352.144535 u 19.944 0.044
53352.145368 z 19.502 0.078
53352.146201 g 19.851 0.015
53622.351164 r 19.677 0.022
53622.351997 i 19.483 0.026
53622.352831 u 19.932 0.063
53622.353664 z 19.782 0.168
53622.354497 g 19.791 0.018
53634.300635 r 19.667 0.029
53634.301468 i 19.446 0.026
53634.302302 u 19.755 0.089
53634.303135 z 19.678 0.116
53634.303968 g 19.746 0.037
53638.341970 r 19.612 0.017
53638.342803 i 19.473 0.020
53638.343637 u 19.811 0.047
53638.344470 z 19.611 0.080
53638.345303 g 19.795 0.017
53640.306006 r 19.639 0.020
53640.306839 i 19.359 0.022
53640.307673 u 19.971 0.057
53640.308506 z 19.525 0.104
53640.309339 g 19.739 0.017
53655.278177 r 19.636 0.027
53655.279010 i 19.386 0.029
53655.279844 u 19.949 0.079
53655.280677 z 19.361 0.094
53655.281510 g 19.778 0.023
53664.303133 r 19.637 0.038
53664.303966 i 19.383 0.040
53664.304800 u 19.707 0.096
53664.305633 z 19.373 0.131
53664.306466 g 19.756 0.052
53669.262376 r 19.710 0.016
53669.263209 i 19.502 0.019
53669.264043 u 19.996 0.044
53669.264876 z 19.474 0.070
53669.265709 g 19.810 0.014
53671.347142 r 19.712 0.022
53671.347975 i 19.533 0.023
#53671.348809 u -99.000 0.068
53671.349642 z 19.382 0.079
53671.350475 g 19.866 0.017
53674.246613 r 19.697 0.019
53674.247446 i 19.446 0.022
53674.248280 u 20.005 0.055
53674.249113 z 19.622 0.094
53674.249946 g 19.825 0.016
53676.336085 r 19.663 0.017
53676.336918 i 19.352 0.017
53676.337752 u 20.001 0.055
53676.338585 z 19.533 0.071
53676.339418 g 19.812 0.015
53679.307979 r 19.679 0.024
53679.308812 i 19.529 0.028
53679.309646 u 20.014 0.068
53679.310479 z 19.477 0.097
53679.311312 g 19.853 0.017
53681.299493 r 19.696 0.023
53681.300326 i 19.431 0.026
#53681.301160 u -99.000 0.120
53681.301993 z 19.823 0.182
53681.302826 g 19.847 0.018
53685.258545 r 19.689 0.043
53685.259378 i 19.351 0.036
53685.260212 u 20.011 0.126
53685.261045 z 19.325 0.102
53685.261878 g 19.843 0.051
53694.272421 r 19.658 0.048
53694.273254 i 19.535 0.043
#53694.274088 u -99.000 0.169
53694.274921 z 19.757 0.214
53694.275754 g 19.901 0.054
53697.256516 r 19.673 0.020
53697.257349 i 19.471 0.021
53697.258183 u 19.880 0.056
53697.259016 z 19.454 0.075
53697.259849 g 19.823 0.020
53700.255474 r 19.607 0.022
53700.256307 i 19.492 0.026
53700.257141 u 19.880 0.059
53700.257974 z 19.364 0.095
53700.258807 g 19.800 0.018
53705.242144 r 19.695 0.019
53705.242977 i 19.475 0.019
53705.243811 u 20.018 0.054
53705.244644 z 19.739 0.091
53705.245477 g 19.799 0.016
53975.327155 r 19.523 0.024
53975.327988 i 19.331 0.021
53975.328821 u 19.775 0.042
53975.329655 z 19.493 0.078
53975.330488 g 19.601 0.021
53990.340021 r 19.495 0.023
53990.340855 i 19.299 0.023
#53990.341688 u -99.000 0.060
53990.342521 z 19.337 0.079
53990.343355 g 19.578 0.025
53994.350147 r 19.466 0.021
53994.350980 i 19.317 0.019
53994.351813 u 19.625 0.037
53994.352647 z 19.478 0.078
#53994.353480 g -99.000 0.023
53996.333871 r 19.511 0.019
53996.334705 i 19.336 0.022
53996.335538 u 19.698 0.043
53996.336371 z 19.440 0.081
53996.337205 g 19.566 0.019
#53998.302526 r -99.000 0.055
#53998.303360 i -99.000 0.040
53998.304193 u 19.716 0.046
53998.305026 z 19.319 0.080
53998.305860 g 19.561 0.016
54005.332794 r 19.469 0.018
54005.333627 i 19.340 0.020
54005.334460 u 19.705 0.038
54005.335294 z 19.510 0.064
54005.336127 g 19.561 0.021
54010.288026 r 19.500 0.017
54010.288859 i 19.333 0.021
54010.289692 u 19.704 0.036
54010.290526 z 19.366 0.058
54010.291359 g 19.536 0.018
54012.280853 r 19.460 0.023
54012.281686 i 19.232 0.021
54012.282520 u 19.549 0.053
54012.283353 z 19.402 0.064
54012.284186 g 19.558 0.029
54020.286864 r 19.502 0.032
54020.287697 i 19.292 0.028
54020.288531 u 19.649 0.052
54020.289364 z 19.433 0.087
54020.290197 g 19.560 0.019
54024.368427 r 19.444 0.033
54024.369260 i 19.277 0.026
#54024.370093 u -99.000 0.053
54024.370927 z 19.565 0.121
54024.371760 g 19.522 0.022
54028.356718 r 19.458 0.023
54028.357552 i 19.282 0.025
54028.358385 u 19.569 0.048
54028.359218 z 19.240 0.091
#54028.360052 g -99.000 0.021
54030.280401 r 19.446 0.020
54030.281234 i 19.251 0.020
54030.282068 u 19.604 0.034
54030.282901 z 19.341 0.056
54030.283734 g 19.511 0.019
54035.356182 r 19.435 0.041
54035.357016 i 19.265 0.028
54035.357849 u 19.628 0.057
54035.358682 z 19.327 0.100
54035.359516 g 19.515 0.019
54037.261608 r 19.456 0.017
54037.262441 i 19.323 0.020
54037.263275 u 19.561 0.036
54037.264108 z 19.338 0.061
54037.264941 g 19.538 0.021
54040.276126 r 19.476 0.028
54040.276959 i 19.309 0.027
54040.277792 u 19.673 0.065
54040.278626 z 19.460 0.087
54040.279459 g 19.510 0.030
54047.306641 r 19.495 0.050
#54047.307474 i -99.000 0.057
#54047.308307 u -99.000 0.177
54047.309141 z 19.382 0.139
54047.309974 g 19.533 0.055
54049.302607 r 19.411 0.024
54049.303440 i 19.268 0.028
54049.304274 u 19.543 0.069
54049.305107 z 19.362 0.102
54049.305940 g 19.559 0.031
54053.266880 r 19.468 0.023
54053.267714 i 19.257 0.019
#54053.268547 u -99.000 0.040
54053.269380 z 19.392 0.074
54053.270214 g 19.493 0.016
54056.268582 r 19.471 0.025
54056.269416 i 19.298 0.030
54056.270249 u 19.600 0.048
54056.271082 z 19.361 0.085
54056.271916 g 19.476 0.020
54059.262922 r 19.411 0.027
54059.263756 i 19.348 0.032
54059.264589 u 19.596 0.057
54059.265422 z 19.276 0.095
54059.266256 g 19.460 0.035
54062.267807 r 19.456 0.021
54062.268640 i 19.275 0.021
54062.269473 u 19.528 0.044
54062.270307 z 19.397 0.088
54062.271140 g 19.549 0.020
54068.248365 r 19.495 0.033
54068.249198 i 19.333 0.027
#54068.250031 u -99.000 0.081
54068.250865 z 19.556 0.128
54068.251698 g 19.529 0.045
54357.306021 r 19.439 0.022
54357.306855 i 19.338 0.022
54357.307688 u 19.555 0.034
54357.308521 z 19.492 0.060
54357.309355 g 19.487 0.017
54362.355829 r 19.467 0.021
54362.356662 i 19.279 0.026
54362.357496 u 19.625 0.040
54362.358329 z 19.266 0.074
54362.359162 g 19.529 0.029
54382.336060 r 19.484 0.022
54382.336894 i 19.292 0.029
54382.337727 u 19.606 0.052
54382.338560 z 19.500 0.131
54382.339394 g 19.456 0.020
54385.353857 r 19.445 0.019
54385.354690 i 19.246 0.023
#54385.355524 u -99.000 0.033
54385.356357 z 19.371 0.053
54385.357190 g 19.499 0.017
54387.354361 r 19.498 0.021
54387.355195 i 19.245 0.022
54387.356028 u 19.511 0.052
54387.356861 z 19.414 0.102
54387.357695 g 19.463 0.024
54391.355233 r 19.443 0.071
54391.356066 i 19.380 0.044
54391.356900 u 19.524 0.061
54391.357733 z 19.269 0.128
54391.358566 g 19.497 0.026
54392.349077 r 19.438 0.019
54392.349911 i 19.314 0.025
54392.350744 u 19.582 0.054
54392.351577 z 19.346 0.100
#54392.352411 g -99.000 0.025
54402.347554 r 19.463 0.030
54402.348387 i 19.274 0.031
54402.349221 u 19.700 0.112
54402.350054 z 19.317 0.081
54402.350887 g 19.545 0.034
