51075.237179 r 19.219 0.014
51075.238012 i 19.300 0.023
51075.238846 u 19.897 0.040
51075.239679 z 19.103 0.069
51075.240512 g 19.366 0.012
51464.225063 r 19.280 0.014
51464.225896 i 19.385 0.021
51464.226730 u 19.882 0.037
51464.227563 z 19.106 0.044
51464.228396 g 19.395 0.012
52197.250796 r 19.345 0.014
52197.251629 i 19.415 0.021
52197.252463 u 19.892 0.040
52197.253296 z 19.293 0.054
52197.254129 g 19.462 0.013
52231.136779 r 19.321 0.014
52231.137612 i 19.395 0.021
52231.138446 u 19.948 0.042
52231.139279 z 19.142 0.051
52231.140112 g 19.447 0.013
52557.244783 r 19.528 0.017
52557.245616 i 19.566 0.026
52557.246450 u 20.092 0.048
52557.247283 z 19.340 0.065
52557.248116 g 19.597 0.014
52578.140861 r 19.485 0.015
52578.141694 i 19.582 0.024
52578.142528 u 20.143 0.044
52578.143361 z 19.328 0.058
52578.144194 g 19.596 0.013
52929.171089 r 19.587 0.016
52929.171922 i 19.666 0.024
52929.172756 u 20.289 0.049
52929.173589 z 19.394 0.061
52929.174422 g 19.664 0.014
52934.151246 r 19.587 0.018
52934.152079 i 19.575 0.026
#52934.152913 u -99.000 0.066
52934.153746 z 19.357 0.070
52934.154579 g 19.682 0.016
52936.147172 r 19.568 0.015
52936.148005 i 19.647 0.023
52936.148839 u 20.349 0.045
52936.149672 z 19.396 0.058
52936.150505 g 19.687 0.014
53270.211234 r 19.601 0.019
53270.212068 i 19.675 0.024
53270.212901 u 20.272 0.051
53270.213734 z 19.482 0.057
53270.214568 g 19.707 0.022
53272.261179 r 19.580 0.027
53272.262012 i 19.739 0.038
53272.262846 u 20.383 0.111
53272.263679 z 19.431 0.072
53272.264512 g 19.705 0.029
53286.229896 r 19.594 0.020
53286.230729 i 19.626 0.030
53286.231563 u 20.175 0.060
53286.232396 z 19.579 0.071
53286.233229 g 19.668 0.016
53288.188388 r 19.598 0.017
53288.189221 i 19.667 0.025
53288.190055 u 20.255 0.055
53288.190888 z 19.372 0.064
53288.191721 g 19.690 0.015
53294.215701 r 19.588 0.022
53294.216535 i 19.607 0.033
53294.217368 u 20.294 0.050
53294.218201 z 19.387 0.070
53294.219035 g 19.735 0.027
53302.184055 r 19.656 0.038
53302.184888 i 19.677 0.042
53302.185722 u 20.111 0.109
53302.186555 z 19.393 0.088
53302.187388 g 19.708 0.037
53312.139590 r 19.701 0.023
53312.140423 i 19.732 0.034
53312.141257 u 20.469 0.069
53312.142090 z 19.502 0.097
53312.142923 g 19.712 0.021
53314.140782 r 19.655 0.018
53314.141615 i 19.696 0.028
53314.142449 u 20.462 0.057
53314.143282 z 19.532 0.078
53314.144115 g 19.733 0.014
53616.245152 r 19.481 0.020
53616.245985 i 19.555 0.032
53616.246819 u 20.126 0.064
53616.247652 z 19.281 0.080
53616.248485 g 19.561 0.016
53623.235362 r 19.481 0.018
53623.236195 i 19.514 0.029
53623.237029 u 20.191 0.057
53623.237862 z 19.215 0.058
53623.238695 g 19.598 0.017
53626.221575 r 19.479 0.020
53626.222408 i 19.519 0.028
53626.223242 u 20.101 0.071
53626.224075 z 19.234 0.069
53626.224908 g 19.512 0.033
53628.206441 r 19.475 0.031
53628.207274 i 19.582 0.038
53628.208108 u 19.999 0.104
53628.208941 z 19.291 0.076
53628.209774 g 19.533 0.034
53637.208055 r 19.469 0.020
53637.208888 i 19.515 0.030
53637.209722 u 20.067 0.066
53637.210555 z 19.208 0.080
53637.211388 g 19.546 0.018
53644.200532 r 19.486 0.016
53644.201365 i 19.492 0.022
53644.202199 u 20.076 0.037
53644.203032 z 19.296 0.044
53644.203865 g 19.549 0.018
53654.235124 r 19.479 0.018
53654.235957 i 19.533 0.028
53654.236791 u 19.959 0.052
53654.237624 z 19.362 0.080
53654.238457 g 19.542 0.017
53656.182717 r 19.382 0.040
53656.183550 i 19.456 0.046
53656.184384 u 19.984 0.133
#53656.185217 z -99.000 0.083
53656.186050 g 19.469 0.036
53663.196025 r 19.433 0.018
53663.196858 i 19.481 0.023
53663.197692 u 20.095 0.067
53663.198525 z 19.305 0.052
53663.199358 g 19.517 0.020
53668.185626 r 19.416 0.018
53668.186459 i 19.448 0.030
53668.187293 u 20.084 0.059
53668.188126 z 19.248 0.078
53668.188959 g 19.519 0.014
53670.190479 r 19.438 0.017
53670.191312 i 19.424 0.022
53670.192146 u 20.060 0.046
53670.192979 z 19.171 0.055
53670.193812 g 19.534 0.013
53673.158462 r 19.427 0.016
53673.159295 i 19.502 0.024
53673.160129 u 20.024 0.046
53673.160962 z 19.220 0.054
53673.161795 g 19.526 0.013
53675.155351 r 19.401 0.016
53675.156184 i 19.450 0.024
53675.157018 u 20.038 0.046
53675.157851 z 19.153 0.057
53675.158684 g 19.509 0.013
53677.176382 r 19.408 0.014
53677.177215 i 19.505 0.022
53677.178049 u 20.007 0.040
53677.178882 z 19.266 0.044
53677.179715 g 19.489 0.012
53680.163048 r 19.380 0.014
53680.163881 i 19.493 0.021
53680.164715 u 20.074 0.044
53680.165548 z 19.303 0.047
53680.166381 g 19.512 0.013
53686.229746 r 19.368 0.042
53686.230579 i 19.509 0.055
53686.231413 u 19.760 0.169
53686.232246 z 19.451 0.129
53686.233079 g 19.471 0.054
53693.164949 r 19.389 0.020
53693.165782 i 19.485 0.026
53693.166616 u 19.982 0.078
53693.167449 z 19.311 0.053
53693.168282 g 19.511 0.024
53702.160609 r 19.319 0.026
53702.161442 i 19.389 0.045
53702.162276 u 19.985 0.089
53702.163109 z 19.099 0.113
53702.163942 g 19.463 0.026
53704.148274 r 19.395 0.015
53704.149107 i 19.421 0.022
53704.149941 u 19.923 0.048
53704.150774 z 19.203 0.055
53704.151607 g 19.473 0.014
53989.244360 r 19.417 0.023
53989.245193 i 19.474 0.026
#53989.246026 u -99.000 0.075
53989.246860 z 19.218 0.054
53989.247693 g 19.512 0.023
53995.233579 r 19.420 0.015
53995.234412 i 19.483 0.021
53995.235246 u 20.123 0.037
53995.236079 z 19.329 0.046
53995.236912 g 19.595 0.016
54000.219770 r 19.422 0.020
54000.220603 i 19.456 0.027
54000.221436 u 20.208 0.068
54000.222270 z 19.164 0.052
54000.223103 g 19.551 0.018
54007.269887 r 19.475 0.019
54007.270721 i 19.530 0.024
54007.271554 u 20.183 0.046
54007.272387 z 19.237 0.052
54007.273221 g 19.607 0.017
54009.193683 r 19.459 0.018
54009.194517 i 19.499 0.023
54009.195350 u 20.223 0.071
54009.196183 z 19.287 0.057
54009.197017 g 19.590 0.022
54011.258145 r 19.475 0.022
54011.258978 i 19.510 0.028
54011.259811 u 20.243 0.073
54011.260645 z 19.299 0.047
54011.261478 g 19.599 0.023
54019.208358 r 19.444 0.017
54019.209192 i 19.512 0.021
54019.210025 u 20.210 0.058
54019.210858 z 19.254 0.042
54019.211692 g 19.562 0.020
54025.257168 r 19.437 0.024
54025.258002 i 19.519 0.028
54025.258835 u 20.191 0.067
54025.259668 z 19.367 0.075
54025.260502 g 19.532 0.027
54029.187511 r 19.481 0.019
54029.188344 i 19.488 0.023
54029.189177 u 20.246 0.058
54029.190011 z 19.308 0.052
54029.190844 g 19.581 0.016
54356.265695 r 19.244 0.016
54356.266528 i 19.297 0.026
54356.267362 u 19.825 0.039
54356.268195 z 19.026 0.048
54356.269028 g 19.373 0.018
54358.210731 r 19.267 0.018
54358.211564 i 19.312 0.024
54358.212398 u 19.855 0.049
54358.213231 z 19.054 0.057
54358.214064 g 19.375 0.020
54365.243814 r 19.202 0.019
54365.244648 i 19.279 0.022
54365.245481 u 19.816 0.046
54365.246314 z 19.093 0.049
54365.247148 g 19.333 0.018
54373.317988 r 19.198 0.028
54373.318821 i 19.259 0.027
54373.319654 u 19.806 0.098
54373.320488 z 18.992 0.060
54373.321321 g 19.348 0.035
54382.252914 r 19.189 0.017
54382.253747 i 19.258 0.025
54382.254581 u 19.872 0.048
54382.255414 z 19.062 0.059
54382.256247 g 19.250 0.024
54386.255682 r 19.198 0.020
54386.256516 i 19.245 0.021
54386.257349 u 19.659 0.040
54386.258182 z 19.077 0.043
54386.259016 g 19.317 0.015
54388.259970 r 19.139 0.014
54388.260804 i 19.228 0.021
54388.261637 u 19.847 0.041
54388.262470 z 19.060 0.044
54388.263304 g 19.305 0.020
54403.173738 r 19.216 0.023
54403.174571 i 19.255 0.030
54403.175405 u 19.896 0.066
54403.176238 z 19.172 0.064
54403.177071 g 19.324 0.021
54406.167547 r 19.177 0.018
54406.168380 i 19.248 0.020
54406.169214 u 19.899 0.039
54406.170047 z 19.016 0.044
54406.170880 g 19.321 0.020
54412.170481 r 19.208 0.026
54412.171314 i 19.293 0.025
54412.172147 u 19.860 0.046
54412.172981 z 19.047 0.050
54412.173814 g 19.375 0.020
