51464.206680 r 17.897 0.006
51464.207513 i 17.355 0.006
51464.208347 u 21.709 0.144
51464.209180 z 17.058 0.013
51464.210013 g 19.162 0.010
52197.232400 r 17.908 0.007
52197.233233 i 17.372 0.006
52197.234067 u 21.625 0.151
52197.234900 z 17.094 0.012
52197.235733 g 19.179 0.010
52231.118384 r 17.914 0.007
52231.119217 i 17.377 0.006
52231.120051 u 21.438 0.116
52231.120884 z 17.085 0.012
52231.121717 g 19.178 0.010
52557.226388 r 17.910 0.007
52557.227221 i 17.388 0.007
52557.228055 u 21.875 0.260
52557.228888 z 17.069 0.013
52557.229721 g 19.180 0.011
52578.122467 r 17.919 0.007
52578.123300 i 17.384 0.006
52578.124134 u 21.607 0.148
52578.124967 z 17.078 0.012
52578.125800 g 19.183 0.010
52929.152695 r 17.921 0.006
52929.153528 i 17.383 0.006
52929.154362 u 21.645 0.165
52929.155195 z 17.084 0.012
52929.156028 g 19.185 0.010
52934.132851 r 17.915 0.007
52934.133684 i 17.386 0.006
52934.134518 u 21.538 0.161
52934.135351 z 17.084 0.013
52934.136184 g 19.178 0.011
52936.128777 r 17.921 0.010
52936.129610 i 17.392 0.010
52936.130444 u 21.591 0.127
#52936.131277 z -99.000 0.014
52936.132110 g 19.179 0.012
53243.313984 r 17.916 0.007
53243.314817 i 17.382 0.007
53243.315651 u 21.414 0.168
53243.316484 z 17.097 0.012
53243.317317 g 19.198 0.014
53270.192841 r 17.902 0.013
53270.193674 i 17.383 0.013
53270.194508 u 21.538 0.194
53270.195341 z 17.064 0.021
53270.196174 g 19.189 0.015
53272.242786 r 17.894 0.008
53272.243619 i 17.406 0.007
53272.244453 u 22.001 0.435
53272.245286 z 17.085 0.013
53272.246119 g 19.210 0.019
53286.211502 r 17.914 0.007
53286.212335 i 17.385 0.006
53286.213169 u 21.126 0.169
53286.214002 z 17.064 0.013
53286.214835 g 19.191 0.011
53288.169991 r 17.922 0.007
53288.170824 i 17.397 0.006
53288.171658 u 21.421 0.140
53288.172491 z 17.077 0.012
53288.173324 g 19.185 0.010
53294.197316 r 17.925 0.015
53294.198149 i 17.403 0.013
53294.198983 u 22.140 0.239
53294.199816 z 17.083 0.021
53294.200649 g 19.193 0.017
53302.165662 r 17.918 0.008
53302.166495 i 17.387 0.008
53302.167329 u 21.756 0.402
53302.168162 z 17.135 0.013
53302.168995 g 19.172 0.019
53312.121188 r 17.918 0.016
53312.122021 i 17.374 0.012
#53312.122855 u 24.669 2.371
53312.123688 z 17.063 0.021
53312.124521 g 19.204 0.019
53314.122387 r 17.902 0.008
53314.123220 i 17.380 0.008
53314.124054 u 21.457 0.158
53314.124887 z 17.058 0.015
53314.125720 g 19.175 0.012
#53616.226759 r -99.000 0.016
53616.227592 i 17.360 0.010
#53616.228426 u -99.000 0.219
#53616.229259 z -99.000 0.029
53616.230092 g 19.207 0.015
53623.216971 r 17.919 0.007
53623.217804 i 17.401 0.007
53623.218638 u 21.623 0.204
53623.219471 z 17.096 0.014
53623.220304 g 19.191 0.012
53626.203182 r 17.910 0.008
53626.204015 i 17.377 0.007
53626.204849 u 21.594 0.285
53626.205682 z 17.082 0.013
53626.206515 g 19.195 0.017
53628.188047 r 17.905 0.010
53628.188880 i 17.391 0.008
#53628.189714 u 22.275 1.049
53628.190547 z 17.083 0.015
53628.191380 g 19.157 0.027
53637.189662 r 17.917 0.007
53637.190495 i 17.391 0.007
53637.191329 u 21.411 0.194
53637.192162 z 17.072 0.015
53637.192995 g 19.217 0.012
53644.182107 r 17.907 0.015
53644.182941 i 17.392 0.011
53644.183774 u 21.710 0.145
53644.184607 z 17.078 0.020
53644.185441 g 19.174 0.012
53654.216730 r 17.902 0.010
53654.217563 i 17.385 0.011
53654.218397 u 21.731 0.246
53654.219230 z 17.104 0.017
53654.220063 g 19.196 0.017
53656.164323 r 17.915 0.011
53656.165156 i 17.410 0.009
53656.165990 u 21.441 0.455
53656.166823 z 17.119 0.017
53656.167656 g 19.149 0.026
53663.177619 r 17.913 0.007
53663.178452 i 17.393 0.007
53663.179286 u 21.274 0.188
53663.180119 z 17.075 0.013
53663.180952 g 19.205 0.015
53665.155602 r 17.892 0.027
#53665.156435 i -99.000 0.017
#53665.157269 u -99.000 0.687
53665.158102 z 17.101 0.114
#53665.158935 g -99.000 0.074
53668.167233 r 17.915 0.007
53668.168066 i 17.406 0.007
53668.168900 u 21.556 0.198
53668.169733 z 17.072 0.015
53668.170566 g 19.173 0.011
53670.172086 r 17.929 0.007
53670.172919 i 17.384 0.007
53670.173753 u 21.188 0.125
53670.174586 z 17.059 0.013
53670.175419 g 19.165 0.011
53673.140069 r 17.909 0.007
53673.140902 i 17.379 0.006
53673.141736 u 21.793 0.209
53673.142569 z 17.100 0.014
53673.143402 g 19.172 0.011
53675.136956 r 17.907 0.009
53675.137789 i 17.392 0.008
53675.138623 u 21.727 0.236
53675.139456 z 17.097 0.015
53675.140289 g 19.202 0.012
53677.157988 r 17.910 0.007
53677.158821 i 17.388 0.006
53677.159655 u 21.701 0.171
53677.160488 z 17.092 0.012
53677.161321 g 19.199 0.010
53680.144655 r 17.922 0.007
53680.145488 i 17.404 0.006
53680.146322 u 21.250 0.136
53680.147155 z 17.090 0.012
53680.147988 g 19.192 0.011
53686.211356 r 17.949 0.013
53686.212189 i 17.399 0.009
53686.213023 u 20.963 0.528
53686.213856 z 17.078 0.019
53686.214689 g 19.177 0.039
53693.146556 r 17.920 0.008
53693.147389 i 17.394 0.007
53693.148223 u 21.932 0.448
53693.149056 z 17.070 0.012
53693.149889 g 19.180 0.019
53702.142370 r 17.914 0.017
53702.143203 i 17.369 0.021
53702.144037 u 21.308 0.523
53702.144870 z 17.078 0.024
53702.145703 g 19.186 0.021
53704.129883 r 17.909 0.007
53704.130716 i 17.388 0.007
53704.131550 u 22.094 0.299
53704.132383 z 17.096 0.014
53704.133216 g 19.170 0.011
53989.225923 r 17.910 0.016
53989.226756 i 17.391 0.015
53989.227589 u 22.014 0.429
53989.228423 z 17.061 0.024
53989.229256 g 19.171 0.020
53995.215179 r 17.916 0.013
53995.216012 i 17.393 0.013
53995.216845 u 21.669 0.158
53995.217679 z 17.116 0.019
53995.218512 g 19.178 0.015
53997.193556 r 17.926 0.013
53997.194389 i 17.389 0.016
53997.195222 u 21.781 0.213
53997.196056 z 17.086 0.018
53997.196889 g 19.183 0.020
54000.201359 r 17.923 0.015
54000.202192 i 17.386 0.014
54000.203025 u 21.545 0.356
54000.203859 z 17.066 0.021
54000.204692 g 19.169 0.016
54007.178153 r 17.936 0.016
54007.178986 i 17.400 0.013
54007.179819 u 21.982 0.458
54007.180653 z 17.062 0.020
54007.181486 g 19.180 0.016
54009.175271 r 17.949 0.013
#54009.176104 i -99.000 0.011
54009.176937 u 21.488 0.168
#54009.177771 z -99.000 0.020
54009.178604 g 19.171 0.016
54011.239755 r 17.924 0.014
54011.240589 i 17.391 0.011
54011.241422 u 21.542 1.000
54011.242255 z 17.083 0.021
54011.243089 g 19.137 0.019
54019.189961 r 17.904 0.010
54019.190795 i 17.366 0.010
54019.191628 u 21.880 0.210
54019.192461 z 17.140 0.017
54019.193295 g 19.168 0.018
54025.238770 r 17.928 0.011
54025.239603 i 17.388 0.014
54025.240436 u 21.435 0.180
54025.241270 z 17.112 0.019
54025.242103 g 19.214 0.017
54029.169125 r 17.906 0.013
54029.169958 i 17.382 0.014
54029.170791 u 21.338 0.126
54029.171625 z 17.092 0.019
54029.172458 g 19.183 0.018
54051.145687 r 17.883 0.018
54051.146521 i 17.390 0.021
54051.147354 u 21.443 0.436
54051.148187 z 17.094 0.037
54051.149021 g 19.147 0.038
54356.247270 r 17.919 0.014
54356.248104 i 17.397 0.012
54356.248937 u 21.564 0.171
54356.249770 z 17.100 0.024
54356.250604 g 19.184 0.014
54358.192426 r 17.977 0.021
54358.193260 i 17.406 0.024
54358.194093 u 21.171 0.132
54358.194926 z 17.109 0.027
54358.195760 g 19.153 0.026
54373.299637 r 17.909 0.017
54373.300471 i 17.394 0.015
54373.301304 u 21.111 0.306
54373.302137 z 17.107 0.021
54373.302971 g 19.146 0.027
54382.234600 r 18.327 0.025
54382.235434 i 18.121 0.038
#54382.236267 u 28.657 99.999
54382.237100 z 17.505 0.030
54382.237934 g 19.783 0.036
54386.237297 r 17.916 0.016
54386.238130 i 17.418 0.019
54386.238964 u 21.607 0.162
54386.239797 z 17.097 0.018
54386.240630 g 19.155 0.018
54388.241549 r 17.908 0.013
54388.242382 i 17.405 0.012
#54388.243215 u -99.000 0.159
54388.244049 z 17.109 0.020
54388.244882 g 19.194 0.018
54403.155331 r 17.900 0.011
54403.156164 i 17.378 0.012
54403.156997 u 21.280 0.123
54403.157831 z 17.085 0.018
54403.158664 g 19.140 0.016
54406.149159 r 17.929 0.017
54406.149992 i 17.390 0.014
54406.150826 u 21.718 0.165
54406.151659 z 17.061 0.020
54406.152492 g 19.174 0.016
54412.152081 r 17.915 0.012
#54412.152914 i -99.000 0.011
54412.153747 u 21.490 0.164
#54412.154581 z -99.000 0.020
54412.155414 g 19.155 0.018
