51081.316953 r 17.309 0.005
51081.317786 i 16.282 0.004
51081.318620 u 21.290 0.139
51081.319453 z 15.757 0.007
#51081.320286 g -99.000 0.009
51819.388134 r 17.291 0.005
51819.388967 i 16.292 0.005
51819.389801 u 21.276 0.145
51819.390634 z 15.732 0.007
51819.391467 g 18.722 0.009
52558.353388 r 17.291 0.005
52558.354221 i 16.289 0.005
52558.355055 u 21.391 0.136
52558.355888 z 15.757 0.007
52558.356721 g 18.737 0.008
52577.240891 r 17.278 0.005
52577.241724 i 16.284 0.005
52577.242558 u 21.489 0.137
52577.243391 z 15.744 0.007
52577.244224 g 18.743 0.008
52586.244369 r 17.294 0.005
52586.245202 i 16.280 0.005
52586.246036 u 21.434 0.133
52586.246869 z 15.768 0.007
52586.247702 g 18.741 0.008
52910.324849 r 17.282 0.006
52910.325682 i 16.279 0.005
52910.326516 u 21.376 0.131
52910.327349 z 15.756 0.007
52910.328182 g 18.747 0.008
52931.255053 r 17.272 0.005
52931.255886 i 16.279 0.005
52931.256720 u 21.301 0.135
52931.257553 z 15.731 0.007
52931.258386 g 18.750 0.009
52935.252017 r 17.287 0.005
52935.252850 i 16.272 0.005
#52935.253684 u -99.000 0.136
52935.254517 z 15.754 0.007
52935.255350 g 18.746 0.008
52959.195346 r 17.287 0.006
52959.196179 i 16.286 0.005
52959.197013 u 21.233 0.103
52959.197846 z 15.741 0.007
52959.198679 g 18.733 0.008
52963.175090 r 17.281 0.006
52963.175923 i 16.288 0.006
52963.176757 u 21.204 0.094
52963.177590 z 15.736 0.007
52963.178423 g 18.733 0.008
53352.146157 r 17.276 0.005
53352.146990 i 16.277 0.005
53352.147824 u 21.135 0.120
53352.148657 z 15.744 0.007
53352.149490 g 18.735 0.009
53622.354454 r 17.282 0.005
53622.355287 i 16.263 0.004
53622.356121 u 21.152 0.175
53622.356954 z 15.710 0.007
53622.357787 g 18.737 0.009
53634.303924 r 17.307 0.006
53634.304757 i 16.295 0.004
#53634.305591 u -99.000 0.530
53634.306424 z 15.744 0.007
53634.307257 g 18.737 0.015
53638.345259 r 17.274 0.006
53638.346092 i 16.277 0.005
53638.346926 u 21.395 0.159
53638.347759 z 15.738 0.007
53638.348592 g 18.748 0.009
53640.309295 r 17.290 0.005
53640.310128 i 16.273 0.004
53640.310962 u 21.221 0.153
53640.311795 z 15.746 0.007
53640.312628 g 18.744 0.009
53655.281467 r 17.301 0.005
53655.282300 i 16.282 0.004
53655.283134 u 21.213 0.173
53655.283967 z 15.753 0.007
53655.284800 g 18.720 0.010
53664.306424 r 17.297 0.008
53664.307257 i 16.307 0.005
53664.308091 u 21.406 0.401
53664.308924 z 15.750 0.007
53664.309757 g 18.775 0.014
53669.265666 r 17.284 0.006
53669.266499 i 16.285 0.006
53669.267333 u 21.544 0.127
53669.268166 z 15.754 0.007
53669.268999 g 18.749 0.008
53671.350431 r 17.300 0.006
53671.351264 i 16.301 0.005
53671.352098 u 21.337 0.185
53671.352931 z 15.747 0.007
#53671.353764 g -99.000 0.009
53674.249903 r 17.277 0.005
53674.250736 i 16.283 0.004
53674.251570 u 21.420 0.157
53674.252403 z 15.727 0.007
53674.253236 g 18.742 0.008
53676.339375 r 17.284 0.006
53676.340208 i 16.276 0.005
53676.341042 u 21.433 0.166
53676.341875 z 15.744 0.007
53676.342708 g 18.726 0.009
53679.311269 r 17.279 0.008
53679.312102 i 16.287 0.007
53679.312936 u 21.533 0.224
53679.313769 z 15.737 0.010
53679.314602 g 18.729 0.010
53681.302782 r 17.282 0.006
53681.303615 i 16.273 0.005
53681.304449 u 21.301 0.171
53681.305282 z 15.748 0.007
53681.306115 g 18.723 0.010
53685.261835 r 17.274 0.007
53685.262668 i 16.291 0.005
53685.263502 u 20.810 0.262
53685.264335 z 15.763 0.007
53685.265168 g 18.737 0.020
53694.275711 r 17.294 0.007
53694.276544 i 16.276 0.004
#53694.277378 u -99.000 0.237
#53694.278211 z -99.000 0.008
53694.279044 g 18.775 0.020
53697.259806 r 17.290 0.006
53697.260639 i 16.283 0.005
53697.261473 u 21.370 0.180
53697.262306 z 15.750 0.007
53697.263139 g 18.732 0.010
53700.258764 r 17.292 0.009
53700.259597 i 16.276 0.008
53700.260431 u 20.978 0.155
53700.261264 z 15.739 0.010
53700.262097 g 18.747 0.011
53705.245434 r 17.292 0.005
53705.246267 i 16.283 0.005
53705.247101 u 21.248 0.146
53705.247934 z 15.762 0.007
53705.248767 g 18.724 0.009
53975.330458 r 17.299 0.017
53975.331291 i 16.253 0.026
#53975.332125 u -99.000 0.128
53975.332958 z 15.724 0.024
53975.333791 g 18.708 0.017
53990.343304 r 17.281 0.012
53990.344137 i 16.243 0.012
53990.344971 u 21.190 0.211
53990.345804 z 15.742 0.012
53990.346637 g 18.713 0.016
53994.353450 r 17.258 0.019
53994.354284 i 16.264 0.015
53994.355117 u 21.416 0.110
53994.355950 z 15.742 0.012
53994.356784 g 18.734 0.016
53996.337169 r 17.272 0.019
53996.338002 i 16.268 0.013
53996.338836 u 21.178 0.125
53996.339669 z 15.690 0.020
53996.340502 g 18.705 0.019
53998.305817 r 17.270 0.020
#53998.306650 i -99.000 0.024
#53998.307484 u -99.000 0.359
#53998.308317 z -99.000 0.020
#53998.309150 g -99.000 0.058
54010.291310 r 17.268 0.017
54010.292143 i 16.290 0.015
54010.292976 u 21.253 0.110
54010.293810 z 15.744 0.016
54010.294643 g 18.717 0.027
54012.284176 r 17.279 0.015
54012.285009 i 16.275 0.018
54012.285843 u 21.032 0.181
54012.286676 z 15.748 0.014
54012.287509 g 18.715 0.015
54020.290148 r 17.297 0.015
54020.290981 i 16.280 0.012
54020.291815 u 21.024 0.168
54020.292648 z 15.719 0.023
54020.293481 g 18.730 0.015
54024.371701 r 17.278 0.012
54024.372534 i 16.264 0.012
54024.373368 u 21.807 0.305
54024.374201 z 15.760 0.016
54024.375034 g 18.743 0.018
54028.360041 r 17.297 0.031
54028.360874 i 16.252 0.026
54028.361708 u 21.148 0.142
54028.362541 z 15.770 0.012
54028.363374 g 18.739 0.019
54030.283662 r 17.290 0.024
54030.284495 i 16.271 0.009
54030.285328 u 21.488 0.130
54030.286162 z 15.744 0.019
54030.286995 g 18.720 0.018
54035.359429 r 17.285 0.022
54035.360262 i 16.280 0.017
54035.361095 u 22.066 0.447
54035.361929 z 15.748 0.027
54035.362762 g 18.742 0.015
54037.264934 r 17.277 0.010
54037.265767 i 16.274 0.010
54037.266600 u 21.333 0.126
54037.267434 z 15.741 0.016
54037.268267 g 18.721 0.017
54040.279414 r 17.293 0.018
54040.280248 i 16.279 0.015
54040.281081 u 20.885 0.197
54040.281914 z 15.724 0.016
54040.282748 g 18.745 0.017
54047.310120 r 17.295 0.012
54047.310954 i 16.294 0.018
#54047.311787 u -99.000 3.706
54047.312620 z 15.760 0.036
54047.313454 g 18.771 0.028
54049.305853 r 17.277 0.018
54049.306687 i 16.273 0.023
54049.307520 u 21.376 0.328
54049.308353 z 15.734 0.017
54049.309187 g 18.726 0.015
54053.270204 r 17.275 0.014
54053.271037 i 16.269 0.016
54053.271871 u 21.233 0.122
54053.272704 z 15.764 0.018
54053.273537 g 18.721 0.025
54056.271866 r 17.262 0.023
54056.272699 i 16.265 0.023
54056.273533 u 21.124 0.178
54056.274366 z 15.747 0.019
54056.275199 g 18.733 0.026
54059.266169 r 17.871 0.033
54059.267003 i 16.650 0.024
#54059.267836 u 27.833 99.999
54059.268669 z 16.030 0.021
54059.269503 g 19.403 0.035
54061.277258 r 17.279 0.017
54061.278092 i 16.283 0.016
54061.278925 u 21.196 0.205
54061.279758 z 15.744 0.013
54061.280592 g 18.729 0.019
54062.271003 r 17.281 0.014
54062.271836 i 16.228 0.024
54062.272670 u 21.514 0.210
54062.273503 z 15.744 0.011
54062.274336 g 18.727 0.019
54068.251611 r 17.267 0.017
54068.252445 i 16.289 0.013
54068.253278 u 21.294 0.353
54068.254111 z 15.732 0.019
54068.254945 g 18.750 0.018
54357.309327 r 17.256 0.016
54357.310160 i 16.256 0.018
#54357.310994 u -99.000 0.111
54357.311827 z 15.739 0.014
54357.312660 g 18.733 0.020
54362.359121 r 17.272 0.032
54362.359954 i 16.276 0.022
54362.360788 u 21.323 0.131
54362.361621 z 15.726 0.018
54362.362454 g 18.718 0.028
#54376.354207 r -99.000 0.009
54376.355041 i 16.276 0.011
54376.355874 u 21.660 0.465
#54376.356707 z -99.000 0.015
#54376.357541 g -99.000 0.144
54382.339349 r 17.300 0.013
54382.340182 i 16.281 0.020
54382.341016 u 20.899 0.156
54382.341849 z 15.733 0.015
54382.342682 g 18.737 0.021
54385.357135 r 17.271 0.016
54385.357968 i 16.271 0.016
54385.358801 u 21.371 0.124
54385.359635 z 15.746 0.009
54385.360468 g 18.727 0.019
54387.357695 r 17.274 0.016
54387.358528 i 16.285 0.016
54387.359361 u 21.314 0.203
54387.360195 z 15.731 0.017
54387.361028 g 18.742 0.018
#54390.350065 r -99.000 0.029
54390.350899 i 16.275 0.021
54390.351732 u 21.444 0.194
54390.352565 z 15.760 0.021
54390.353399 g 18.768 0.026
54391.358480 r 17.266 0.020
54391.359313 i 16.305 0.022
54391.360146 u 21.227 0.346
54391.360980 z 15.729 0.023
54391.361813 g 18.792 0.016
54392.352365 r 17.284 0.020
54392.353198 i 16.297 0.035
54392.354032 u 21.293 0.226
54392.354865 z 15.756 0.018
54392.355698 g 18.733 0.030
54402.350800 r 17.260 0.015
54402.351634 i 16.271 0.017
#54402.352467 u 22.735 1.788
54402.353300 z 15.730 0.018
54402.354134 g 18.722 0.023
