51467.301545 r 16.528 0.004
51467.302378 i 16.265 0.004
51467.303212 u 18.852 0.036
51467.304045 z 16.104 0.008
51467.304878 g 16.968 0.004
51819.277504 r 16.454 0.005
51819.278337 i 16.160 0.005
51819.279171 u 18.739 0.027
51819.280004 z 16.110 0.007
51819.280837 g 17.027 0.005
52172.293099 r 16.426 0.005
52172.293932 i 16.205 0.005
52172.294766 u 18.643 0.023
52172.295599 z 16.092 0.008
52172.296432 g 17.013 0.005
52172.343249 r 16.460 0.005
52172.344082 i 16.183 0.005
52172.344916 u 18.596 0.025
52172.345749 z 16.100 0.008
52172.346582 g 17.013 0.005
52558.242785 r 16.413 0.004
52558.243618 i 16.178 0.004
52558.244452 u 18.710 0.024
52558.245285 z 16.106 0.007
52558.246118 g 17.034 0.005
52577.130280 r 16.549 0.004
52577.131113 i 16.139 0.004
52577.131947 u 18.783 0.023
52577.132780 z 16.128 0.008
52577.133613 g 17.117 0.004
52586.133757 r 16.323 0.004
52586.134590 i 16.121 0.004
52586.135424 u 18.748 0.023
52586.136257 z 15.960 0.007
52586.137090 g 17.083 0.005
52931.144440 r 16.435 0.005
52931.145273 i 16.195 0.005
52931.146107 u 18.595 0.020
52931.146940 z 16.122 0.007
52931.147773 g 17.026 0.005
52935.141404 r 16.448 0.005
52935.142237 i 16.270 0.005
52935.143071 u 18.689 0.023
52935.143904 z 16.096 0.007
52935.144737 g 17.036 0.005
53313.134606 r 16.369 0.004
53313.135439 i 16.263 0.004
53313.136273 u 18.673 0.022
53313.137106 z 16.126 0.008
53313.137939 g 16.952 0.004
53622.243849 r 16.424 0.004
53622.244682 i 16.154 0.004
53622.245516 u 19.058 0.040
53622.246349 z 16.173 0.008
53622.247182 g 16.891 0.004
53625.239813 r 16.433 0.005
53625.240646 i 16.246 0.006
53625.241480 u 18.704 0.023
53625.242313 z 16.175 0.008
53625.243146 g 17.100 0.006
53636.198851 r 16.480 0.005
53636.199684 i 16.184 0.005
53636.200518 u 18.609 0.024
53636.201351 z 16.175 0.008
53636.202184 g 17.017 0.005
53655.170857 r 16.203 0.004
53655.171690 i 16.041 0.004
53655.172524 u 18.614 0.035
53655.173357 z 15.989 0.007
53655.174190 g 16.895 0.005
53664.195814 r 16.222 0.004
53664.196647 i 16.009 0.004
53664.197481 u 18.763 0.043
53664.198314 z 16.036 0.007
53664.199147 g 16.786 0.004
53666.159417 r 16.444 0.005
53666.160250 i 16.213 0.005
53666.161084 u 18.525 0.019
53666.161917 z 16.192 0.008
53666.162750 g 17.071 0.005
53669.155055 r 16.330 0.004
53669.155888 i 16.106 0.004
53669.156722 u 18.561 0.020
53669.157555 z 16.058 0.007
53669.158388 g 16.924 0.004
53671.239845 r 16.382 0.004
53671.240678 i 16.180 0.004
53671.241512 u 19.045 0.046
53671.242345 z 16.345 0.010
53671.243178 g 17.304 0.005
53674.139290 r 16.472 0.005
53674.140123 i 16.225 0.005
53674.140957 u 18.605 0.022
53674.141790 z 16.100 0.007
53674.142623 g 16.966 0.004
53676.228786 r 16.387 0.005
53676.229619 i 16.165 0.006
53676.230453 u 18.635 0.024
53676.231286 z 16.115 0.008
53676.232119 g 17.011 0.005
53679.200670 r 16.426 0.004
53679.201503 i 16.222 0.004
53679.202337 u 19.313 0.044
53679.203170 z 16.128 0.008
53679.204003 g 16.961 0.004
53681.192181 r 16.415 0.005
53681.193014 i 16.140 0.005
53681.193848 u 18.646 0.024
53681.194681 z 16.082 0.007
53681.195514 g 17.002 0.005
53685.151226 r 16.271 0.005
53685.152059 i 16.131 0.005
53685.152893 u 18.440 0.035
53685.153726 z 15.961 0.008
53685.154559 g 16.907 0.006
53687.189574 r 16.342 0.005
53687.190407 i 16.100 0.005
53687.191241 u 18.516 0.040
53687.192074 z 16.058 0.007
53687.192907 g 16.965 0.006
#53697.149204 r -99.000 0.016
#53697.150037 i -99.000 0.010
53697.150871 u 18.988 0.135
#53697.151704 z -99.000 0.035
53697.152537 g 17.070 0.014
53700.148165 r 16.352 0.004
53700.148998 i 16.072 0.004
53700.149832 u 18.640 0.024
53700.150665 z 16.066 0.007
53700.151498 g 16.967 0.004
53705.134835 r 16.391 0.004
53705.135668 i 16.046 0.004
53705.136502 u 18.575 0.024
53705.137335 z 16.049 0.007
53705.138168 g 16.920 0.004
53975.219841 r 16.386 0.042
53975.220675 i 16.127 0.041
53975.221508 u 18.715 0.065
53975.222341 z 16.092 0.048
53975.223175 g 17.029 0.043
53993.287638 r 16.322 0.037
53993.288471 i 16.175 0.042
53993.289304 u 18.572 0.061
53993.290138 z 16.114 0.049
53993.290971 g 16.978 0.043
53996.226552 r 16.494 0.066
53996.227386 i 16.160 0.044
53996.228219 u 18.583 0.078
53996.229052 z 16.121 0.061
53996.229886 g 16.995 0.060
53998.195185 r 16.385 0.051
53998.196018 i 16.169 0.060
53998.196851 u 18.509 0.052
53998.197685 z 16.078 0.052
53998.198518 g 16.999 0.054
54010.180667 r 16.419 0.084
54010.181500 i 16.168 0.051
54010.182333 u 18.676 0.131
54010.183167 z 16.118 0.106
54010.184000 g 17.027 0.076
54012.173507 r 16.412 0.076
54012.174340 i 16.236 0.052
54012.175174 u 18.686 0.099
54012.176007 z 16.110 0.066
54012.176840 g 17.051 0.081
54020.179499 r 16.397 0.051
54020.180332 i 16.170 0.047
54020.181166 u 18.723 0.124
54020.181999 z 16.110 0.062
54020.182832 g 17.004 0.058
54022.228771 r 16.377 0.047
54022.229605 i 16.158 0.046
#54022.230438 u -99.000 0.078
54022.231271 z 16.050 0.049
54022.232105 g 17.015 0.050
54028.169893 r 16.359 0.044
54028.170726 i 16.189 0.050
54028.171560 u 18.593 0.070
54028.172393 z 16.099 0.041
54028.173226 g 16.970 0.047
54030.173062 r 16.398 0.083
54030.173895 i 16.160 0.044
54030.174728 u 18.612 0.115
54030.175562 z 16.089 0.066
54030.176395 g 17.021 0.059
54032.162351 r 16.412 0.068
54032.163184 i 16.222 0.073
54032.164018 u 18.696 0.116
#54032.164851 z -99.000 0.054
54032.165684 g 17.185 0.122
54035.248848 r 16.572 0.041
54035.249681 i 16.137 0.036
54035.250515 u 19.211 0.113
#54035.251348 z -99.000 0.104
54035.252181 g 17.079 0.055
54037.154288 r 16.425 0.088
54037.155122 i 16.223 0.054
54037.155955 u 18.601 0.109
54037.156788 z 16.118 0.064
54037.157622 g 17.020 0.061
54040.168776 r 16.467 0.057
54040.169609 i 16.162 0.050
54040.170443 u 18.786 0.080
54040.171276 z 16.052 0.058
54040.172109 g 17.015 0.057
54050.153423 r 16.343 0.027
54050.154256 i 16.113 0.045
54050.155090 u 18.757 0.072
#54050.155923 z -99.000 0.063
54050.156756 g 17.054 0.040
54053.159562 r 16.433 0.046
54053.160395 i 16.109 0.040
54053.161229 u 18.782 0.077
54053.162062 z 16.196 0.059
54053.162895 g 16.938 0.045
54057.129917 r 16.411 0.048
54057.130751 i 16.181 0.039
54057.131584 u 18.543 0.099
54057.132417 z 16.169 0.059
54057.133251 g 17.012 0.060
54059.155536 r 16.353 0.060
54059.156370 i 16.193 0.046
54059.157203 u 18.896 0.085
54059.158036 z 16.167 0.066
54059.158870 g 17.061 0.074
54061.166556 r 16.388 0.063
54061.167390 i 16.203 0.040
54061.168223 u 18.923 0.078
54061.169056 z 16.249 0.081
54061.169890 g 16.967 0.043
54062.160406 r 16.378 0.043
54062.161239 i 16.360 0.048
54062.162073 u 18.993 0.088
54062.162906 z 16.165 0.069
54062.163739 g 17.057 0.043
54357.198711 r 16.338 0.039
54357.199544 i 16.167 0.045
54357.200378 u 18.682 0.076
54357.201211 z 16.083 0.044
54357.202044 g 16.938 0.044
54365.196581 r 16.330 0.037
54365.197415 i 16.200 0.047
54365.198248 u 18.918 0.084
54365.199081 z 16.070 0.054
54365.199915 g 16.989 0.060
54385.246556 r 16.439 0.063
54385.247390 i 16.225 0.050
54385.248223 u 19.008 0.088
54385.249056 z 16.202 0.074
54385.249890 g 17.061 0.077
54387.247045 r 16.425 0.065
54387.247878 i 16.179 0.033
54387.248711 u 19.201 0.105
54387.249545 z 16.226 0.052
54387.250378 g 17.061 0.052
54392.241760 r 16.357 0.053
54392.242593 i 16.301 0.044
54392.243427 u 18.982 0.087
54392.244260 z 16.180 0.066
54392.245093 g 16.962 0.063
54402.240234 r 16.440 0.066
54402.241067 i 16.185 0.038
54402.241900 u 18.771 0.074
54402.242734 z 16.139 0.070
54402.243567 g 17.044 0.051
