51464.208712 r 20.353 0.028
51464.209545 i 20.330 0.039
51464.210379 u 21.433 0.128
51464.211212 z 20.369 0.150
51464.212045 g 20.477 0.023
52197.234489 r 20.347 0.026
52197.235322 i 20.327 0.032
52197.236156 u 21.628 0.173
52197.236989 z 20.484 0.141
52197.237822 g 20.478 0.024
52231.120429 r 20.332 0.027
52231.121262 i 20.302 0.031
52231.122096 u 21.731 0.165
52231.122929 z 20.219 0.108
52231.123762 g 20.452 0.022
52557.228435 r 20.468 0.038
52557.229268 i 20.406 0.044
52557.230102 u 21.944 0.260
52557.230935 z 20.496 0.186
52557.231768 g 20.522 0.030
52578.124513 r 20.218 0.028
52578.125346 i 20.225 0.034
52578.126180 u 21.363 0.128
52578.127013 z 20.544 0.163
52578.127846 g 20.387 0.021
52929.154739 r 20.252 0.026
52929.155572 i 20.325 0.035
52929.156406 u 21.314 0.132
52929.157239 z 20.336 0.135
52929.158072 g 20.399 0.024
52934.134895 r 20.379 0.033
52934.135728 i 20.305 0.040
52934.136562 u 21.953 0.254
52934.137395 z 20.299 0.137
52934.138228 g 20.440 0.026
52936.130822 r 20.338 0.027
52936.131655 i 20.397 0.034
52936.132489 u 21.701 0.155
52936.133322 z 20.471 0.132
52936.134155 g 20.528 0.022
53243.316030 r 20.295 0.034
53243.316863 i 20.267 0.036
53243.317697 u 21.319 0.165
53243.318530 z 20.429 0.128
53243.319363 g 20.444 0.037
53270.194884 r 20.361 0.035
53270.195718 i 20.264 0.037
53270.196551 u 21.475 0.184
53270.197384 z 20.418 0.140
53270.198218 g 20.434 0.034
53272.244830 r 20.317 0.050
53272.245663 i 20.240 0.045
53272.246497 u 22.002 0.496
53272.247330 z 20.302 0.148
53272.248163 g 20.438 0.053
53286.213547 r 20.355 0.037
53286.214380 i 20.375 0.043
53286.215214 u 21.456 0.199
53286.216047 z 20.430 0.159
53286.216880 g 20.545 0.032
53288.172035 r 20.516 0.030
53288.172868 i 20.490 0.037
53288.173702 u 21.551 0.167
53288.174535 z 20.434 0.129
53288.175368 g 20.633 0.028
53294.199362 r 20.262 0.032
53294.200195 i 20.299 0.043
53294.201028 u 21.414 0.158
53294.201862 z 20.372 0.164
53294.202695 g 20.397 0.025
53302.167706 r 20.292 0.046
53302.168539 i 20.324 0.048
53302.169373 u 22.278 0.695
53302.170206 z 20.359 0.154
53302.171039 g 20.519 0.062
53312.123240 r 20.451 0.053
53312.124074 i 20.504 0.062
53312.124907 u 21.653 0.224
53312.125740 z 21.064 0.391
53312.126574 g 20.545 0.034
53314.124432 r 20.536 0.040
53314.125265 i 20.584 0.054
53314.126099 u 21.890 0.217
53314.126932 z 20.488 0.178
53314.127765 g 20.601 0.027
53616.228802 r 20.423 0.090
#53616.229635 i -99.000 0.139
53616.230469 u 21.883 0.413
53616.231302 z 20.153 0.167
53616.232135 g 20.643 0.035
53623.219013 r 20.278 0.032
53623.219846 i 20.259 0.041
53623.220680 u 21.916 0.270
53623.221513 z 20.207 0.129
53623.222346 g 20.395 0.027
53626.205225 r 20.301 0.043
53626.206058 i 20.236 0.045
53626.206892 u 21.571 0.294
53626.207725 z 20.033 0.116
53626.208558 g 20.475 0.049
53637.191704 r 20.473 0.043
53637.192537 i 20.325 0.050
53637.193371 u 21.527 0.236
53637.194204 z 20.901 0.322
53637.195037 g 20.597 0.033
53644.184159 r 20.404 0.027
53644.184993 i 20.299 0.029
53644.185826 u 21.599 0.150
53644.186659 z 20.351 0.111
53644.187493 g 20.515 0.025
53654.218775 r 20.471 0.044
53654.219608 i 20.453 0.049
53654.220442 u 21.410 0.206
53654.221275 z 20.424 0.193
53654.222108 g 20.616 0.045
53656.166367 r 20.345 0.078
53656.167200 i 20.276 0.079
53656.168034 u 21.015 0.318
53656.168867 z 19.824 0.156
53656.169700 g 20.673 0.100
53663.179676 r 20.353 0.034
53663.180509 i 20.341 0.036
53663.181343 u 21.279 0.216
53663.182176 z 20.240 0.110
53663.183009 g 20.487 0.041
53668.169276 r 20.281 0.035
53668.170109 i 20.305 0.049
53668.170943 u 21.325 0.169
53668.171776 z 20.324 0.223
53668.172609 g 20.395 0.027
53670.174130 r 20.346 0.030
53670.174963 i 20.303 0.040
53670.175797 u 21.424 0.158
53670.176630 z 20.638 0.214
53670.177463 g 20.385 0.023
53673.142112 r 20.226 0.030
53673.142945 i 20.206 0.039
53673.143779 u 21.695 0.246
53673.144612 z 20.051 0.134
53673.145445 g 20.391 0.025
53675.139000 r 20.289 0.035
53675.139833 i 20.217 0.038
53675.140667 u 21.375 0.161
53675.141500 z 20.649 0.229
53675.142333 g 20.412 0.026
53677.160033 r 20.362 0.029
53677.160866 i 20.259 0.032
53677.161700 u 21.459 0.154
53677.162533 z 20.279 0.110
53677.163366 g 20.480 0.023
53680.146698 r 20.388 0.032
53680.147531 i 20.382 0.038
53680.148365 u 21.475 0.171
53680.149198 z 20.574 0.176
53680.150031 g 20.546 0.029
53686.213403 r 20.302 0.101
53686.214236 i 20.369 0.099
53686.215070 u 21.224 0.805
53686.215903 z 20.037 0.253
53686.216736 g 20.404 0.143
53693.148600 r 20.266 0.042
53693.149433 i 20.224 0.041
53693.150267 u 21.181 0.280
53693.151100 z 20.293 0.148
53693.151933 g 20.420 0.053
53702.144279 r 20.523 0.078
53702.145112 i 20.260 0.082
53702.145946 u 21.876 0.523
53702.146779 z 20.286 0.312
53702.147612 g 20.576 0.054
53703.153408 r 20.530 0.055
53703.154242 i 20.468 0.090
53703.155075 u 21.334 0.254
53703.155908 z 20.635 0.279
53703.156742 g 20.655 0.044
53704.131926 r 20.431 0.033
53704.132759 i 20.417 0.043
53704.133593 u 21.763 0.242
53704.134426 z 20.080 0.132
53704.135259 g 20.589 0.031
53989.227976 r 20.429 0.037
53989.228809 i 20.355 0.042
53989.229642 u 21.745 0.322
53989.230476 z 20.663 0.161
53989.231309 g 20.561 0.047
53995.217234 r 20.267 0.026
53995.218067 i 20.204 0.025
53995.218901 u 21.513 0.132
53995.219734 z 20.430 0.118
53995.220567 g 20.422 0.025
53997.195610 r 20.310 0.030
53997.196443 i 20.314 0.037
53997.197276 u 21.565 0.177
53997.198110 z 20.475 0.155
53997.198943 g 20.478 0.028
54000.203388 r 20.220 0.032
54000.204222 i 20.285 0.046
54000.205055 u 21.225 0.159
54000.205888 z 20.365 0.173
54000.206722 g 20.364 0.026
54007.180197 r 20.307 0.030
54007.181030 i 20.292 0.033
54007.181864 u 21.790 0.194
54007.182697 z 20.342 0.112
54007.183530 g 20.496 0.028
54009.177344 r 20.379 0.029
54009.178177 i 20.291 0.033
54009.179010 u 21.630 0.191
54009.179844 z 20.332 0.099
54009.180677 g 20.516 0.032
54011.241796 r 20.291 0.039
54011.242629 i 20.311 0.040
54011.243462 u 21.052 0.185
54011.244296 z 20.109 0.095
54011.245129 g 20.409 0.047
54019.192012 r 20.297 0.026
54019.192846 i 20.223 0.029
54019.193679 u 21.436 0.169
54019.194512 z 20.442 0.102
54019.195346 g 20.410 0.032
54025.240815 r 20.562 0.041
54025.241648 i 20.522 0.058
54025.242481 u 21.431 0.197
54025.243315 z 20.527 0.198
54025.244148 g 20.591 0.032
54029.171150 r 20.354 0.029
54029.171983 i 20.305 0.039
54029.172816 u 21.624 0.155
54029.173650 z 20.396 0.126
54029.174483 g 20.515 0.025
54051.147781 r 20.456 0.122
#54051.148614 i -99.000 0.265
#54051.149448 u 22.053 1.227
#54051.150281 z -99.000 1.713
54051.151114 g 20.292 0.239
54356.249352 r 20.566 0.035
54356.250185 i 20.437 0.040
54356.251019 u 21.706 0.199
54356.251852 z 20.249 0.126
54356.252685 g 20.623 0.030
54358.194382 r 20.379 0.043
54358.195215 i 20.331 0.064
54358.196049 u 21.929 0.377
54358.196882 z 20.143 0.151
54358.197715 g 20.497 0.034
54373.301644 r 20.469 0.056
54373.302477 i 20.400 0.065
54373.303310 u 21.435 0.430
54373.304144 z 20.425 0.173
54373.304977 g 20.409 0.065
54382.236583 r 20.330 0.035
54382.237417 i 20.455 0.050
54382.238250 u 21.800 0.309
54382.239083 z 20.174 0.148
54382.239917 g 20.489 0.032
54386.239324 r 20.250 0.027
54386.240158 i 20.267 0.032
54386.240991 u 21.699 0.180
54386.241824 z 20.105 0.105
54386.242658 g 20.417 0.026
54388.243589 r 20.289 0.032
54388.244423 i 20.177 0.035
54388.245256 u 21.605 0.225
54388.246089 z 20.010 0.121
54388.246923 g 20.332 0.027
54403.157369 r 20.404 0.031
54403.158203 i 20.381 0.039
54403.159036 u 21.617 0.210
54403.159869 z 20.261 0.134
54403.160703 g 20.519 0.034
54406.151200 r 20.437 0.030
54406.152033 i 20.360 0.038
54406.152867 u 21.451 0.146
54406.153700 z 20.451 0.176
54406.154533 g 20.597 0.026
54412.154132 r 20.361 0.030
54412.154965 i 20.348 0.038
54412.155798 u 21.873 0.268
54412.156632 z 20.330 0.159
54412.157465 g 20.470 0.033
