51464.201947 r 19.233 0.014
51464.202780 i 18.880 0.014
51464.203614 u 22.192 0.226
51464.204447 z 18.707 0.043
51464.205280 g 20.039 0.017
52172.284494 r 19.157 0.013
52172.285327 i 18.938 0.014
52172.286161 u 22.312 0.283
52172.286994 z 18.758 0.046
52172.287827 g 20.031 0.018
52172.334673 r 19.215 0.014
52172.335506 i 18.846 0.014
52172.336340 u 22.125 0.309
52172.337173 z 18.833 0.054
52172.338006 g 19.940 0.018
52197.227683 r 19.241 0.013
52197.228516 i 18.872 0.013
52197.229350 u 22.338 0.277
52197.230183 z 18.691 0.039
52197.231016 g 19.998 0.017
52231.113666 r 19.184 0.013
52231.114499 i 18.859 0.013
52231.115333 u 22.131 0.205
52231.116166 z 18.756 0.040
52231.116999 g 19.961 0.016
52557.221670 r 19.218 0.015
52557.222503 i 18.861 0.016
52557.223337 u 23.153 0.821
52557.224170 z 18.617 0.049
52557.225003 g 20.040 0.021
52558.234200 r 19.153 0.013
52558.235033 i 18.860 0.014
52558.235867 u 23.202 0.660
52558.236700 z 18.778 0.047
52558.237533 g 19.985 0.018
52576.146459 r 19.264 0.029
52576.147292 i 19.005 0.021
52576.148126 u 22.637 0.406
52576.148959 z 18.918 0.065
#52576.149792 g -99.000 0.052
52577.121694 r 19.029 0.013
52577.122527 i 18.782 0.016
52577.123361 u 22.682 0.481
52577.124194 z 18.593 0.052
52577.125027 g 19.849 0.017
52578.117749 r 19.212 0.014
52578.118582 i 18.924 0.014
52578.119416 u 22.539 0.359
52578.120249 z 18.804 0.047
52578.121082 g 20.000 0.018
52586.125172 r 19.170 0.013
52586.126005 i 18.884 0.014
52586.126839 u 21.794 0.188
52586.127672 z 18.768 0.049
52586.128505 g 19.962 0.017
52929.147975 r 19.155 0.013
52929.148808 i 18.846 0.013
52929.149642 u 22.799 0.448
52929.150475 z 18.773 0.047
52929.151308 g 19.998 0.017
52934.128132 r 19.222 0.014
52934.128965 i 18.840 0.014
52934.129799 u 22.320 0.292
52934.130632 z 18.776 0.050
52934.131465 g 20.017 0.019
52935.132819 r 19.232 0.014
52935.133652 i 18.862 0.014
52935.134486 u 21.831 0.217
52935.135319 z 18.867 0.052
52935.136152 g 20.023 0.018
52936.124058 r 19.227 0.013
52936.124891 i 18.896 0.013
52936.125725 u 22.615 0.323
52936.126558 z 18.703 0.040
52936.127391 g 20.008 0.017
53243.309267 r 19.196 0.015
53243.310100 i 18.898 0.014
53243.310934 u 21.880 0.263
53243.311767 z 18.778 0.042
53243.312600 g 19.996 0.025
53270.188116 r 19.202 0.153
53270.188950 i 18.906 0.132
53270.189783 u 23.424 0.968
53270.190616 z 18.706 0.062
53270.191450 g 19.921 0.199
53272.238067 r 19.266 0.019
53272.238900 i 18.852 0.016
53272.239734 u 22.675 0.819
53272.240567 z 18.782 0.047
53272.241400 g 20.048 0.036
53288.165273 r 19.202 0.013
53288.166106 i 18.830 0.013
53288.166940 u 22.054 0.246
53288.167773 z 18.810 0.043
53288.168606 g 20.037 0.019
53302.160944 r 19.235 0.019
53302.161777 i 18.890 0.016
53302.162611 u 21.675 0.333
53302.163444 z 18.727 0.043
53302.164277 g 20.129 0.038
53313.126020 r 19.185 0.015
53313.126853 i 18.851 0.016
53313.127687 u 22.613 0.461
53313.128520 z 18.815 0.056
53313.129353 g 19.967 0.018
53314.117667 r 19.253 0.015
53314.118500 i 18.878 0.015
53314.119334 u 22.422 0.333
53314.120167 z 18.824 0.056
53314.121000 g 19.974 0.018
53616.222040 r 19.198 0.020
#53616.222873 i -99.000 0.044
#53616.223707 u 23.448 1.681
53616.224540 z 19.033 0.174
53616.225373 g 20.119 0.060
53622.235265 r 19.336 0.018
53622.236098 i 18.864 0.018
53622.236932 u 23.139 0.980
53622.237765 z 18.804 0.064
53622.238598 g 20.036 0.024
53623.212250 r 19.204 0.014
53623.213083 i 18.844 0.014
53623.213917 u 21.477 0.180
53623.214750 z 18.744 0.049
53623.215583 g 19.964 0.019
53625.231230 r 19.187 0.013
53625.232063 i 18.911 0.014
53625.232897 u 22.212 0.287
53625.233730 z 18.707 0.039
53625.234563 g 20.075 0.022
53626.198463 r 19.152 0.017
53626.199296 i 18.883 0.016
53626.200130 u 22.574 0.623
53626.200963 z 18.955 0.054
53626.201796 g 19.997 0.031
53636.190267 r 19.154 0.015
53636.191100 i 18.881 0.015
53636.191934 u 22.689 0.505
53636.192767 z 18.816 0.049
53636.193600 g 19.969 0.022
53637.184942 r 19.145 0.014
53637.185775 i 18.854 0.015
#53637.186609 u 23.326 1.018
53637.187442 z 18.772 0.064
53637.188275 g 19.967 0.021
53644.177387 r 19.176 0.181
53644.178221 i 18.840 0.153
53644.179054 u 21.918 0.201
53644.179887 z 18.741 0.108
53644.180721 g 19.984 0.111
53654.212011 r 19.178 0.016
53654.212844 i 18.870 0.016
53654.213678 u 22.664 0.617
53654.214511 z 18.770 0.057
53654.215344 g 20.005 0.027
53655.162272 r 19.204 0.018
53655.163105 i 18.993 0.019
#53655.163939 u 24.320 2.775
53655.164772 z 18.764 0.053
53655.165605 g 19.993 0.037
53656.159603 r 19.108 0.026
53656.160436 i 18.786 0.024
#53656.161270 u 25.541 3.296
53656.162103 z 18.997 0.108
53656.162936 g 20.151 0.067
53664.187231 r 19.250 0.020
53664.188064 i 18.844 0.016
53664.188898 u 21.451 0.335
53664.189731 z 18.956 0.071
53664.190564 g 20.064 0.040
53665.150882 r 19.240 0.037
53665.151715 i 18.933 0.043
53665.152549 u 22.248 0.824
53665.153382 z 18.902 0.200
53665.154215 g 20.132 0.088
53666.150832 r 19.144 0.012
53666.151665 i 18.890 0.014
53666.152499 u 22.469 0.298
53666.153332 z 18.760 0.044
53666.154165 g 19.982 0.016
53668.162513 r 19.203 0.016
53668.163346 i 18.957 0.018
53668.164180 u 22.691 0.583
53668.165013 z 18.686 0.059
53668.165846 g 19.936 0.019
53669.146470 r 19.164 0.013
53669.147303 i 18.886 0.013
53669.148137 u 22.710 0.402
53669.148970 z 18.773 0.045
53669.149803 g 19.973 0.016
53670.167365 r 19.140 0.013
53670.168198 i 18.887 0.016
53670.169032 u 22.952 0.608
53670.169865 z 18.827 0.064
53670.170698 g 19.859 0.017
53671.231261 r 19.174 0.018
53671.232094 i 18.967 0.021
53671.232928 u 22.238 0.627
53671.233761 z 18.773 0.058
53671.234594 g 19.950 0.023
53673.135348 r 19.180 0.014
53673.136181 i 18.870 0.014
53673.137015 u 22.250 0.311
53673.137848 z 18.817 0.048
53673.138681 g 20.022 0.018
53674.130706 r 19.123 0.014
53674.131539 i 18.879 0.014
53674.132373 u 22.020 0.245
53674.133206 z 18.726 0.044
53674.134039 g 19.937 0.017
53675.132237 r 19.116 0.014
53675.133070 i 18.839 0.014
53675.133904 u 22.224 0.302
53675.134737 z 18.756 0.053
53675.135570 g 20.059 0.020
53676.220202 r 19.164 0.013
53676.221035 i 18.884 0.013
53676.221869 u 22.457 0.360
53676.222702 z 18.772 0.042
53676.223535 g 19.941 0.017
53677.153269 r 19.193 0.013
53677.154102 i 18.873 0.013
53677.154936 u 22.452 0.355
53677.155769 z 18.721 0.040
53677.156602 g 19.984 0.017
53679.192085 r 19.213 0.015
53679.192918 i 18.863 0.015
53679.193752 u 22.555 0.601
53679.194585 z 18.729 0.051
53679.195418 g 20.134 0.024
53680.139935 r 19.205 0.013
53680.140768 i 18.921 0.014
53680.141602 u 22.201 0.272
53680.142435 z 18.749 0.044
53680.143268 g 19.907 0.018
53681.183596 r 19.199 0.014
53681.184429 i 18.923 0.015
53681.185263 u 23.380 0.816
53681.186096 z 18.655 0.042
53681.186929 g 19.979 0.019
53685.142642 r 19.194 0.027
53685.143475 i 18.942 0.022
#53685.144309 u 26.103 1.275
53685.145142 z 18.923 0.072
53685.145975 g 20.004 0.045
53687.180989 r 19.237 0.023
53687.181822 i 18.913 0.018
53687.182656 u 21.963 0.766
53687.183489 z 18.802 0.053
53687.184322 g 20.032 0.048
53693.141836 r 19.212 0.019
53693.142669 i 18.828 0.015
#53693.143503 u 25.147 2.173
53693.144336 z 18.661 0.041
53693.145169 g 19.918 0.032
53697.140620 r 19.139 0.078
53697.141453 i 18.772 0.060
#53697.142287 u 22.168 1.239
#53697.143120 z -99.000 0.242
53697.143953 g 20.268 0.215
53700.139580 r 19.135 0.014
53700.140413 i 18.947 0.015
53700.141247 u 22.111 0.294
53700.142080 z 18.782 0.048
53700.142913 g 19.920 0.017
53704.125164 r 19.142 0.013
53704.125997 i 18.829 0.014
53704.126831 u 23.083 0.671
53704.127664 z 18.743 0.047
53704.128497 g 20.030 0.021
53705.126251 r 19.070 0.015
53705.127084 i 18.828 0.017
#53705.127918 u 24.531 1.794
53705.128751 z 18.653 0.047
53705.129584 g 19.907 0.019
53975.211246 r 19.189 0.163
53975.212079 i 18.897 0.126
53975.212912 u 21.915 0.194
53975.213746 z 18.931 0.068
53975.214579 g 19.991 0.183
53989.221220 r 19.232 0.120
53989.222053 i 18.875 0.087
53989.222886 u 22.316 0.352
53989.223720 z 18.694 0.110
53989.224553 g 20.121 0.236
53993.279061 r 19.239 0.116
53993.279894 i 18.851 0.095
53993.280727 u 22.320 0.408
53993.281561 z 18.718 0.089
53993.282394 g 19.920 0.138
53995.210463 r 19.226 0.154
53995.211296 i 18.872 0.146
53995.212130 u 21.901 0.213
53995.212963 z 18.819 0.053
53995.213796 g 19.972 0.185
53996.217981 r 19.213 0.174
53996.218814 i 18.870 0.127
53996.219648 u 21.805 0.180
53996.220481 z 18.735 0.044
53996.221314 g 20.007 0.181
53997.188841 r 19.151 0.139
53997.189674 i 18.824 0.119
#53997.190508 u 23.577 1.257
53997.191341 z 18.887 0.088
53997.192174 g 19.952 0.173
53998.186609 r 19.140 0.134
53998.187442 i 18.850 0.103
53998.188276 u 21.885 0.185
53998.189109 z 18.664 0.084
53998.189942 g 20.039 0.139
54000.196630 r 19.268 0.166
54000.197464 i 18.938 0.129
54000.198297 u 22.327 0.476
54000.199130 z 18.799 0.112
54000.199964 g 19.906 0.172
54007.173441 r 19.185 0.111
54007.174274 i 18.876 0.080
54007.175108 u 22.032 0.383
54007.175941 z 18.666 0.098
54007.176774 g 19.961 0.161
54009.170554 r 19.161 0.138
54009.171387 i 18.879 0.111
54009.172221 u 21.682 0.190
54009.173054 z 18.674 0.069
54009.173887 g 19.940 0.189
54010.172086 r 19.166 0.124
54010.172919 i 19.014 0.178
54010.173752 u 22.394 0.441
54010.174586 z 18.846 0.056
54010.175419 g 19.946 0.102
54011.235036 r 19.187 0.108
54011.235870 i 18.839 0.162
54011.236703 u 22.149 0.670
54011.237536 z 18.747 0.046
54011.238370 g 20.014 0.188
54012.164929 r 19.163 0.108
54012.165763 i 18.896 0.161
#54012.166596 u 99.989 99.999
54012.167429 z 18.808 0.130
54012.168263 g 20.024 0.151
54019.185266 r 19.175 0.109
54019.186099 i 18.862 0.085
54019.186933 u 22.124 0.461
54019.187766 z 18.747 0.119
54019.188599 g 19.950 0.165
54020.170901 r 19.187 0.149
54020.171734 i 18.895 0.136
54020.172568 u 22.253 0.337
54020.173401 z 18.585 0.048
54020.174234 g 20.017 0.208
54022.220208 r 19.238 0.135
54022.221041 i 18.895 0.142
#54022.221875 u 99.987 99.999
54022.222708 z 18.714 0.069
54022.223541 g 19.969 0.187
54025.234060 r 19.151 0.149
54025.234894 i 18.977 0.116
54025.235727 u 23.639 0.911
54025.236560 z 18.776 0.080
54025.237394 g 20.100 0.166
54028.161273 r 19.168 0.145
54028.162106 i 18.930 0.145
54028.162940 u 22.416 0.457
54028.163773 z 18.842 0.098
54028.164606 g 20.004 0.193
54029.164388 r 19.173 0.160
54029.165221 i 18.869 0.097
54029.166055 u 22.376 0.303
54029.166888 z 18.620 0.043
54029.167721 g 20.005 0.143
54030.164461 r 19.189 0.178
54030.165294 i 18.858 0.135
54030.166128 u 22.141 0.252
54030.166961 z 18.628 0.070
54030.167794 g 20.011 0.197
#54032.153786 r -99.000 0.187
54032.154619 i 18.791 0.112
#54032.155452 u 22.230 2.787
#54032.156286 z -99.000 1.091
#54032.157119 g -99.000 0.208
54035.240258 r 19.424 0.134
54035.241092 i 18.965 0.094
#54035.241925 u 99.981 99.999
54035.242758 z 18.964 0.160
54035.243592 g 20.000 0.153
54037.145702 r 19.169 0.131
54037.146535 i 18.886 0.126
54037.147368 u 21.325 0.185
54037.148202 z 18.877 0.100
54037.149035 g 19.964 0.141
54040.160199 r 19.207 0.116
54040.161032 i 18.881 0.109
54040.161866 u 21.651 0.483
54040.162699 z 18.711 0.096
54040.163532 g 19.982 0.106
54050.144830 r 19.165 0.082
54050.145663 i 18.881 0.078
54050.146497 u 22.338 0.492
54050.147330 z 18.716 0.093
#54050.148163 g -99.000 0.251
54051.140981 r 19.357 0.178
54051.141814 i 19.036 0.114
#54051.142647 u 99.980 99.999
54051.143481 z 19.120 0.219
54051.144314 g 20.244 0.186
54053.150967 r 19.275 0.139
54053.151800 i 18.912 0.129
#54053.152634 u 25.221 5.689
54053.153467 z 18.839 0.101
54053.154300 g 19.980 0.196
#54057.121299 r -99.000 0.119
54057.122133 i 18.859 0.101
54057.122966 u 22.381 0.387
54057.123799 z 18.681 0.086
#54057.124633 g -99.000 0.163
54059.146928 r 19.162 0.128
54059.147762 i 18.858 0.111
54059.148595 u 22.555 0.667
54059.149428 z 18.588 0.084
54059.150262 g 20.017 0.205
54061.157973 r 19.246 0.113
54061.158807 i 18.840 0.090
54061.159640 u 21.767 0.301
54061.160473 z 18.839 0.103
54061.161307 g 20.036 0.148
54062.151858 r 19.145 0.117
54062.152691 i 19.089 0.142
#54062.153524 u 23.388 1.495
54062.154358 z 18.629 0.108
54062.155191 g 20.049 0.224
54356.242552 r 19.160 0.105
54356.243386 i 18.841 0.096
54356.244219 u 22.335 0.437
54356.245052 z 18.759 0.104
54356.245886 g 20.009 0.163
54357.190127 r 19.233 0.109
54357.190960 i 18.810 0.101
54357.191793 u 22.098 0.456
54357.192627 z 18.817 0.121
54357.193460 g 19.915 0.149
54365.187977 r 19.351 0.129
54365.188810 i 18.776 0.086
#54365.189644 u 99.997 99.999
54365.190477 z 18.851 0.123
54365.191310 g 20.155 0.199
54373.294875 r 19.153 0.147
54373.295708 i 18.913 0.114
54373.296541 u 22.162 1.000
54373.297375 z 18.685 0.091
54373.298208 g 20.228 0.172
54381.232410 r 19.189 0.099
54381.233243 i 19.031 0.098
#54381.234077 u 24.272 3.674
54381.234910 z 19.019 0.160
54381.235743 g 19.877 0.131
54382.229809 r 19.176 0.118
54382.230642 i 19.033 0.132
54382.231475 u 21.865 0.395
54382.232309 z 18.828 0.111
54382.233142 g 20.059 0.173
54385.237948 r 19.148 0.144
54385.238782 i 18.999 0.140
#54385.239615 u 25.944 99.999
54385.240448 z 18.815 0.096
54385.241282 g 20.032 0.229
54386.232573 r 19.165 0.153
54386.233406 i 18.822 0.128
54386.234240 u 21.847 0.227
54386.235073 z 18.796 0.054
54386.235906 g 19.912 0.146
54387.238460 r 19.139 0.148
54387.239293 i 18.885 0.121
54387.240127 u 21.946 0.325
54387.240960 z 18.813 0.079
54387.241793 g 20.032 0.203
54388.236824 r 19.183 0.107
54388.237658 i 18.878 0.090
#54388.238491 u 23.472 1.764
54388.239324 z 18.688 0.084
54388.240158 g 19.889 0.129
54392.233187 r 19.126 0.114
54392.234021 i 18.921 0.098
54392.234854 u 22.855 0.949
54392.235687 z 18.738 0.126
54392.236521 g 20.063 0.180
54402.231641 r 19.144 0.131
54402.232474 i 18.821 0.095
#54402.233308 u 22.549 1.450
54402.234141 z 18.816 0.117
54402.234974 g 20.125 0.215
54403.150607 r 19.177 0.190
54403.151440 i 18.891 0.109
54403.152274 u 22.897 0.525
54403.153107 z 18.704 0.103
54403.153940 g 19.959 0.091
54406.144434 r 19.199 0.150
54406.145268 i 18.912 0.145
54406.146101 u 22.898 0.554
54406.146934 z 18.804 0.063
54406.147768 g 19.902 0.197
54412.147363 r 19.165 0.150
54412.148197 i 18.898 0.134
54412.149030 u 22.566 0.470
54412.149863 z 18.779 0.076
54412.150697 g 19.935 0.210
