51819.258179 r 19.455 0.016
51819.259012 i 19.285 0.017
51819.259846 u 21.157 0.135
51819.260679 z 19.288 0.060
51819.261512 g 19.960 0.018
52172.273751 r 19.488 0.015
52172.274584 i 19.328 0.016
52172.275418 u 21.360 0.137
52172.276251 z 19.313 0.058
52172.277084 g 19.945 0.018
52558.223458 r 19.494 0.018
52558.224291 i 19.285 0.019
52558.225125 u 21.362 0.155
52558.225958 z 19.233 0.056
52558.226791 g 19.978 0.019
52576.135715 r 19.460 0.016
52576.136548 i 19.312 0.018
52576.137382 u 21.199 0.129
#52576.138215 z -99.000 0.061
52576.139048 g 19.975 0.022
52577.110950 r 19.435 0.018
52577.111783 i 19.319 0.021
52577.112617 u 21.292 0.141
52577.113450 z 19.250 0.076
52577.114283 g 19.951 0.018
52931.125111 r 19.472 0.016
52931.125944 i 19.308 0.016
52931.126778 u 21.450 0.138
52931.127611 z 19.281 0.052
52931.128444 g 19.940 0.016
52935.122075 r 19.461 0.018
52935.122908 i 19.324 0.020
52935.123742 u 21.208 0.144
52935.124575 z 19.191 0.062
52935.125408 g 19.972 0.019
53313.115275 r 19.483 0.020
53313.116108 i 19.266 0.021
53313.116942 u 21.401 0.170
53313.117775 z 19.204 0.071
53313.118608 g 19.946 0.019
53622.224521 r 19.494 0.022
53622.225354 i 19.314 0.024
53622.226188 u 21.313 0.201
53622.227021 z 19.217 0.081
53622.227854 g 20.006 0.024
53625.220485 r 19.456 0.017
53625.221318 i 19.334 0.016
53625.222152 u 21.172 0.125
53625.222985 z 19.209 0.045
53625.223818 g 19.952 0.021
53636.179523 r 19.460 0.019
53636.180356 i 19.351 0.021
53636.181190 u 21.256 0.155
53636.182023 z 19.057 0.049
53636.182856 g 19.929 0.022
53655.151528 r 19.424 0.024
53655.152361 i 19.208 0.023
53655.153195 u 21.192 0.274
53655.154028 z 19.226 0.078
53655.154861 g 19.922 0.037
53664.176486 r 19.471 0.022
53664.177319 i 19.301 0.022
53664.178153 u 21.194 0.236
53664.178986 z 19.254 0.067
53664.179819 g 19.903 0.031
53666.140088 r 19.455 0.015
53666.140921 i 19.308 0.016
53666.141755 u 21.232 0.109
53666.142588 z 19.182 0.051
53666.143421 g 19.942 0.015
53669.135725 r 19.465 0.015
53669.136558 i 19.318 0.016
53669.137392 u 21.499 0.170
53669.138225 z 19.254 0.051
53669.139058 g 19.954 0.016
53671.220520 r 19.465 0.021
53671.221353 i 19.265 0.023
53671.222187 u 21.580 0.314
53671.223020 z 19.314 0.089
53671.223853 g 19.970 0.024
53674.119961 r 19.473 0.015
53674.120794 i 19.293 0.016
53674.121628 u 21.447 0.149
53674.122461 z 19.225 0.053
53674.123294 g 19.926 0.016
53676.209461 r 19.494 0.016
53676.210294 i 19.338 0.017
53676.211128 u 21.489 0.174
53676.211961 z 19.223 0.050
53676.212794 g 19.943 0.017
53679.181342 r 19.492 0.020
53679.182175 i 19.280 0.020
53679.183009 u 21.307 0.225
53679.183842 z 19.191 0.064
53679.184675 g 19.951 0.022
53681.172854 r 19.469 0.019
53681.173687 i 19.311 0.023
53681.174521 u 21.202 0.175
53681.175354 z 19.316 0.074
53681.176187 g 19.931 0.027
53685.131898 r 19.528 0.036
53685.132731 i 19.352 0.030
53685.133565 u 20.774 0.229
53685.134398 z 19.322 0.069
53685.135231 g 19.930 0.048
53687.170247 r 19.452 0.031
53687.171080 i 19.243 0.024
53687.171914 u 20.808 0.413
53687.172747 z 19.238 0.062
53687.173580 g 19.970 0.055
53694.145789 r 19.466 0.043
53694.146622 i 19.346 0.044
53694.147456 u 20.991 0.333
53694.148289 z 19.455 0.169
53694.149122 g 19.910 0.059
53700.128838 r 19.493 0.019
53700.129671 i 19.313 0.021
53700.130505 u 21.352 0.170
53700.131338 z 19.248 0.069
53700.132171 g 19.957 0.019
53705.115508 r 19.491 0.020
53705.116341 i 19.315 0.020
53705.117175 u 21.552 0.217
53705.118008 z 19.185 0.060
53705.118841 g 19.917 0.020
53975.200538 r 19.447 0.018
53975.201371 i 19.296 0.017
53975.202204 u 21.252 0.117
53975.203038 z 19.241 0.051
53975.203871 g 19.908 0.020
53996.207224 r 19.454 0.020
53996.208057 i 19.307 0.015
53996.208891 u 21.458 0.133
53996.209724 z 19.174 0.041
53996.210557 g 19.964 0.020
53998.175860 r 19.488 0.019
53998.176694 i 19.323 0.017
53998.177527 u 21.244 0.108
53998.178360 z 19.212 0.042
53998.179194 g 19.944 0.022
54010.161366 r 19.463 0.019
54010.162199 i 19.294 0.021
54010.163033 u 21.209 0.164
54010.163866 z 19.324 0.044
54010.164699 g 19.951 0.028
54012.154178 r 19.462 0.032
54012.155012 i 19.284 0.027
54012.155845 u 20.962 0.226
54012.156678 z 19.199 0.061
54012.157512 g 19.922 0.043
54020.160203 r 19.491 0.016
54020.161036 i 19.366 0.019
54020.161870 u 21.379 0.173
54020.162703 z 19.370 0.071
54020.163536 g 19.966 0.022
54022.209445 r 19.455 0.019
54022.210278 i 19.304 0.020
54022.211111 u 21.079 0.120
54022.211945 z 19.220 0.070
54022.212778 g 19.934 0.025
54028.150528 r 19.494 0.020
54028.151361 i 19.289 0.022
54028.152195 u 21.479 0.204
54028.153028 z 19.132 0.065
54028.153861 g 19.949 0.022
54030.153731 r 19.490 0.016
54030.154565 i 19.296 0.016
54030.155398 u 21.628 0.192
54030.156231 z 19.345 0.046
54030.157065 g 19.910 0.018
54032.142982 r 19.475 0.025
54032.143816 i 19.322 0.029
54032.144649 u 21.352 0.281
54032.145482 z 19.324 0.112
54032.146316 g 20.001 0.032
54034.213209 r 19.458 0.022
54034.214042 i 19.342 0.028
#54034.214876 u -99.000 0.205
54034.215709 z 19.088 0.085
54034.216542 g 19.969 0.026
54037.134990 r 19.469 0.023
54037.135823 i 19.263 0.019
54037.136656 u 21.254 0.129
54037.137490 z 19.179 0.046
54037.138323 g 19.933 0.025
54040.149503 r 19.443 0.028
54040.150336 i 19.325 0.025
54040.151169 u 21.127 0.289
54040.152003 z 19.183 0.063
54040.152836 g 20.025 0.046
54050.134073 r 19.480 0.024
54050.134906 i 19.273 0.022
54050.135739 u 21.279 0.163
54050.136573 z 19.342 0.072
54050.137406 g 19.947 0.025
54053.140228 r 19.462 0.019
54053.141062 i 19.300 0.019
54053.141895 u 21.209 0.145
54053.142728 z 19.206 0.057
54053.143562 g 19.954 0.023
54056.141940 r 19.526 0.031
54056.142774 i 19.324 0.026
54056.143607 u 21.852 0.338
#54056.144440 z -99.000 0.093
54056.145274 g 19.947 0.032
54057.110582 r 19.465 0.018
54057.111416 i 19.324 0.021
54057.112249 u 21.341 0.137
54057.113082 z 19.122 0.054
54057.113916 g 20.004 0.024
54059.136185 r 19.470 0.023
54059.137018 i 19.317 0.025
54059.137851 u 21.751 0.255
54059.138685 z 19.217 0.064
54059.139518 g 20.000 0.024
54061.147233 r 19.469 0.022
54061.148066 i 19.346 0.025
54061.148899 u 21.279 0.194
54061.149733 z 19.371 0.077
54061.150566 g 19.979 0.025
54062.141101 r 20.493 0.098
54062.141934 i 20.653 0.138
54062.142767 u 21.191 0.214
54062.143601 z 20.856 0.479
54062.144434 g 21.197 0.139
54062.141101 r 20.044 0.049
54062.141934 i 19.723 0.044
#54062.142767 u 100.003 99.999
54062.143601 z 19.634 0.147
54062.144434 g 20.390 0.041
54068.131080 r 19.416 0.041
54068.131913 i 19.301 0.037
#54068.132747 u 21.902 9.860
54068.133580 z 19.260 0.099
54068.134413 g 19.996 0.061
54357.179407 r 19.489 0.026
54357.180241 i 19.296 0.023
54357.181074 u 21.307 0.125
54357.181907 z 19.227 0.053
54357.182741 g 19.952 0.023
54365.177286 r 19.483 0.027
54365.178119 i 19.368 0.044
54365.178952 u 21.964 0.506
54365.179786 z 19.305 0.071
54365.180619 g 19.917 0.035
54385.227263 r 19.407 0.019
54385.228096 i 19.332 0.019
54385.228929 u 21.036 0.113
54385.229763 z 19.265 0.044
54385.230596 g 19.943 0.022
54387.227716 r 19.406 0.023
54387.228549 i 19.336 0.024
54387.229382 u 21.649 0.246
54387.230216 z 19.144 0.057
54387.231049 g 19.961 0.020
#54392.222477 r -99.000 0.042
54392.223310 i 19.361 0.030
54392.224144 u 21.160 0.231
54392.224977 z 19.243 0.065
54392.225810 g 20.000 0.030
54402.220905 r 19.517 0.026
54402.221738 i 19.257 0.023
54402.222571 u 20.897 0.276
54402.223405 z 19.081 0.054
54402.224238 g 19.948 0.046
