51467.321183 r 17.683 0.006
51467.322016 i 17.277 0.007
51467.322850 u 21.184 0.223
51467.323683 z 17.058 0.016
51467.324516 g 18.725 0.012
51819.297245 r 17.688 0.006
51819.298078 i 17.280 0.006
51819.298912 u 21.183 0.117
51819.299745 z 17.075 0.013
51819.300578 g 18.716 0.010
52172.312762 r 17.670 0.006
52172.313595 i 17.283 0.006
52172.314429 u 21.034 0.094
52172.315262 z 17.038 0.013
52172.316095 g 18.724 0.010
52172.362937 r 17.688 0.006
52172.363770 i 17.292 0.006
52172.364604 u 21.003 0.114
52172.365437 z 17.069 0.013
52172.366270 g 18.733 0.010
52558.262464 r 17.687 0.006
52558.263297 i 17.288 0.006
52558.264131 u 21.111 0.095
52558.264964 z 17.033 0.012
52558.265797 g 18.718 0.009
52577.149959 r 17.687 0.006
52577.150792 i 17.281 0.006
52577.151626 u 21.087 0.104
52577.152459 z 17.077 0.014
52577.153292 g 18.717 0.009
52586.153437 r 17.679 0.006
52586.154270 i 17.282 0.006
52586.155104 u 21.088 0.101
52586.155937 z 17.047 0.013
52586.156770 g 18.714 0.010
52931.164120 r 17.679 0.006
52931.164953 i 17.280 0.006
52931.165787 u 21.118 0.091
52931.166620 z 17.050 0.011
52931.167453 g 18.715 0.009
52935.161084 r 17.675 0.006
52935.161917 i 17.289 0.006
52935.162751 u 21.057 0.105
52935.163584 z 17.050 0.012
52935.164417 g 18.731 0.009
53313.154285 r 17.698 0.006
53313.155118 i 17.281 0.006
53313.155952 u 21.402 0.151
53313.156785 z 17.019 0.013
53313.157618 g 18.720 0.010
53622.263528 r 17.687 0.007
53622.264361 i 17.284 0.008
53622.265195 u 20.943 0.136
53622.266028 z 17.062 0.015
53622.266861 g 18.735 0.011
53625.259492 r 17.684 0.007
53625.260325 i 17.283 0.006
53625.261159 u 20.949 0.081
53625.261992 z 17.047 0.011
53625.262825 g 18.720 0.009
53634.212997 r 17.677 0.010
#53634.213830 i -99.000 0.009
53634.214664 u 20.760 0.312
#53634.215497 z -99.000 0.018
53634.216330 g 18.706 0.024
53636.218530 r 17.670 0.007
53636.219363 i 17.279 0.006
53636.220197 u 21.103 0.147
53636.221030 z 17.060 0.012
53636.221863 g 18.719 0.012
53638.254331 r 17.686 0.006
53638.255164 i 17.278 0.006
53638.255998 u 21.102 0.108
53638.256831 z 17.064 0.012
53638.257664 g 18.728 0.009
53655.190536 r 17.685 0.007
53655.191369 i 17.276 0.007
53655.192203 u 21.064 0.254
53655.193036 z 17.054 0.015
53655.193869 g 18.708 0.016
53664.215494 r 17.663 0.007
#53664.216327 i -99.000 0.007
53664.217161 u 20.843 0.201
53664.217994 z 17.038 0.015
53664.218827 g 18.740 0.016
53666.179097 r 17.696 0.006
53666.179930 i 17.279 0.006
53666.180764 u 21.061 0.099
53666.181597 z 17.065 0.013
53666.182430 g 18.723 0.009
53669.174735 r 17.675 0.006
53669.175568 i 17.280 0.007
53669.176402 u 21.014 0.086
53669.177235 z 17.044 0.012
53669.178068 g 18.729 0.009
53671.259521 r 17.675 0.007
53671.260354 i 17.298 0.007
53671.261188 u 20.902 0.204
53671.262021 z 17.065 0.019
53671.262854 g 18.709 0.012
53674.158970 r 17.677 0.006
53674.159803 i 17.291 0.006
53674.160637 u 21.030 0.112
53674.161470 z 17.070 0.013
53674.162303 g 18.722 0.009
53676.248463 r 17.677 0.007
53676.249296 i 17.277 0.006
53676.250130 u 21.072 0.107
53676.250963 z 17.057 0.011
53676.251796 g 18.720 0.009
53679.220348 r 17.680 0.006
53679.221181 i 17.297 0.006
53679.222015 u 20.944 0.122
53679.222848 z 17.060 0.013
53679.223681 g 18.726 0.010
53681.211860 r 17.682 0.006
53681.212693 i 17.275 0.006
53681.213527 u 21.043 0.104
53681.214360 z 17.059 0.011
53681.215193 g 18.725 0.009
53685.170906 r 17.682 0.010
53685.171739 i 17.287 0.008
53685.172573 u 20.759 0.259
53685.173406 z 17.062 0.018
53685.174239 g 18.710 0.022
53687.209251 r 17.673 0.008
53687.210084 i 17.279 0.007
53687.210918 u 20.706 0.296
53687.211751 z 17.066 0.014
53687.212584 g 18.701 0.023
53694.184792 r 17.693 0.009
53694.185625 i 17.290 0.008
53694.186459 u 21.184 0.475
53694.187292 z 17.027 0.018
53694.188125 g 18.706 0.022
53697.168883 r 17.688 0.008
53697.169716 i 17.264 0.007
53697.170550 u 21.273 0.209
53697.171383 z 17.052 0.015
53697.172216 g 18.714 0.013
53700.167842 r 17.686 0.006
53700.168675 i 17.279 0.006
53700.169509 u 21.194 0.128
53700.170342 z 17.060 0.013
53700.171175 g 18.712 0.010
53705.154512 r 17.677 0.006
53705.155345 i 17.275 0.006
53705.156179 u 21.333 0.140
53705.157012 z 17.045 0.012
53705.157845 g 18.717 0.010
53975.239531 r 17.691 0.015
53975.240364 i 17.298 0.016
53975.241198 u 20.926 0.089
53975.242031 z 17.058 0.023
53975.242864 g 18.739 0.021
53993.307321 r 17.729 0.013
53993.308154 i 17.374 0.010
53993.308987 u 21.052 0.099
53993.309821 z 17.129 0.019
53993.310654 g 18.773 0.027
53996.246232 r 17.714 0.013
53996.247065 i 17.310 0.011
53996.247898 u 21.086 0.096
53996.248732 z 17.081 0.019
53996.249565 g 18.719 0.015
53998.214892 r 17.715 0.015
53998.215725 i 17.355 0.013
53998.216558 u 21.182 0.091
53998.217392 z 17.121 0.023
53998.218225 g 18.758 0.019
54005.245127 r 17.757 0.012
54005.245960 i 17.358 0.015
54005.246794 u 21.044 0.087
54005.247627 z 17.126 0.025
54005.248460 g 18.768 0.021
54010.200353 r 17.744 0.014
54010.201186 i 17.392 0.017
54010.202020 u 21.219 0.145
54010.202853 z 17.110 0.017
54010.203686 g 18.797 0.022
54012.193191 r 17.784 0.015
54012.194025 i 17.389 0.016
54012.194858 u 20.864 0.185
54012.195691 z 17.156 0.018
54012.196525 g 18.788 0.023
54020.199191 r 17.735 0.010
54020.200024 i 17.345 0.011
54020.200857 u 21.192 0.116
54020.201691 z 17.096 0.017
#54020.202524 g -99.000 0.020
54022.248492 r 17.732 0.015
54022.249325 i 17.393 0.014
54022.250159 u 21.140 0.090
54022.250992 z 17.085 0.023
54022.251825 g 18.752 0.021
54028.189542 r 17.705 0.014
54028.190375 i 17.337 0.021
54028.191209 u 21.138 0.112
54028.192042 z 17.094 0.020
54028.192875 g 18.759 0.014
54030.192728 r 17.753 0.014
54030.193561 i 17.392 0.014
54030.194394 u 20.978 0.081
54030.195228 z 17.153 0.020
54030.196061 g 18.775 0.025
54035.268514 r 17.696 0.014
54035.269347 i 17.298 0.015
54035.270181 u 21.151 0.166
54035.271014 z 17.058 0.019
54035.271847 g 18.725 0.029
54037.173978 r 17.737 0.015
54037.174811 i 17.340 0.015
54037.175645 u 21.111 0.149
54037.176478 z 17.108 0.016
54037.177311 g 18.739 0.016
54040.188446 r 17.723 0.015
54040.189280 i 17.331 0.011
54040.190113 u 20.829 0.210
54040.190946 z 17.079 0.017
54040.191780 g 18.750 0.022
54050.173082 r 17.691 0.014
54050.173916 i 17.294 0.019
54050.174749 u 21.039 0.171
54050.175582 z 17.046 0.023
54050.176416 g 18.736 0.020
54053.179232 r 17.696 0.013
54053.180065 i 17.292 0.011
54053.180898 u 21.179 0.129
54053.181732 z 17.069 0.022
54053.182565 g 18.720 0.023
54056.180921 r 17.663 0.020
54056.181754 i 17.308 0.021
54056.182588 u 21.130 0.211
54056.183421 z 17.085 0.020
54056.184254 g 18.694 0.035
54057.149565 r 17.695 0.012
54057.150398 i 17.314 0.019
54057.151231 u 20.895 0.089
54057.152065 z 17.095 0.020
54057.152898 g 18.745 0.019
54059.175223 r 17.718 0.012
54059.176057 i 17.344 0.017
54059.176890 u 21.009 0.127
54059.177723 z 17.049 0.019
54059.178557 g 18.673 0.059
54061.186236 r 17.727 0.019
54061.187069 i 17.303 0.012
54061.187903 u 21.176 0.142
54061.188736 z 17.084 0.025
54061.189569 g 18.707 0.019
54062.180121 r 17.694 0.015
54062.180955 i 17.310 0.015
54062.181788 u 21.043 0.135
54062.182621 z 17.100 0.021
54062.183455 g 18.745 0.022
54068.170094 r 17.677 0.018
54068.170927 i 17.291 0.015
54068.171760 u 21.091 0.360
54068.172594 z 17.091 0.024
54068.173427 g 18.730 0.034
54357.218385 r 17.715 0.015
54357.219219 i 17.304 0.021
54357.220052 u 21.009 0.087
54357.220885 z 17.075 0.022
54357.221719 g 18.738 0.018
54365.216269 r 17.689 0.018
54365.217102 i 17.286 0.017
54365.217935 u 21.248 0.188
54365.218769 z 17.101 0.023
54365.219602 g 18.800 0.022
54376.276865 r 17.684 0.015
54376.277699 i 17.328 0.017
54376.278532 u 20.995 0.116
54376.279365 z 17.113 0.018
54376.280199 g 18.756 0.018
54385.266245 r 17.736 0.012
54385.267078 i 17.345 0.014
54385.267912 u 21.141 0.134
54385.268745 z 17.070 0.022
54385.269578 g 18.728 0.020
54387.266726 r 17.701 0.011
54387.267560 i 17.306 0.016
54387.268393 u 21.275 0.175
54387.269226 z 17.062 0.019
54387.270060 g 18.723 0.019
54392.261440 r 18.051 0.023
54392.262273 i 17.404 0.023
#54392.263106 u 25.016 6.402
54392.263940 z 17.377 0.031
54392.264773 g 19.085 0.030
54402.259916 r 17.715 0.017
54402.260750 i 17.329 0.016
54402.261583 u 21.304 0.424
54402.262416 z 17.078 0.020
54402.263250 g 18.736 0.026
