51075.380029 r 20.326 0.027
51075.380862 i 20.211 0.039
51075.381696 u 20.872 0.077
51075.382529 z 19.805 0.139
51075.383362 g 20.531 0.024
51818.349690 r 20.398 0.029
51818.350523 i 20.365 0.039
51818.351357 u 20.812 0.080
51818.352190 z 20.005 0.146
51818.353023 g 20.507 0.025
52170.400728 r 20.544 0.029
52170.401561 i 20.440 0.038
52170.402395 u 21.201 0.105
52170.403228 z 20.510 0.193
52170.404061 g 20.821 0.028
52173.314087 r 20.681 0.045
52173.314920 i 20.409 0.054
52173.315754 u 21.214 0.155
52173.316587 z 20.209 0.210
52173.317420 g 20.843 0.037
52196.399321 r 20.612 0.036
52196.400154 i 20.414 0.047
52196.400988 u 21.225 0.136
52196.401821 z 20.226 0.183
52196.402654 g 20.827 0.031
52207.366015 r 20.664 0.035
52207.366848 i 20.566 0.044
52207.367682 u 21.237 0.117
52207.368515 z 20.075 0.126
52207.369348 g 20.775 0.028
52224.294183 r 20.596 0.032
52224.295016 i 20.473 0.037
52224.295850 u 20.992 0.089
52224.296683 z 20.315 0.140
52224.297516 g 20.808 0.028
52231.279611 r 20.581 0.031
52231.280444 i 20.461 0.040
52231.281278 u 20.998 0.091
52231.282111 z 20.008 0.111
52231.282944 g 20.701 0.025
52234.250701 r 20.516 0.029
52234.251534 i 20.404 0.035
52234.252368 u 21.290 0.119
52234.253201 z 20.185 0.123
52234.254034 g 20.670 0.026
52261.214056 r 20.476 0.031
52261.214889 i 20.387 0.039
#52261.215723 u -99.000 0.109
52261.216556 z 20.205 0.146
52261.217389 g 20.653 0.025
52287.094548 r 20.482 0.031
52287.095381 i 20.391 0.037
52287.096215 u 20.831 0.076
52287.097048 z 20.102 0.125
52287.097881 g 20.611 0.026
52552.413250 r 20.552 0.038
52552.414083 i 20.385 0.044
52552.414917 u 21.219 0.145
52552.415750 z 20.280 0.188
52552.416583 g 20.705 0.031
52557.387609 r 20.647 0.034
52557.388442 i 20.509 0.045
52557.389276 u 21.379 0.136
52557.390109 z 20.053 0.135
52557.390942 g 20.792 0.028
52908.362175 r 20.409 0.030
52908.363008 i 20.357 0.039
52908.363842 u 20.869 0.091
52908.364675 z 20.125 0.140
52908.365508 g 20.561 0.025
52912.341615 r 20.394 0.030
52912.342448 i 20.388 0.042
52912.343282 u 21.141 0.136
52912.344115 z 20.498 0.217
52912.344948 g 20.644 0.029
52934.294080 r 20.438 0.036
52934.294913 i 20.414 0.054
52934.295747 u 21.111 0.128
52934.296580 z 19.988 0.165
52934.297413 g 20.527 0.027
52936.290006 r 20.424 0.027
52936.290839 i 20.395 0.036
52936.291673 u 21.061 0.089
52936.292506 z 20.024 0.110
52936.293339 g 20.593 0.023
53270.354147 r 20.226 0.031
53270.354981 i 20.278 0.047
53270.355814 u 20.572 0.075
53270.356647 z 19.960 0.133
53270.357481 g 20.378 0.023
53272.404008 r 20.250 0.030
53272.404841 i 20.275 0.044
53272.405675 u 20.712 0.105
53272.406508 z 19.884 0.134
53272.407341 g 20.440 0.025
53286.372724 r 20.197 0.029
53286.373557 i 20.079 0.033
53286.374391 u 20.730 0.095
53286.375224 z 19.749 0.099
53286.376057 g 20.349 0.025
53288.331218 r 20.207 0.023
53288.332051 i 20.218 0.030
53288.332885 u 20.718 0.072
53288.333718 z 19.879 0.093
53288.334551 g 20.358 0.019
53294.378891 r 20.208 0.027
53294.379724 i 20.258 0.038
53294.380558 u 20.741 0.098
53294.381391 z 19.892 0.114
53294.382224 g 20.329 0.023
53296.325930 r 20.217 0.037
53296.326763 i 20.142 0.044
53296.327596 u 20.772 0.104
53296.328430 z 19.970 0.179
#53296.329263 g -99.000 0.028
53298.375669 r 20.149 0.031
53298.376502 i 20.200 0.041
53298.377336 u 20.850 0.113
53298.378169 z 20.177 0.188
53298.379002 g 20.352 0.023
53302.326887 r 20.164 0.037
53302.327720 i 20.160 0.044
53302.328554 u 20.836 0.154
53302.329387 z 19.766 0.116
53302.330220 g 20.288 0.043
53312.282683 r 20.194 0.039
53312.283517 i 20.213 0.050
53312.284350 u 21.115 0.191
53312.285183 z 19.701 0.128
53312.286017 g 20.318 0.038
53314.283615 r 20.184 0.029
53314.284448 i 20.201 0.041
53314.285282 u 20.676 0.092
53314.286115 z 20.223 0.186
53314.286948 g 20.345 0.026
53319.271412 r 20.210 0.038
53319.272245 i 20.222 0.063
53319.273079 u 20.675 0.126
53319.273912 z 20.487 0.341
53319.274745 g 20.349 0.033
53616.387973 r 20.216 0.033
53616.388806 i 20.222 0.052
53616.389640 u 20.754 0.121
53616.390473 z 19.805 0.150
53616.391306 g 20.312 0.025
#53626.364399 r -99.000 0.036
53626.365232 i 20.140 0.054
#53626.366066 u -99.000 0.349
53626.366899 z 19.812 0.199
#53626.367732 g -99.000 0.026
53628.349264 r 20.245 0.039
53628.350097 i 20.202 0.047
53628.350931 u 20.698 0.141
53628.351764 z 20.088 0.178
53628.352597 g 20.399 0.048
53637.350882 r 20.205 0.041
53637.351715 i 20.149 0.053
53637.352549 u 20.742 0.148
53637.353382 z 20.415 0.229
53637.354215 g 20.334 0.040
53639.396259 r 20.129 0.022
53639.397092 i 20.053 0.027
53639.397926 u 20.726 0.083
53639.398759 z 19.823 0.094
53639.399592 g 20.327 0.022
53641.395425 r 20.132 0.024
53641.396258 i 20.122 0.029
53641.397092 u 20.721 0.090
53641.397925 z 19.918 0.105
53641.398758 g 20.311 0.021
53657.354309 r 20.134 0.063
53657.355142 i 20.059 0.064
53657.355976 u 20.518 0.193
53657.356809 z 19.962 0.208
53657.357642 g 20.381 0.074
53663.338856 r 20.080 0.035
53663.339689 i 20.118 0.041
53663.340523 u 21.260 0.277
53663.341356 z 19.883 0.109
53663.342189 g 20.373 0.046
53666.408947 r 20.152 0.032
53666.409780 i 20.093 0.036
#53666.410614 u -99.000 0.166
53666.411447 z 20.152 0.144
53666.412280 g 20.296 0.036
53668.328457 r 20.121 0.032
53668.329290 i 20.162 0.045
53668.330124 u 20.573 0.118
53668.330957 z 20.044 0.163
53668.331790 g 20.337 0.031
53669.416079 r 20.105 0.034
53669.416912 i 20.051 0.038
53669.417746 u 20.490 0.135
53669.418579 z 19.727 0.135
53669.419412 g 20.319 0.037
53670.333309 r 20.148 0.036
53670.334142 i 20.080 0.048
53670.334976 u 20.726 0.114
53670.335809 z 19.726 0.120
53670.336642 g 20.305 0.022
53673.301296 r 20.120 0.022
53673.302129 i 20.151 0.030
53673.302963 u 20.894 0.090
53673.303796 z 19.864 0.093
53673.304629 g 20.323 0.019
53675.298183 r 20.168 0.026
53675.299016 i 20.189 0.033
53675.299850 u 20.697 0.083
53675.300683 z 19.893 0.113
53675.301516 g 20.311 0.020
53677.319214 r 20.187 0.024
53677.320047 i 20.119 0.027
53677.320881 u 20.672 0.076
53677.321714 z 19.974 0.098
53677.322547 g 20.271 0.019
53680.305881 r 20.157 0.025
53680.306714 i 20.124 0.032
53680.307548 u 20.619 0.075
53680.308381 z 19.878 0.101
53680.309214 g 20.276 0.019
53686.305314 r 20.238 0.074
53686.306147 i 20.236 0.072
53686.306981 u 20.457 0.203
53686.307814 z 19.854 0.150
53686.308647 g 20.346 0.076
53693.307773 r 20.124 0.044
53693.308606 i 20.114 0.052
#53693.309440 u -99.000 0.291
53693.310273 z 19.959 0.161
53693.311106 g 20.298 0.061
#53698.305162 r -99.000 0.044
53698.305995 i 20.222 0.061
53698.306829 u 20.620 0.152
53698.307662 z 19.736 0.133
#53698.308495 g -99.000 0.026
53704.291094 r 20.177 0.028
53704.291927 i 20.136 0.042
53704.292761 u 20.803 0.113
53704.293594 z 19.902 0.137
53704.294427 g 20.373 0.024
53989.387271 r 20.235 0.046
53989.388104 i 20.188 0.046
53989.388937 u 20.536 0.138
53989.389771 z 19.990 0.105
53989.390604 g 20.323 0.049
53995.425889 r 20.239 0.023
53995.426723 i 20.206 0.029
53995.427556 u 20.860 0.077
53995.428389 z 19.859 0.086
53995.429223 g 20.494 0.027
54000.362727 r 20.229 0.029
54000.363560 i 20.128 0.045
54000.364393 u 20.925 0.110
54000.365227 z 19.901 0.142
54000.366060 g 20.439 0.027
54007.412784 r 20.271 0.028
54007.413618 i 20.131 0.036
54007.414451 u 20.782 0.096
54007.415284 z 19.981 0.120
54007.416118 g 20.464 0.031
54009.336533 r 20.285 0.029
54009.337367 i 20.182 0.030
54009.338200 u 20.991 0.084
54009.339033 z 20.021 0.103
54009.339867 g 20.403 0.026
54011.400994 r 20.226 0.021
54011.401827 i 20.181 0.025
54011.402661 u 20.836 0.069
54011.403494 z 19.869 0.075
54011.404327 g 20.438 0.021
54025.400075 r 20.249 0.028
54025.400908 i 20.216 0.038
54025.401741 u 21.032 0.122
54025.402575 z 19.826 0.112
54025.403408 g 20.483 0.029
54029.330362 r 20.227 0.025
54029.331196 i 20.231 0.033
54029.332029 u 20.848 0.083
54029.332862 z 20.042 0.122
54029.333696 g 20.434 0.026
54346.393798 r 20.252 0.043
54346.394631 i 20.249 0.049
54346.395464 u 20.886 0.185
54346.396298 z 20.131 0.141
54346.397131 g 20.536 0.052
54348.397802 r 20.278 0.030
54348.398635 i 20.190 0.035
#54348.399468 u -99.000 0.110
54348.400302 z 19.812 0.098
54348.401135 g 20.481 0.033
54358.353556 r 20.220 0.032
54358.354389 i 20.156 0.047
54358.355223 u 20.797 0.147
54358.356056 z 20.128 0.187
54358.356889 g 20.584 0.029
54365.386684 r 20.297 0.031
54365.387518 i 20.192 0.029
54365.388351 u 20.953 0.080
54365.389184 z 20.038 0.101
54365.390018 g 20.489 0.025
54381.406337 r 20.344 0.032
54381.407171 i 20.322 0.038
54381.408004 u 20.979 0.119
54381.408837 z 19.955 0.113
54381.409671 g 20.573 0.029
54384.412978 r 20.274 0.027
54384.413811 i 20.251 0.034
54384.414645 u 20.947 0.098
54384.415478 z 19.935 0.104
54384.416311 g 20.562 0.027
54386.398547 r 20.302 0.032
54386.399380 i 20.266 0.038
54386.400214 u 21.076 0.116
54386.401047 z 19.906 0.108
54386.401880 g 20.591 0.027
54388.402780 r 20.323 0.027
54388.403613 i 20.335 0.034
54388.404447 u 20.846 0.092
54388.405280 z 20.050 0.107
54388.406113 g 20.528 0.026
54392.400465 r 20.255 0.035
54392.401298 i 20.255 0.041
54392.402131 u 21.193 0.189
54392.402965 z 19.934 0.136
54392.403798 g 20.571 0.031
54403.316829 r 20.413 0.076
54403.317662 i 20.264 0.086
#54403.318495 u -99.000 0.445
54403.319329 z 20.242 0.589
54403.320162 g 20.639 0.229
54404.374150 r 20.401 0.044
54404.374984 i 20.332 0.054
54404.375817 u 21.115 0.239
54404.376650 z 20.222 0.215
54404.377484 g 20.674 0.067
54405.372082 r 20.438 0.036
54405.372916 i 20.320 0.043
54405.373749 u 21.329 0.230
54405.374582 z 20.142 0.150
54405.375416 g 20.700 0.041
54406.310540 r 20.382 0.029
54406.311374 i 20.335 0.035
#54406.312207 u -99.000 0.101
54406.313040 z 19.971 0.094
54406.313874 g 20.683 0.030
54412.336201 r 20.406 0.033
54412.337034 i 20.299 0.039
54412.337868 u 21.368 0.176
54412.338701 z 20.230 0.176
54412.339534 g 20.725 0.038
