51075.387554 r 20.247 0.026
51075.388387 i 19.970 0.032
51075.389221 u 20.361 0.056
51075.390054 z 19.730 0.113
51075.390887 g 20.312 0.023
51818.357215 r 20.137 0.023
51818.358048 i 19.945 0.025
51818.358882 u 20.233 0.052
51818.359715 z 19.670 0.073
51818.360548 g 20.263 0.020
52170.408230 r 19.966 0.021
52170.409063 i 19.852 0.025
52170.409897 u 19.954 0.047
52170.410730 z 19.525 0.069
52170.411563 g 19.944 0.017
52173.321589 r 19.985 0.028
52173.322422 i 19.768 0.031
52173.323256 u 19.927 0.053
52173.324089 z 19.574 0.095
52173.324922 g 19.929 0.019
52224.301714 r 19.992 0.021
52224.302547 i 19.775 0.021
52224.303381 u 19.932 0.046
52224.304214 z 19.650 0.067
52224.305047 g 19.953 0.017
52231.287133 r 19.946 0.021
52231.287966 i 19.834 0.023
52231.288800 u 19.995 0.048
52231.289633 z 19.483 0.064
52231.290466 g 20.008 0.018
52234.258223 r 19.969 0.022
52234.259056 i 19.778 0.022
52234.259890 u 19.919 0.048
52234.260723 z 19.672 0.066
52234.261556 g 20.014 0.018
52261.221578 r 20.060 0.022
52261.222411 i 19.833 0.023
52261.223245 u 20.076 0.052
52261.224078 z 19.768 0.079
52261.224911 g 20.084 0.019
52287.102071 r 20.061 0.023
52287.102904 i 19.845 0.022
52287.103738 u 20.003 0.045
52287.104571 z 19.636 0.068
52287.105404 g 20.095 0.019
52552.420773 r 20.098 0.030
52552.421606 i 19.930 0.035
52552.422440 u 20.153 0.073
52552.423273 z 19.772 0.119
52552.424106 g 20.241 0.025
52557.395130 r 20.118 0.026
52557.395963 i 19.905 0.028
52557.396797 u 20.122 0.056
52557.397630 z 19.665 0.090
52557.398463 g 20.166 0.021
52908.369697 r 20.053 0.026
52908.370530 i 19.873 0.028
52908.371364 u 20.082 0.060
52908.372197 z 19.713 0.090
52908.373030 g 20.113 0.021
52912.349136 r 19.928 0.024
#52912.349969 i -99.000 0.026
52912.350803 u 20.018 0.054
52912.351636 z 19.593 0.072
52912.352469 g 20.028 0.020
52934.301601 r 20.018 0.026
52934.302434 i 19.881 0.028
52934.303268 u 20.066 0.056
52934.304101 z 19.581 0.081
52934.304934 g 20.100 0.020
52936.297527 r 20.043 0.021
52936.298360 i 19.886 0.024
52936.299194 u 20.100 0.048
52936.300027 z 19.629 0.069
52936.300860 g 20.118 0.019
53270.361649 r 20.057 0.023
53270.362483 i 19.862 0.026
53270.363316 u 20.099 0.051
53270.364149 z 19.727 0.067
53270.364983 g 20.075 0.024
53272.411529 r 19.981 0.024
53272.412362 i 19.889 0.029
53272.413196 u 20.042 0.060
53272.414029 z 19.649 0.082
53272.414862 g 20.136 0.021
53286.380247 r 20.084 0.025
53286.381080 i 19.911 0.026
53286.381914 u 20.056 0.059
53286.382747 z 19.644 0.073
53286.383580 g 20.174 0.024
53288.338738 r 20.047 0.022
53288.339571 i 19.950 0.025
53288.340405 u 20.167 0.053
53288.341238 z 19.722 0.072
53288.342071 g 20.154 0.018
53294.386413 r 20.132 0.028
53294.387246 i 19.880 0.028
53294.388080 u 20.130 0.061
53294.388913 z 19.707 0.090
53294.389746 g 20.165 0.023
53296.333421 r 20.069 0.027
53296.334254 i 19.910 0.032
53296.335087 u 20.070 0.051
53296.335921 z 19.783 0.097
53296.336754 g 20.182 0.028
53298.383191 r 20.141 0.031
53298.384024 i 19.921 0.034
53298.384858 u 20.117 0.062
53298.385691 z 19.728 0.107
53298.386524 g 20.182 0.025
53302.334408 r 20.104 0.032
53302.335241 i 19.872 0.029
53302.336075 u 20.225 0.090
53302.336908 z 19.609 0.073
53302.337741 g 20.180 0.037
53312.289974 r 20.147 0.042
53312.290807 i 19.978 0.036
53312.291640 u 20.218 0.087
53312.292474 z 19.610 0.092
53312.293307 g 20.258 0.036
53314.291138 r 20.131 0.031
53314.291971 i 19.936 0.034
53314.292805 u 20.250 0.074
53314.293638 z 19.873 0.113
53314.294471 g 20.221 0.027
53319.278935 r 20.046 0.044
53319.279768 i 19.798 0.044
53319.280602 u 20.056 0.074
53319.281435 z 19.770 0.144
53319.282268 g 20.176 0.030
53616.395493 r 19.947 0.025
53616.396326 i 19.757 0.027
53616.397160 u 19.922 0.058
53616.397993 z 19.575 0.079
53616.398826 g 19.992 0.020
#53626.371920 r -99.000 0.055
53626.372753 i 19.815 0.025
53626.373587 u 19.929 0.062
53626.374420 z 19.830 0.098
#53626.375253 g -99.000 0.025
53628.356785 r 19.853 0.031
53628.357618 i 19.658 0.030
53628.358452 u 19.879 0.074
53628.359285 z 19.725 0.104
53628.360118 g 19.902 0.033
53637.358404 r 19.843 0.029
53637.359237 i 19.701 0.030
53637.360071 u 19.918 0.077
53637.360904 z 19.514 0.089
53637.361737 g 19.898 0.030
53639.403780 r 19.889 0.020
53639.404613 i 19.777 0.021
53639.405447 u 19.847 0.048
53639.406280 z 19.619 0.063
53639.407113 g 19.913 0.018
53641.402947 r 19.888 0.020
53641.403780 i 19.755 0.021
53641.404614 u 19.962 0.051
53641.405447 z 19.516 0.058
53641.406280 g 19.884 0.017
53657.361830 r 19.839 0.047
53657.362663 i 19.738 0.044
53657.363497 u 20.047 0.126
#53657.364330 z -99.000 0.111
53657.365163 g 19.730 0.040
53663.346378 r 19.906 0.035
53663.347211 i 19.738 0.028
53663.348045 u 19.989 0.097
53663.348878 z 19.772 0.093
53663.349711 g 19.822 0.032
53665.324350 r 19.810 0.032
53665.325183 i 19.756 0.034
53665.326017 u 19.950 0.078
53665.326850 z 19.464 0.080
53665.327683 g 19.882 0.033
53666.416469 r 19.910 0.027
53666.417302 i 19.736 0.024
53666.418136 u 19.974 0.088
53666.418969 z 19.547 0.075
53666.419802 g 19.924 0.030
53668.335979 r 19.906 0.030
53668.336812 i 19.861 0.039
53668.337646 u 19.926 0.073
53668.338479 z 19.653 0.114
53668.339312 g 19.952 0.025
53669.423600 r 19.838 0.030
53669.424433 i 19.744 0.031
53669.425267 u 19.928 0.092
53669.426100 z 19.604 0.101
53669.426933 g 19.868 0.027
53670.340831 r 19.903 0.024
53670.341664 i 19.698 0.025
53670.342498 u 19.887 0.056
53670.343331 z 19.658 0.086
53670.344164 g 19.868 0.019
53673.308817 r 19.859 0.018
53673.309650 i 19.735 0.020
53673.310484 u 19.872 0.044
53673.311317 z 19.646 0.063
53673.312150 g 19.879 0.016
53675.305706 r 19.864 0.023
53675.306539 i 19.733 0.025
53675.307373 u 19.838 0.044
53675.308206 z 19.399 0.062
53675.309039 g 19.900 0.016
53677.326736 r 19.860 0.019
53677.327569 i 19.730 0.020
53677.328403 u 19.918 0.052
53677.329236 z 19.583 0.058
53677.330069 g 19.867 0.016
53680.313403 r 19.902 0.021
53680.314236 i 19.768 0.022
53680.315070 u 19.969 0.048
53680.315903 z 19.669 0.072
53680.316736 g 19.884 0.016
53683.371960 r 19.895 0.028
53683.372793 i 19.677 0.028
53683.373627 u 19.931 0.065
53683.374460 z 19.436 0.105
53683.375293 g 19.909 0.021
53686.312835 r 19.916 0.046
53686.313668 i 19.698 0.036
53686.314502 u 19.985 0.132
53686.315335 z 19.697 0.103
53686.316168 g 19.854 0.045
53693.315295 r 19.933 0.040
53693.316128 i 19.782 0.037
53693.316962 u 19.884 0.122
53693.317795 z 19.614 0.095
53693.318628 g 19.873 0.044
53698.312685 r 19.897 0.024
53698.313518 i 19.707 0.026
53698.314352 u 19.820 0.056
53698.315185 z 19.478 0.071
53698.316018 g 19.879 0.022
53704.298617 r 19.883 0.025
53704.299450 i 19.822 0.028
53704.300284 u 19.978 0.064
53704.301117 z 19.731 0.097
53704.301950 g 19.924 0.018
53989.394882 r 19.816 0.030
53989.395716 i 19.758 0.028
53989.396549 u 19.734 0.068
53989.397382 z 19.594 0.061
53989.398216 g 19.871 0.036
53995.433418 r 19.898 0.021
53995.434252 i 19.727 0.020
53995.435085 u 19.913 0.040
53995.435918 z 19.520 0.052
53995.436752 g 19.895 0.029
54000.370090 r 19.854 0.038
54000.370923 i 19.713 0.029
54000.371756 u 19.877 0.049
54000.372590 z 19.745 0.091
54000.373423 g 19.865 0.031
54007.420239 r 19.891 0.023
54007.421072 i 19.745 0.026
54007.421905 u 19.824 0.042
54007.422739 z 19.435 0.056
54007.423572 g 19.924 0.028
54009.344008 r 19.902 0.022
54009.344841 i 19.729 0.023
54009.345674 u 19.945 0.045
54009.346508 z 19.514 0.049
54009.347341 g 19.907 0.022
54011.408573 r 19.894 0.020
54011.409406 i 19.724 0.029
54011.410239 u 19.931 0.043
54011.411073 z 19.555 0.051
54011.411906 g 19.906 0.027
54025.407579 r 19.916 0.023
54025.408412 i 19.740 0.028
54025.409246 u 19.924 0.054
54025.410079 z 19.547 0.072
54025.410912 g 19.911 0.022
54346.401341 r 19.793 0.036
54346.402175 i 19.622 0.028
54346.403008 u 19.822 0.073
54346.403841 z 19.608 0.070
54346.404675 g 19.797 0.032
54348.405251 r 19.745 0.023
54348.406085 i 19.580 0.025
54348.406918 u 19.727 0.047
54348.407751 z 19.467 0.062
54348.408585 g 19.763 0.027
54358.361103 r 19.829 0.028
54358.361936 i 19.622 0.031
54358.362769 u 19.735 0.054
54358.363603 z 19.555 0.081
54358.364436 g 19.749 0.026
54365.394157 r 19.703 0.021
54365.394990 i 19.655 0.025
54365.395824 u 19.785 0.038
54365.396657 z 19.478 0.054
54365.397490 g 19.782 0.025
54381.413719 r 19.761 0.023
54381.414552 i 19.628 0.026
54381.415386 u 19.708 0.043
54381.416219 z 19.541 0.057
54381.417052 g 19.750 0.022
54384.420391 r 19.771 0.021
54384.421224 i 19.579 0.025
54384.422057 u 19.709 0.045
54384.422891 z 19.564 0.066
54384.423724 g 19.792 0.020
54386.406070 r 19.816 0.022
54386.406904 i 19.665 0.023
54386.407737 u 19.737 0.051
54386.408570 z 19.444 0.071
54386.409404 g 19.767 0.021
54388.410289 r 19.774 0.022
54388.411123 i 19.602 0.019
54388.411956 u 19.674 0.046
54388.412789 z 19.497 0.058
54388.413623 g 19.768 0.021
54392.407886 r 19.704 0.044
54392.408719 i 19.611 0.034
54392.409552 u 19.717 0.053
54392.410386 z 19.405 0.068
54392.411219 g 19.760 0.024
#54403.324071 r -99.000 0.157
#54403.324904 i -99.000 0.044
54403.325738 u 19.690 0.096
54403.326571 z 19.510 0.150
54403.327404 g 19.757 0.051
#54404.381701 r -99.000 0.082
#54404.382534 i -99.000 0.088
54404.383367 u 19.594 0.072
54404.384201 z 19.558 0.128
#54404.385034 g -99.000 0.108
54405.379649 r 19.729 0.026
54405.380482 i 19.616 0.032
54405.381315 u 19.756 0.076
54405.382149 z 19.512 0.072
54405.382982 g 19.811 0.029
54406.317907 r 19.771 0.020
54406.318741 i 19.599 0.020
54406.319574 u 19.650 0.045
54406.320407 z 19.353 0.047
54406.321241 g 19.769 0.030
54412.343676 r 19.770 0.023
54412.344509 i 19.621 0.026
54412.345342 u 19.753 0.051
54412.346176 z 19.571 0.077
54412.347009 g 19.796 0.022
