51464.200929 r 18.790 0.010
51464.201762 i 18.374 0.011
51464.202596 u 21.685 0.145
51464.203429 z 18.158 0.024
51464.204262 g 19.738 0.014
52197.226652 r 19.109 0.012
52197.227485 i 18.770 0.013
52197.228319 u 22.038 0.186
52197.229152 z 18.629 0.031
52197.229985 g 20.035 0.017
52231.112626 r 19.339 0.013
52231.113459 i 18.933 0.014
52231.114293 u 22.425 0.227
52231.115126 z 18.693 0.031
52231.115959 g 20.573 0.023
52557.220630 r 18.723 0.011
52557.221463 i 18.320 0.011
52557.222297 u 21.416 0.161
52557.223130 z 18.076 0.026
52557.223963 g 19.663 0.015
52578.116709 r 18.750 0.010
52578.117542 i 18.365 0.011
52578.118376 u 21.695 0.148
52578.119209 z 18.089 0.024
52578.120042 g 19.676 0.014
52929.146937 r 18.783 0.010
52929.147770 i 18.370 0.011
52929.148604 u 21.625 0.150
52929.149437 z 18.116 0.024
52929.150270 g 19.719 0.015
52934.127094 r 18.752 0.010
52934.127927 i 18.351 0.010
52934.128761 u 21.693 0.165
52934.129594 z 18.112 0.023
52934.130427 g 19.707 0.015
52936.123019 r 18.758 0.009
52936.123852 i 18.360 0.010
52936.124686 u 21.547 0.114
52936.125519 z 18.112 0.022
52936.126352 g 19.715 0.014
53243.308227 r 18.765 0.011
53243.309060 i 18.364 0.011
53243.309894 u 21.517 0.177
53243.310727 z 18.136 0.021
53243.311560 g 19.718 0.023
53270.187083 r 18.725 0.015
53270.187916 i 18.343 0.014
53270.188749 u 21.611 0.178
53270.189583 z 18.068 0.022
53270.190416 g 19.662 0.018
53272.237028 r 18.844 0.014
53272.237861 i 18.495 0.013
53272.238695 u 21.846 0.391
53272.239528 z 18.323 0.028
53272.240361 g 19.755 0.030
53288.164235 r 18.771 0.010
53288.165068 i 18.372 0.010
53288.165902 u 21.897 0.181
53288.166735 z 18.142 0.022
53288.167568 g 19.730 0.015
53294.191549 r 18.789 0.015
53294.192382 i 18.398 0.021
53294.193215 u 21.485 0.171
53294.194049 z 18.168 0.030
53294.194882 g 19.718 0.025
53302.159904 r 18.759 0.014
53302.160737 i 18.357 0.013
53302.161571 u 21.499 0.272
53302.162404 z 18.125 0.024
53302.163237 g 19.763 0.030
53312.115434 r 18.742 0.018
53312.116267 i 18.351 0.018
53312.117100 u 21.442 0.179
53312.117934 z 18.149 0.033
53312.118767 g 19.646 0.024
53314.116630 r 18.764 0.011
53314.117463 i 18.330 0.011
53314.118297 u 21.916 0.199
53314.119130 z 18.113 0.026
53314.119963 g 19.743 0.015
53616.221002 r 18.924 0.012
53616.221835 i 18.558 0.016
#53616.222669 u -99.000 0.616
#53616.223502 z -99.000 0.123
53616.224335 g 19.896 0.035
53623.211211 r 19.171 0.013
53623.212044 i 18.785 0.015
53623.212878 u 22.187 0.257
53623.213711 z 18.600 0.034
53623.214544 g 20.017 0.021
53626.197423 r 18.754 0.012
53626.198256 i 18.331 0.012
53626.199090 u 21.088 0.168
53626.199923 z 18.207 0.053
53626.200756 g 19.699 0.025
53628.182289 r 18.766 0.020
53628.183122 i 18.362 0.020
53628.183956 u 21.284 0.476
53628.184789 z 18.129 0.036
53628.185622 g 19.651 0.047
53637.183903 r 18.760 0.011
53637.184736 i 18.375 0.013
53637.185570 u 21.665 0.216
53637.186403 z 18.166 0.031
53637.187236 g 19.704 0.017
53644.176357 r 18.763 0.014
53644.177190 i 18.349 0.016
53644.178024 u 21.540 0.110
53644.178857 z 18.117 0.022
53644.179690 g 19.705 0.016
53654.210973 r 18.793 0.014
53654.211806 i 18.367 0.012
53654.212640 u 21.555 0.211
53654.213473 z 18.084 0.027
53654.214306 g 19.745 0.023
53656.158564 r 19.083 0.026
53656.159397 i 18.770 0.022
53656.160231 u 21.217 0.336
53656.161064 z 18.485 0.045
53656.161897 g 20.005 0.064
53665.149842 r 18.777 0.020
53665.150675 i 18.373 0.027
53665.151509 u 20.875 0.247
53665.152342 z 18.128 0.073
53665.153175 g 19.673 0.049
53668.161474 r 18.833 0.011
53668.162307 i 18.407 0.013
53668.163141 u 21.812 0.230
53668.163974 z 18.183 0.033
53668.164807 g 19.762 0.017
53670.166328 r 18.751 0.010
53670.167161 i 18.358 0.011
53670.167995 u 21.577 0.159
53670.168828 z 18.096 0.026
53670.169661 g 19.714 0.015
53673.134310 r 18.761 0.010
53673.135143 i 18.357 0.011
53673.135977 u 21.586 0.157
53673.136810 z 18.108 0.023
53673.137643 g 19.732 0.015
53675.131198 r 18.836 0.011
53675.132031 i 18.473 0.012
53675.132865 u 21.450 0.128
53675.133698 z 18.237 0.027
53675.134531 g 19.810 0.016
53677.152230 r 18.752 0.010
53677.153063 i 18.352 0.010
53677.153897 u 21.535 0.136
53677.154730 z 18.128 0.022
53677.155563 g 19.694 0.014
53680.138896 r 18.777 0.010
53680.139729 i 18.385 0.011
53680.140563 u 21.664 0.146
53680.141396 z 18.110 0.021
53680.142229 g 19.715 0.015
53686.205601 r 18.792 0.024
53686.206434 i 18.370 0.020
#53686.207268 u 23.400 4.084
53686.208101 z 18.092 0.039
53686.208934 g 19.697 0.062
53693.140799 r 18.754 0.013
53693.141632 i 18.367 0.012
53693.142466 u 21.170 0.216
53693.143299 z 18.126 0.022
53693.144132 g 19.709 0.028
53702.136505 r 18.806 0.017
53702.137338 i 18.324 0.024
53702.138171 u 21.384 0.261
53702.139005 z 18.104 0.038
53702.139838 g 19.697 0.023
53703.145677 r 18.746 0.022
53703.146510 i 18.294 0.025
53703.147344 u 21.832 0.346
53703.148177 z 18.147 0.030
53703.149010 g 19.636 0.019
53704.124125 r 18.754 0.011
53704.124958 i 18.341 0.011
53704.125792 u 21.456 0.147
53704.126625 z 18.100 0.024
53704.127458 g 19.705 0.016
53989.220196 r 18.756 0.016
53989.221030 i 18.366 0.017
53989.221863 u 21.673 0.244
53989.222696 z 18.123 0.025
53989.223530 g 19.654 0.025
53995.209429 r 18.787 0.017
53995.210263 i 18.376 0.013
53995.211096 u 21.455 0.110
53995.211929 z 18.164 0.021
53995.212763 g 19.740 0.018
53997.187806 r 18.801 0.015
53997.188640 i 18.365 0.016
53997.189473 u 21.363 0.135
53997.190306 z 18.148 0.028
53997.191140 g 19.731 0.019
54000.195600 r 18.763 0.015
54000.196434 i 18.351 0.014
54000.197267 u 21.589 0.176
54000.198100 z 18.146 0.026
54000.198934 g 19.739 0.018
54007.172394 r 18.753 0.020
54007.173227 i 18.362 0.017
54007.174061 u 21.299 0.126
54007.174894 z 18.077 0.023
54007.175727 g 19.728 0.020
54009.169506 r 18.785 0.016
54009.170340 i 18.396 0.019
54009.171173 u 21.956 0.224
54009.172006 z 18.126 0.020
54009.172840 g 19.716 0.020
54011.234000 r 19.406 0.021
54011.234834 i 18.889 0.019
54011.235667 u 22.577 0.563
54011.236500 z 18.581 0.028
54011.237334 g 20.340 0.041
54019.184208 r 18.763 0.015
54019.185042 i 18.373 0.015
54019.185875 u 21.456 0.157
54019.186708 z 18.125 0.019
54019.187542 g 19.711 0.019
54025.233010 r 18.759 0.015
54025.233844 i 18.352 0.018
54025.234677 u 21.785 0.221
54025.235510 z 18.108 0.034
54025.236344 g 19.722 0.024
54029.163366 r 18.740 0.017
54029.164199 i 18.325 0.015
54029.165032 u 21.480 0.120
54029.165866 z 18.133 0.022
54029.166699 g 19.663 0.019
54051.139952 r 19.655 0.100
54051.140786 i 19.188 0.074
#54051.141619 u 22.936 1.392
54051.142452 z 18.705 0.117
54051.143286 g 20.565 0.058
54356.241514 r 18.770 0.019
54356.242347 i 18.346 0.019
54356.243180 u 21.694 0.164
54356.244014 z 18.171 0.030
54356.244847 g 19.734 0.022
#54358.186603 r -99.000 0.025
#54358.187436 i -99.000 0.047
#54358.188269 u -99.000 0.456
#54358.189103 z -99.000 0.045
#54358.189936 g -99.000 0.040
54373.293896 r 18.836 0.019
54373.294729 i 18.423 0.018
54373.295562 u 21.344 0.383
54373.296396 z 18.171 0.032
54373.297229 g 19.776 0.040
54381.231378 r 18.763 0.023
54381.232211 i 18.347 0.022
54381.233044 u 21.905 0.237
54381.233878 z 18.121 0.035
54381.234711 g 19.724 0.025
54382.228763 r 18.790 0.015
54382.229596 i 18.341 0.013
54382.230430 u 21.744 0.254
54382.231263 z 18.112 0.028
54382.232096 g 19.734 0.021
54386.231518 r 19.145 0.015
54386.232352 i 18.747 0.021
54386.233185 u 22.027 0.181
54386.234018 z 18.573 0.027
54386.234852 g 20.277 0.024
54388.235808 r 18.753 0.018
54388.236641 i 18.360 0.016
54388.237475 u 21.778 0.288
54388.238308 z 18.138 0.024
54388.239141 g 19.726 0.019
54403.149582 r 18.763 0.012
54403.150415 i 18.349 0.014
54403.151248 u 21.488 0.125
54403.152082 z 18.105 0.020
54403.152915 g 19.727 0.020
54406.143400 r 18.759 0.016
54406.144233 i 18.360 0.015
54406.145066 u 21.606 0.132
54406.145900 z 18.115 0.026
54406.146733 g 19.695 0.020
54412.146336 r 18.795 0.013
54412.147169 i 18.393 0.015
54412.148002 u 21.686 0.147
54412.148836 z 18.160 0.022
54412.149669 g 19.748 0.018
