51075.385231 r 18.508 0.009
51075.386064 i 18.320 0.010
51075.386898 u 20.373 0.051
51075.387731 z 18.254 0.036
51075.388564 g 18.978 0.009
51818.354879 r 18.489 0.009
51818.355712 i 18.329 0.009
51818.356546 u 20.300 0.051
51818.357379 z 18.237 0.030
51818.358212 g 18.991 0.010
52170.405902 r 18.489 0.009
52170.406735 i 18.339 0.010
52170.407569 u 20.332 0.058
52170.408402 z 18.213 0.030
52170.409235 g 18.974 0.009
52173.319349 r 18.500 0.009
52173.320182 i 18.327 0.011
52173.321016 u 20.326 0.071
52173.321849 z 18.262 0.040
52173.322682 g 18.969 0.010
52207.371193 r 18.486 0.009
52207.372026 i 18.312 0.010
52207.372860 u 20.294 0.057
52207.373693 z 18.247 0.028
52207.374526 g 18.964 0.009
52224.299386 r 18.494 0.009
52224.300219 i 18.325 0.010
52224.301053 u 20.305 0.059
52224.301886 z 18.245 0.027
52224.302719 g 18.995 0.009
52231.284811 r 18.492 0.009
52231.285644 i 18.285 0.009
52231.286478 u 20.287 0.059
52231.287311 z 18.242 0.031
52231.288144 g 18.994 0.009
52234.255902 r 18.495 0.009
52234.256735 i 18.332 0.010
52234.257569 u 20.345 0.059
52234.258402 z 18.222 0.027
52234.259235 g 18.991 0.009
52261.219257 r 18.500 0.009
52261.220090 i 18.263 0.010
52261.220924 u 20.337 0.063
52261.221757 z 18.221 0.028
52261.222590 g 18.994 0.009
52287.099751 r 18.506 0.009
52287.100584 i 18.297 0.009
52287.101418 u 20.291 0.053
52287.102251 z 18.235 0.027
52287.103084 g 19.010 0.009
52552.418451 r 18.503 0.009
52552.419284 i 18.288 0.010
52552.420118 u 20.337 0.071
52552.420951 z 18.238 0.038
52552.421784 g 18.983 0.010
52557.392808 r 18.488 0.009
52557.393641 i 18.315 0.010
52557.394475 u 20.340 0.062
52557.395308 z 18.262 0.033
52557.396141 g 19.003 0.010
52908.367377 r 18.481 0.009
52908.368210 i 18.312 0.010
52908.369044 u 20.444 0.068
52908.369877 z 18.274 0.034
52908.370710 g 18.974 0.010
52912.346815 r 18.447 0.009
52912.347648 i 18.333 0.011
52912.348482 u 20.239 0.069
52912.349315 z 18.281 0.034
52912.350148 g 18.997 0.010
52934.299281 r 18.488 0.009
52934.300114 i 18.328 0.010
52934.300948 u 20.370 0.067
52934.301781 z 18.258 0.035
52934.302614 g 18.997 0.009
52936.295208 r 18.485 0.009
52936.296041 i 18.301 0.010
52936.296875 u 20.286 0.050
52936.297708 z 18.256 0.028
52936.298541 g 18.987 0.009
53270.359268 r 18.484 0.016
53270.360101 i 18.293 0.018
53270.360935 u 20.330 0.060
53270.361768 z 18.224 0.029
53270.362601 g 18.994 0.014
53272.409208 r 18.503 0.009
53272.410041 i 18.329 0.010
53272.410875 u 20.422 0.079
53272.411708 z 18.238 0.033
53272.412541 g 19.024 0.010
53286.377926 r 18.481 0.009
53286.378759 i 18.318 0.010
53286.379593 u 20.216 0.063
53286.380426 z 18.259 0.029
53286.381259 g 18.999 0.010
53288.336418 r 18.489 0.009
53288.337251 i 18.303 0.009
53288.338085 u 20.344 0.056
53288.338918 z 18.229 0.027
53288.339751 g 19.008 0.009
53294.384092 r 18.489 0.009
53294.384925 i 18.331 0.010
53294.385759 u 20.301 0.062
53294.386592 z 18.285 0.034
53294.387425 g 18.966 0.010
53296.331126 r 18.498 0.017
53296.331959 i 18.296 0.017
53296.332792 u 20.459 0.069
53296.333626 z 18.241 0.034
53296.334459 g 18.991 0.019
53298.380870 r 18.477 0.010
53298.381703 i 18.304 0.011
53298.382537 u 20.375 0.072
53298.383370 z 18.247 0.034
53298.384203 g 19.006 0.010
53302.332088 r 18.491 0.011
53302.332921 i 18.305 0.010
53302.333755 u 20.499 0.104
53302.334588 z 18.243 0.030
53302.335421 g 18.981 0.015
53312.287675 r 18.458 0.013
53312.288509 i 18.303 0.012
53312.289342 u 20.362 0.098
53312.290175 z 18.305 0.041
53312.291009 g 19.003 0.021
53314.288817 r 18.482 0.010
53314.289650 i 18.326 0.011
53314.290484 u 20.315 0.077
53314.291317 z 18.190 0.033
53314.292150 g 19.026 0.011
53319.276615 r 18.912 0.015
53319.277448 i 18.953 0.024
#53319.278282 u 23.653 1.839
#53319.279115 z -99.000 0.065
53319.279948 g 19.823 0.023
53616.393173 r 18.497 0.009
53616.394006 i 18.318 0.011
53616.394840 u 20.292 0.080
53616.395673 z 18.231 0.035
53616.396506 g 18.998 0.010
53626.369601 r 18.499 0.009
#53626.370434 i -99.000 0.019
53626.371268 u 20.368 0.088
#53626.372101 z -99.000 0.053
53626.372934 g 19.008 0.010
53628.354465 r 18.488 0.011
53628.355298 i 18.314 0.012
53628.356132 u 20.141 0.085
53628.356965 z 18.172 0.032
53628.357798 g 18.994 0.015
53637.356083 r 18.495 0.011
53637.356916 i 18.336 0.012
53637.357750 u 20.403 0.111
53637.358583 z 18.229 0.036
53637.359416 g 19.012 0.014
53639.401460 r 18.494 0.009
53639.402293 i 18.319 0.009
53639.403127 u 20.296 0.063
53639.403960 z 18.290 0.029
53639.404793 g 18.992 0.010
53641.400626 r 18.503 0.009
53641.401459 i 18.289 0.009
53641.402293 u 20.352 0.070
53641.403126 z 18.210 0.027
53641.403959 g 19.008 0.010
53657.359510 r 18.487 0.014
53657.360343 i 18.312 0.014
53657.361177 u 20.310 0.146
53657.362010 z 18.216 0.043
53657.362843 g 19.020 0.021
53663.344058 r 18.471 0.011
53663.344891 i 18.297 0.011
#53663.345725 u -99.000 0.149
53663.346558 z 18.279 0.031
53663.347391 g 19.024 0.016
53665.322029 r 18.483 0.016
53665.322862 i 18.344 0.022
53665.323696 u 20.346 0.100
53665.324529 z 18.204 0.034
53665.325362 g 19.018 0.015
53666.414147 r 18.493 0.010
53666.414980 i 18.391 0.011
53666.415814 u 20.589 0.136
53666.416647 z 18.187 0.029
53666.417480 g 18.992 0.013
53668.333659 r 18.491 0.010
53668.334492 i 18.289 0.010
53668.335326 u 20.179 0.084
53668.336159 z 18.208 0.039
53668.336992 g 18.982 0.012
53669.421279 r 18.498 0.011
53669.422112 i 18.310 0.011
53669.422946 u 20.271 0.121
53669.423779 z 18.166 0.037
53669.424612 g 19.018 0.014
53670.338510 r 18.484 0.009
53670.339343 i 18.326 0.010
53670.340177 u 20.331 0.078
53670.341010 z 18.229 0.032
53670.341843 g 18.989 0.011
53673.306497 r 18.482 0.009
53673.307330 i 18.315 0.009
53673.308164 u 20.366 0.061
53673.308997 z 18.236 0.025
53673.309830 g 19.002 0.009
53675.303385 r 18.479 0.009
53675.304218 i 18.296 0.010
53675.305052 u 20.297 0.061
53675.305885 z 18.216 0.030
53675.306718 g 18.976 0.009
53677.324415 r 18.489 0.009
53677.325248 i 18.305 0.009
53677.326082 u 20.332 0.060
53677.326915 z 18.193 0.024
53677.327748 g 19.001 0.009
53680.311082 r 18.484 0.009
53680.311915 i 18.313 0.010
53680.312749 u 20.333 0.060
53680.313582 z 18.208 0.028
53680.314415 g 18.997 0.009
53683.369639 r 18.493 0.011
53683.370472 i 18.333 0.012
53683.371306 u 20.474 0.089
53683.372139 z 18.221 0.038
53683.372972 g 19.002 0.010
53686.310514 r 18.513 0.015
53686.311347 i 18.311 0.014
53686.312181 u 20.412 0.190
53686.313014 z 18.174 0.034
53686.313847 g 19.001 0.021
53693.312974 r 18.506 0.015
53693.313807 i 18.297 0.014
53693.314641 u 20.488 0.194
53693.315474 z 18.283 0.038
53693.316307 g 19.019 0.021
53698.310363 r 18.493 0.009
53698.311196 i 18.318 0.010
53698.312030 u 20.337 0.073
53698.312863 z 18.148 0.029
53698.313696 g 18.995 0.011
53704.296296 r 18.485 0.009
53704.297129 i 18.291 0.010
53704.297963 u 20.342 0.089
53704.298796 z 18.284 0.037
53704.299629 g 19.001 0.010
53989.392391 r 18.489 0.016
53989.393224 i 18.292 0.019
53989.394058 u 20.297 0.108
53989.394891 z 18.256 0.032
53989.395724 g 19.023 0.020
53995.431092 r 18.482 0.014
53995.431925 i 18.308 0.013
53995.432758 u 20.383 0.055
53995.433592 z 18.181 0.028
53995.434425 g 18.983 0.016
54000.367834 r 18.440 0.029
54000.368668 i 18.301 0.015
54000.369501 u 20.327 0.074
54000.370334 z 18.210 0.033
54000.371168 g 18.925 0.021
54007.417930 r 18.485 0.016
54007.418763 i 18.320 0.015
54007.419596 u 20.325 0.060
54007.420430 z 18.245 0.030
54007.421263 g 18.991 0.024
54009.341689 r 18.522 0.011
54009.342523 i 18.300 0.014
54009.343356 u 20.293 0.049
54009.344189 z 18.149 0.023
54009.345023 g 18.980 0.018
54011.406195 r 18.475 0.011
54011.407029 i 18.285 0.015
54011.407862 u 20.297 0.048
54011.408695 z 18.223 0.028
54011.409529 g 18.983 0.013
54025.405195 r 18.492 0.015
54025.406028 i 18.326 0.015
54025.406862 u 20.260 0.066
54025.407695 z 18.233 0.032
54025.408528 g 19.002 0.020
54029.335542 r 18.480 0.015
54029.336376 i 18.308 0.017
54029.337209 u 20.342 0.058
54029.338042 z 18.159 0.026
54029.338876 g 19.016 0.016
54346.399038 r 18.523 0.020
54346.399872 i 18.294 0.020
54346.400705 u 20.192 0.094
54346.401538 z 18.283 0.032
54346.402372 g 19.007 0.022
54348.402946 r 18.491 0.017
54348.403780 i 18.293 0.016
#54348.404613 u -99.000 0.072
54348.405446 z 18.216 0.028
54348.406280 g 18.985 0.028
54358.358794 r 18.456 0.024
54358.359627 i 18.299 0.020
54358.360460 u 20.249 0.070
54358.361294 z 18.199 0.037
54358.362127 g 18.994 0.030
54365.391858 r 18.453 0.019
54365.392691 i 18.289 0.016
#54365.393524 u -99.000 0.049
54365.394358 z 18.234 0.037
54365.395191 g 18.996 0.016
54381.411388 r 18.480 0.018
54381.412222 i 18.295 0.015
54381.413055 u 20.291 0.060
54381.413888 z 18.272 0.027
54381.414722 g 19.002 0.027
54384.418023 r 18.480 0.018
54384.418857 i 18.317 0.015
54384.419690 u 20.363 0.063
54384.420523 z 18.233 0.032
54384.421357 g 18.974 0.018
54386.403695 r 18.493 0.022
54386.404528 i 18.299 0.019
54386.405362 u 20.411 0.068
54386.406195 z 18.248 0.030
54386.407028 g 18.994 0.017
54388.407982 r 18.502 0.016
54388.408816 i 18.317 0.021
54388.409649 u 20.136 0.061
54388.410482 z 18.240 0.027
54388.411316 g 18.996 0.022
54392.405557 r 18.479 0.025
54392.406390 i 18.297 0.023
54392.407223 u 20.194 0.077
54392.408057 z 18.186 0.034
54392.408890 g 18.980 0.056
54403.321847 r 18.480 0.070
54403.322680 i 18.357 0.074
54403.323513 u 20.034 0.475
#54403.324347 z -99.000 0.115
54403.325180 g 19.005 0.029
54404.379390 r 18.480 0.011
54404.380224 i 18.323 0.012
54404.381057 u 20.231 0.154
#54404.381890 z -99.000 0.126
#54404.382724 g -99.000 0.030
54405.377318 r 18.500 0.013
54405.378151 i 18.302 0.020
54405.378985 u 20.437 0.100
54405.379818 z 18.217 0.035
54405.380651 g 18.993 0.022
54406.315581 r 18.492 0.019
54406.316415 i 18.263 0.016
54406.317248 u 20.309 0.061
54406.318081 z 18.229 0.030
54406.318915 g 19.034 0.019
54412.341376 r 18.482 0.021
54412.342209 i 18.325 0.017
54412.343042 u 20.301 0.079
54412.343876 z 18.209 0.033
54412.344709 g 18.994 0.017
