51464.205447 r 17.591 0.006
51464.206280 i 17.784 0.007
51464.207114 u 18.289 0.015
51464.207947 z 17.915 0.020
51464.208780 g 17.323 0.005
52197.231184 r 17.596 0.006
52197.232017 i 17.782 0.007
52197.232851 u 18.297 0.016
52197.233684 z 17.913 0.019
52197.234517 g 17.334 0.005
52231.117165 r 17.593 0.007
52231.117998 i 17.782 0.008
52231.118832 u 18.311 0.017
52231.119665 z 17.885 0.019
52231.120498 g 17.326 0.005
52557.225170 r 17.571 0.006
52557.226003 i 17.768 0.007
52557.226837 u 18.297 0.018
52557.227670 z 17.950 0.025
52557.228503 g 17.320 0.005
52578.121248 r 17.587 0.006
52578.122081 i 17.784 0.007
52578.122915 u 18.274 0.016
52578.123748 z 17.909 0.020
52578.124581 g 17.319 0.005
52929.151474 r 17.589 0.006
52929.152307 i 17.778 0.007
52929.153141 u 18.289 0.017
52929.153974 z 17.866 0.019
52929.154807 g 17.315 0.005
52934.131631 r 17.585 0.006
52934.132464 i 17.776 0.007
52934.133298 u 18.269 0.017
52934.134131 z 17.936 0.021
52934.134964 g 17.312 0.005
52936.127557 r 17.581 0.006
52936.128390 i 17.786 0.007
52936.129224 u 18.300 0.016
52936.130057 z 17.907 0.018
52936.130890 g 17.318 0.005
53243.312766 r 17.588 0.007
53243.313599 i 17.798 0.007
53243.314433 u 18.270 0.018
53243.315266 z 17.902 0.018
53243.316099 g 17.328 0.005
53270.191627 r 17.585 0.014
53270.192460 i 17.791 0.013
53270.193294 u 18.257 0.023
53270.194127 z 17.916 0.021
53270.194960 g 17.338 0.011
53272.241566 r 17.585 0.007
53272.242399 i 17.782 0.008
53272.243233 u 18.276 0.026
53272.244066 z 17.944 0.021
53272.244899 g 17.310 0.006
53286.210282 r 17.583 0.006
53286.211115 i 17.801 0.007
53286.211949 u 18.279 0.018
53286.212782 z 17.946 0.022
53286.213615 g 17.315 0.005
53288.168771 r 17.575 0.006
53288.169604 i 17.781 0.007
53288.170438 u 18.268 0.017
53288.171271 z 17.886 0.018
53288.172104 g 17.330 0.005
53294.196104 r 17.603 0.014
53294.196938 i 17.777 0.015
53294.197771 u 18.307 0.020
53294.198604 z 17.888 0.024
53294.199438 g 17.359 0.026
53302.164442 r 17.580 0.007
53302.165275 i 17.786 0.008
53302.166109 u 18.294 0.023
53302.166942 z 17.905 0.021
53302.167775 g 17.344 0.006
53312.119969 r 17.567 0.013
53312.120802 i 17.752 0.015
53312.121636 u 18.333 0.021
53312.122469 z 17.963 0.034
53312.123302 g 17.325 0.019
53314.121166 r 17.577 0.006
53314.121999 i 17.818 0.007
53314.122833 u 18.281 0.017
53314.123666 z 17.934 0.025
53314.124499 g 17.314 0.005
#53616.225538 r -99.000 0.013
#53616.226371 i -99.000 0.022
#53616.227205 u -99.000 0.052
#53616.228038 z -99.000 0.068
53616.228871 g 17.300 0.008
53623.215748 r 17.579 0.006
53623.216581 i 17.780 0.007
53623.217415 u 18.253 0.024
53623.218248 z 17.917 0.021
53623.219081 g 17.323 0.005
53626.201960 r 17.583 0.007
53626.202793 i 17.783 0.008
53626.203627 u 18.277 0.022
53626.204460 z 17.923 0.022
53626.205293 g 17.318 0.006
53628.186826 r 17.569 0.008
53628.187659 i 17.769 0.010
53628.188493 u 18.268 0.034
53628.189326 z 17.905 0.026
53628.190159 g 17.323 0.007
53637.188440 r 17.581 0.006
53637.189273 i 17.805 0.008
53637.190107 u 18.276 0.019
53637.190940 z 17.908 0.024
53637.191773 g 17.314 0.005
53644.180881 r 17.585 0.010
53644.181715 i 17.812 0.019
53644.182548 u 18.322 0.021
53644.183381 z 17.910 0.021
53644.184215 g 17.350 0.013
53654.215511 r 17.582 0.006
53654.216344 i 17.790 0.008
53654.217178 u 18.254 0.019
53654.218011 z 17.937 0.023
53654.218844 g 17.334 0.005
53656.163103 r 17.582 0.008
53656.163936 i 17.780 0.010
53656.164770 u 18.298 0.032
53656.165603 z 17.977 0.030
53656.166436 g 17.347 0.007
53663.176412 r 17.585 0.007
53663.177245 i 17.796 0.008
53663.178079 u 18.272 0.020
53663.178912 z 17.915 0.018
53663.179745 g 17.340 0.006
53665.154381 r 17.572 0.018
53665.155214 i 17.787 0.022
53665.156048 u 18.222 0.056
#53665.156881 z -99.000 0.107
53665.157714 g 17.365 0.023
53668.166012 r 17.579 0.006
53668.166845 i 17.779 0.008
53668.167679 u 18.279 0.018
53668.168512 z 17.924 0.027
53668.169345 g 17.312 0.005
53670.170866 r 17.593 0.006
53670.171699 i 17.804 0.007
53670.172533 u 18.264 0.018
53670.173366 z 17.878 0.022
53670.174199 g 17.313 0.005
53673.138848 r 17.589 0.006
53673.139681 i 17.789 0.007
53673.140515 u 18.287 0.017
53673.141348 z 17.964 0.022
53673.142181 g 17.315 0.005
53675.135736 r 17.574 0.006
53675.136569 i 17.775 0.007
53675.137403 u 18.318 0.018
53675.138236 z 17.893 0.023
53675.139069 g 17.313 0.005
53677.156768 r 17.586 0.006
53677.157601 i 17.795 0.007
53677.158435 u 18.267 0.018
53677.159268 z 17.944 0.019
53677.160101 g 17.320 0.005
53680.143434 r 17.598 0.006
53680.144267 i 17.791 0.007
53680.145101 u 18.288 0.019
53680.145934 z 17.900 0.019
53680.146767 g 17.317 0.005
53686.210139 r 18.232 0.015
53686.210972 i 21.908 0.424
#53686.211806 u 23.443 5.281
53686.212639 z 20.755 0.442
53686.213472 g 20.347 0.131
53693.145336 r 17.578 0.007
53693.146169 i 17.785 0.008
53693.147003 u 18.276 0.024
53693.147836 z 17.951 0.020
53693.148669 g 17.336 0.006
53702.141022 r 17.572 0.028
53702.141855 i 17.762 0.017
53702.142689 u 18.226 0.024
53702.143522 z 17.972 0.051
53702.144355 g 17.317 0.018
53703.150135 r 17.564 0.013
53703.150968 i 17.778 0.013
53703.151801 u 18.302 0.022
53703.152635 z 17.913 0.033
53703.153468 g 17.353 0.015
53704.128662 r 17.573 0.006
53704.129495 i 17.771 0.007
53704.130329 u 18.266 0.019
53704.131162 z 17.907 0.022
53704.131995 g 17.333 0.005
53989.224759 r 17.584 0.015
53989.225593 i 17.797 0.015
53989.226426 u 18.241 0.024
53989.227259 z 17.886 0.024
53989.228093 g 17.353 0.018
53995.213964 r 17.576 0.014
53995.214797 i 17.776 0.011
53995.215630 u 18.287 0.021
53995.216464 z 17.900 0.019
53995.217297 g 17.339 0.011
53997.192341 r 17.596 0.013
53997.193174 i 17.797 0.015
53997.194007 u 18.287 0.022
53997.194841 z 17.908 0.032
53997.195674 g 17.347 0.015
54000.200121 r 17.583 0.011
54000.200954 i 17.795 0.015
54000.201788 u 18.275 0.021
54000.202621 z 17.903 0.027
54000.203454 g 17.292 0.014
54007.176934 r 17.583 0.015
54007.177767 i 17.795 0.014
54007.178600 u 18.253 0.022
54007.179434 z 17.906 0.025
54007.180267 g 17.321 0.015
54009.174042 r 17.593 0.014
54009.174875 i 17.796 0.015
54009.175708 u 18.283 0.023
54009.176542 z 17.886 0.024
54009.177375 g 17.357 0.017
54011.238555 r 17.586 0.015
54011.239389 i 17.776 0.019
54011.240222 u 18.295 0.023
54011.241055 z 17.905 0.022
54011.241889 g 17.362 0.016
54019.188748 r 17.592 0.009
54019.189581 i 17.797 0.014
54019.190415 u 18.260 0.025
54019.191248 z 17.883 0.020
54019.192081 g 17.358 0.019
54025.237576 r 17.593 0.014
54025.238409 i 17.788 0.014
54025.239242 u 18.264 0.022
54025.240076 z 17.852 0.025
54025.240909 g 17.308 0.017
54029.167889 r 17.580 0.018
54029.168723 i 17.791 0.013
54029.169556 u 18.270 0.028
54029.170389 z 17.875 0.031
54029.171223 g 17.328 0.015
54051.144469 r 17.570 0.018
54051.145302 i 17.757 0.023
54051.146136 u 18.235 0.045
54051.146969 z 17.763 0.055
54051.147802 g 17.319 0.018
54356.246055 r 17.590 0.011
54356.246889 i 17.806 0.023
54356.247722 u 18.297 0.025
54356.248555 z 17.914 0.024
54356.249389 g 17.320 0.015
54358.191154 r 17.578 0.018
#54358.191987 i -99.000 0.028
54358.192821 u 18.318 0.038
54358.193654 z 17.877 0.029
54358.194487 g 17.335 0.017
54373.298375 r 17.563 0.033
#54373.299208 i -99.000 0.028
54373.300042 u 18.283 0.037
54373.300875 z 17.917 0.028
54373.301708 g 17.349 0.016
54382.233314 r 17.581 0.017
54382.234147 i 17.784 0.014
54382.234981 u 18.253 0.023
54382.235814 z 17.881 0.027
54382.236647 g 17.305 0.018
54386.236057 r 17.544 0.016
54386.236891 i 17.774 0.018
54386.237724 u 18.289 0.024
54386.238557 z 17.970 0.025
54386.239391 g 17.364 0.017
54388.240329 r 17.573 0.010
54388.241163 i 17.773 0.014
54388.241996 u 18.250 0.023
54388.242829 z 17.916 0.022
54388.243663 g 17.336 0.014
54403.154110 r 17.592 0.015
54403.154943 i 17.769 0.017
54403.155777 u 18.305 0.022
54403.156610 z 17.855 0.019
54403.157443 g 17.362 0.014
54406.147954 r 17.563 0.015
54406.148787 i 17.780 0.014
54406.149620 u 18.269 0.023
54406.150454 z 17.921 0.024
54406.151287 g 17.335 0.015
54412.150877 r 17.586 0.010
54412.151711 i 17.788 0.013
54412.152544 u 18.306 0.028
54412.153377 z 17.899 0.021
54412.154211 g 17.347 0.016
