51075.328344 r 19.299 0.014
51075.329177 i 19.189 0.021
51075.330011 u 19.597 0.033
51075.330844 z 19.128 0.079
51075.331677 g 19.481 0.013
51819.383177 r 19.266 0.015
51819.384010 i 19.173 0.020
51819.384844 u 19.462 0.034
51819.385677 z 19.099 0.053
51819.386510 g 19.449 0.015
52196.347547 r 19.226 0.013
52196.348380 i 19.124 0.016
52196.349214 u 19.517 0.036
52196.350047 z 19.129 0.062
52196.350880 g 19.380 0.012
52197.342017 r 19.216 0.016
52197.342850 i 19.124 0.019
52197.343684 u 19.410 0.032
52197.344517 z 19.103 0.060
52197.345350 g 19.411 0.013
52207.314350 r 19.232 0.013
52207.315183 i 19.128 0.016
52207.316017 u 19.424 0.031
52207.316850 z 19.165 0.056
52207.317683 g 19.373 0.011
52225.192149 r 19.250 0.014
52225.192982 i 19.173 0.016
52225.193816 u 19.484 0.033
52225.194649 z 19.133 0.063
52225.195482 g 19.397 0.012
52231.227931 r 19.259 0.013
52231.228764 i 19.158 0.016
52231.229598 u 19.562 0.035
52231.230431 z 19.172 0.055
52231.231264 g 19.430 0.012
52253.214098 r 19.312 0.014
52253.214931 i 19.208 0.016
52253.215765 u 19.625 0.041
52253.216598 z 19.060 0.058
52253.217431 g 19.540 0.014
52557.335933 r 19.281 0.014
52557.336766 i 19.183 0.018
52557.337600 u 19.697 0.046
52557.338433 z 19.023 0.067
52557.339266 g 19.550 0.014
52558.348461 r 19.280 0.014
52558.349294 i 19.173 0.017
52558.350128 u 19.653 0.034
52558.350961 z 19.056 0.044
52558.351794 g 19.531 0.014
52577.235964 r 19.359 0.014
52577.236797 i 19.251 0.019
52577.237631 u 19.622 0.033
52577.238464 z 19.145 0.051
52577.239297 g 19.561 0.013
52578.232018 r 19.325 0.014
52578.232851 i 19.231 0.017
52578.233685 u 19.685 0.067
52578.234518 z 19.170 0.059
52578.235351 g 19.564 0.012
52586.239442 r 19.373 0.015
52586.240275 i 19.292 0.021
52586.241109 u 19.667 0.033
52586.241942 z 19.114 0.060
52586.242775 g 19.604 0.013
52908.310500 r 19.455 0.015
52908.311333 i 19.355 0.019
52908.312167 u 19.775 0.043
52908.313000 z 19.226 0.075
52908.313833 g 19.698 0.015
52910.319923 r 19.454 0.018
52910.320756 i 19.371 0.023
52910.321590 u 19.718 0.035
52910.322423 z 19.193 0.050
52910.323256 g 19.663 0.017
52931.250125 r 19.484 0.015
52931.250958 i 19.371 0.021
52931.251792 u 19.776 0.038
52931.252625 z 19.287 0.059
52931.253458 g 19.692 0.015
52934.242402 r 19.453 0.019
52934.243235 i 19.376 0.023
52934.244069 u 19.803 0.051
52934.244902 z 19.219 0.088
52934.245735 g 19.669 0.016
52935.247088 r 19.488 0.016
52935.247921 i 19.386 0.022
52935.248755 u 19.737 0.038
52935.249588 z 19.282 0.062
52935.250421 g 19.693 0.015
52936.238328 r 19.451 0.015
52936.239161 i 19.367 0.017
52936.239995 u 19.785 0.038
52936.240828 z 19.222 0.059
52936.241661 g 19.699 0.014
52959.190418 r 19.435 0.014
52959.191251 i 19.374 0.017
52959.192085 u 19.749 0.033
52959.192918 z 19.208 0.041
52959.193751 g 19.645 0.013
52962.163852 r 19.466 0.017
52962.164685 i 19.295 0.023
52962.165519 u 19.763 0.049
52962.166352 z 19.175 0.088
52962.167185 g 19.592 0.016
52963.170161 r 19.451 0.013
52963.170994 i 19.348 0.017
52963.171828 u 19.737 0.030
52963.172661 z 19.256 0.042
52963.173494 g 19.664 0.013
53270.302390 r 19.163 0.014
53270.303224 i 19.134 0.018
53270.304057 u 19.442 0.030
53270.304890 z 19.074 0.052
53270.305724 g 19.351 0.016
53272.352331 r 19.147 0.013
53272.353164 i 19.105 0.016
53272.353998 u 19.376 0.032
53272.354831 z 19.147 0.061
53272.355664 g 19.319 0.012
53286.321049 r 19.132 0.014
53286.321882 i 19.086 0.017
53286.322716 u 19.302 0.034
53286.323549 z 18.961 0.052
53286.324382 g 19.270 0.012
53288.279541 r 19.129 0.013
53288.280374 i 19.061 0.015
53288.281208 u 19.301 0.035
53288.282041 z 19.083 0.063
53288.282874 g 19.238 0.011
53294.327215 r 19.111 0.016
53294.328048 i 19.049 0.019
53294.328882 u 19.252 0.035
53294.329715 z 19.098 0.072
53294.330548 g 19.242 0.013
53296.274259 r 19.153 0.021
53296.275093 i 19.066 0.023
53296.275926 u 19.306 0.049
53296.276759 z 18.983 0.064
53296.277593 g 19.246 0.020
53298.323994 r 19.122 0.015
53298.324827 i 19.048 0.018
53298.325661 u 19.291 0.035
53298.326494 z 18.988 0.067
53298.327327 g 19.252 0.013
53302.275208 r 19.166 0.018
53302.276041 i 19.061 0.018
53302.276875 u 19.368 0.047
53302.277708 z 18.908 0.049
53302.278541 g 19.265 0.019
53312.230755 r 19.159 0.020
53312.231588 i 19.073 0.021
53312.232421 u 19.320 0.039
53312.233255 z 19.022 0.067
53312.234088 g 19.322 0.019
53314.231938 r 19.118 0.013
53314.232771 i 19.042 0.017
53314.233605 u 19.301 0.032
53314.234438 z 19.101 0.069
53314.235271 g 19.274 0.011
53352.141229 r 19.158 0.017
53352.142062 i 19.057 0.022
53352.142896 u 19.334 0.029
53352.143729 z 19.010 0.046
53352.144562 g 19.340 0.015
53616.336298 r 19.342 0.019
53616.337131 i 19.216 0.023
53616.337965 u 19.538 0.053
53616.338798 z 19.043 0.088
53616.339631 g 19.533 0.016
53626.312724 r 19.377 0.014
53626.313557 i 19.286 0.017
53626.314391 u 19.682 0.038
53626.315224 z 19.162 0.060
53626.316057 g 19.554 0.013
53628.297590 r 19.371 0.021
53628.298423 i 19.307 0.024
53628.299257 u 19.586 0.072
53628.300090 z 19.268 0.078
53628.300923 g 19.546 0.027
53634.298997 r 19.357 0.022
53634.299830 i 19.325 0.025
53634.300664 u 19.477 0.066
53634.301497 z 19.176 0.053
53634.302330 g 19.516 0.031
53637.299205 r 19.340 0.020
53637.300038 i 19.296 0.024
53637.300872 u 19.605 0.058
53637.301705 z 19.189 0.094
53637.302538 g 19.542 0.023
53638.340332 r 19.373 0.015
53638.341165 i 19.287 0.019
53638.341999 u 19.547 0.037
53638.342832 z 19.239 0.052
53638.343665 g 19.569 0.016
53639.344582 r 19.375 0.014
53639.345415 i 19.277 0.016
53639.346249 u 19.629 0.038
53639.347082 z 19.172 0.052
53639.347915 g 19.540 0.014
53640.304368 r 19.387 0.018
53640.305201 i 19.268 0.022
53640.306035 u 19.584 0.043
53640.306868 z 18.999 0.053
53640.307701 g 19.506 0.015
53654.326275 r 19.338 0.015
53654.327108 i 19.243 0.018
53654.327942 u 19.654 0.040
53654.328775 z 19.052 0.060
53654.329608 g 19.564 0.013
53655.276539 r 19.383 0.023
53655.277372 i 19.272 0.027
53655.278206 u 19.596 0.052
53655.279039 z 19.106 0.070
53655.279872 g 19.522 0.022
53663.287179 r 19.296 0.018
53663.288012 i 19.277 0.020
53663.288846 u 19.645 0.058
53663.289679 z 19.172 0.059
53663.290512 g 19.588 0.023
53664.301496 r 19.308 0.022
53664.302329 i 19.175 0.028
53664.303163 u 19.488 0.070
53664.303996 z 19.256 0.096
53664.304829 g 19.515 0.034
53665.265149 r 19.318 0.019
53665.265982 i 19.294 0.024
53665.266816 u 19.637 0.050
53665.267649 z 19.072 0.055
53665.268482 g 19.598 0.048
53666.357277 r 19.389 0.018
53666.358110 i 19.310 0.019
53666.358944 u 19.886 0.078
53666.359777 z 19.235 0.066
53666.360610 g 19.566 0.020
53668.276779 r 19.400 0.019
53668.277612 i 19.311 0.023
53668.278446 u 19.750 0.053
53668.279279 z 19.245 0.079
53668.280112 g 19.623 0.017
53669.260738 r 19.376 0.013
53669.261571 i 19.265 0.018
53669.262405 u 19.628 0.031
53669.263238 z 19.117 0.043
53669.264071 g 19.550 0.013
53670.281632 r 19.372 0.015
53670.282465 i 19.308 0.019
53670.283299 u 19.683 0.042
53670.284132 z 19.273 0.070
53670.284965 g 19.570 0.013
53671.345505 r 19.368 0.017
53671.346338 i 19.232 0.022
53671.347172 u 19.660 0.051
53671.348005 z 19.224 0.056
53671.348838 g 19.562 0.015
53673.249617 r 19.400 0.015
53673.250450 i 19.291 0.017
53673.251284 u 19.632 0.037
53673.252117 z 19.167 0.060
53673.252950 g 19.581 0.013
53674.244975 r 19.382 0.017
53674.245808 i 19.265 0.021
53674.246642 u 19.610 0.038
53674.247475 z 19.138 0.054
53674.248308 g 19.543 0.015
53675.246505 r 19.377 0.017
53675.247338 i 19.257 0.020
53675.248172 u 19.630 0.038
53675.249005 z 19.054 0.064
53675.249838 g 19.565 0.013
53676.334448 r 19.366 0.014
53676.335281 i 19.294 0.018
53676.336115 u 19.631 0.038
53676.336948 z 19.183 0.041
53676.337781 g 19.580 0.014
53677.267536 r 19.356 0.013
53677.268369 i 19.321 0.017
53677.269203 u 19.691 0.039
53677.270036 z 19.046 0.048
53677.270869 g 19.606 0.013
53679.306342 r 19.322 0.018
53679.307175 i 19.211 0.022
53679.308009 u 19.638 0.043
53679.308842 z 19.052 0.061
53679.309675 g 19.498 0.015
53680.254202 r 19.386 0.015
53680.255035 i 19.304 0.017
53680.255869 u 19.609 0.038
53680.256702 z 19.129 0.055
53680.257535 g 19.586 0.013
53681.297855 r 19.416 0.021
53681.298688 i 19.288 0.024
#53681.299522 u -99.000 0.046
53681.300355 z 19.243 0.067
53681.301188 g 19.618 0.030
53685.256908 r 19.462 0.040
53685.257741 i 19.253 0.037
#53685.258575 u -99.000 0.089
53685.259408 z 19.198 0.078
53685.260241 g 19.538 0.041
53693.256097 r 19.336 0.020
53693.256930 i 19.304 0.021
53693.257764 u 19.656 0.073
53693.258597 z 19.239 0.068
53693.259430 g 19.569 0.027
53694.270784 r 19.406 0.033
#53694.271617 i -99.000 0.037
53694.272451 u 19.561 0.129
53694.273284 z 18.971 0.078
53694.274117 g 19.536 0.043
53697.254879 r 19.295 0.015
53697.255712 i 19.155 0.018
53697.256546 u 19.559 0.038
53697.257379 z 19.043 0.043
53697.258212 g 19.519 0.016
53698.253488 r 19.345 0.016
53698.254321 i 19.289 0.020
53698.255155 u 19.627 0.044
53698.255988 z 19.061 0.064
53698.256821 g 19.566 0.014
53700.253838 r 19.353 0.017
53700.254671 i 19.263 0.023
53700.255505 u 19.515 0.041
53700.256338 z 19.117 0.060
53700.257171 g 19.534 0.018
53704.239421 r 19.339 0.019
53704.240254 i 19.261 0.025
53704.241088 u 19.619 0.055
53704.241921 z 18.973 0.107
53704.242754 g 19.573 0.018
53705.240508 r 19.370 0.015
53705.241341 i 19.266 0.018
53705.242175 u 19.731 0.040
53705.243008 z 19.221 0.043
53705.243841 g 19.595 0.014
53974.332091 r 19.326 0.018
53974.332924 i 19.231 0.019
53974.333757 u 19.582 0.041
53974.334591 z 19.179 0.059
53974.335424 g 19.455 0.019
53975.325543 r 19.275 0.017
53975.326376 i 19.259 0.018
53975.327210 u 19.461 0.036
53975.328043 z 19.077 0.044
53975.328876 g 19.410 0.021
53977.380675 r 19.293 0.013
53977.381508 i 19.206 0.016
53977.382342 u 19.577 0.032
53977.383175 z 19.014 0.046
53977.384008 g 19.442 0.019
53989.335498 r 19.308 0.021
53989.336331 i 19.234 0.021
53989.337165 u 19.554 0.063
53989.337998 z 19.075 0.049
53989.338831 g 19.465 0.026
53990.338347 r 19.313 0.020
53990.339181 i 19.270 0.025
53990.340014 u 19.392 0.047
53990.340847 z 19.076 0.055
53990.341681 g 19.462 0.022
53994.348527 r 19.317 0.015
53994.349360 i 19.250 0.021
#53994.350193 u -99.000 0.028
53994.351027 z 19.136 0.051
53994.351860 g 19.422 0.019
53995.350096 r 19.341 0.013
53995.350929 i 19.260 0.017
53995.351763 u 19.534 0.032
53995.352596 z 19.101 0.050
53995.353429 g 19.463 0.014
53996.332301 r 19.297 0.017
53996.333135 i 19.228 0.021
#53996.333968 u -99.000 0.031
53996.334801 z 19.159 0.051
53996.335635 g 19.431 0.018
53998.301002 r 19.307 0.014
#53998.301835 i -99.000 0.024
#53998.302669 u -99.000 0.064
#53998.303502 z -99.000 0.098
#53998.304335 g -99.000 0.022
54000.310949 r 19.313 0.020
54000.311782 i 19.235 0.021
54000.312616 u 19.538 0.049
54000.313449 z 19.041 0.072
54000.314282 g 19.463 0.016
54005.331132 r 19.273 0.019
54005.331965 i 19.208 0.018
54005.332798 u 19.511 0.030
54005.333632 z 19.127 0.039
54005.334465 g 19.418 0.020
#54006.257754 r -99.000 0.026
54006.258587 i 19.258 0.034
54006.259420 u 19.510 0.035
#54006.260254 z -99.000 0.058
#54006.261087 g -99.000 0.033
54007.361037 r 19.325 0.025
54007.361870 i 19.235 0.020
54007.362704 u 19.597 0.039
54007.363537 z 19.201 0.064
54007.364370 g 19.476 0.027
54009.284866 r 19.328 0.016
54009.285699 i 19.204 0.020
54009.286533 u 19.563 0.059
54009.287366 z 19.118 0.057
54009.288199 g 19.443 0.016
54010.286355 r 19.301 0.019
54010.287188 i 19.254 0.021
54010.288021 u 19.488 0.028
54010.288855 z 19.062 0.036
54010.289688 g 19.416 0.021
54011.349294 r 19.343 0.016
54011.350127 i 19.247 0.020
54011.350961 u 19.451 0.034
54011.351794 z 19.157 0.047
54011.352627 g 19.465 0.017
54012.279308 r 19.323 0.021
54012.280141 i 19.229 0.023
54012.280975 u 19.464 0.049
54012.281808 z 19.011 0.045
54012.282641 g 19.462 0.024
54020.285190 r 19.327 0.024
54020.286023 i 19.228 0.028
#54020.286857 u -99.000 0.049
54020.287690 z 19.226 0.072
54020.288523 g 19.463 0.026
54024.366834 r 19.286 0.023
54024.367667 i 19.229 0.026
54024.368500 u 19.465 0.043
54024.369334 z 19.203 0.070
#54024.370167 g -99.000 0.022
54025.348328 r 19.263 0.025
54025.349161 i 19.229 0.022
54025.349995 u 19.494 0.040
54025.350828 z 19.064 0.060
54025.351661 g 19.497 0.016
54028.355079 r 19.322 0.025
54028.355913 i 19.215 0.028
54028.356746 u 19.425 0.040
54028.357579 z 19.046 0.059
54028.358413 g 19.479 0.016
54029.278719 r 19.344 0.021
#54029.279552 i -99.000 0.046
54029.280386 u 19.507 0.039
54029.281219 z 19.158 0.086
54029.282052 g 19.415 0.023
54030.278755 r 19.306 0.016
54030.279588 i 19.238 0.017
54030.280422 u 19.469 0.027
54030.281255 z 19.198 0.041
54030.282088 g 19.452 0.014
54035.354555 r 19.276 0.023
54035.355389 i 19.251 0.027
54035.356222 u 19.469 0.076
54035.357055 z 19.072 0.073
54035.357889 g 19.407 0.021
54037.259980 r 19.287 0.017
54037.260813 i 19.266 0.019
54037.261647 u 19.454 0.030
54037.262480 z 19.123 0.043
54037.263313 g 19.438 0.016
54040.274673 r 19.242 0.024
54040.275507 i 19.166 0.026
54040.276340 u 19.490 0.063
54040.277173 z 19.118 0.060
54040.278007 g 19.400 0.029
54049.301153 r 19.307 0.023
54049.301986 i 19.193 0.029
#54049.302819 u -99.000 0.060
54049.303653 z 19.051 0.064
54049.304486 g 19.394 0.023
54053.265240 r 19.249 0.015
54053.266073 i 19.161 0.024
54053.266906 u 19.419 0.028
54053.267740 z 19.129 0.044
54053.268573 g 19.387 0.015
54056.266908 r 19.245 0.020
54056.267741 i 19.205 0.025
54056.268575 u 19.401 0.035
54056.269408 z 19.001 0.064
54056.270241 g 19.402 0.018
54059.261213 r 19.248 0.035
54059.262047 i 19.160 0.026
#54059.262880 u -99.000 0.054
54059.263713 z 19.022 0.067
54059.264547 g 19.372 0.023
54062.266085 r 19.262 0.018
54062.266919 i 19.133 0.024
54062.267752 u 19.354 0.032
54062.268585 z 18.976 0.056
54062.269419 g 19.407 0.017
54068.246655 r 19.318 0.034
54068.247488 i 19.110 0.027
54068.248321 u 19.411 0.068
54068.249155 z 19.057 0.060
54068.249988 g 19.309 0.029
54348.346044 r 19.147 0.017
54348.346878 i 19.128 0.022
54348.347711 u 19.307 0.034
54348.348544 z 19.098 0.054
54348.349378 g 19.344 0.018
54357.304396 r 19.176 0.017
54357.305229 i 19.114 0.017
#54357.306063 u -99.000 0.028
54357.306896 z 19.040 0.034
54357.307729 g 19.343 0.022
54358.301901 r 19.194 0.021
54358.302735 i 19.134 0.023
54358.303568 u 19.422 0.047
54358.304401 z 19.119 0.071
54358.305235 g 19.370 0.035
54359.296123 r 19.204 0.023
54359.296957 i 19.141 0.028
#54359.297790 u -99.000 0.057
54359.298623 z 19.158 0.138
54359.299457 g 19.356 0.023
54365.334941 r 19.156 0.015
54365.335775 i 19.095 0.021
54365.336608 u 19.419 0.026
54365.337441 z 18.919 0.041
54365.338275 g 19.318 0.025
54381.354563 r 19.134 0.017
54381.355396 i 19.093 0.019
54381.356230 u 19.341 0.029
54381.357063 z 18.955 0.041
54381.357896 g 19.323 0.015
54382.334424 r 19.157 0.019
54382.335258 i 19.018 0.032
54382.336091 u 19.363 0.038
54382.336924 z 19.020 0.068
54382.337758 g 19.317 0.019
54384.361176 r 19.137 0.016
54384.362009 i 19.054 0.025
54384.362842 u 19.467 0.049
54384.363676 z 19.079 0.057
54384.364509 g 19.323 0.017
54385.352211 r 19.153 0.014
54385.353044 i 19.078 0.015
54385.353878 u 19.411 0.028
54385.354711 z 19.013 0.034
54385.355544 g 19.333 0.026
54386.346855 r 19.155 0.017
54386.347688 i 19.073 0.021
54386.348521 u 19.375 0.040
54386.349355 z 19.008 0.065
54386.350188 g 19.391 0.017
54387.352734 r 19.169 0.019
54387.353567 i 19.015 0.023
54387.354401 u 19.386 0.035
54387.355234 z 18.988 0.051
54387.356067 g 19.336 0.021
54388.351120 r 19.170 0.017
54388.351953 i 19.064 0.015
54388.352786 u 19.388 0.036
54388.353620 z 18.986 0.047
54388.354453 g 19.345 0.016
54392.347440 r 19.161 0.018
54392.348274 i 19.056 0.031
#54392.349107 u -99.000 0.034
54392.349940 z 18.983 0.056
#54392.350774 g -99.000 0.017
54402.345886 r 19.144 0.024
54402.346719 i 19.064 0.025
54402.347553 u 19.388 0.074
54402.348386 z 18.933 0.051
54402.349219 g 19.347 0.033
54403.264933 r 19.140 0.038
54403.265766 i 19.070 0.047
54403.266600 u 19.394 0.112
54403.267433 z 18.989 0.111
54403.268266 g 19.417 0.038
54404.322488 r 19.152 0.019
54404.323322 i 19.133 0.017
54404.324155 u 19.510 0.047
54404.324988 z 19.026 0.055
54404.325822 g 19.412 0.021
54405.320422 r 19.189 0.019
54405.321255 i 19.119 0.021
54405.322089 u 19.283 0.053
54405.322922 z 19.072 0.054
54405.323755 g 19.374 0.019
54406.258728 r 19.182 0.018
54406.259562 i 19.077 0.027
#54406.260395 u -99.000 0.035
54406.261228 z 18.924 0.060
54406.262062 g 19.330 0.025
54412.261634 r 19.214 0.018
54412.262467 i 19.113 0.020
54412.263301 u 19.315 0.038
54412.264134 z 19.182 0.062
54412.264967 g 19.357 0.015
