51467.313971 r 19.542 0.023
51467.314804 i 19.233 0.026
51467.315638 u 20.005 0.078
51467.316471 z 19.177 0.084
51467.317304 g 19.715 0.022
51819.289942 r 19.490 0.016
51819.290775 i 19.238 0.020
51819.291609 u 19.986 0.049
51819.292442 z 19.212 0.057
51819.293275 g 19.644 0.015
52172.305504 r 19.573 0.016
52172.306337 i 19.284 0.019
52172.307171 u 19.923 0.043
52172.308004 z 19.331 0.060
52172.308837 g 19.713 0.016
52172.355679 r 19.559 0.017
52172.356512 i 19.310 0.020
52172.357346 u 19.954 0.050
52172.358179 z 19.359 0.063
52172.359012 g 19.722 0.017
52558.255208 r 19.529 0.015
52558.256041 i 19.294 0.019
52558.256875 u 19.934 0.041
52558.257708 z 19.235 0.050
52558.258541 g 19.698 0.014
52577.142702 r 19.532 0.017
52577.143535 i 19.302 0.022
52577.144369 u 19.954 0.042
52577.145202 z 19.264 0.067
52577.146035 g 19.770 0.016
52586.146180 r 19.601 0.018
52586.147013 i 19.348 0.022
52586.147847 u 19.994 0.040
52586.148680 z 19.247 0.059
52586.149513 g 19.861 0.015
52931.156863 r 19.652 0.016
52931.157696 i 19.458 0.021
52931.158530 u 20.040 0.043
52931.159363 z 19.612 0.071
52931.160196 g 19.801 0.016
52935.153828 r 19.645 0.018
52935.154661 i 19.409 0.022
52935.155495 u 20.150 0.049
52935.156328 z 20.060 0.111
52935.157161 g 19.814 0.016
53313.147029 r 19.654 0.023
53313.147862 i 19.434 0.026
53313.148696 u 20.099 0.061
53313.149529 z 19.360 0.081
53313.150362 g 19.800 0.017
53622.256273 r 19.587 0.021
53622.257106 i 19.286 0.026
53622.257940 u 19.929 0.057
53622.258773 z 19.381 0.091
53622.259606 g 19.771 0.021
53625.252237 r 19.545 0.015
53625.253070 i 19.332 0.018
53625.253904 u 19.906 0.040
53625.254737 z 19.373 0.050
53625.255570 g 19.733 0.015
53634.205742 r 19.638 0.047
53634.206575 i 19.340 0.043
53634.207409 u 19.867 0.141
#53634.208242 z -99.000 0.099
53634.209075 g 19.831 0.057
53636.211275 r 19.582 0.019
53636.212108 i 19.344 0.022
53636.212942 u 19.942 0.056
53636.213775 z 19.228 0.057
53636.214608 g 19.725 0.021
53655.183280 r 19.498 0.031
53655.184113 i 19.260 0.032
53655.184947 u 19.882 0.092
53655.185780 z 19.188 0.076
53655.186613 g 19.619 0.029
53664.208239 r 19.528 0.027
53664.209072 i 19.273 0.027
53664.209906 u 19.763 0.075
53664.210739 z 19.212 0.076
53664.211572 g 19.626 0.030
53666.171840 r 19.498 0.016
53666.172673 i 19.312 0.021
53666.173507 u 19.856 0.039
53666.174340 z 19.381 0.065
53666.175173 g 19.678 0.014
53669.167479 r 19.529 0.016
53669.168312 i 19.344 0.021
53669.169146 u 19.819 0.038
53669.169979 z 19.345 0.062
53669.170812 g 19.650 0.014
53674.151714 r 19.520 0.018
53674.152547 i 19.328 0.021
53674.153381 u 19.798 0.042
53674.154214 z 19.361 0.056
53674.155047 g 19.632 0.014
53676.241207 r 19.529 0.016
53676.242040 i 19.293 0.018
53676.242874 u 19.834 0.044
53676.243707 z 19.850 0.078
53676.244540 g 19.646 0.015
53679.213091 r 19.488 0.020
53679.213924 i 19.313 0.025
53679.214758 u 19.839 0.053
53679.215591 z 19.393 0.076
53679.216424 g 19.642 0.017
53681.204602 r 19.544 0.015
53681.205435 i 19.304 0.017
53681.206269 u 19.835 0.040
53681.207102 z 19.200 0.041
53681.207935 g 19.613 0.013
53685.163649 r 19.535 0.035
53685.164482 i 19.305 0.032
53685.165316 u 19.773 0.089
53685.166149 z 19.508 0.137
53685.166982 g 19.563 0.037
53687.201994 r 19.465 0.031
53687.202827 i 19.298 0.030
53687.203661 u 20.127 0.164
53687.204494 z 19.213 0.059
53687.205327 g 19.682 0.041
53694.177536 r 19.491 0.045
53694.178369 i 19.277 0.044
53694.179203 u 19.808 0.133
53694.180036 z 19.440 0.139
53694.180869 g 19.606 0.047
53697.161626 r 19.459 0.028
53697.162459 i 19.235 0.031
#53697.163293 u -99.000 0.057
53697.164126 z 19.303 0.084
53697.164959 g 19.559 0.020
53700.160586 r 19.472 0.017
53700.161419 i 19.247 0.020
53700.162253 u 19.746 0.041
53700.163086 z 19.259 0.055
53700.163919 g 19.565 0.014
53705.147256 r 19.461 0.019
53705.148089 i 19.286 0.022
53705.148923 u 19.638 0.039
53705.149756 z 19.201 0.056
53705.150589 g 19.564 0.015
53975.232282 r 19.470 0.022
53975.233116 i 19.283 0.022
53975.233949 u 19.954 0.044
53975.234782 z 19.237 0.059
53975.235616 g 19.646 0.019
53993.300056 r 19.447 0.017
53993.300889 i 19.239 0.017
53993.301723 u 19.912 0.057
53993.302556 z 19.216 0.045
53993.303389 g 19.636 0.020
53996.239003 r 19.494 0.020
53996.239836 i 19.245 0.020
53996.240669 u 19.910 0.039
53996.241503 z 19.303 0.048
53996.242336 g 19.659 0.020
53998.207608 r 19.497 0.020
53998.208441 i 19.265 0.023
53998.209275 u 19.864 0.036
53998.210108 z 19.284 0.046
53998.210941 g 19.627 0.020
54005.237870 r 19.494 0.017
54005.238704 i 19.254 0.019
54005.239537 u 19.921 0.035
54005.240370 z 19.204 0.043
54005.241204 g 19.646 0.019
54010.193104 r 19.510 0.021
54010.193938 i 19.272 0.022
54010.194771 u 19.913 0.050
54010.195604 z 19.249 0.045
54010.196438 g 19.846 0.036
54012.185990 r 19.561 0.029
54012.186823 i 19.263 0.027
54012.187657 u 19.948 0.079
54012.188490 z 19.209 0.054
54012.189323 g 19.599 0.030
54020.191911 r 19.497 0.019
54020.192744 i 19.262 0.021
54020.193577 u 20.011 0.058
54020.194411 z 19.290 0.054
54020.195244 g 19.654 0.019
#54022.241206 r -99.000 0.015
54022.242039 i 19.266 0.021
54022.242873 u 19.844 0.036
54022.243706 z 19.150 0.036
#54022.244539 g -99.000 0.017
54028.182305 r 19.528 0.020
54028.183138 i 19.254 0.025
54028.183971 u 19.821 0.040
54028.184805 z 19.280 0.053
54028.185638 g 19.667 0.026
54030.185472 r 19.511 0.017
54030.186305 i 19.274 0.019
54030.187139 u 19.913 0.037
54030.187972 z 19.558 0.120
54030.188805 g 19.705 0.019
54035.261246 r 19.515 0.025
54035.262079 i 19.260 0.037
54035.262912 u 19.957 0.104
54035.263746 z 19.214 0.083
54035.264579 g 19.704 0.025
54037.166741 r 19.519 0.020
54037.167574 i 19.258 0.022
54037.168408 u 19.911 0.046
54037.169241 z 19.214 0.048
54037.170074 g 19.719 0.021
54040.181239 r 19.569 0.038
54040.182072 i 19.252 0.034
#54040.182906 u -99.000 0.134
54040.183739 z 19.252 0.082
54040.184572 g 19.706 0.043
54050.165910 r 19.524 0.028
54050.166744 i 19.255 0.031
54050.167577 u 19.998 0.067
54050.168410 z 19.192 0.105
54050.169244 g 19.721 0.027
54053.171982 r 19.538 0.020
54053.172816 i 19.307 0.024
54053.173649 u 20.095 0.057
54053.174482 z 19.208 0.063
54053.175316 g 19.695 0.031
54056.173711 r 19.578 0.040
54056.174544 i 19.285 0.032
54056.175378 u 19.972 0.066
54056.176211 z 19.204 0.105
54056.177044 g 19.735 0.080
54057.142312 r 19.577 0.019
54057.143145 i 19.323 0.021
54057.143978 u 20.022 0.041
54057.144812 z 19.275 0.051
54057.145645 g 19.761 0.018
54059.167951 r 19.582 0.021
54059.168785 i 19.303 0.026
54059.169618 u 20.105 0.058
54059.170451 z 19.274 0.057
54059.171285 g 19.727 0.021
54061.179022 r 19.561 0.021
54061.179856 i 19.306 0.025
54061.180689 u 19.973 0.063
54061.181522 z 19.193 0.062
54061.182356 g 19.747 0.021
54062.172835 r 19.511 0.020
54062.173669 i 19.334 0.026
54062.174502 u 20.103 0.074
54062.175335 z 19.249 0.078
54062.176169 g 19.695 0.026
54068.162846 r 19.565 0.046
54068.163679 i 19.407 0.049
54068.164513 u 19.790 0.110
54068.165346 z 19.314 0.097
54068.166179 g 19.750 0.051
54357.211146 r 19.593 0.019
54357.211980 i 19.342 0.021
54357.212813 u 20.051 0.055
54357.213646 z 19.200 0.047
54357.214480 g 19.786 0.018
54365.209069 r 19.647 0.030
54365.209902 i 19.362 0.025
54365.210735 u 19.908 0.070
54365.211569 z 19.264 0.066
54365.212402 g 19.741 0.025
54376.269640 r 19.599 0.027
54376.270473 i 19.369 0.025
54376.271307 u 20.016 0.054
54376.272140 z 19.432 0.070
54376.272973 g 19.766 0.026
54385.258965 r 19.581 0.023
54385.259799 i 19.345 0.024
54385.260632 u 19.950 0.047
54385.261465 z 19.511 0.100
54385.262299 g 19.784 0.024
54387.259468 r 19.599 0.021
54387.260302 i 19.345 0.023
54387.261135 u 19.959 0.054
54387.261968 z 19.343 0.069
54387.262802 g 19.751 0.021
54392.254185 r 19.597 0.026
54392.255019 i 19.365 0.027
54392.255852 u 20.095 0.062
54392.256685 z 19.318 0.052
54392.257519 g 19.787 0.020
54402.252669 r 19.615 0.034
54402.253503 i 19.340 0.030
54402.254336 u 19.913 0.120
54402.255169 z 19.348 0.096
54402.256003 g 19.688 0.038
