51467.299658 r 18.329 0.011
51467.300491 i 17.225 0.007
#51467.301325 u 23.164 1.312
51467.302158 z 16.544 0.012
51467.302991 g 19.854 0.024
51819.275547 r 18.520 0.009
51819.276380 i 17.414 0.007
51819.277214 u 22.974 0.495
51819.278047 z 16.647 0.010
51819.278880 g 19.946 0.018
52172.291139 r 18.519 0.009
52172.291972 i 17.327 0.007
52172.292806 u 22.981 0.457
52172.293639 z 16.523 0.009
52172.294472 g 19.969 0.018
52172.341306 r 18.525 0.009
52172.342139 i 17.305 0.007
52172.342973 u 22.500 0.375
52172.343806 z 16.675 0.010
52172.344639 g 19.978 0.019
52558.240830 r 18.461 0.009
52558.241663 i 17.266 0.006
52558.242497 u 22.196 0.258
52558.243330 z 16.624 0.009
52558.244163 g 19.917 0.017
52577.128323 r 18.583 0.011
52577.129156 i 17.366 0.008
52577.129990 u 22.166 0.266
52577.130823 z 16.759 0.012
52577.131656 g 19.966 0.019
52586.131801 r 18.503 0.009
52586.132634 i 17.345 0.007
52586.133468 u 22.681 0.405
52586.134301 z 16.655 0.010
52586.135134 g 19.910 0.018
52931.142485 r 18.501 0.009
52931.143318 i 17.284 0.007
52931.144152 u 22.661 0.284
52931.144985 z 16.643 0.009
52931.145818 g 19.951 0.016
52935.139448 r 18.504 0.009
52935.140281 i 17.300 0.006
52935.141115 u 22.295 0.254
52935.141948 z 16.637 0.009
52935.142781 g 19.922 0.016
53313.132651 r 18.529 0.009
53313.133484 i 17.279 0.006
53313.134318 u 22.968 0.570
53313.135151 z 16.719 0.010
53313.135984 g 20.004 0.020
53625.237859 r 18.495 0.009
53625.238692 i 17.300 0.007
53625.239526 u 22.533 0.321
53625.240359 z 16.709 0.010
53625.241192 g 19.982 0.020
53636.196897 r 18.496 0.009
53636.197730 i 17.283 0.007
53636.198564 u 22.435 0.363
53636.199397 z 16.649 0.009
53636.200230 g 19.957 0.023
53655.168902 r 18.450 0.013
53655.169735 i 17.252 0.007
#53655.170569 u 22.676 1.035
53655.171402 z 16.721 0.012
53655.172235 g 19.901 0.041
53666.157461 r 18.504 0.009
53666.158294 i 17.283 0.007
53666.159128 u 22.108 0.207
53666.159961 z 16.699 0.010
53666.160794 g 19.958 0.016
53669.153100 r 18.551 0.009
53669.153933 i 17.346 0.007
53669.154767 u 22.446 0.269
53669.155600 z 16.738 0.010
53669.156433 g 20.014 0.017
53674.137336 r 18.499 0.009
53674.138169 i 17.287 0.006
53674.139003 u 23.271 0.524
53674.139836 z 16.664 0.009
53674.140669 g 19.943 0.017
53676.226830 r 18.564 0.010
53676.227663 i 17.327 0.007
53676.228497 u 22.923 0.423
53676.229330 z 16.708 0.009
53676.230163 g 19.980 0.017
53679.198714 r 18.245 0.009
53679.199547 i 17.099 0.006
#53679.200381 u 23.435 1.358
53679.201214 z 16.474 0.010
53679.202047 g 19.749 0.021
53681.190225 r 18.533 0.009
53681.191058 i 17.317 0.007
53681.191892 u 22.238 0.266
53681.192725 z 16.718 0.010
53681.193558 g 19.986 0.018
53685.149271 r 18.484 0.014
53685.150104 i 17.268 0.008
53685.150938 u 21.534 0.400
53685.151771 z 16.683 0.010
53685.152604 g 19.956 0.048
53687.187618 r 18.511 0.013
53687.188451 i 17.305 0.007
53687.189285 u 22.262 0.993
53687.190118 z 16.668 0.010
53687.190951 g 19.922 0.046
53697.147250 r 18.550 0.113
#53697.148083 i -99.000 0.044
#53697.148917 u -99.000 0.744
#53697.149750 z -99.000 0.056
53697.150583 g 19.971 0.118
53700.146210 r 18.517 0.009
53700.147043 i 17.282 0.006
53700.147877 u 22.462 0.332
53700.148710 z 16.646 0.009
53700.149543 g 19.954 0.018
53705.132880 r 18.504 0.009
53705.133713 i 17.296 0.006
53705.134547 u 22.775 0.426
53705.135380 z 16.626 0.009
53705.136213 g 19.911 0.019
53975.217888 r 18.501 0.033
53975.218721 i 17.285 0.035
53975.219554 u 22.459 0.275
53975.220388 z 16.661 0.029
53975.221221 g 19.914 0.036
53993.285677 r 18.724 0.055
53993.286510 i 17.371 0.044
53993.287343 u 22.923 0.773
53993.288177 z 16.731 0.055
53993.289010 g 19.958 0.043
53996.224615 r 18.545 0.045
53996.225448 i 17.333 0.046
53996.226282 u 23.091 0.692
53996.227115 z 16.754 0.045
53996.227948 g 19.995 0.046
53998.193244 r 18.527 0.040
53998.194078 i 17.318 0.039
53998.194911 u 22.335 0.235
53998.195744 z 16.678 0.040
53998.196578 g 19.996 0.042
54010.178737 r 18.523 0.044
54010.179571 i 17.339 0.053
54010.180404 u 22.307 0.347
54010.181237 z 16.690 0.048
54010.182071 g 20.013 0.049
54012.171585 r 18.489 0.034
54012.172419 i 17.309 0.051
#54012.173252 u 100.007 99.999
54012.174085 z 16.656 0.049
54012.174919 g 19.924 0.050
54020.177538 r 18.498 0.036
54020.178372 i 17.272 0.036
54020.179205 u 22.780 0.372
54020.180038 z 16.654 0.039
54020.180872 g 19.934 0.036
#54022.226821 r -99.000 0.047
54022.227655 i 17.353 0.047
54022.228488 u 22.477 0.394
54022.229321 z 16.792 0.057
#54022.230155 g -99.000 0.043
54028.167910 r 18.569 0.038
54028.168744 i 17.295 0.039
54028.169577 u 21.686 0.225
54028.170410 z 16.629 0.052
54028.171244 g 19.868 0.035
54030.171093 r 18.532 0.047
54030.171927 i 17.307 0.041
54030.172760 u 23.063 0.457
54030.173593 z 16.724 0.038
54030.174427 g 19.972 0.048
#54032.160367 r -99.000 0.106
#54032.161200 i -99.000 0.044
#54032.162034 u -99.000 1.959
#54032.162867 z -99.000 0.043
#54032.163700 g -99.000 0.053
54037.152339 r 18.568 0.042
54037.153173 i 17.333 0.042
54037.154006 u 21.893 0.212
54037.154839 z 16.710 0.054
54037.155673 g 19.978 0.048
54040.166907 r 18.577 0.039
54040.167741 i 17.361 0.045
#54040.168574 u 99.995 99.999
54040.169407 z 16.627 0.062
54040.170241 g 19.885 0.057
54050.151448 r 18.510 0.035
54050.152281 i 17.325 0.034
54050.153115 u 22.743 0.538
54050.153948 z 16.667 0.030
54050.154781 g 19.922 0.034
54053.157610 r 18.552 0.037
54053.158443 i 17.293 0.033
54053.159276 u 23.224 0.729
54053.160110 z 16.659 0.035
54053.160943 g 19.866 0.028
54057.127953 r 18.519 0.039
54057.128787 i 17.387 0.045
54057.129620 u 23.536 0.796
54057.130453 z 16.820 0.086
54057.131287 g 19.993 0.045
54059.153562 r 18.406 0.026
54059.154395 i 17.265 0.039
54059.155229 u 22.640 1.000
54059.156062 z 16.659 0.030
54059.156895 g 19.857 0.030
54061.164624 r 18.540 0.029
54061.165458 i 17.304 0.035
54061.166291 u 22.232 0.276
54061.167124 z 16.644 0.033
54061.167958 g 19.866 0.035
54357.196753 r 18.523 0.034
54357.197586 i 17.283 0.039
54357.198420 u 22.057 0.234
54357.199253 z 16.775 0.058
54357.200086 g 19.914 0.030
54365.194611 r 18.549 0.036
54365.195444 i 17.298 0.035
#54365.196277 u -99.000 4.244
54365.197111 z 16.687 0.032
54365.197944 g 19.991 0.052
54385.244575 r 18.492 0.038
54385.245408 i 17.264 0.037
#54385.246242 u 23.606 1.051
54385.247075 z 16.660 0.033
54385.247908 g 19.908 0.031
54387.245083 r 18.501 0.025
54387.245916 i 17.314 0.035
54387.246749 u 22.097 0.278
54387.247583 z 16.657 0.034
54387.248416 g 21.310 0.105
54392.239817 r 18.566 0.043
54392.240650 i 17.366 0.042
54392.241484 u 22.691 0.589
54392.242317 z 16.910 0.050
54392.243150 g 20.027 0.038
54402.238354 r 18.492 0.034
54402.239187 i 17.260 0.040
#54402.240020 u 99.969 99.999
54402.240854 z 16.622 0.039
54402.241687 g 19.998 0.059
