51081.358416 r 20.321 0.033
51081.359249 i 20.276 0.047
51081.360083 u 20.938 0.103
51081.360916 z 20.020 0.119
51081.361749 g 20.467 0.026
51819.429547 r 20.550 0.043
51819.430380 i 20.330 0.052
51819.431214 u 21.258 0.165
51819.432047 z 20.004 0.141
51819.432880 g 20.651 0.033
52225.254239 r 20.462 0.033
52225.255072 i 20.386 0.047
52225.255906 u 21.059 0.105
52225.256739 z 20.177 0.143
52225.257572 g 20.567 0.028
52288.088659 r 20.477 0.036
52288.089492 i 20.376 0.043
52288.090326 u 20.967 0.096
52288.091159 z 20.206 0.114
52288.091992 g 20.512 0.027
52551.361951 r 20.308 0.032
52551.362784 i 20.275 0.046
52551.363618 u 21.305 0.144
52551.364451 z 19.883 0.111
52551.365284 g 20.407 0.024
52558.394826 r 20.353 0.028
52558.395659 i 20.231 0.036
52558.396493 u 21.053 0.096
52558.397326 z 19.831 0.083
52558.398159 g 20.424 0.022
52576.227876 r 20.372 0.029
52576.228709 i 20.143 0.035
52576.229543 u 20.949 0.088
52576.230376 z 19.668 0.088
52576.231209 g 20.416 0.022
52577.282333 r 20.376 0.032
52577.283166 i 20.218 0.040
52577.284000 u 21.140 0.107
52577.284833 z 20.003 0.114
52577.285666 g 20.470 0.024
52585.229410 r 20.299 0.033
52585.230243 i 20.220 0.054
52585.231077 u 20.963 0.092
52585.231910 z 19.655 0.130
52585.232743 g 20.401 0.022
52910.366289 r 20.133 0.027
52910.367122 i 20.103 0.037
#52910.367956 u -99.000 0.078
52910.368789 z 19.845 0.103
52910.369622 g 20.203 0.021
52935.293458 r 20.092 0.028
52935.294291 i 20.036 0.043
52935.295125 u 20.734 0.087
52935.295958 z 19.514 0.099
52935.296791 g 20.190 0.023
52963.216533 r 20.146 0.025
52963.217366 i 20.044 0.031
52963.218200 u 20.595 0.059
52963.219033 z 19.828 0.085
52963.219866 g 20.168 0.019
52971.207449 r 20.125 0.027
52971.208282 i 20.058 0.037
52971.209116 u 20.762 0.089
52971.209949 z 19.866 0.098
52971.210782 g 20.181 0.020
53351.138838 r 20.120 0.025
53351.139671 i 20.033 0.037
53351.140505 u 20.746 0.082
53351.141338 z 19.637 0.096
53351.142171 g 20.196 0.020
53622.395893 r 19.929 0.024
53622.396726 i 19.891 0.040
53622.397560 u 20.666 0.100
53622.398393 z 19.544 0.089
53622.399226 g 20.015 0.020
53634.345364 r 20.011 0.067
#53634.346197 i -99.000 0.069
53634.347031 u 20.451 0.229
53634.347864 z 19.745 0.127
53634.348697 g 20.089 0.068
53638.386699 r 19.983 0.028
53638.387532 i 19.869 0.032
53638.388366 u 20.468 0.080
53638.389199 z 19.591 0.086
53638.390032 g 20.017 0.023
53640.350735 r 20.000 0.023
53640.351568 i 19.931 0.031
53640.352402 u 20.440 0.072
53640.353235 z 19.647 0.080
53640.354068 g 20.045 0.019
#53646.412133 r -99.000 0.034
#53646.412966 i -99.000 0.054
53646.413800 u 20.392 0.094
53646.414633 z 19.635 0.104
53646.415466 g 20.032 0.020
53655.322908 r 19.993 0.027
53655.323741 i 19.894 0.038
53655.324575 u 20.469 0.076
53655.325408 z 19.718 0.115
53655.326241 g 19.991 0.019
53664.347864 r 19.916 0.079
53664.348697 i 19.920 0.090
53664.349531 u 20.525 0.213
53664.350364 z 19.874 0.217
#53664.351197 g -99.000 0.068
53665.412487 r 19.939 0.034
53665.413320 i 19.940 0.043
53665.414154 u 20.450 0.139
53665.414987 z 19.626 0.107
53665.415820 g 20.053 0.040
53669.307109 r 19.935 0.022
53669.307942 i 19.899 0.031
53669.308776 u 20.467 0.064
53669.309609 z 19.737 0.086
53669.310442 g 19.975 0.019
53671.391865 r 19.981 0.030
53671.392698 i 19.915 0.039
53671.393532 u 20.581 0.114
53671.394365 z 19.667 0.107
53671.395198 g 20.026 0.024
53674.291346 r 19.878 0.026
53674.292179 i 19.843 0.038
53674.293013 u 20.504 0.100
53674.293846 z 19.556 0.100
53674.294679 g 19.970 0.021
53676.380808 r 19.939 0.029
53676.381641 i 19.918 0.040
53676.382475 u 20.352 0.088
53676.383308 z 19.453 0.076
53676.384141 g 19.958 0.019
53679.352707 r 19.926 0.031
53679.353540 i 19.770 0.040
53679.354374 u 20.482 0.106
53679.355207 z 19.413 0.112
53679.356040 g 19.970 0.021
53681.344219 r 19.961 0.026
53681.345052 i 19.912 0.033
53681.345886 u 20.405 0.071
53681.346719 z 19.694 0.079
53681.347552 g 20.002 0.018
53684.305714 r 19.977 0.029
53684.306547 i 19.927 0.040
53684.307381 u 20.611 0.090
53684.308214 z 19.562 0.089
53684.309047 g 20.001 0.022
53685.303276 r 19.894 0.035
53685.304109 i 19.854 0.042
53685.304943 u 20.358 0.096
53685.305776 z 19.934 0.119
53685.306609 g 19.998 0.034
53694.317157 r 20.062 0.074
53694.317990 i 19.896 0.066
53694.318824 u 20.339 0.263
53694.319657 z 19.587 0.145
53694.320490 g 20.034 0.064
53697.301245 r 19.987 0.027
53697.302078 i 19.892 0.033
53697.302912 u 20.428 0.086
53697.303745 z 19.859 0.101
53697.304578 g 20.026 0.024
53700.300202 r 19.953 0.030
53700.301035 i 19.894 0.047
53700.301869 u 20.397 0.106
53700.302702 z 19.954 0.175
53700.303535 g 20.015 0.022
53705.286872 r 19.993 0.025
53705.287705 i 19.872 0.032
53705.288539 u 20.541 0.087
53705.289372 z 19.808 0.100
53705.290205 g 20.071 0.021
53975.371877 r 20.099 0.023
53975.372710 i 19.996 0.030
53975.373544 u 20.578 0.067
53975.374377 z 19.900 0.104
53975.375210 g 20.173 0.030
53990.384714 r 20.088 0.044
53990.385548 i 19.970 0.055
53990.386381 u 20.705 0.197
53990.387214 z 19.788 0.128
53990.388048 g 20.237 0.068
53993.384015 r 20.060 0.032
#53993.384848 i -99.000 0.166
53993.385682 u 20.621 0.099
53993.386515 z 19.701 0.101
53993.387348 g 20.075 0.029
53994.394874 r 20.061 0.025
53994.395708 i 20.055 0.036
53994.396541 u 20.635 0.076
53994.397374 z 19.436 0.126
53994.398208 g 20.124 0.021
53996.378634 r 20.018 0.040
53996.379468 i 20.046 0.041
#53996.380301 u -99.000 0.076
53996.381134 z 19.935 0.142
53996.381968 g 20.151 0.034
54005.391819 r 20.113 0.024
54005.392652 i 20.064 0.032
54005.393485 u 20.563 0.060
54005.394319 z 19.727 0.073
54005.395152 g 20.156 0.021
54010.332719 r 20.065 0.021
54010.333552 i 19.975 0.028
54010.334386 u 20.593 0.063
54010.335219 z 19.771 0.077
54010.336052 g 20.146 0.022
54012.325558 r 20.129 0.039
54012.326391 i 20.032 0.048
54012.327224 u 20.701 0.122
54012.328058 z 19.531 0.146
54012.328891 g 20.159 0.042
54020.331558 r 20.006 0.030
54020.332391 i 20.050 0.046
54020.333225 u 20.469 0.113
54020.334058 z 19.733 0.106
54020.334891 g 20.096 0.034
54024.413271 r 20.082 0.038
54024.414104 i 20.021 0.080
54024.414937 u 20.782 0.183
54024.415771 z 19.764 0.124
54024.416604 g 20.116 0.043
54028.401524 r 20.076 0.037
54028.402357 i 20.012 0.051
54028.403190 u 20.623 0.107
54028.404024 z 19.550 0.167
54028.404857 g 20.178 0.023
54030.325115 r 20.078 0.024
54030.325948 i 19.935 0.032
54030.326781 u 20.637 0.062
54030.327615 z 19.748 0.138
54030.328448 g 20.171 0.020
54035.400878 r 20.123 0.069
54035.401711 i 19.991 0.060
54035.402545 u 20.879 0.165
54035.403378 z 19.610 0.129
54035.404211 g 20.150 0.026
54037.306366 r 20.096 0.023
54037.307199 i 20.007 0.031
54037.308032 u 20.586 0.060
54037.308866 z 20.074 0.165
54037.309699 g 20.194 0.019
54040.320841 r 20.064 0.038
54040.321674 i 20.013 0.047
54040.322508 u 20.778 0.124
54040.323341 z 19.876 0.110
54040.324174 g 20.170 0.039
54049.347453 r 20.165 0.045
54049.348286 i 19.968 0.050
54049.349119 u 20.396 0.148
54049.349953 z 20.235 0.817
54049.350786 g 20.151 0.043
54053.311656 r 20.067 0.025
54053.312490 i 20.036 0.043
54053.313323 u 20.784 0.088
54053.314156 z 19.637 0.102
54053.314990 g 20.151 0.019
54056.313269 r 20.089 0.030
54056.314102 i 19.945 0.038
54056.314936 u 20.578 0.102
54056.315769 z 19.927 0.183
54056.316602 g 20.166 0.037
54059.307574 r 20.067 0.032
54059.308407 i 19.973 0.040
54059.309240 u 20.718 0.104
54059.310074 z 20.058 0.146
54059.310907 g 20.168 0.025
#54061.318641 r -99.000 0.043
54061.319474 i 19.990 0.059
54061.320308 u 20.597 0.158
54061.321141 z 19.748 0.140
54061.321974 g 20.157 0.036
54062.312449 r 20.111 0.031
54062.313283 i 20.006 0.035
54062.314116 u 20.629 0.079
54062.314949 z 19.671 0.084
54062.315783 g 20.211 0.023
54064.309062 r 20.164 0.031
54064.309896 i 20.013 0.039
54064.310729 u 20.615 0.092
54064.311562 z 19.799 0.099
54064.312396 g 20.203 0.021
54068.293025 r 20.157 0.047
54068.293859 i 19.980 0.051
54068.294692 u 20.776 0.159
54068.295525 z 19.932 0.125
54068.296359 g 20.168 0.040
54357.350766 r 20.096 0.023
54357.351599 i 20.029 0.031
54357.352432 u 20.641 0.067
54357.353266 z 19.737 0.065
54357.354099 g 20.096 0.023
54359.382476 r 20.011 0.031
54359.383309 i 20.050 0.044
54359.384143 u 20.690 0.104
54359.384976 z 19.689 0.104
54359.385809 g 20.102 0.027
54362.400575 r 20.038 0.021
54362.401408 i 19.951 0.032
54362.402241 u 20.674 0.065
54362.403075 z 19.812 0.086
54362.403908 g 20.097 0.025
54376.395657 r 20.076 0.026
54376.396491 i 20.039 0.037
54376.397324 u 20.579 0.080
54376.398157 z 20.292 0.500
54376.398991 g 20.131 0.024
54382.380772 r 20.022 0.040
54382.381606 i 20.005 0.049
54382.382439 u 20.604 0.087
54382.383272 z 19.850 0.130
54382.384106 g 20.112 0.023
54385.398577 r 20.067 0.024
54385.399411 i 19.983 0.029
54385.400244 u 20.748 0.080
54385.401077 z 19.681 0.102
54385.401911 g 20.130 0.024
54390.391486 r 20.044 0.035
54390.392320 i 19.993 0.054
54390.393153 u 20.629 0.107
#54390.393986 z -99.000 0.194
#54390.394820 g -99.000 0.039
54391.399894 r 20.144 0.045
54391.400728 i 20.077 0.070
54391.401561 u 20.703 0.168
54391.402394 z 19.634 0.164
54391.403228 g 20.156 0.030
54402.392395 r 20.047 0.045
54402.393229 i 19.999 0.050
54402.394062 u 20.407 0.181
54402.394895 z 19.836 0.117
54402.395729 g 20.019 0.046
