51467.293924 r 18.431 0.010
51467.294757 i 18.481 0.014
51467.295591 u 18.743 0.030
51467.296424 z 18.405 0.043
51467.297257 g 18.443 0.009
51819.269900 r 18.591 0.009
51819.270733 i 18.649 0.014
51819.271567 u 19.035 0.026
51819.272400 z 18.475 0.033
51819.273233 g 18.615 0.008
52172.285476 r 18.722 0.010
52172.286309 i 18.789 0.014
52172.287143 u 19.147 0.028
52172.287976 z 18.584 0.034
52172.288809 g 18.743 0.009
52172.335661 r 18.747 0.011
52172.336494 i 18.778 0.015
52172.337328 u 19.169 0.032
52172.338161 z 18.632 0.040
52172.338994 g 18.776 0.009
52558.235181 r 18.572 0.009
52558.236014 i 18.609 0.012
52558.236848 u 18.904 0.024
52558.237681 z 18.522 0.033
52558.238514 g 18.586 0.008
52577.122676 r 18.571 0.010
52577.123509 i 18.594 0.014
52577.124343 u 18.940 0.023
52577.125176 z 18.496 0.043
52577.126009 g 18.580 0.008
52586.126154 r 18.568 0.009
52586.126987 i 18.618 0.014
52586.127821 u 18.981 0.023
52586.128654 z 18.548 0.036
52586.129487 g 18.579 0.008
52931.136837 r 18.512 0.009
52931.137670 i 18.570 0.013
52931.138504 u 18.838 0.022
52931.139337 z 18.579 0.033
52931.140170 g 18.516 0.007
52935.133801 r 18.536 0.009
52935.134634 i 18.571 0.013
52935.135468 u 18.794 0.022
52935.136301 z 18.444 0.032
52935.137134 g 18.540 0.022
53313.127002 r 18.397 0.009
53313.127835 i 18.486 0.013
53313.128669 u 18.749 0.023
53313.129502 z 18.378 0.034
53313.130335 g 18.408 0.007
53622.236248 r 18.539 0.011
53622.237081 i 18.571 0.016
53622.237915 u 18.832 0.028
53622.238748 z 18.507 0.045
53622.239581 g 18.515 0.009
53625.232214 r 18.525 0.010
53625.233047 i 18.620 0.012
53625.233881 u 18.818 0.023
53625.234714 z 18.506 0.031
53625.235547 g 18.524 0.009
53634.185719 r 18.504 0.018
53634.186552 i 18.555 0.024
53634.187386 u 18.874 0.058
53634.188219 z 18.549 0.069
53634.189052 g 18.503 0.019
53636.191251 r 18.516 0.010
53636.192084 i 18.576 0.013
53636.192918 u 18.846 0.026
53636.193751 z 18.474 0.033
53636.194584 g 18.511 0.009
53655.163255 r 18.511 0.012
53655.164088 i 18.622 0.016
53655.164922 u 18.870 0.033
53655.165755 z 18.544 0.043
53655.166588 g 18.501 0.012
53664.188214 r 18.523 0.011
53664.189047 i 18.575 0.015
53664.189881 u 18.855 0.036
53664.190714 z 18.524 0.042
53664.191547 g 18.555 0.012
53666.151816 r 18.532 0.009
53666.152649 i 18.569 0.015
53666.153483 u 18.848 0.021
53666.154316 z 18.599 0.039
53666.155149 g 18.522 0.008
53669.147455 r 18.523 0.009
53669.148288 i 18.615 0.013
53669.149122 u 18.896 0.022
53669.149955 z 18.520 0.034
53669.150788 g 18.520 0.007
53671.232232 r 18.531 0.012
53671.233065 i 18.588 0.017
53671.233899 u 18.895 0.032
53671.234732 z 18.533 0.048
53671.235565 g 18.572 0.009
53674.131690 r 18.540 0.009
53674.132523 i 18.597 0.012
53674.133357 u 18.885 0.024
53674.134190 z 18.480 0.031
53674.135023 g 18.535 0.008
53676.221184 r 18.542 0.009
53676.222017 i 18.624 0.013
53676.222851 u 18.927 0.027
53676.223684 z 18.519 0.030
53676.224517 g 18.559 0.008
53679.193069 r 18.531 0.010
53679.193902 i 18.620 0.014
53679.194736 u 18.895 0.029
53679.195569 z 18.473 0.039
53679.196402 g 18.551 0.008
53681.184580 r 18.550 0.010
53681.185413 i 18.616 0.013
53681.186247 u 18.961 0.029
53681.187080 z 18.543 0.033
53681.187913 g 18.557 0.008
53685.143623 r 18.583 0.016
53685.144456 i 18.639 0.022
53685.145290 u 18.996 0.047
53685.146123 z 18.558 0.042
53685.146956 g 18.572 0.015
53687.181972 r 18.575 0.015
53687.182805 i 18.624 0.017
53687.183639 u 18.857 0.051
53687.184472 z 18.498 0.034
53687.185305 g 18.579 0.015
53697.141604 r 18.473 0.047
53697.142437 i 18.587 0.066
#53697.143271 u -99.000 0.117
#53697.144104 z -99.000 0.350
#53697.144937 g -99.000 0.080
53700.140564 r 18.586 0.010
53700.141397 i 18.666 0.014
53700.142231 u 18.966 0.027
53700.143064 z 18.533 0.034
53700.143897 g 18.587 0.008
53705.127233 r 18.625 0.011
53705.128066 i 18.632 0.014
53705.128900 u 19.005 0.029
53705.129733 z 18.529 0.035
53705.130566 g 18.594 0.008
53975.212229 r 18.594 0.011
53975.213062 i 18.666 0.016
53975.213896 u 18.894 0.026
53975.214729 z 18.570 0.036
53975.215562 g 18.577 0.014
53993.280061 r 18.581 0.015
53993.280895 i 18.676 0.015
53993.281728 u 18.943 0.026
53993.282561 z 18.550 0.033
53993.283395 g 18.602 0.017
53996.218976 r 18.610 0.011
53996.219809 i 18.721 0.013
53996.220643 u 18.944 0.023
53996.221476 z 18.570 0.032
53996.222309 g 18.609 0.011
53998.187618 r 18.593 0.011
53998.188452 i 18.661 0.015
53998.189285 u 18.952 0.028
53998.190118 z 18.582 0.033
53998.190952 g 18.594 0.014
54010.173066 r 18.652 0.013
54010.173900 i 18.699 0.015
54010.174733 u 19.045 0.028
#54010.175566 z -99.000 0.031
54010.176400 g 18.659 0.016
54012.165918 r 18.640 0.021
54012.166752 i 18.688 0.024
54012.167585 u 18.907 0.040
#54012.168418 z -99.000 0.050
54012.169252 g 18.634 0.018
54020.171896 r 18.608 0.014
54020.172729 i 18.687 0.015
54020.173563 u 18.967 0.024
54020.174396 z 18.642 0.040
54020.175229 g 18.650 0.014
54022.221171 r 18.607 0.016
54022.222005 i 18.716 0.023
54022.222838 u 18.941 0.036
54022.223671 z 18.589 0.050
54022.224505 g 18.603 0.016
54028.162260 r 18.591 0.019
54028.163093 i 18.674 0.025
54028.163927 u 18.962 0.033
54028.164760 z 18.541 0.045
54028.165593 g 18.633 0.016
54030.165446 r 18.626 0.011
54030.166279 i 18.657 0.014
54030.167113 u 18.979 0.025
54030.167946 z 18.530 0.029
54030.168779 g 18.614 0.012
54032.154766 r 18.582 0.079
#54032.155599 i -99.000 0.101
54032.156433 u 18.622 0.124
#54032.157266 z -99.000 0.823
54032.158099 g 18.630 0.045
54035.241225 r 18.622 0.015
54035.242059 i 18.689 0.020
54035.242892 u 18.929 0.053
54035.243725 z 18.600 0.051
54035.244559 g 18.632 0.015
54037.146716 r 18.585 0.018
54037.147549 i 18.652 0.020
54037.148382 u 18.982 0.030
#54037.149216 z -99.000 0.048
54037.150049 g 18.629 0.015
54040.161170 r 18.593 0.016
54040.162003 i 18.647 0.021
54040.162836 u 18.940 0.040
54040.163670 z 18.611 0.041
54040.164503 g 18.593 0.016
54050.145826 r 18.557 0.015
54050.146659 i 18.633 0.016
54050.147492 u 18.939 0.033
54050.148326 z 18.603 0.054
#54050.149159 g -99.000 0.024
54053.152000 r 18.590 0.016
54053.152833 i 18.630 0.016
54053.153666 u 18.924 0.029
54053.154500 z 18.558 0.037
54053.155333 g 18.599 0.013
54056.153625 r 18.606 0.020
54056.154458 i 18.624 0.027
54056.155292 u 18.911 0.049
#54056.156125 z -99.000 0.099
54056.156958 g 18.540 0.024
54057.122300 r 18.529 0.017
54057.123134 i 18.648 0.021
54057.123967 u 18.988 0.028
54057.124800 z 18.561 0.036
54057.125634 g 18.606 0.016
54059.147909 r 18.601 0.016
54059.148743 i 18.665 0.019
54059.149576 u 18.987 0.041
54059.150409 z 18.584 0.041
54059.151243 g 18.608 0.014
54061.158958 r 18.579 0.021
54061.159791 i 18.663 0.019
54061.160624 u 18.970 0.034
54061.161458 z 18.577 0.042
54061.162291 g 18.610 0.019
54062.152814 r 18.618 0.015
54062.153647 i 18.664 0.023
54062.154481 u 18.969 0.042
54062.155314 z 18.621 0.046
54062.156147 g 18.621 0.017
54068.142790 r 18.595 0.022
54068.143623 i 18.678 0.045
54068.144457 u 18.996 0.075
54068.145290 z 18.506 0.063
54068.146123 g 18.622 0.030
54357.191106 r 18.763 0.019
54357.191939 i 18.781 0.018
54357.192772 u 19.146 0.032
54357.193606 z 18.615 0.038
54357.194439 g 18.768 0.016
54365.188966 r 18.805 0.022
54365.189800 i 18.783 0.022
54365.190633 u 19.250 0.059
54365.191466 z 18.757 0.051
54365.192300 g 18.726 0.020
54385.238929 r 18.781 0.014
54385.239763 i 18.791 0.022
54385.240596 u 19.126 0.042
54385.241429 z 18.688 0.035
54385.242263 g 18.729 0.014
54387.239451 r 18.704 0.014
54387.240284 i 18.771 0.017
54387.241117 u 19.072 0.033
54387.241951 z 18.631 0.040
54387.242784 g 18.694 0.013
54392.234161 r 18.680 0.016
54392.234994 i 18.702 0.021
54392.235828 u 19.108 0.040
54392.236661 z 18.600 0.046
54392.237494 g 18.685 0.017
54402.232616 r 18.683 0.019
54402.233450 i 18.746 0.021
54402.234283 u 19.087 0.055
54402.235116 z 18.667 0.042
54402.235950 g 18.701 0.019
