51075.238338 r 15.577 0.003
51075.239171 i 14.787 0.003
51075.240005 u 19.734 0.036
51075.240838 z 14.373 0.004
51075.241671 g 17.071 0.004
51464.226224 r 15.578 0.004
51464.227057 i 14.784 0.003
51464.227891 u 19.752 0.033
51464.228724 z 14.373 0.004
51464.229557 g 17.074 0.004
52197.251968 r 15.575 0.004
52197.252801 i 14.789 0.003
52197.253635 u 19.785 0.039
52197.254468 z 14.381 0.004
52197.255301 g 17.078 0.005
52231.137935 r 15.573 0.004
52231.138768 i 14.796 0.004
52231.139602 u 19.709 0.037
52231.140435 z 14.378 0.004
52231.141268 g 17.080 0.004
52557.245940 r 15.570 0.003
52557.246773 i 14.781 0.003
52557.247607 u 19.703 0.040
52557.248440 z 14.373 0.004
52557.249273 g 17.087 0.004
52578.142018 r 15.563 0.004
52578.142851 i 14.786 0.004
52578.143685 u 19.656 0.034
52578.144518 z 14.373 0.004
52578.145351 g 17.075 0.005
52929.172246 r 15.565 0.004
52929.173079 i 14.781 0.003
52929.173913 u 19.788 0.040
52929.174746 z 14.364 0.004
52929.175579 g 17.077 0.004
52934.152404 r 15.574 0.003
52934.153237 i 14.773 0.003
52934.154071 u 19.645 0.040
52934.154904 z 14.348 0.004
52934.155737 g 17.061 0.004
52936.148329 r 15.568 0.004
52936.149162 i 14.771 0.004
52936.149996 u 19.699 0.033
#52936.150829 z -99.000 0.004
52936.151662 g 17.086 0.005
53270.212389 r 15.554 0.014
53270.213223 i 14.774 0.015
53270.214056 u 19.699 0.039
53270.214889 z 14.379 0.014
53270.215723 g 17.066 0.017
53272.262337 r 15.575 0.003
53272.263170 i 14.784 0.003
53272.264004 u 19.643 0.057
53272.264837 z 14.385 0.004
53272.265670 g 17.083 0.005
53286.231055 r 15.576 0.003
53286.231888 i 14.795 0.003
53286.232722 u 19.738 0.044
53286.233555 z 14.374 0.004
53286.234388 g 17.086 0.004
53288.189546 r 15.571 0.004
53288.190379 i 14.783 0.003
53288.191213 u 19.658 0.040
53288.192046 z 14.363 0.004
53288.192879 g 17.078 0.005
53294.216868 r 15.564 0.019
53294.217701 i 14.758 0.018
53294.218534 u 19.673 0.041
53294.219368 z 14.381 0.019
53294.220201 g 17.040 0.017
53302.185212 r 15.572 0.004
53302.186045 i 14.778 0.003
53302.186879 u 19.527 0.068
53302.187712 z 14.376 0.004
53302.188545 g 17.068 0.005
53312.140746 r 15.579 0.014
53312.141579 i 14.755 0.015
53312.142413 u 19.637 0.047
53312.143246 z 14.375 0.017
53312.144079 g 17.055 0.018
53314.141940 r 15.576 0.004
53314.142773 i 14.785 0.003
53314.143607 u 19.772 0.038
53314.144440 z 14.382 0.004
53314.145273 g 17.078 0.005
53616.246312 r 15.572 0.003
53616.247145 i 14.788 0.003
53616.247979 u 19.719 0.053
53616.248812 z 14.361 0.004
53616.249645 g 17.068 0.004
53623.236521 r 16.041 0.004
53623.237354 i 15.258 0.004
53623.238188 u 20.141 0.068
53623.239021 z 14.399 0.004
53623.239854 g 17.491 0.005
53623.236522 r 16.995 0.007
53623.237355 i 16.312 0.008
53623.238189 u 20.661 0.094
53623.239022 z 18.938 0.088
53623.239855 g 18.528 0.010
53626.222733 r 15.575 0.004
53626.223566 i 14.786 0.004
53626.224400 u 19.712 0.074
#53626.225233 z -99.000 0.005
53626.226066 g 17.049 0.005
53628.207598 r 15.573 0.003
53628.208431 i 14.787 0.003
53628.209265 u 19.610 0.082
53628.210098 z 14.371 0.004
53628.210931 g 17.057 0.005
53637.209212 r 15.571 0.003
53637.210045 i 14.783 0.003
53637.210879 u 19.621 0.051
53637.211712 z 14.372 0.004
53637.212545 g 17.073 0.004
53644.201665 r 15.569 0.013
53644.202499 i 14.781 0.012
53644.203332 u 19.726 0.034
53644.204165 z 14.366 0.018
53644.204999 g 17.057 0.012
53654.236282 r 15.570 0.004
53654.237115 i 14.780 0.003
53654.237949 u 19.651 0.046
53654.238782 z 14.373 0.004
53654.239615 g 17.076 0.005
53656.183875 r 15.572 0.003
53656.184708 i 14.779 0.003
53656.185542 u 19.659 0.096
53656.186375 z 14.383 0.004
53656.187208 g 17.068 0.006
53663.197184 r 15.573 0.004
53663.198017 i 14.770 0.004
53663.198851 u 19.718 0.052
53663.199684 z 14.370 0.004
53663.200517 g 17.073 0.005
#53665.175153 r -99.000 0.040
#53665.175986 i -99.000 0.012
#53665.176820 u -99.000 0.473
#53665.177653 z -99.000 0.013
#53665.178486 g -99.000 0.013
53668.186785 r 15.574 0.003
53668.187618 i 14.773 0.003
53668.188452 u 19.634 0.046
53668.189285 z 14.372 0.004
53668.190118 g 17.063 0.004
53670.191637 r 15.563 0.004
53670.192470 i 14.780 0.003
53670.193304 u 19.696 0.039
53670.194137 z 14.375 0.004
53670.194970 g 17.070 0.004
53673.159619 r 15.563 0.003
53673.160452 i 14.779 0.003
53673.161286 u 19.688 0.040
53673.162119 z 14.372 0.004
53673.162952 g 17.076 0.004
53675.156509 r 15.571 0.003
53675.157342 i 14.775 0.003
53675.158176 u 19.610 0.039
53675.159009 z 14.361 0.004
53675.159842 g 17.065 0.004
53677.177539 r 15.572 0.004
53677.178372 i 14.781 0.004
53677.179206 u 19.693 0.035
53677.180039 z 14.376 0.004
53677.180872 g 17.069 0.005
53680.164206 r 15.577 0.004
53680.165039 i 14.777 0.003
53680.165873 u 19.700 0.037
53680.166706 z 14.370 0.004
53680.167539 g 17.082 0.005
53686.230902 r 15.566 0.003
53686.231735 i 14.784 0.003
53686.232569 u 19.722 0.168
53686.233402 z 14.361 0.004
53686.234235 g 17.071 0.007
53693.166106 r 15.569 0.004
53693.166939 i 14.781 0.003
53693.167773 u 19.750 0.068
53693.168606 z 14.369 0.004
53693.169439 g 17.078 0.005
53702.161780 r 15.563 0.012
53702.162613 i 14.765 0.029
53702.163447 u 19.507 0.063
53702.164280 z 14.343 0.014
53702.165113 g 17.067 0.019
53704.149433 r 15.574 0.003
53704.150266 i 14.771 0.003
53704.151100 u 19.715 0.042
53704.151933 z 14.380 0.004
53704.152766 g 17.067 0.004
53989.245523 r 15.539 0.013
53989.246356 i 14.781 0.013
53989.247189 u 19.623 0.064
53989.248023 z 14.330 0.013
53989.248856 g 17.043 0.016
53995.234748 r 15.525 0.014
53995.235581 i 14.741 0.011
53995.236415 u 19.633 0.037
53995.237248 z 14.323 0.012
53995.238081 g 17.034 0.013
54000.220890 r 15.546 0.013
54000.221724 i 14.762 0.016
54000.222557 u 19.623 0.039
54000.223390 z 14.371 0.016
54000.224224 g 17.041 0.023
54007.271051 r 15.569 0.012
54007.271885 i 14.784 0.016
54007.272718 u 19.614 0.036
54007.273551 z 14.377 0.013
54007.274385 g 17.047 0.013
54009.194825 r 15.541 0.016
54009.195659 i 14.705 0.016
54009.196492 u 19.668 0.041
#54009.197325 z -99.000 0.019
54009.198159 g 17.032 0.013
54011.259321 r 15.681 0.009
54011.260155 i 14.742 0.016
54011.260988 u 19.695 0.051
54011.261821 z 14.358 0.013
54011.262655 g 17.055 0.017
54019.209524 r 15.557 0.010
54019.210357 i 14.750 0.011
54019.211191 u 19.729 0.043
54019.212024 z 14.356 0.011
54019.212857 g 17.053 0.014
54025.258335 r 15.570 0.013
54025.259168 i 14.761 0.017
54025.260002 u 19.744 0.052
54025.260835 z 14.367 0.015
54025.261668 g 17.058 0.022
54029.188679 r 15.552 0.011
54029.189513 i 14.748 0.013
54029.190346 u 19.717 0.038
54029.191179 z 14.375 0.017
54029.192013 g 17.048 0.016
54356.266906 r 15.581 0.013
54356.267739 i 14.792 0.009
54356.268572 u 19.656 0.049
54356.269406 z 14.381 0.023
54356.270239 g 17.066 0.017
54358.211920 r 15.554 0.019
54358.212754 i 14.789 0.018
54358.213587 u 19.547 0.044
54358.214420 z 14.366 0.014
54358.215254 g 17.090 0.018
54365.245021 r 15.551 0.010
54365.245854 i 14.781 0.015
54365.246688 u 19.717 0.050
54365.247521 z 14.359 0.014
54365.248354 g 17.042 0.012
54373.319233 r 15.566 0.013
54373.320067 i 14.789 0.010
54373.320900 u 19.441 0.090
54373.321733 z 14.382 0.012
54373.322567 g 17.080 0.016
54382.254080 r 15.588 0.017
54382.254913 i 14.784 0.001
54382.255747 u 19.583 0.066
54382.256580 z 14.401 0.018
54382.257413 g 17.074 0.012
54386.256851 r 15.552 0.011
54386.257685 i 14.760 0.017
54386.258518 u 19.670 0.041
54386.259351 z 14.369 0.012
54386.260185 g 17.049 0.013
54388.261147 r 15.543 0.015
54388.261980 i 14.762 0.014
54388.262814 u 19.672 0.050
54388.263647 z 14.389 0.019
54388.264480 g 17.054 0.016
54403.174893 r 15.562 0.013
54403.175726 i 14.784 0.014
54403.176560 u 19.735 0.060
54403.177393 z 14.383 0.014
54403.178226 g 17.045 0.015
54404.181486 r 15.562 0.010
54404.182319 i 14.778 0.011
54404.183152 u 19.739 0.039
54404.183986 z 14.368 0.015
54404.184819 g 17.052 0.012
54406.168713 r 15.574 0.011
54406.169546 i 14.783 0.016
54406.170380 u 19.663 0.041
54406.171213 z 14.375 0.016
54406.172046 g 17.046 0.015
54412.171641 r 15.567 0.017
#54412.172474 i -99.000 0.015
54412.173307 u 19.582 0.045
#54412.174141 z -99.000 0.022
#54412.174974 g -99.000 0.017
