51075.329642 r 20.149 0.026
51075.330475 i 19.853 0.029
51075.331309 u 20.648 0.071
51075.332142 z 19.980 0.129
#51075.332975 g -99.000 0.022
52196.348860 r 20.054 0.024
52196.349693 i 19.839 0.024
52196.350527 u 20.614 0.084
52196.351360 z 19.671 0.085
52196.352193 g 20.215 0.022
52197.343321 r 20.085 0.023
52197.344154 i 19.803 0.024
52197.344988 u 20.696 0.087
52197.345821 z 19.802 0.094
52197.346654 g 20.199 0.021
52207.315628 r 20.147 0.024
52207.316461 i 19.838 0.023
52207.317295 u 20.612 0.075
52207.318128 z 19.837 0.086
52207.318961 g 20.279 0.022
52225.193445 r 20.134 0.026
52225.194278 i 19.917 0.028
52225.195112 u 20.717 0.084
52225.195945 z 20.118 0.118
52225.196778 g 20.293 0.021
52231.229228 r 20.173 0.024
52231.230061 i 19.885 0.023
52231.230895 u 20.691 0.078
52231.231728 z 19.884 0.081
52231.232561 g 20.373 0.022
52253.215396 r 20.127 0.025
52253.216229 i 19.812 0.025
#52253.217063 u -99.000 0.087
52253.217896 z 19.865 0.099
52253.218729 g 20.362 0.025
52557.337230 r 20.191 0.031
52557.338063 i 19.903 0.032
52557.338897 u 20.859 0.120
52557.339730 z 20.050 0.135
52557.340563 g 20.350 0.026
52578.233315 r 20.284 0.028
52578.234148 i 19.868 0.025
52578.234982 u 20.981 0.091
52578.235815 z 19.763 0.081
52578.236648 g 20.394 0.021
52908.311796 r 20.210 0.026
52908.312629 i 19.890 0.026
52908.313463 u 20.584 0.079
52908.314296 z 19.912 0.107
52908.315129 g 20.305 0.023
52934.243698 r 20.209 0.034
52934.244531 i 19.907 0.033
52934.245365 u 20.822 0.119
52934.246198 z 19.869 0.121
52934.247031 g 20.310 0.025
52936.239625 r 20.180 0.024
52936.240458 i 19.948 0.025
52936.241292 u 20.636 0.072
52936.242125 z 19.961 0.087
52936.242958 g 20.332 0.021
53270.303681 r 20.034 0.022
53270.304514 i 19.797 0.023
53270.305348 u 20.423 0.059
53270.306181 z 19.898 0.071
53270.307014 g 20.134 0.026
53272.353627 r 20.074 0.024
53272.354460 i 19.848 0.025
53272.355294 u 20.450 0.070
53272.356127 z 19.909 0.087
53272.356960 g 20.156 0.020
53286.322347 r 20.061 0.027
53286.323180 i 19.830 0.026
53286.324014 u 20.512 0.090
53286.324847 z 19.998 0.111
53286.325680 g 20.147 0.025
53288.280837 r 20.085 0.027
53288.281670 i 19.816 0.027
53288.282504 u 20.552 0.087
53288.283337 z 19.804 0.093
53288.284170 g 20.206 0.021
53294.328513 r 20.082 0.031
53294.329346 i 19.775 0.029
53294.330180 u 20.522 0.090
53294.331013 z 19.895 0.111
53294.331846 g 20.159 0.024
53296.275552 r 20.117 0.033
53296.276385 i 19.870 0.033
53296.277219 u 20.378 0.079
53296.278052 z 20.093 0.151
53296.278885 g 20.158 0.030
53298.325291 r 20.014 0.030
53298.326124 i 19.786 0.028
53298.326958 u 20.594 0.101
53298.327791 z 19.671 0.106
53298.328624 g 20.125 0.022
53302.276505 r 20.048 0.039
53302.277338 i 19.753 0.030
53302.278172 u 20.357 0.122
53302.279005 z 19.747 0.088
53302.279838 g 20.142 0.044
53312.232043 r 20.099 0.033
53312.232876 i 19.888 0.034
53312.233709 u 20.539 0.103
53312.234543 z 19.988 0.123
53312.235376 g 20.166 0.028
53314.233234 r 20.103 0.028
53314.234067 i 19.860 0.030
53314.234901 u 20.590 0.078
53314.235734 z 19.831 0.099
53314.236567 g 20.165 0.021
53616.337595 r 20.469 0.046
53616.338428 i 20.097 0.047
53616.339262 u 21.468 0.258
53616.340095 z 20.521 0.239
53616.340928 g 20.718 0.039
53626.314021 r 20.440 0.031
53626.314854 i 20.105 0.031
53626.315688 u 21.003 0.108
53626.316521 z 20.140 0.109
53626.317354 g 20.650 0.028
53628.298886 r 20.311 0.058
53628.299719 i 20.005 0.047
53628.300553 u 21.276 0.343
53628.301386 z 20.200 0.178
53628.302219 g 20.605 0.076
53637.300502 r 20.377 0.044
53637.301335 i 20.166 0.047
53637.302169 u 20.749 0.177
53637.303002 z 19.885 0.153
53637.303835 g 20.678 0.059
53639.345879 r 20.497 0.030
53639.346712 i 20.101 0.026
53639.347546 u 21.551 0.182
53639.348379 z 20.147 0.091
53639.349212 g 20.744 0.032
53654.327573 r 20.477 0.033
53654.328406 i 20.106 0.031
53654.329240 u 21.092 0.125
53654.330073 z 20.263 0.139
53654.330906 g 20.726 0.029
53663.288476 r 20.372 0.044
53663.289309 i 20.068 0.034
53663.290143 u 21.053 0.225
53663.290976 z 20.080 0.105
53663.291809 g 20.531 0.056
53665.266447 r 20.463 0.041
53665.267280 i 20.074 0.030
#53665.268114 u -99.000 0.275
#53665.268947 z -99.000 0.795
53665.269780 g 20.665 0.060
53666.358576 r 20.428 0.042
53666.359409 i 20.137 0.036
53666.360243 u 20.788 0.182
53666.361076 z 20.140 0.122
53666.361909 g 20.697 0.055
53668.278076 r 20.472 0.043
53668.278909 i 20.156 0.040
53668.279743 u 21.459 0.222
53668.280576 z 20.255 0.188
53668.281409 g 20.722 0.045
53670.282928 r 20.381 0.033
53670.283761 i 20.071 0.032
53670.284595 u 21.237 0.141
53670.285428 z 20.165 0.123
53670.286261 g 20.597 0.027
53673.250914 r 20.416 0.031
53673.251747 i 20.110 0.029
53673.252581 u 21.106 0.116
53673.253414 z 19.932 0.088
53673.254247 g 20.627 0.027
53675.247802 r 20.392 0.034
53675.248635 i 20.115 0.033
53675.249469 u 21.079 0.121
53675.250302 z 20.031 0.107
53675.251135 g 20.646 0.028
53677.268833 r 20.400 0.030
53677.269666 i 20.095 0.027
53677.270500 u 20.986 0.103
53677.271333 z 20.114 0.092
53677.272166 g 20.634 0.026
53680.255499 r 20.319 0.029
53680.256332 i 20.050 0.030
53680.257166 u 21.128 0.125
53680.257999 z 20.103 0.101
53680.258832 g 20.648 0.027
53693.257395 r 20.399 0.045
53693.258228 i 20.084 0.035
53693.259062 u 20.631 0.216
53693.259895 z 20.161 0.121
53693.260728 g 20.666 0.064
53698.254786 r 20.430 0.035
53698.255619 i 20.032 0.032
53698.256453 u 21.018 0.136
53698.257286 z 20.297 0.148
53698.258119 g 20.590 0.029
53704.240717 r 20.316 0.046
53704.241550 i 20.054 0.061
53704.242384 u 21.140 0.235
53704.243217 z 19.886 0.195
53704.244050 g 20.536 0.037
53974.333402 r 20.303 0.024
53974.334236 i 20.031 0.026
53974.335069 u 21.034 0.102
53974.335902 z 20.019 0.088
53974.336736 g 20.519 0.029
53977.382007 r 20.291 0.022
53977.382840 i 19.965 0.024
53977.383673 u 20.969 0.081
53977.384507 z 20.108 0.089
53977.385340 g 20.471 0.022
53989.336781 r 20.306 0.042
53989.337615 i 19.917 0.031
53989.338448 u 21.075 0.221
53989.339281 z 20.214 0.112
53989.340115 g 20.465 0.059
53995.351388 r 20.321 0.026
53995.352221 i 19.989 0.022
53995.353055 u 20.882 0.084
53995.353888 z 20.045 0.082
53995.354721 g 20.464 0.029
54000.312197 r 20.316 0.033
54000.313030 i 20.045 0.039
54000.313864 u 21.183 0.150
54000.314697 z 20.340 0.178
54000.315530 g 20.529 0.040
54006.258962 r 20.283 0.028
54006.259795 i 19.983 0.027
54006.260628 u 21.059 0.127
54006.261462 z 19.904 0.086
54006.262295 g 20.429 0.024
54007.362382 r 20.268 0.025
54007.363216 i 19.978 0.026
#54007.364049 u -99.000 0.134
54007.364882 z 19.814 0.095
54007.365716 g 20.484 0.028
54009.286112 r 20.297 0.028
54009.286945 i 20.019 0.030
54009.287778 u 20.751 0.087
54009.288612 z 19.912 0.082
54009.289445 g 20.483 0.027
54011.350606 r 20.303 0.029
54011.351439 i 19.947 0.029
54011.352272 u 20.927 0.097
54011.353106 z 20.100 0.089
54011.353939 g 20.512 0.034
54025.349717 r 20.291 0.032
54025.350550 i 19.935 0.030
54025.351383 u 20.808 0.109
54025.352217 z 19.831 0.100
54025.353050 g 20.446 0.028
54029.279986 r 20.320 0.038
54029.280820 i 19.880 0.033
54029.281653 u 20.931 0.131
54029.282486 z 19.776 0.132
54029.283320 g 20.465 0.033
54348.347343 r 20.278 0.030
54348.348177 i 19.968 0.028
54348.349010 u 20.879 0.109
54348.349843 z 19.986 0.089
54348.350677 g 20.375 0.026
54358.303189 r 20.317 0.032
54358.304023 i 19.993 0.035
#54358.304856 u -99.000 0.099
54358.305689 z 20.156 0.143
54358.306523 g 20.403 0.028
54359.297313 r 20.295 0.053
54359.298147 i 20.002 0.061
54359.298980 u 20.559 0.164
54359.299813 z 19.836 0.188
54359.300647 g 20.435 0.071
54365.336233 r 20.305 0.023
54365.337066 i 19.973 0.028
54365.337899 u 20.738 0.072
54365.338733 z 20.012 0.086
54365.339566 g 20.440 0.024
54381.355809 r 20.300 0.027
54381.356642 i 20.001 0.026
54381.357476 u 20.942 0.091
54381.358309 z 20.163 0.093
54381.359142 g 20.442 0.029
54384.362472 r 20.277 0.028
54384.363306 i 20.021 0.028
54384.364139 u 20.937 0.116
54384.364972 z 19.951 0.102
54384.365806 g 20.453 0.032
54386.348150 r 20.324 0.032
54386.348983 i 19.936 0.033
54386.349817 u 20.830 0.114
54386.350650 z 20.060 0.127
54386.351483 g 20.462 0.031
54388.352398 r 20.371 0.028
54388.353232 i 20.013 0.028
54388.354065 u 20.879 0.099
54388.354898 z 20.160 0.104
54388.355732 g 20.489 0.028
54403.266190 r 20.212 0.114
54403.267023 i 20.007 0.110
54403.267856 u 20.921 0.314
54403.268690 z 19.750 0.208
54403.269523 g 20.565 0.122
54404.323792 r 20.327 0.035
54404.324625 i 20.002 0.030
54404.325459 u 20.865 0.150
54404.326292 z 19.960 0.099
54404.327125 g 20.478 0.043
54405.321726 r 20.345 0.037
54405.322559 i 20.071 0.032
54405.323392 u 20.789 0.129
54405.324226 z 19.881 0.088
54405.325059 g 20.462 0.036
54406.260022 r 20.315 0.030
54406.260856 i 20.109 0.039
54406.261689 u 20.938 0.113
54406.262522 z 20.136 0.114
54406.263356 g 20.532 0.028
54412.263004 r 20.342 0.037
54412.263837 i 19.981 0.030
54412.264671 u 20.777 0.098
54412.265504 z 20.099 0.115
54412.266337 g 20.559 0.027
