51075.389324 r 18.973 0.012
51075.390157 i 18.615 0.014
51075.390991 u 20.537 0.059
51075.391824 z 18.441 0.041
51075.392657 g 19.526 0.015
51818.358962 r 19.067 0.011
51818.359795 i 18.714 0.013
51818.360629 u 20.600 0.059
51818.361462 z 18.626 0.034
51818.362295 g 19.583 0.015
52170.409973 r 19.175 0.012
52170.410806 i 18.776 0.013
52170.411640 u 20.696 0.068
52170.412473 z 18.649 0.035
52170.413306 g 19.676 0.016
52173.323342 r 19.172 0.014
52173.324175 i 18.804 0.016
52173.325009 u 20.698 0.082
52173.325842 z 18.571 0.047
52173.326675 g 19.671 0.018
52224.303483 r 19.178 0.012
52224.304316 i 18.766 0.013
52224.305150 u 20.817 0.074
52224.305983 z 18.643 0.033
52224.306816 g 19.663 0.015
52234.259994 r 19.203 0.013
52234.260827 i 18.778 0.013
52234.261661 u 20.903 0.083
52234.262494 z 18.699 0.034
52234.263327 g 19.734 0.017
52261.223348 r 19.203 0.013
52261.224181 i 18.785 0.013
52261.225015 u 20.817 0.077
52261.225848 z 18.655 0.033
52261.226681 g 19.693 0.016
52287.103841 r 19.190 0.013
52287.104674 i 18.799 0.013
52287.105508 u 20.775 0.068
52287.106341 z 18.713 0.033
52287.107174 g 19.656 0.016
52552.422543 r 19.136 0.015
52552.423376 i 18.769 0.016
52552.424210 u 20.556 0.080
52552.425043 z 18.628 0.050
52552.425876 g 19.611 0.020
52557.396899 r 19.137 0.013
52557.397732 i 18.775 0.013
52557.398566 u 20.655 0.071
52557.399399 z 18.648 0.039
52557.400232 g 19.618 0.016
52908.371467 r 19.063 0.012
52908.372300 i 18.692 0.013
52908.373134 u 20.654 0.078
52908.373967 z 18.531 0.034
52908.374800 g 19.553 0.034
52912.350905 r 19.079 0.012
52912.351738 i 18.694 0.012
52912.352572 u 20.608 0.071
52912.353405 z 18.530 0.033
52912.354238 g 19.557 0.015
52934.303371 r 19.097 0.013
52934.304204 i 18.644 0.013
52934.305038 u 20.479 0.066
52934.305871 z 18.653 0.042
52934.306704 g 19.556 0.015
52936.299298 r 19.069 0.012
52936.300131 i 18.665 0.012
52936.300965 u 20.675 0.067
52936.301798 z 18.583 0.033
52936.302631 g 19.544 0.014
53270.363362 r 19.072 0.018
53270.364196 i 18.687 0.017
53270.365029 u 20.609 0.061
53270.365862 z 18.599 0.030
53270.366696 g 19.617 0.025
53272.413298 r 19.062 0.013
53272.414131 i 18.641 0.013
53272.414965 u 20.682 0.081
53272.415798 z 18.517 0.036
53272.416631 g 19.585 0.016
53286.382016 r 19.017 0.012
53286.382849 i 18.670 0.012
53286.383683 u 20.597 0.083
53286.384516 z 18.479 0.031
53286.385349 g 19.534 0.017
53288.340507 r 19.036 0.011
53288.341340 i 18.675 0.012
53288.342174 u 20.571 0.062
53288.343007 z 18.528 0.029
53288.343840 g 19.569 0.014
53294.388183 r 19.037 0.012
53294.389016 i 18.611 0.013
53294.389850 u 20.649 0.084
53294.390683 z 18.539 0.036
53294.391516 g 19.570 0.017
53296.335205 r 19.041 0.022
53296.336039 i 18.660 0.019
53296.336872 u 20.693 0.091
53296.337705 z 18.565 0.034
53296.338539 g 19.584 0.052
53298.384960 r 19.044 0.015
53298.385793 i 18.677 0.015
53298.386627 u 20.589 0.081
53298.387460 z 18.516 0.043
53298.388293 g 19.605 0.018
53302.336178 r 19.058 0.016
53302.337011 i 18.679 0.014
53302.337845 u 20.577 0.109
53302.338678 z 18.544 0.036
53302.339511 g 19.613 0.029
53312.291798 r 19.055 0.022
53312.292631 i 18.674 0.023
53312.293465 u 20.465 0.112
53312.294298 z 18.531 0.039
53312.295131 g 19.575 0.041
53314.292908 r 19.085 0.015
53314.293741 i 18.677 0.014
53314.294575 u 20.694 0.089
53314.295408 z 18.588 0.041
53314.296241 g 19.605 0.019
53319.280706 r 19.077 0.016
53319.281539 i 18.690 0.018
53319.282373 u 20.869 0.133
53319.283206 z 18.527 0.049
53319.284039 g 19.612 0.020
53616.397263 r 19.141 0.014
53616.398096 i 18.730 0.014
53616.398930 u 20.835 0.103
53616.399763 z 18.579 0.037
53616.400596 g 19.702 0.018
53626.373690 r 19.133 0.014
53626.374523 i 18.722 0.014
#53626.375357 u -99.000 0.104
53626.376190 z 18.570 0.040
#53626.377023 g -99.000 0.037
53628.358554 r 19.159 0.018
53628.359387 i 18.715 0.016
53628.360221 u 20.846 0.150
53628.361054 z 18.600 0.040
53628.361887 g 19.711 0.029
53637.360173 r 19.136 0.017
53637.361006 i 18.727 0.016
53637.361840 u 20.948 0.168
53637.362673 z 18.602 0.045
53637.363506 g 19.696 0.029
53639.405550 r 19.168 0.012
53639.406383 i 18.750 0.012
53639.407217 u 20.856 0.089
53639.408050 z 18.658 0.031
53639.408883 g 19.722 0.017
53641.404716 r 19.173 0.012
53641.405549 i 18.767 0.013
53641.406383 u 20.892 0.094
53641.407216 z 18.586 0.031
53641.408049 g 19.723 0.019
53657.363600 r 19.220 0.025
53657.364433 i 18.772 0.021
53657.365267 u 20.846 0.201
53657.366100 z 18.623 0.050
53657.366933 g 19.747 0.042
53663.348149 r 19.181 0.018
53663.348982 i 18.825 0.016
53663.349816 u 20.782 0.166
53663.350649 z 18.686 0.037
53663.351482 g 19.700 0.029
53665.326119 r 19.183 0.018
53665.326952 i 18.795 0.018
53665.327786 u 20.598 0.128
53665.328619 z 18.609 0.043
53665.329452 g 19.720 0.024
53666.418238 r 19.215 0.016
53666.419071 i 18.759 0.014
53666.419905 u 20.976 0.209
53666.420738 z 18.656 0.039
53666.421571 g 19.757 0.027
53668.337749 r 19.149 0.017
53668.338582 i 18.770 0.017
53668.339416 u 20.696 0.115
53668.340249 z 18.701 0.044
53668.341082 g 19.739 0.022
53669.425370 r 19.213 0.018
53669.426203 i 18.765 0.016
53669.427037 u 20.837 0.186
53669.427870 z 18.578 0.042
53669.428703 g 19.701 0.025
53670.342601 r 19.164 0.014
53670.343434 i 18.750 0.014
53670.344268 u 20.808 0.104
53670.345101 z 18.568 0.041
53670.345934 g 19.694 0.020
53673.310588 r 19.179 0.012
53673.311421 i 18.772 0.012
53673.312255 u 20.850 0.080
53673.313088 z 18.720 0.033
53673.313921 g 19.711 0.015
53675.307475 r 19.160 0.013
53675.308308 i 18.756 0.013
53675.309142 u 20.796 0.077
53675.309975 z 18.635 0.039
53675.310808 g 19.712 0.016
53677.328506 r 19.177 0.013
53677.329339 i 18.729 0.012
53677.330173 u 20.758 0.081
53677.331006 z 18.556 0.030
53677.331839 g 19.655 0.016
53680.315173 r 19.161 0.013
53680.316006 i 18.751 0.013
53680.316840 u 20.646 0.074
53680.317673 z 18.662 0.035
53680.318506 g 19.697 0.016
53683.373730 r 19.122 0.015
53683.374563 i 18.714 0.017
53683.375397 u 20.680 0.104
53683.376230 z 18.570 0.051
53683.377063 g 19.672 0.019
53686.314605 r 19.133 0.024
53686.315438 i 18.723 0.018
53686.316272 u 20.311 0.146
53686.317105 z 18.570 0.043
53686.317938 g 19.714 0.051
53693.317066 r 19.172 0.023
53693.317899 i 18.710 0.019
53693.318733 u 20.571 0.215
53693.319566 z 18.645 0.048
53693.320399 g 19.705 0.044
53698.314454 r 19.180 0.014
53698.315287 i 18.772 0.014
53698.316121 u 20.865 0.115
53698.316954 z 18.670 0.038
53698.317787 g 19.717 0.021
53704.300386 r 19.142 0.015
53704.301219 i 18.759 0.014
53704.302053 u 20.784 0.092
53704.302886 z 18.609 0.039
53704.303719 g 19.645 0.017
53989.396447 r 19.205 0.022
53989.397280 i 18.818 0.019
53989.398114 u 20.619 0.134
53989.398947 z 18.665 0.035
53989.399780 g 19.763 0.037
53995.435178 r 19.199 0.014
53995.436011 i 18.831 0.019
53995.436844 u 20.705 0.064
53995.437678 z 18.663 0.028
53995.438511 g 19.719 0.021
54000.371854 r 19.170 0.020
54000.372687 i 18.810 0.019
54000.373520 u 20.723 0.078
54000.374354 z 18.641 0.036
54000.375187 g 19.678 0.018
54007.422029 r 19.217 0.016
54007.422862 i 18.770 0.026
54007.423695 u 20.681 0.072
54007.424529 z 18.677 0.034
54007.425362 g 19.681 0.036
54009.345788 r 19.146 0.021
54009.346621 i 18.795 0.023
54009.347454 u 20.835 0.064
54009.348288 z 18.609 0.027
54009.349121 g 19.710 0.018
54011.410266 r 19.214 0.022
54011.411099 i 18.851 0.025
54011.411932 u 20.853 0.066
54011.412766 z 18.653 0.029
54011.413599 g 19.674 0.024
54025.409290 r 19.123 0.019
54025.410124 i 18.750 0.015
54025.410957 u 20.575 0.078
54025.411790 z 18.682 0.037
54025.412624 g 19.663 0.020
54346.403048 r 19.061 0.019
54346.403882 i 18.624 0.017
54346.404715 u 20.573 0.128
54346.405548 z 18.574 0.034
54346.406382 g 19.520 0.032
54348.407041 r 19.070 0.015
54348.407874 i 18.661 0.021
54348.408707 u 20.962 0.115
54348.409541 z 18.519 0.035
#54348.410374 g -99.000 0.023
#54355.417098 r -99.000 0.019
#54355.417932 i -99.000 0.063
#54355.418765 u -99.000 0.078
#54355.419598 z -99.000 0.031
#54355.420432 g -99.000 0.020
54358.362846 r 19.032 0.027
#54358.363679 i -99.000 0.028
54358.364512 u 20.658 0.085
54358.365346 z 18.504 0.044
#54358.366179 g -99.000 0.023
54365.395927 r 19.040 0.023
54365.396761 i 18.651 0.017
54365.397594 u 20.735 0.058
54365.398427 z 18.574 0.036
54365.399261 g 19.605 0.026
54381.415478 r 19.022 0.020
54381.416311 i 18.662 0.017
54381.417145 u 20.639 0.062
54381.417978 z 18.515 0.028
54381.418811 g 19.580 0.022
54384.422116 r 19.037 0.017
54384.422949 i 18.638 0.027
54384.423783 u 20.686 0.077
54384.424616 z 18.551 0.032
54384.425449 g 19.577 0.021
54386.407797 r 19.043 0.020
54386.408630 i 18.680 0.015
54386.409463 u 20.547 0.074
54386.410297 z 18.562 0.040
54386.411130 g 19.585 0.020
54388.412047 r 19.025 0.017
54388.412880 i 18.650 0.023
54388.413713 u 20.578 0.070
54388.414547 z 18.598 0.028
54388.415380 g 19.606 0.020
54392.409623 r 19.023 0.013
54392.410456 i 18.667 0.019
54392.411290 u 20.595 0.094
54392.412123 z 18.426 0.032
54392.412956 g 19.546 0.018
54403.325945 r 18.972 0.026
54403.326778 i 18.589 0.028
54403.327611 u 20.489 0.186
54403.328445 z 18.484 0.073
54403.329278 g 19.626 0.068
54404.383432 r 18.918 0.020
54404.384265 i 18.575 0.023
#54404.385099 u -99.000 0.688
#54404.385932 z -99.000 0.133
54404.386765 g 19.538 0.046
54405.381378 r 18.989 0.014
54405.382211 i 18.615 0.028
54405.383045 u 20.650 0.126
54405.383878 z 18.534 0.041
54405.384711 g 19.532 0.025
54406.319678 r 19.023 0.017
54406.320511 i 18.653 0.017
54406.321344 u 20.591 0.068
54406.322178 z 18.523 0.034
54406.323011 g 19.501 0.024
54412.345439 r 18.969 0.018
54412.346273 i 18.601 0.021
54412.347106 u 20.578 0.079
54412.347939 z 18.526 0.036
54412.348773 g 19.491 0.020
