51464.207145 r 17.730 0.006
51464.207978 i 17.494 0.007
51464.208812 u 19.973 0.036
51464.209645 z 17.403 0.016
51464.210478 g 18.344 0.007
52197.232920 r 17.724 0.006
52197.233753 i 17.495 0.007
52197.234587 u 19.914 0.041
52197.235420 z 17.398 0.015
52197.236253 g 18.335 0.007
52231.118855 r 17.709 0.007
52231.119688 i 17.499 0.007
52231.120522 u 19.865 0.038
52231.121355 z 17.344 0.015
52231.122188 g 18.339 0.007
52557.226860 r 17.736 0.006
52557.227693 i 17.512 0.007
52557.228527 u 19.968 0.051
52557.229360 z 17.421 0.017
52557.230193 g 18.350 0.007
52578.122939 r 17.725 0.006
52578.123772 i 17.496 0.007
52578.124606 u 20.006 0.045
52578.125439 z 17.417 0.016
52578.126272 g 18.354 0.007
52929.153166 r 17.741 0.006
52929.153999 i 17.509 0.007
52929.154833 u 19.969 0.045
52929.155666 z 17.423 0.016
52929.156499 g 18.345 0.007
52934.133322 r 17.716 0.006
52934.134155 i 17.513 0.007
52934.134989 u 20.000 0.049
52934.135822 z 17.401 0.017
52934.136655 g 18.346 0.007
52936.129247 r 17.737 0.007
52936.130080 i 17.500 0.007
52936.130914 u 19.932 0.039
52936.131747 z 17.408 0.015
52936.132580 g 18.346 0.007
53243.314457 r 17.727 0.007
53243.315290 i 17.489 0.007
53243.316124 u 19.988 0.054
53243.316957 z 17.412 0.015
53243.317790 g 18.351 0.008
53270.193384 r 17.719 0.013
53270.194218 i 17.508 0.015
53270.195051 u 19.996 0.053
53270.195884 z 17.383 0.024
53270.196718 g 18.345 0.022
53272.243257 r 17.754 0.007
53272.244090 i 17.502 0.007
53272.244924 u 19.861 0.074
53272.245757 z 17.419 0.017
53272.246590 g 18.356 0.010
53286.211973 r 17.740 0.006
53286.212806 i 17.492 0.006
53286.213640 u 19.975 0.065
53286.214473 z 17.403 0.017
53286.215306 g 18.332 0.007
53288.170462 r 17.720 0.006
53288.171295 i 17.501 0.007
53288.172129 u 19.899 0.045
53288.172962 z 17.377 0.015
53288.173795 g 18.355 0.007
53294.197861 r 17.711 0.015
53294.198695 i 17.507 0.018
53294.199528 u 19.992 0.049
53294.200361 z 17.413 0.021
53294.201195 g 18.353 0.016
53302.166132 r 17.733 0.008
53302.166965 i 17.500 0.007
53302.167799 u 19.914 0.079
53302.168632 z 17.408 0.017
53302.169465 g 18.354 0.010
53312.121681 r 17.705 0.012
53312.122514 i 17.477 0.021
53312.123347 u 20.070 0.070
53312.124181 z 17.388 0.023
53312.125014 g 18.356 0.010
53314.122857 r 17.726 0.006
53314.123690 i 17.497 0.007
53314.124524 u 19.951 0.048
53314.125357 z 17.430 0.018
53314.126190 g 18.341 0.007
#53616.227229 r -99.000 0.017
#53616.228062 i -99.000 0.014
53616.228896 u 19.793 0.110
#53616.229729 z -99.000 0.038
53616.230562 g 18.372 0.008
53623.217439 r 17.731 0.006
53623.218272 i 17.492 0.007
53623.219106 u 19.955 0.055
53623.219939 z 17.365 0.018
53623.220772 g 18.351 0.007
53626.203652 r 17.723 0.007
53626.204485 i 17.503 0.007
53626.205319 u 19.893 0.066
53626.206152 z 17.362 0.017
53626.206985 g 18.348 0.009
53628.188518 r 17.728 0.009
53628.189351 i 17.472 0.008
53628.190185 u 19.985 0.136
53628.191018 z 17.352 0.020
53628.191851 g 18.320 0.013
53637.190132 r 17.725 0.006
53637.190965 i 17.503 0.007
53637.191799 u 19.962 0.064
53637.192632 z 17.389 0.019
53637.193465 g 18.354 0.007
53644.182578 r 17.719 0.012
53644.183411 i 17.496 0.016
53644.184245 u 19.890 0.038
53644.185078 z 17.380 0.017
53644.185911 g 18.319 0.016
53654.217201 r 17.724 0.007
53654.218034 i 17.491 0.007
53654.218868 u 19.997 0.063
53654.219701 z 17.407 0.017
53654.220534 g 18.360 0.008
53656.164793 r 17.703 0.009
53656.165626 i 17.477 0.008
53656.166460 u 19.887 0.115
53656.167293 z 17.364 0.022
53656.168126 g 18.344 0.012
53663.178102 r 17.725 0.007
53663.178935 i 17.493 0.007
53663.179769 u 19.984 0.065
53663.180602 z 17.373 0.015
53663.181435 g 18.346 0.009
53665.156071 r 17.775 0.020
53665.156904 i 17.523 0.022
53665.157738 u 20.325 0.561
#53665.158571 z -99.000 0.147
53665.159404 g 18.354 0.042
53668.167702 r 17.725 0.006
53668.168535 i 17.491 0.007
53668.169369 u 19.957 0.055
53668.170202 z 17.378 0.019
53668.171035 g 18.340 0.007
53670.172555 r 17.724 0.006
53670.173388 i 17.500 0.007
53670.174222 u 19.954 0.048
53670.175055 z 17.378 0.017
53670.175888 g 18.330 0.007
53673.140538 r 17.621 0.006
53673.141371 i 17.484 0.007
53673.142205 u 19.910 0.050
53673.143038 z 17.339 0.017
53673.143871 g 18.345 0.007
53675.137427 r 17.734 0.006
53675.138260 i 17.520 0.007
53675.139094 u 19.960 0.052
53675.139927 z 17.406 0.018
53675.140760 g 18.330 0.007
53677.158459 r 17.723 0.006
53677.159292 i 17.503 0.007
53677.160126 u 19.946 0.044
53677.160959 z 17.400 0.015
53677.161792 g 18.338 0.007
53680.145125 r 17.715 0.006
53680.145958 i 17.509 0.006
53680.146792 u 19.998 0.052
53680.147625 z 17.387 0.016
53680.148458 g 18.344 0.007
53686.211827 r 17.745 0.011
53686.212660 i 17.509 0.010
53686.213494 u 19.655 0.182
#53686.214327 z -99.000 0.026
53686.215160 g 18.351 0.020
53693.147026 r 17.710 0.007
53693.147859 i 17.498 0.007
53693.148693 u 19.969 0.087
53693.149526 z 17.425 0.017
53693.150359 g 18.350 0.010
53702.142703 r 18.304 0.025
53702.143537 i 18.046 0.037
53702.144370 u 22.307 0.971
53702.145203 z 18.051 0.061
53702.146037 g 18.852 0.028
53703.151833 r 17.722 0.014
53703.152666 i 17.477 0.013
53703.153499 u 20.041 0.084
53703.154333 z 17.395 0.029
53703.155166 g 18.361 0.017
53704.130353 r 17.731 0.006
53704.131186 i 17.497 0.007
53704.132020 u 19.892 0.049
53704.132853 z 17.413 0.017
53704.133686 g 18.357 0.007
53989.226397 r 17.732 0.019
53989.227230 i 17.493 0.017
53989.228063 u 20.019 0.065
53989.228897 z 17.355 0.025
53989.229730 g 18.326 0.015
53995.215651 r 17.713 0.014
53995.216484 i 17.484 0.014
53995.217318 u 19.868 0.037
53995.218151 z 17.409 0.020
53995.218984 g 18.340 0.018
53997.194023 r 17.723 0.015
53997.194856 i 17.477 0.021
53997.195690 u 19.990 0.052
53997.196523 z 17.390 0.020
53997.197356 g 18.350 0.021
54000.201813 r 17.725 0.012
54000.202646 i 17.497 0.013
54000.203480 u 20.015 0.062
54000.204313 z 17.437 0.025
54000.205146 g 18.376 0.018
54007.178625 r 17.735 0.013
54007.179458 i 17.514 0.015
54007.180292 u 19.885 0.048
54007.181125 z 17.407 0.020
54007.181958 g 18.333 0.016
54009.175757 r 17.736 0.017
54009.176590 i 17.477 0.015
54009.177424 u 19.970 0.050
54009.178257 z 17.393 0.021
54009.179090 g 18.347 0.015
54011.240226 r 17.727 0.015
54011.241059 i 17.488 0.013
54011.241893 u 19.978 0.065
54011.242726 z 17.392 0.031
54011.243559 g 18.339 0.012
54019.190443 r 17.710 0.011
54019.191276 i 17.503 0.013
54019.192110 u 19.896 0.046
54019.192943 z 17.379 0.017
54019.193776 g 18.355 0.012
54025.239240 r 17.726 0.012
54025.240073 i 17.477 0.021
54025.240907 u 19.925 0.054
54025.241740 z 17.381 0.027
54025.242573 g 18.336 0.024
54029.169586 r 17.737 0.017
54029.170420 i 17.474 0.025
54029.171253 u 19.951 0.044
54029.172086 z 17.368 0.020
54029.172920 g 18.365 0.014
54051.146258 r 17.732 0.019
54051.147091 i 17.500 0.020
54051.147925 u 19.856 0.116
54051.148758 z 17.378 0.073
#54051.149591 g -99.000 0.027
54356.247752 r 17.700 0.018
54356.248585 i 17.472 0.016
54356.249418 u 19.852 0.049
54356.250252 z 17.419 0.038
54356.251085 g 18.361 0.017
54358.192802 r 17.724 0.019
54358.193635 i 17.481 0.015
54358.194468 u 19.883 0.074
54358.195302 z 17.422 0.030
54358.196135 g 18.362 0.023
54373.300064 r 17.707 0.023
54373.300898 i 17.484 0.019
#54373.301731 u -99.000 0.120
54373.302564 z 17.392 0.024
54373.303398 g 18.365 0.019
54382.235020 r 17.726 0.017
54382.235853 i 17.488 0.012
54382.236686 u 20.006 0.065
54382.237520 z 17.391 0.024
54382.238353 g 18.351 0.018
54386.237749 r 17.727 0.019
54386.238582 i 17.501 0.016
54386.239416 u 19.899 0.046
54386.240249 z 17.390 0.019
54386.241082 g 18.332 0.017
54388.242026 r 17.707 0.011
54388.242859 i 17.488 0.014
54388.243692 u 19.873 0.055
54388.244526 z 17.356 0.021
54388.245359 g 18.359 0.013
54403.155829 r 17.716 0.012
54403.156662 i 17.521 0.014
54403.157495 u 19.956 0.045
54403.158329 z 17.380 0.020
54403.159162 g 18.324 0.019
54406.149623 r 17.738 0.014
54406.150456 i 17.485 0.015
54406.151289 u 19.928 0.041
54406.152123 z 17.396 0.020
54406.152956 g 18.343 0.015
54412.152562 r 17.728 0.012
54412.153395 i 17.498 0.015
54412.154228 u 19.928 0.052
54412.155062 z 17.397 0.020
54412.155895 g 18.358 0.013
