51464.201967 r 15.734 0.004
51464.202800 i 15.586 0.004
51464.203634 u 17.187 0.008
51464.204467 z 15.537 0.007
51464.205300 g 16.104 0.004
52197.227703 r 15.693 0.004
52197.228536 i 15.582 0.005
52197.229370 u 17.200 0.009
52197.230203 z 15.541 0.007
52197.231036 g 16.110 0.004
52231.113685 r 15.730 0.005
52231.114518 i 15.587 0.005
52231.115352 u 17.186 0.009
52231.116185 z 15.551 0.007
52231.117018 g 16.113 0.004
52557.221690 r 15.736 0.003
52557.222523 i 15.583 0.004
52557.223357 u 17.216 0.009
52557.224190 z 15.544 0.006
52557.225023 g 16.112 0.003
52578.117769 r 15.736 0.004
52578.118602 i 15.589 0.004
52578.119436 u 17.206 0.009
52578.120269 z 15.541 0.006
52578.121102 g 16.109 0.004
52929.147995 r 15.735 0.004
52929.148828 i 15.585 0.004
52929.149662 u 17.211 0.009
52929.150495 z 15.543 0.006
52929.151328 g 16.114 0.004
52934.128152 r 15.736 0.004
52934.128985 i 15.582 0.004
52934.129819 u 17.199 0.009
52934.130652 z 15.544 0.006
52934.131485 g 16.104 0.004
52936.124078 r 15.731 0.005
52936.124911 i 15.590 0.005
52936.125745 u 17.193 0.009
52936.126578 z 15.548 0.006
52936.127411 g 16.107 0.004
53243.309287 r 15.738 0.004
53243.310120 i 15.592 0.005
53243.310954 u 17.208 0.010
53243.311787 z 15.547 0.007
53243.312620 g 16.117 0.004
53270.188136 r 15.731 0.008
53270.188969 i 15.586 0.013
53270.189803 u 17.206 0.014
53270.190636 z 15.538 0.022
53270.191469 g 16.111 0.023
53272.238087 r 15.736 0.004
53272.238920 i 15.584 0.004
53272.239754 u 17.229 0.011
53272.240587 z 15.544 0.006
53272.241420 g 16.117 0.004
53288.165293 r 15.710 0.005
53288.166126 i 15.589 0.005
53288.166960 u 17.197 0.010
53288.167793 z 15.552 0.006
53288.168626 g 16.108 0.004
#53294.192612 r -99.000 0.018
53294.193445 i 15.550 0.014
53294.194279 u 17.200 0.018
53294.195112 z 15.567 0.016
53294.195945 g 16.094 0.023
53302.160963 r 15.736 0.005
53302.161796 i 15.593 0.005
53302.162630 u 17.217 0.011
53302.163463 z 15.546 0.007
53302.164296 g 16.116 0.004
53312.116507 r 15.724 0.011
53312.117340 i 15.601 0.012
53312.118174 u 17.206 0.014
53312.119007 z 15.549 0.014
53312.119840 g 16.103 0.014
53314.117687 r 15.736 0.004
53314.118520 i 15.585 0.004
53314.119354 u 17.199 0.010
53314.120187 z 15.548 0.006
53314.121020 g 16.110 0.004
53616.222059 r 15.700 0.004
#53616.222892 i -99.000 0.005
53616.223726 u 17.188 0.021
53616.224559 z 15.490 0.011
53616.225392 g 16.082 0.005
53623.212270 r 15.733 0.004
53623.213103 i 15.588 0.004
53623.213937 u 17.183 0.010
53623.214770 z 15.546 0.007
53623.215603 g 16.112 0.004
53626.198482 r 15.735 0.004
53626.199315 i 15.591 0.004
53626.200149 u 17.205 0.011
53626.200982 z 15.548 0.007
53626.201815 g 16.117 0.004
53628.183348 r 15.732 0.003
53628.184181 i 15.587 0.003
53628.185015 u 17.205 0.015
53628.185848 z 15.553 0.007
53628.186681 g 16.116 0.004
53637.184961 r 15.739 0.003
53637.185794 i 15.588 0.004
53637.186628 u 17.220 0.010
53637.187461 z 15.560 0.007
53637.188294 g 16.112 0.003
53644.177407 r 15.731 0.012
53644.178240 i 15.580 0.013
53644.179074 u 17.197 0.014
53644.179907 z 15.542 0.012
53644.180740 g 16.120 0.010
53654.212030 r 15.754 0.004
53654.212863 i 15.598 0.004
53654.213697 u 17.207 0.010
53654.214530 z 15.554 0.006
53654.215363 g 16.117 0.004
53656.159623 r 15.668 0.003
53656.160456 i 15.595 0.004
53656.161290 u 17.198 0.014
53656.162123 z 15.525 0.007
53656.162956 g 16.107 0.004
53665.150901 r 15.741 0.006
53665.151734 i 15.575 0.006
53665.152568 u 17.211 0.019
53665.153401 z 15.519 0.014
53665.154234 g 16.098 0.006
53668.162532 r 15.731 0.003
53668.163365 i 15.587 0.004
53668.164199 u 17.206 0.010
53668.165032 z 15.535 0.006
53668.165865 g 16.105 0.003
53670.167385 r 15.726 0.004
53670.168218 i 15.583 0.004
53670.169052 u 17.205 0.010
53670.169885 z 15.555 0.006
53670.170718 g 16.101 0.004
53673.135368 r 15.722 0.004
53673.136201 i 15.582 0.004
53673.137035 u 17.218 0.010
53673.137868 z 15.540 0.006
53673.138701 g 16.104 0.004
53675.132257 r 15.720 0.004
53675.133090 i 15.590 0.004
53675.133924 u 17.192 0.010
53675.134757 z 15.533 0.006
53675.135590 g 16.101 0.003
53677.153289 r 15.734 0.004
53677.154122 i 15.587 0.004
53677.154956 u 17.204 0.010
53677.155789 z 15.535 0.006
53677.156622 g 16.105 0.004
53680.139954 r 15.729 0.004
53680.140787 i 15.582 0.005
53680.141621 u 17.204 0.010
53680.142454 z 15.539 0.006
53680.143287 g 16.098 0.004
53686.206659 r 15.734 0.003
53686.207492 i 15.590 0.004
53686.208326 u 17.241 0.021
53686.209159 z 15.546 0.007
53686.209992 g 16.121 0.004
53693.141856 r 15.736 0.004
53693.142689 i 15.588 0.004
53693.143523 u 17.206 0.012
53693.144356 z 15.539 0.006
53693.145189 g 16.110 0.004
53702.137527 r 16.254 0.019
53702.138360 i 15.888 0.018
53702.139194 u 17.340 0.019
53702.140027 z 16.002 0.018
53702.140860 g 16.542 0.018
53703.146692 r 15.744 0.012
53703.147526 i 15.578 0.030
53703.148359 u 17.174 0.023
53703.149192 z 15.529 0.015
53703.150026 g 16.121 0.016
53704.125183 r 15.731 0.004
53704.126016 i 15.585 0.004
53704.126850 u 17.221 0.010
53704.127683 z 15.551 0.006
53704.128516 g 16.107 0.003
53989.221239 r 15.718 0.014
53989.222073 i 15.573 0.017
53989.222906 u 17.190 0.019
53989.223739 z 15.566 0.019
53989.224573 g 16.127 0.018
53995.210483 r 15.741 0.018
53995.211316 i 15.570 0.013
53995.212149 u 17.215 0.017
53995.212983 z 15.560 0.015
53995.213816 g 16.121 0.013
53997.188861 r 15.705 0.016
53997.189694 i 15.556 0.011
53997.190527 u 17.229 0.014
53997.191361 z 15.569 0.017
53997.192194 g 16.097 0.016
54000.196650 r 15.709 0.012
54000.197483 i 15.573 0.013
54000.198317 u 17.204 0.017
54000.199150 z 15.552 0.018
54000.199983 g 16.116 0.016
54007.173461 r 15.716 0.010
54007.174294 i 15.587 0.012
54007.175127 u 17.222 0.019
54007.175961 z 15.561 0.016
54007.176794 g 16.113 0.013
54009.170574 r 15.731 0.015
54009.171407 i 15.589 0.013
54009.172240 u 17.229 0.017
54009.173074 z 15.556 0.017
54009.173907 g 16.112 0.010
54011.235056 r 15.725 0.011
54011.235889 i 15.584 0.015
54011.236723 u 17.163 0.031
54011.237556 z 15.568 0.021
54011.238389 g 16.114 0.014
54019.185286 r 15.729 0.009
54019.186119 i 15.587 0.011
54019.186952 u 17.212 0.018
54019.187786 z 15.540 0.013
54019.188619 g 16.119 0.012
54025.234080 r 15.737 0.011
54025.234913 i 15.568 0.013
54025.235747 u 17.205 0.026
54025.236580 z 15.560 0.019
54025.237413 g 16.112 0.014
54029.164408 r 15.720 0.010
54029.165241 i 15.576 0.009
54029.166074 u 17.206 0.014
54029.166908 z 15.559 0.017
54029.167741 g 16.123 0.014
54051.141000 r 15.715 0.011
54051.141834 i 15.587 0.012
54051.142667 u 17.162 0.022
54051.143500 z 15.562 0.021
54051.144334 g 16.131 0.012
54356.242572 r 15.722 0.014
54356.243405 i 15.587 0.012
54356.244239 u 17.202 0.013
54356.245072 z 15.549 0.013
54356.245905 g 16.138 0.023
#54358.187666 r -99.000 0.017
#54358.188499 i -99.000 0.033
#54358.189333 u -99.000 0.016
54358.190166 z 15.566 0.021
#54358.190999 g -99.000 0.013
54373.294894 r 15.722 0.011
54373.295728 i 15.574 0.018
54373.296561 u 17.173 0.025
54373.297394 z 15.533 0.028
54373.298228 g 16.117 0.025
54381.232430 r 15.735 0.013
54381.233263 i 15.557 0.017
54381.234096 u 17.215 0.014
54381.234930 z 15.528 0.011
54381.235763 g 16.099 0.013
54382.229828 r 15.732 0.011
54382.230661 i 15.588 0.015
54382.231495 u 17.224 0.016
54382.232328 z 15.561 0.015
54382.233161 g 16.116 0.024
54386.232592 r 15.719 0.013
54386.233426 i 15.583 0.015
54386.234259 u 17.202 0.017
54386.235092 z 15.552 0.017
54386.235926 g 16.103 0.015
54388.236844 r 15.726 0.010
54388.237677 i 15.574 0.013
54388.238510 u 17.221 0.016
54388.239344 z 15.532 0.012
54388.240177 g 16.118 0.010
54403.150627 r 15.732 0.011
54403.151460 i 15.582 0.010
54403.152293 u 17.232 0.018
54403.153127 z 15.546 0.013
54403.153960 g 16.120 0.011
54406.144454 r 15.736 0.008
54406.145287 i 15.593 0.016
54406.146121 u 17.203 0.017
54406.146954 z 15.537 0.018
54406.147787 g 16.144 0.015
54412.147383 r 15.730 0.009
54412.148216 i 15.579 0.015
54412.149050 u 17.203 0.016
54412.149883 z 15.527 0.015
54412.150716 g 16.123 0.012
