51075.235510 r 19.975 0.027
51075.236343 i 20.118 0.042
51075.237177 u 21.011 0.098
51075.238010 z 19.900 0.142
51075.238843 g 20.082 0.021
51464.223405 r 20.290 0.028
51464.224238 i 20.211 0.036
51464.225072 u 21.370 0.127
51464.225905 z 20.234 0.128
51464.226738 g 20.327 0.022
52197.249132 r 19.984 0.021
52197.249965 i 19.989 0.026
52197.250799 u 21.170 0.127
52197.251632 z 20.243 0.123
52197.252465 g 20.025 0.018
52231.135114 r 19.982 0.022
52231.135947 i 20.054 0.027
52231.136781 u 21.135 0.118
52231.137614 z 19.947 0.101
52231.138447 g 20.009 0.019
52557.243117 r 20.044 0.025
52557.243950 i 20.109 0.032
52557.244784 u 21.306 0.140
52557.245617 z 19.994 0.115
52557.246450 g 20.097 0.020
52578.139196 r 20.252 0.026
52578.140029 i 20.346 0.036
52578.140863 u 21.582 0.155
52578.141696 z 20.211 0.128
52578.142529 g 20.243 0.020
52929.169424 r 20.233 0.024
52929.170257 i 20.226 0.031
52929.171091 u 21.289 0.125
52929.171924 z 20.460 0.145
52929.172757 g 20.232 0.020
52934.149580 r 20.226 0.030
52934.150413 i 20.202 0.035
52934.151247 u 21.396 0.164
52934.152080 z 20.252 0.136
52934.152913 g 20.225 0.023
52936.145506 r 19.976 0.025
52936.146339 i 20.047 0.030
52936.147173 u 21.196 0.099
52936.148006 z 19.933 0.083
52936.148839 g 20.023 0.019
53270.209585 r 20.014 0.023
53270.210419 i 20.025 0.026
53270.211252 u 21.326 0.145
53270.212085 z 20.165 0.099
53270.212919 g 20.019 0.024
53272.259514 r 19.961 0.041
53272.260347 i 20.135 0.046
53272.261181 u 21.503 0.341
53272.262014 z 19.974 0.121
53272.262847 g 19.968 0.039
53286.228231 r 20.202 0.032
53286.229064 i 20.221 0.038
53286.229898 u 21.530 0.253
53286.230731 z 20.195 0.149
53286.231564 g 20.330 0.025
53288.186721 r 19.951 0.021
53288.187554 i 20.203 0.033
53288.188388 u 21.181 0.141
53288.189221 z 20.041 0.100
53288.190054 g 20.040 0.018
53294.214062 r 19.968 0.033
53294.214895 i 19.999 0.034
53294.215729 u 21.436 0.176
53294.216562 z 20.153 0.173
53294.217395 g 19.915 0.032
53302.182389 r 20.083 0.048
53302.183222 i 20.094 0.049
53302.184056 u 21.344 0.387
53302.184889 z 20.352 0.187
53302.185722 g 19.987 0.048
53312.137951 r 20.024 0.029
53312.138785 i 20.077 0.038
53312.139618 u 21.258 0.146
53312.140451 z 20.243 0.161
53312.141285 g 20.031 0.024
53314.139117 r 20.306 0.031
53314.139950 i 20.118 0.035
53314.140784 u 21.417 0.150
53314.141617 z 20.322 0.161
53314.142450 g 20.186 0.020
53616.243486 r 20.088 0.031
53616.244319 i 19.989 0.040
53616.245153 u 20.972 0.176
53616.245986 z 20.038 0.159
53616.246819 g 19.985 0.022
53623.233697 r 20.014 0.024
53623.234530 i 19.970 0.029
53623.235364 u 21.057 0.140
53623.236197 z 19.994 0.118
53623.237030 g 20.041 0.022
53626.219909 r 19.967 0.029
53626.220742 i 20.088 0.038
53626.221576 u 21.395 0.228
53626.222409 z 20.337 0.144
53626.223242 g 20.114 0.036
53628.204774 r 20.011 0.053
53628.205607 i 20.198 0.064
53628.206441 u 21.825 0.629
53628.207274 z 20.132 0.147
53628.208107 g 19.978 0.048
53637.206389 r 20.072 0.031
53637.207222 i 20.010 0.040
53637.208056 u 21.183 0.189
53637.208889 z 20.223 0.175
53637.209722 g 20.075 0.026
53644.198837 r 19.990 0.022
53644.199670 i 20.036 0.026
53644.200504 u 21.195 0.103
53644.201337 z 19.995 0.075
53644.202170 g 20.012 0.017
53654.233459 r 20.151 0.029
53654.234292 i 20.180 0.036
53654.235126 u 21.615 0.205
53654.235959 z 20.414 0.176
53654.236792 g 20.154 0.029
53656.181051 r 19.992 0.060
53656.181884 i 20.210 0.083
53656.182718 u 20.683 0.305
53656.183551 z 20.139 0.207
53656.184384 g 20.047 0.065
53663.194360 r 20.013 0.027
53663.195193 i 20.067 0.028
53663.196027 u 21.116 0.185
53663.196860 z 19.992 0.086
53663.197693 g 20.010 0.028
53668.183960 r 19.966 0.027
53668.184793 i 19.985 0.035
53668.185627 u 21.501 0.207
53668.186460 z 20.227 0.195
53668.187293 g 20.074 0.022
53670.188814 r 20.026 0.025
53670.189647 i 20.049 0.032
53670.190481 u 21.215 0.141
53670.191314 z 19.860 0.100
53670.192147 g 20.035 0.018
53673.156796 r 19.951 0.023
53673.157629 i 20.022 0.031
53673.158463 u 21.310 0.152
53673.159296 z 20.110 0.122
53673.160129 g 19.986 0.018
53675.153684 r 19.971 0.025
53675.154517 i 20.060 0.033
53675.155351 u 21.296 0.140
53675.156184 z 20.168 0.131
53675.157017 g 20.030 0.019
53677.174716 r 20.054 0.021
53677.175549 i 20.078 0.025
53677.176383 u 21.471 0.131
53677.177216 z 20.048 0.084
53677.178049 g 20.078 0.017
53680.161383 r 20.025 0.023
53680.162216 i 20.051 0.026
53680.163050 u 21.263 0.127
53680.163883 z 20.012 0.086
53680.164716 g 20.037 0.018
53686.228082 r 19.981 0.074
#53686.228915 i -99.000 0.072
#53686.229749 u 27.727 1.013
53686.230582 z 19.804 0.175
53686.231415 g 20.044 0.088
53693.163283 r 20.024 0.033
53693.164116 i 20.015 0.034
53693.164950 u 21.118 0.240
53693.165783 z 19.943 0.101
53693.166616 g 20.033 0.038
53702.158950 r 19.877 0.049
53702.159783 i 20.104 0.073
53702.160616 u 20.954 0.216
53702.161450 z 20.726 0.494
53702.162283 g 19.963 0.033
53704.146609 r 20.018 0.024
53704.147442 i 20.103 0.031
53704.148276 u 20.979 0.116
53704.149109 z 20.115 0.121
53704.149942 g 19.989 0.025
53989.242717 r 19.970 0.029
53989.243550 i 20.011 0.034
53989.244383 u 21.425 0.261
53989.245217 z 20.288 0.119
53989.246050 g 19.977 0.034
53995.231923 r 19.995 0.022
53995.232756 i 20.073 0.024
53995.233589 u 21.185 0.096
53995.234423 z 20.131 0.082
53995.235256 g 20.025 0.020
54000.218068 r 19.964 0.026
54000.218901 i 20.005 0.030
54000.219735 u 21.265 0.158
54000.220568 z 19.961 0.105
54000.221401 g 20.019 0.023
54007.268268 r 19.990 0.025
54007.269101 i 20.033 0.030
54007.269935 u 21.226 0.131
54007.270768 z 20.147 0.109
54007.271601 g 20.015 0.020
54009.192029 r 20.326 0.041
54009.192863 i 20.239 0.033
54009.193696 u 21.374 0.167
54009.194529 z 20.485 0.130
54009.195363 g 20.251 0.029
54011.256513 r 20.048 0.031
54011.257346 i 20.079 0.031
54011.258180 u 21.066 0.171
54011.259013 z 20.267 0.108
54011.259846 g 20.084 0.035
54019.206701 r 20.058 0.023
54019.207534 i 20.038 0.024
54019.208368 u 21.139 0.135
54019.209201 z 20.114 0.079
54019.210034 g 20.037 0.029
54025.255533 r 20.005 0.035
#54025.256367 i -99.000 0.097
54025.257200 u 21.252 0.164
54025.258033 z 20.160 0.142
54025.258867 g 19.975 0.030
54029.185862 r 20.023 0.033
54029.186696 i 20.014 0.028
54029.187529 u 21.210 0.129
54029.188362 z 20.126 0.107
54029.189196 g 20.040 0.024
54356.264012 r 20.042 0.023
54356.264845 i 20.055 0.029
54356.265678 u 21.347 0.153
54356.266512 z 20.004 0.102
54356.267345 g 20.073 0.025
54358.209076 r 20.035 0.030
54358.209909 i 20.064 0.042
54358.210743 u 20.934 0.134
54358.211576 z 20.242 0.157
54358.212409 g 19.967 0.026
54365.242122 r 20.055 0.028
54365.242955 i 20.068 0.032
54365.243788 u 21.129 0.152
54365.244622 z 20.319 0.141
54365.245455 g 20.067 0.032
54373.316349 r 20.154 0.060
54373.317182 i 20.243 0.067
54373.318015 u 21.484 0.567
54373.318849 z 20.456 0.200
54373.319682 g 20.448 0.068
54382.251295 r 20.019 0.029
54382.252129 i 20.024 0.041
54382.252962 u 21.171 0.192
54382.253795 z 19.900 0.128
54382.254629 g 20.057 0.026
54386.254018 r 19.967 0.026
54386.254851 i 20.038 0.029
54386.255684 u 21.063 0.120
54386.256518 z 20.354 0.128
54386.257351 g 19.981 0.020
54388.258291 r 20.017 0.024
54388.259124 i 20.032 0.034
54388.259958 u 21.087 0.130
54388.260791 z 20.165 0.126
54388.261624 g 20.045 0.020
54403.172061 r 19.998 0.031
54403.172894 i 19.989 0.035
54403.173727 u 20.705 0.139
54403.174561 z 19.722 0.118
54403.175394 g 20.051 0.042
54406.165897 r 20.412 0.033
54406.166730 i 20.344 0.039
54406.167563 u 21.699 0.168
54406.168397 z 20.580 0.167
54406.169230 g 20.507 0.024
