51467.304517 r 17.734 0.007
51467.305350 i 17.089 0.006
51467.306184 u 21.724 0.361
51467.307017 z 16.676 0.013
51467.307850 g 19.130 0.014
51819.280519 r 17.857 0.007
51819.281352 i 17.199 0.006
51819.282186 u 22.335 0.326
51819.283019 z 16.832 0.011
51819.283852 g 19.259 0.012
52172.296115 r 17.894 0.007
52172.296948 i 17.244 0.006
52172.297782 u 22.249 0.251
52172.298615 z 16.862 0.012
52172.299448 g 19.298 0.012
52172.346252 r 17.921 0.007
52172.347085 i 17.225 0.006
52172.347919 u 21.980 0.246
52172.348752 z 16.836 0.012
52172.349585 g 19.310 0.012
52558.245790 r 17.893 0.007
52558.246623 i 17.222 0.006
52558.247457 u 22.517 0.344
52558.248290 z 16.844 0.011
52558.249123 g 19.324 0.011
52577.133286 r 17.724 0.006
52577.134119 i 17.053 0.006
52577.134953 u 22.157 0.355
52577.135786 z 16.666 0.013
52577.136619 g 19.118 0.011
52586.136763 r 17.886 0.007
52586.137596 i 17.241 0.006
52586.138430 u 22.009 0.192
52586.139263 z 16.855 0.011
52586.140096 g 19.279 0.011
52931.147446 r 17.917 0.007
52931.148279 i 17.514 0.007
52931.149113 u 21.972 0.179
52931.149946 z 16.862 0.011
52931.150779 g 19.315 0.011
52935.144410 r 17.918 0.007
52935.145243 i 17.239 0.006
52935.146077 u 21.747 0.163
52935.146910 z 16.875 0.011
52935.147743 g 19.321 0.011
53313.137612 r 17.672 0.007
53313.138445 i 17.019 0.006
53313.139279 u 21.334 0.180
53313.140112 z 16.633 0.012
53313.140945 g 19.076 0.012
53622.246857 r 17.866 0.007
53622.247690 i 17.192 0.006
53622.248524 u 22.522 0.475
53622.249357 z 16.798 0.013
53622.250190 g 19.249 0.013
53625.242822 r 18.041 0.008
53625.243655 i 17.221 0.007
53625.244489 u 22.226 0.233
53625.245322 z 16.840 0.011
53625.246155 g 19.282 0.012
53636.201859 r 17.882 0.007
53636.202692 i 17.240 0.007
53636.203526 u 21.863 0.253
53636.204359 z 16.833 0.011
53636.205192 g 19.288 0.015
53655.173865 r 17.794 0.008
53655.174698 i 17.163 0.006
53655.175532 u 21.063 0.256
53655.176365 z 16.771 0.012
53655.177198 g 19.184 0.023
53664.198823 r 17.835 0.008
53664.199656 i 17.162 0.006
#53664.200490 u 22.781 1.220
53664.201323 z 16.758 0.012
53664.202156 g 19.232 0.020
53666.162424 r 17.897 0.007
53666.163257 i 17.229 0.006
53666.164091 u 22.303 0.246
53666.164924 z 16.879 0.011
53666.165757 g 19.297 0.011
53669.158063 r 17.908 0.007
53669.158896 i 17.237 0.006
53669.159730 u 22.040 0.191
53669.160563 z 16.853 0.011
53669.161396 g 19.268 0.011
53674.142297 r 17.884 0.007
53674.143130 i 17.225 0.006
53674.143964 u 22.395 0.296
53674.144797 z 16.848 0.011
53674.145630 g 19.288 0.011
53676.231792 r 17.882 0.007
53676.232625 i 17.223 0.007
53676.233459 u 22.021 0.214
53676.234292 z 16.848 0.010
53676.235125 g 19.277 0.011
53679.203677 r 17.702 0.007
53679.204510 i 17.052 0.006
53679.205344 u 22.600 0.689
53679.206177 z 16.679 0.012
53679.207010 g 19.100 0.012
53681.195189 r 17.901 0.007
53681.196022 i 17.230 0.007
53681.196856 u 21.863 0.204
53681.197689 z 16.861 0.011
53681.198522 g 19.313 0.012
53685.154234 r 17.913 0.010
53685.155067 i 17.228 0.007
53685.155901 u 21.432 0.352
53685.156734 z 16.838 0.012
53685.157567 g 19.298 0.027
53687.192580 r 17.900 0.009
53687.193413 i 17.235 0.007
#53687.194247 u 23.133 2.006
53687.195080 z 16.874 0.011
53687.195913 g 19.293 0.029
53697.152210 r 17.893 0.035
53697.153043 i 17.187 0.023
53697.153877 u 21.233 0.884
53697.154710 z 16.822 0.043
53697.155543 g 19.275 0.035
53700.151172 r 17.895 0.007
53700.152005 i 17.252 0.006
53700.152839 u 22.237 0.288
53700.153672 z 16.847 0.011
53700.154505 g 19.274 0.012
53705.137841 r 17.853 0.007
53705.138674 i 17.213 0.006
53705.139508 u 22.444 0.389
53705.140341 z 16.854 0.011
53705.141174 g 19.276 0.012
53975.222864 r 17.885 0.023
53975.223697 i 17.201 0.017
53975.224531 u 22.032 0.293
53975.225364 z 16.835 0.020
53975.226197 g 19.272 0.018
53993.290643 r 17.864 0.016
53993.291476 i 17.209 0.014
53993.292310 u 21.841 0.227
53993.293143 z 16.864 0.021
53993.293976 g 19.278 0.020
53996.229567 r 17.874 0.014
53996.230401 i 17.211 0.013
53996.231234 u 22.776 0.340
53996.232067 z 16.832 0.013
53996.232901 g 19.273 0.014
53998.198198 r 17.894 0.015
53998.199031 i 17.212 0.013
53998.199864 u 22.309 1.000
53998.200698 z 16.833 0.017
53998.201531 g 19.271 0.014
54010.183677 r 17.930 0.021
54010.184510 i 17.233 0.016
54010.185343 u 21.482 0.171
54010.186177 z 16.854 0.019
54010.187010 g 19.275 0.022
54012.176588 r 17.876 0.017
54012.177421 i 17.249 0.017
#54012.178255 u 22.814 1.364
54012.179088 z 16.864 0.024
54012.179921 g 19.211 0.023
54020.182499 r 17.916 0.015
54020.183332 i 17.237 0.017
54020.184166 u 22.097 0.372
54020.184999 z 16.820 0.016
54020.185832 g 19.282 0.016
54022.231947 r 17.871 0.013
54022.232781 i 17.238 0.016
54022.233614 u 22.160 0.240
54022.234447 z 16.878 0.016
#54022.235281 g -99.000 0.024
54028.172871 r 17.872 0.016
54028.173704 i 17.171 0.017
54028.174538 u 22.147 0.203
54028.175371 z 16.809 0.019
54028.176204 g 19.202 0.022
54030.176088 r 17.895 0.015
54030.176921 i 17.230 0.013
54030.177754 u 22.096 0.187
54030.178588 z 16.803 0.017
54030.179421 g 19.282 0.017
54037.157344 r 17.893 0.013
54037.158178 i 17.233 0.015
54037.159011 u 23.078 0.909
54037.159844 z 16.813 0.019
54037.160678 g 19.263 0.019
54040.171800 r 17.879 0.016
54040.172634 i 17.219 0.014
54040.173467 u 22.013 0.403
54040.174300 z 16.870 0.019
54040.175134 g 19.279 0.027
54056.164237 r 17.812 0.050
#54056.165071 i -99.000 0.037
54056.165904 u 22.664 0.741
#54056.166737 z -99.000 0.024
54056.167571 g 19.184 0.030
54057.132895 r 17.865 0.013
54057.133728 i 17.180 0.019
54057.134562 u 22.047 0.233
54057.135395 z 16.869 0.018
54057.136228 g 19.269 0.016
54059.158520 r 17.874 0.022
54059.159353 i 17.226 0.016
54059.160187 u 22.373 0.342
54059.161020 z 16.841 0.018
54059.161853 g 19.265 0.019
54061.169628 r 17.877 0.021
54061.170462 i 17.216 0.017
54061.171295 u 22.025 0.278
54061.172128 z 16.859 0.022
54061.172962 g 19.257 0.022
54062.163441 r 17.871 0.017
54062.164274 i 17.175 0.015
54062.165108 u 21.852 0.490
54062.165941 z 16.815 0.017
54062.166774 g 19.230 0.018
54357.201717 r 17.847 0.019
54357.202550 i 17.206 0.017
54357.203383 u 21.765 0.188
54357.204217 z 16.818 0.024
54357.205050 g 19.262 0.026
54365.199572 r 17.834 0.014
54365.200405 i 17.183 0.012
54365.201238 u 21.706 0.394
54365.202072 z 16.832 0.024
54365.202905 g 19.233 0.022
54385.249540 r 17.859 0.014
54385.250373 i 17.186 0.010
54385.251207 u 22.018 0.274
54385.252040 z 16.829 0.020
54385.252873 g 19.231 0.019
54387.250041 r 17.829 0.014
54387.250874 i 17.188 0.012
54387.251708 u 22.036 0.224
54387.252541 z 16.797 0.018
54387.253374 g 19.213 0.017
54392.244771 r 17.870 0.018
54392.245604 i 17.223 0.016
54392.246437 u 22.322 0.448
54392.247271 z 16.838 0.024
54392.248104 g 19.273 0.021
54402.243219 r 17.920 0.018
54402.244053 i 17.230 0.016
#54402.244886 u 22.892 1.851
54402.245719 z 16.836 0.020
54402.246553 g 19.240 0.030
