51467.298283 r 15.579 0.003
51467.299116 i 15.047 0.003
51467.299950 u 19.137 0.040
51467.300783 z 14.733 0.004
51467.301616 g 16.723 0.004
51819.274286 r 15.595 0.004
51819.275119 i 15.076 0.004
51819.275953 u 19.152 0.026
51819.276786 z 14.760 0.005
51819.277619 g 16.748 0.004
52172.289850 r 15.587 0.005
52172.290683 i 15.064 0.004
52172.291517 u 19.136 0.024
52172.292350 z 14.747 0.005
52172.293183 g 16.742 0.005
52172.340030 r 15.566 0.004
52172.340863 i 15.053 0.005
52172.341697 u 19.118 0.028
52172.342530 z 14.751 0.005
52172.343363 g 16.734 0.005
52558.239553 r 15.595 0.004
52558.240386 i 15.073 0.004
52558.241220 u 19.116 0.025
52558.242053 z 14.759 0.005
52558.242886 g 16.756 0.004
52577.127047 r 15.854 0.004
52577.127880 i 15.322 0.004
52577.128714 u 19.413 0.030
52577.129547 z 14.966 0.005
52577.130380 g 16.952 0.004
52586.130525 r 16.015 0.004
52586.131358 i 15.489 0.004
52586.132192 u 19.664 0.033
52586.133025 z 15.147 0.005
52586.133858 g 17.129 0.004
52931.141208 r 15.560 0.004
52931.142041 i 15.040 0.005
52931.142875 u 19.159 0.022
52931.143708 z 14.727 0.005
52931.144541 g 16.719 0.005
52935.138172 r 15.593 0.004
52935.139005 i 15.079 0.004
52935.139839 u 19.141 0.024
52935.140672 z 14.767 0.004
52935.141505 g 16.760 0.004
53313.131372 r 15.600 0.004
53313.132205 i 15.087 0.004
53313.133039 u 19.193 0.027
53313.133872 z 14.764 0.004
53313.134705 g 16.763 0.004
53622.240617 r 15.668 0.003
53622.241450 i 15.152 0.003
53622.242284 u 19.323 0.036
53622.243117 z 14.818 0.004
53622.243950 g 16.871 0.004
53625.236581 r 15.595 0.005
53625.237414 i 15.079 0.005
53625.238248 u 19.177 0.025
53625.239081 z 14.754 0.005
53625.239914 g 16.760 0.005
53634.190086 r 15.688 0.003
#53634.190919 i -99.000 0.003
53634.191753 u 19.316 0.092
53634.192586 z 14.846 0.004
53634.193419 g 16.842 0.005
53636.195619 r 15.538 0.004
53636.196452 i 15.042 0.004
53636.197286 u 18.838 0.023
53636.198119 z 14.733 0.005
53636.198952 g 16.684 0.005
53655.167624 r 15.587 0.003
53655.168457 i 15.064 0.003
53655.169291 u 19.144 0.049
53655.170124 z 14.744 0.004
53655.170957 g 16.703 0.004
53664.192583 r 15.580 0.003
53664.193416 i 15.064 0.003
53664.194250 u 19.085 0.048
53664.195083 z 14.748 0.004
53664.195916 g 16.742 0.004
53666.156185 r 15.991 0.005
53666.157018 i 15.465 0.005
53666.157852 u 19.665 0.033
53666.158685 z 15.156 0.005
53666.159518 g 17.255 0.005
53669.151822 r 15.604 0.004
53669.152655 i 15.082 0.004
53669.153489 u 19.170 0.026
53669.154322 z 14.765 0.004
53669.155155 g 16.780 0.004
53671.236613 r 15.595 0.003
53671.237446 i 15.080 0.003
53671.238280 u 19.205 0.048
53671.239113 z 14.765 0.004
53671.239946 g 16.755 0.004
53674.136058 r 15.573 0.004
53674.136891 i 15.066 0.004
53674.137725 u 19.131 0.024
53674.138558 z 14.749 0.005
53674.139391 g 16.729 0.004
53676.225555 r 15.569 0.005
53676.226388 i 15.054 0.005
53676.227222 u 19.069 0.027
53676.228055 z 14.748 0.005
53676.228888 g 16.731 0.005
53679.197438 r 15.901 0.003
53679.198271 i 15.376 0.003
53679.199105 u 19.414 0.039
53679.199938 z 15.060 0.004
53679.200771 g 17.136 0.004
53681.188950 r 15.598 0.005
53681.189783 i 15.075 0.005
53681.190617 u 19.129 0.027
53681.191450 z 14.767 0.005
53681.192283 g 16.753 0.005
53685.147994 r 16.086 0.005
53685.148827 i 15.531 0.005
53685.149661 u 19.638 0.077
53685.150494 z 15.194 0.005
53685.151327 g 17.241 0.007
53687.186342 r 15.621 0.004
53687.187175 i 15.092 0.004
53687.188009 u 19.276 0.073
53687.188842 z 14.786 0.005
53687.189675 g 16.789 0.005
53694.161883 r 16.103 0.004
53694.162716 i 15.563 0.003
53694.163550 u 19.902 0.135
53694.164383 z 15.248 0.006
53694.165216 g 17.280 0.008
53697.145973 r 15.612 0.008
53697.146806 i 15.119 0.008
53697.147640 u 19.145 0.224
53697.148473 z 14.756 0.017
53697.149306 g 16.786 0.015
53700.144933 r 15.628 0.004
53700.145766 i 15.113 0.004
53700.146600 u 19.163 0.027
53700.147433 z 14.784 0.005
53700.148266 g 16.811 0.004
53705.131603 r 15.575 0.003
53705.132436 i 15.066 0.003
53705.133270 u 19.173 0.030
53705.134103 z 14.761 0.004
53705.134936 g 16.736 0.004
53975.216605 r 15.616 0.016
53975.217439 i 15.093 0.015
53975.218272 u 19.225 0.029
53975.219105 z 14.784 0.017
53975.219939 g 16.808 0.013
53993.284408 r 15.996 0.018
53993.285241 i 15.485 0.015
53993.286074 u 19.468 0.034
53993.286908 z 15.174 0.017
53993.287741 g 17.120 0.020
53996.223319 r 15.605 0.015
53996.224153 i 15.092 0.013
53996.224986 u 19.143 0.027
53996.225819 z 14.770 0.016
53996.226653 g 16.759 0.015
53998.191955 r 15.612 0.014
53998.192789 i 15.089 0.015
53998.193622 u 19.153 0.024
53998.194455 z 14.760 0.014
53998.195289 g 16.784 0.020
54010.177443 r 15.549 0.013
54010.178277 i 15.048 0.019
54010.179110 u 19.064 0.029
54010.179943 z 14.722 0.015
54010.180777 g 16.725 0.016
54012.170291 r 15.588 0.012
54012.171124 i 15.056 0.014
54012.171957 u 19.022 0.040
54012.172791 z 14.752 0.012
54012.173624 g 16.727 0.020
54020.176281 r 15.551 0.014
54020.177114 i 15.040 0.012
54020.177948 u 19.105 0.024
54020.178781 z 14.736 0.014
54020.179614 g 16.718 0.017
54022.225553 r 16.030 0.012
54022.226386 i 15.521 0.014
54022.227220 u 19.537 0.036
54022.228053 z 15.185 0.023
54022.228886 g 17.132 0.019
54028.166632 r 15.993 0.017
54028.167465 i 15.448 0.018
54028.168298 u 19.600 0.039
54028.169132 z 15.103 0.024
54028.169965 g 17.093 0.020
54030.169815 r 15.550 0.013
54030.170648 i 15.051 0.017
54030.171481 u 19.093 0.025
54030.172315 z 14.736 0.014
54030.173148 g 16.726 0.017
54032.159075 r 15.602 0.016
#54032.159908 i -99.000 0.015
#54032.160742 u -99.000 0.155
54032.161575 z 14.833 0.023
54032.162408 g 16.828 0.014
54035.245603 r 15.667 0.013
54035.246436 i 15.149 0.024
#54035.247269 u -99.000 0.047
54035.248103 z 14.828 0.023
54035.248936 g 16.860 0.011
54037.151087 r 15.755 0.010
54037.151920 i 15.258 0.013
54037.152754 u 19.393 0.042
54037.153587 z 14.959 0.015
54037.154420 g 16.993 0.017
54040.165562 r 15.579 0.014
54040.166395 i 15.056 0.011
54040.167228 u 19.144 0.045
54040.168062 z 14.751 0.014
54040.168895 g 16.743 0.013
54050.150175 r 15.594 0.014
54050.151008 i 15.058 0.019
54050.151842 u 19.187 0.028
54050.152675 z 14.753 0.019
54050.153508 g 16.768 0.022
54053.156329 r 15.620 0.011
54053.157162 i 15.088 0.016
54053.157996 u 19.211 0.028
54053.158829 z 14.776 0.017
54053.159662 g 16.773 0.021
54057.126658 r 15.687 0.014
54057.127491 i 15.137 0.021
54057.128324 u 19.154 0.029
54057.129158 z 14.817 0.016
54057.129991 g 16.772 0.014
54059.152312 r 15.600 0.019
54059.153145 i 15.071 0.017
54059.153979 u 19.146 0.035
54059.154812 z 14.733 0.025
54059.155645 g 16.758 0.019
54061.163332 r 15.679 0.020
54061.164166 i 15.174 0.021
#54061.164999 u -99.000 0.040
54061.165832 z 14.833 0.027
54061.166666 g 16.842 0.030
54062.157189 r 15.629 0.019
54062.158022 i 15.119 0.023
54062.158855 u 19.204 0.037
54062.159689 z 14.759 0.020
54062.160522 g 16.771 0.024
54068.147161 r 15.557 0.014
54068.147994 i 15.049 0.012
#54068.148827 u -99.000 0.098
#54068.149661 z -99.000 0.031
54068.150494 g 16.781 0.016
54357.195483 r 15.817 0.016
54357.196316 i 15.279 0.022
54357.197149 u 19.412 0.030
54357.197983 z 14.945 0.015
54357.198816 g 16.972 0.014
54365.193353 r 15.601 0.019
54365.194187 i 15.085 0.018
54365.195020 u 19.271 0.043
54365.195853 z 14.802 0.020
54365.196687 g 16.802 0.015
54385.243332 r 15.657 0.017
54385.244165 i 15.136 0.019
54385.244998 u 19.087 0.028
54385.245832 z 14.811 0.014
54385.246665 g 16.849 0.015
54387.243814 r 15.652 0.011
54387.244647 i 15.105 0.016
54387.245481 u 19.272 0.032
54387.246314 z 14.798 0.014
54387.247147 g 16.812 0.012
54392.238534 r 15.628 0.020
54392.239367 i 15.091 0.015
54392.240200 u 19.199 0.037
54392.241034 z 14.758 0.017
54392.241867 g 16.799 0.031
54402.236985 r 15.982 0.018
54402.237818 i 15.502 0.021
54402.238651 u 19.461 0.087
54402.239485 z 15.140 0.019
54402.240318 g 17.146 0.015
