51075.235742 r 19.517 0.018
51075.236575 i 19.291 0.023
51075.237409 u 19.678 0.035
51075.238242 z 19.107 0.072
51075.239075 g 19.586 0.014
51464.223636 r 19.692 0.018
51464.224469 i 19.395 0.021
51464.225303 u 19.679 0.034
51464.226136 z 19.088 0.051
51464.226969 g 19.685 0.014
52197.249385 r 19.821 0.019
52197.250218 i 19.515 0.021
52197.251052 u 19.916 0.043
52197.251885 z 19.314 0.058
52197.252718 g 19.851 0.015
52231.135339 r 19.816 0.020
52231.136172 i 19.506 0.021
52231.137006 u 19.879 0.043
52231.137839 z 19.396 0.065
52231.138672 g 19.842 0.015
52557.243343 r 19.755 0.020
52557.244176 i 19.474 0.023
52557.245010 u 19.810 0.043
52557.245843 z 19.261 0.064
52557.246676 g 19.787 0.015
52578.139422 r 19.751 0.018
52578.140255 i 19.492 0.021
52578.141089 u 19.788 0.037
52578.141922 z 19.243 0.059
52578.142755 g 19.784 0.014
52929.169651 r 19.644 0.016
52929.170484 i 19.405 0.019
52929.171318 u 19.701 0.035
52929.172151 z 19.222 0.057
52929.172984 g 19.612 0.013
52934.149807 r 19.621 0.018
52934.150640 i 19.405 0.022
52934.151474 u 19.698 0.040
52934.152307 z 19.128 0.058
52934.153140 g 19.615 0.015
52936.145733 r 19.622 0.016
52936.146566 i 19.348 0.019
52936.147400 u 19.707 0.033
52936.148233 z 19.298 0.058
52936.149066 g 19.620 0.012
53270.209795 r 19.580 0.020
53270.210629 i 19.274 0.021
53270.211462 u 19.523 0.033
53270.212295 z 19.104 0.047
53270.213129 g 19.563 0.019
53272.259741 r 19.579 0.030
53272.260574 i 19.326 0.029
53272.261408 u 19.423 0.059
53272.262241 z 19.086 0.063
53272.263074 g 19.504 0.025
53286.228459 r 19.524 0.018
53286.229292 i 19.300 0.021
53286.230126 u 19.514 0.042
53286.230959 z 19.235 0.068
53286.231792 g 19.489 0.013
53288.186949 r 19.501 0.016
53288.187782 i 19.271 0.019
53288.188616 u 19.556 0.037
53288.189449 z 19.084 0.053
53288.190282 g 19.486 0.012
53294.214272 r 19.520 0.023
53294.215106 i 19.287 0.023
#53294.215939 u -99.000 0.083
53294.216772 z 19.098 0.070
53294.217606 g 19.467 0.020
53302.182615 r 19.535 0.031
53302.183448 i 19.295 0.032
53302.184282 u 19.641 0.080
53302.185115 z 19.134 0.068
53302.185948 g 19.472 0.029
53312.138162 r 19.478 0.021
53312.138996 i 19.266 0.025
53312.139829 u 19.487 0.036
53312.140662 z 19.198 0.076
53312.141496 g 19.475 0.023
53314.139344 r 19.515 0.016
53314.140177 i 19.331 0.021
53314.141011 u 19.444 0.031
53314.141844 z 19.161 0.061
53314.142677 g 19.465 0.012
53616.243714 r 19.905 0.027
53616.244547 i 19.619 0.035
53616.245381 u 19.866 0.061
#53616.246214 z -99.000 0.094
53616.247047 g 19.848 0.019
53623.233925 r 19.901 0.022
53623.234758 i 19.583 0.026
53623.235592 u 19.883 0.052
53623.236425 z 19.342 0.071
53623.237258 g 19.906 0.019
53626.220137 r 19.844 0.028
53626.220970 i 19.555 0.030
53626.221804 u 19.907 0.061
53626.222637 z 19.282 0.070
53626.223470 g 19.889 0.028
53628.205002 r 19.838 0.047
53628.205835 i 19.486 0.039
53628.206669 u 19.737 0.100
53628.207502 z 19.618 0.113
53628.208335 g 19.826 0.043
53637.206617 r 19.904 0.026
53637.207450 i 19.590 0.033
53637.208284 u 19.914 0.060
53637.209117 z 19.449 0.102
53637.209950 g 19.945 0.023
53644.199057 r 19.925 0.021
53644.199890 i 19.556 0.022
53644.200723 u 19.884 0.037
53644.201557 z 19.425 0.055
53644.202390 g 19.884 0.017
53654.233685 r 19.946 0.025
53654.234518 i 19.579 0.028
53654.235352 u 19.815 0.048
53654.236185 z 19.306 0.070
53654.237018 g 19.890 0.021
53656.181279 r 19.781 0.053
53656.182112 i 19.345 0.054
53656.182946 u 19.924 0.142
53656.183779 z 19.364 0.123
53656.184612 g 19.745 0.051
53663.194588 r 19.970 0.027
53663.195421 i 19.584 0.025
53663.196255 u 19.875 0.060
53663.197088 z 19.414 0.061
53663.197921 g 19.938 0.025
53668.184189 r 19.904 0.025
53668.185022 i 19.639 0.033
53668.185856 u 19.846 0.051
53668.186689 z 19.373 0.096
53668.187522 g 19.955 0.019
53670.189041 r 19.904 0.023
53670.189874 i 19.585 0.026
53670.190708 u 19.885 0.049
53670.191541 z 19.406 0.072
53670.192374 g 19.899 0.016
53673.157023 r 19.931 0.023
53673.157856 i 19.587 0.027
53673.158690 u 19.935 0.048
53673.159523 z 19.408 0.075
53673.160356 g 19.936 0.016
53675.153912 r 19.908 0.023
53675.154745 i 19.576 0.026
53675.155579 u 19.884 0.045
53675.156412 z 19.214 0.064
53675.157245 g 19.900 0.016
53677.174944 r 19.943 0.019
53677.175777 i 19.593 0.021
53677.176611 u 19.920 0.041
53677.177444 z 19.360 0.052
53677.178277 g 19.938 0.015
53680.161610 r 19.943 0.021
53680.162443 i 19.607 0.022
53680.163277 u 19.936 0.044
53680.164110 z 19.320 0.052
53680.164943 g 19.926 0.016
53686.228306 r 19.771 0.062
#53686.229139 i -99.000 0.059
53686.229973 u 20.040 0.228
#53686.230806 z -99.000 0.177
53686.231639 g 20.117 0.090
53693.163510 r 19.865 0.030
53693.164343 i 19.497 0.028
53693.165177 u 19.728 0.067
53693.166010 z 19.324 0.062
53693.166843 g 19.857 0.031
53702.159253 r 19.866 0.043
53702.160086 i 19.542 0.050
53702.160920 u 19.820 0.077
53702.161753 z 19.355 0.141
53702.162586 g 19.872 0.045
53704.146837 r 19.845 0.021
53704.147670 i 19.544 0.025
53704.148504 u 19.874 0.048
53704.149337 z 19.351 0.068
53704.150170 g 20.171 0.022
53989.242930 r 19.899 0.031
53989.243763 i 19.583 0.029
53989.244596 u 20.065 0.072
53989.245430 z 19.494 0.076
53989.246263 g 19.860 0.029
53995.232140 r 19.887 0.024
53995.232973 i 19.587 0.025
53995.233806 u 19.960 0.038
53995.234640 z 19.341 0.054
53995.235473 g 19.889 0.020
54000.218307 r 19.937 0.023
54000.219141 i 19.566 0.027
54000.219974 u 19.989 0.053
54000.220807 z 19.425 0.075
54000.221641 g 19.885 0.020
54007.268457 r 19.901 0.027
54007.269290 i 19.637 0.027
54007.270124 u 19.821 0.043
54007.270957 z 19.385 0.062
54007.271790 g 19.910 0.019
54009.192221 r 19.927 0.026
54009.193054 i 19.579 0.025
54009.193888 u 19.893 0.047
54009.194721 z 19.476 0.069
54009.195554 g 19.839 0.026
54011.256722 r 19.859 0.032
54011.257556 i 19.563 0.029
54011.258389 u 19.876 0.057
54011.259222 z 19.296 0.056
54011.260056 g 19.860 0.029
54019.206940 r 19.887 0.024
54019.207773 i 19.564 0.025
54019.208606 u 19.842 0.046
54019.209440 z 19.391 0.054
54019.210273 g 19.856 0.023
54025.255741 r 19.879 0.031
54025.256574 i 19.576 0.036
54025.257408 u 19.782 0.048
54025.258241 z 19.346 0.074
54025.259074 g 19.875 0.022
54029.186080 r 19.867 0.023
54029.186914 i 19.533 0.027
54029.187747 u 19.865 0.045
54029.188580 z 19.378 0.065
54029.189414 g 19.883 0.023
54356.264234 r 20.021 0.029
54356.265068 i 19.712 0.028
54356.265901 u 19.858 0.047
54356.266734 z 19.514 0.071
54356.267568 g 19.967 0.019
54358.209323 r 20.047 0.028
54358.210157 i 19.701 0.034
54358.210990 u 19.855 0.061
54358.211823 z 19.725 0.104
54358.212657 g 20.015 0.022
54365.242371 r 20.015 0.029
54365.243204 i 19.694 0.029
54365.244037 u 20.025 0.057
54365.244871 z 19.431 0.073
54365.245704 g 20.017 0.026
54373.316572 r 19.990 0.054
54373.317405 i 19.619 0.051
54373.318238 u 20.022 0.140
54373.319072 z 19.582 0.097
54373.319905 g 19.953 0.042
54382.251485 r 19.969 0.029
54382.252318 i 19.652 0.032
54382.253152 u 19.932 0.069
54382.253985 z 19.403 0.080
54382.254818 g 19.987 0.027
54386.254283 r 20.023 0.025
54386.255116 i 19.625 0.026
54386.255950 u 20.011 0.054
54386.256783 z 19.501 0.063
54386.257616 g 19.998 0.022
54388.258553 r 19.991 0.026
54388.259386 i 19.693 0.032
54388.260220 u 19.995 0.057
54388.261053 z 19.490 0.070
54388.261886 g 20.027 0.025
54403.172310 r 20.023 0.035
54403.173143 i 19.706 0.038
54403.173976 u 19.901 0.066
54403.174810 z 19.580 0.107
54403.175643 g 20.054 0.038
54406.166146 r 20.025 0.025
54406.166979 i 19.704 0.031
54406.167813 u 19.944 0.046
54406.168646 z 19.616 0.079
54406.169479 g 20.002 0.018
54412.169051 r 20.000 0.032
#54412.169885 i -99.000 0.039
54412.170718 u 20.000 0.070
#54412.171551 z -99.000 0.093
54412.172385 g 19.993 0.025
