51075.377410 r 19.773 0.019
51075.378243 i 19.782 0.031
51075.379077 u 20.270 0.046
51075.379910 z 20.122 0.157
51075.380743 g 20.073 0.020
51818.347095 r 19.788 0.020
51818.347928 i 19.817 0.029
51818.348762 u 20.195 0.047
51818.349595 z 19.896 0.100
51818.350428 g 20.097 0.022
52170.398054 r 19.857 0.021
52170.398887 i 19.810 0.028
52170.399721 u 20.291 0.048
52170.400554 z 19.989 0.102
52170.401387 g 20.188 0.022
52173.311426 r 19.857 0.024
52173.312259 i 19.862 0.040
52173.313093 u 20.304 0.067
52173.313926 z 20.083 0.162
52173.314759 g 20.146 0.026
52196.396600 r 19.845 0.022
52196.397433 i 19.842 0.034
52196.398267 u 20.292 0.057
52196.399100 z 20.121 0.141
52196.399933 g 20.169 0.022
52207.363450 r 19.837 0.019
52207.364283 i 19.848 0.027
52207.365117 u 20.113 0.047
52207.365950 z 19.748 0.093
52207.366783 g 20.107 0.020
52224.291618 r 19.800 0.018
52224.292451 i 19.801 0.026
52224.293285 u 20.169 0.046
52224.294118 z 19.788 0.082
52224.294951 g 20.187 0.021
52231.276991 r 19.802 0.018
52231.277824 i 19.835 0.027
52231.278658 u 20.222 0.051
52231.279491 z 19.910 0.093
52231.280324 g 20.134 0.020
52234.248082 r 19.831 0.018
52234.248915 i 19.850 0.024
52234.249749 u 20.174 0.046
52234.250582 z 19.816 0.075
#52234.251415 g -99.000 0.022
52261.211437 r 19.816 0.021
52261.212270 i 19.843 0.030
52261.213104 u 20.363 0.064
52261.213937 z 20.014 0.106
52261.214770 g 20.175 0.023
52282.138066 r 19.908 0.026
52282.138899 i 19.908 0.036
52282.139733 u 20.469 0.064
52282.140566 z 19.996 0.127
52282.141399 g 20.252 0.028
52287.091928 r 19.877 0.022
52287.092761 i 19.873 0.031
52287.093595 u 20.442 0.056
52287.094428 z 19.907 0.098
#52287.095261 g -99.000 0.024
52552.410631 r 19.674 0.019
52552.411464 i 19.664 0.027
52552.412298 u 20.088 0.048
52552.413131 z 19.668 0.090
52552.413964 g 19.946 0.020
52557.384990 r 19.634 0.017
52557.385823 i 19.663 0.026
52557.386657 u 19.943 0.041
52557.387490 z 19.736 0.096
52557.388323 g 19.936 0.018
52908.359556 r 19.825 0.020
52908.360389 i 19.766 0.026
52908.361223 u 20.186 0.049
52908.362056 z 19.699 0.081
52908.362889 g 20.139 0.021
52912.338994 r 19.781 0.020
52912.339827 i 19.811 0.029
52912.340661 u 20.320 0.058
52912.341494 z 19.679 0.083
52912.342327 g 20.168 0.023
52934.291459 r 19.837 0.023
52934.292292 i 19.800 0.032
52934.293126 u 20.322 0.060
52934.293959 z 19.939 0.134
52934.294792 g 20.159 0.024
52936.287385 r 19.821 0.019
52936.288218 i 19.841 0.026
52936.289052 u 20.343 0.047
52936.289885 z 19.756 0.081
52936.290718 g 20.171 0.020
53270.351504 r 19.977 0.030
53270.352338 i 19.871 0.094
#53270.353171 u -99.000 0.066
53270.354004 z 20.020 0.115
#53270.354838 g -99.000 0.041
53272.401388 r 19.962 0.025
53272.402221 i 20.005 0.038
53272.403055 u 20.513 0.081
53272.403888 z 20.079 0.131
53272.404721 g 20.339 0.030
53286.370105 r 20.026 0.024
53286.370938 i 19.964 0.031
53286.371772 u 20.467 0.074
53286.372605 z 20.121 0.118
53286.373438 g 20.456 0.031
53288.328596 r 19.968 0.020
53288.329429 i 20.015 0.029
53288.330263 u 20.618 0.065
53288.331096 z 20.112 0.109
53288.331929 g 20.465 0.024
53294.376271 r 20.013 0.025
53294.377104 i 20.007 0.036
53294.377938 u 20.720 0.080
53294.378771 z 20.123 0.116
53294.379604 g 20.431 0.030
#53296.323316 r -99.000 0.045
53296.324149 i 20.019 0.052
53296.324983 u 20.794 0.102
53296.325816 z 20.143 0.166
53296.326649 g 20.442 0.042
53298.373050 r 19.997 0.027
53298.373883 i 20.041 0.038
53298.374717 u 20.589 0.071
53298.375550 z 20.100 0.140
53298.376383 g 20.393 0.026
53302.324266 r 20.050 0.036
53302.325099 i 20.032 0.041
53302.325933 u 20.668 0.124
53302.326766 z 19.994 0.111
53302.327599 g 20.478 0.056
53312.279818 r 19.980 0.030
53312.280651 i 20.048 0.045
53312.281484 u 20.541 0.104
53312.282318 z 20.043 0.157
53312.283151 g 20.371 0.044
53314.280996 r 20.026 0.025
53314.281829 i 20.067 0.037
53314.282663 u 20.685 0.078
53314.283496 z 19.975 0.120
53314.284329 g 20.405 0.032
53319.268792 r 20.075 0.033
53319.269625 i 20.067 0.053
53319.270459 u 20.506 0.094
53319.271292 z 20.004 0.159
53319.272125 g 20.460 0.045
53616.385352 r 19.930 0.029
53616.386185 i 20.006 0.043
53616.387019 u 20.639 0.093
53616.387852 z 19.919 0.138
53616.388685 g 20.289 0.032
#53626.361779 r -99.000 0.052
#53626.362612 i -99.000 0.062
#53626.363446 u -99.000 0.215
#53626.364279 z -99.000 0.155
#53626.365112 g -99.000 0.041
53628.346644 r 19.948 0.034
53628.347477 i 19.937 0.042
53628.348311 u 20.399 0.102
53628.349144 z 19.810 0.105
53628.349977 g 20.274 0.047
53637.348261 r 19.867 0.031
53637.349094 i 19.989 0.068
53637.349928 u 20.565 0.127
53637.350761 z 20.192 0.186
53637.351594 g 20.344 0.049
53639.393638 r 19.896 0.019
53639.394471 i 19.886 0.026
53639.395305 u 20.423 0.065
53639.396138 z 19.865 0.080
53639.396971 g 20.256 0.025
53641.392805 r 19.915 0.020
53641.393638 i 19.908 0.027
53641.394472 u 20.400 0.060
53641.395305 z 19.925 0.091
53641.396138 g 20.288 0.025
53657.351689 r 20.000 0.059
53657.352522 i 19.966 0.066
53657.353356 u 20.651 0.221
53657.354189 z 19.700 0.149
53657.355022 g 20.216 0.072
53663.336236 r 19.926 0.030
53663.337069 i 19.882 0.033
53663.337903 u 20.587 0.138
53663.338736 z 19.990 0.112
53663.339569 g 20.226 0.046
53666.406328 r 19.929 0.028
53666.407161 i 19.894 0.032
53666.407995 u 20.418 0.121
53666.408828 z 19.810 0.096
53666.409661 g 20.251 0.038
53668.325838 r 19.883 0.027
53668.326671 i 19.908 0.037
53668.327505 u 20.398 0.085
53668.328338 z 19.913 0.128
53668.329171 g 20.271 0.034
53669.413461 r 19.873 0.028
53669.414294 i 19.917 0.038
53669.415128 u 20.538 0.133
53669.415961 z 20.014 0.135
53669.416794 g 20.294 0.039
53670.330690 r 19.917 0.030
53670.331523 i 19.884 0.037
53670.332357 u 20.278 0.064
53670.333190 z 19.907 0.143
53670.334023 g 20.236 0.033
53673.298675 r 19.927 0.020
53673.299508 i 19.875 0.025
53673.300342 u 20.335 0.055
53673.301175 z 19.831 0.082
53673.302008 g 20.272 0.022
53675.295564 r 19.927 0.022
53675.296397 i 19.914 0.031
53675.297231 u 20.436 0.059
53675.298064 z 19.878 0.102
53675.298897 g 20.279 0.023
53677.316594 r 19.880 0.019
53677.317427 i 19.869 0.026
53677.318261 u 20.463 0.060
53677.319094 z 19.910 0.081
53677.319927 g 20.294 0.023
53680.303261 r 19.880 0.020
53680.304094 i 19.967 0.028
53680.304928 u 20.476 0.058
53680.305761 z 19.874 0.087
53680.306594 g 20.301 0.024
#53686.302694 r -99.000 0.058
53686.303527 i 19.892 0.061
53686.304361 u 20.209 0.175
53686.305194 z 20.017 0.174
#53686.306027 g -99.000 0.074
53693.305155 r 19.882 0.034
53693.305988 i 19.851 0.040
53693.306822 u 20.499 0.196
53693.307655 z 19.837 0.119
53693.308488 g 20.198 0.061
53698.302544 r 19.880 0.023
53698.303377 i 19.859 0.029
53698.304211 u 20.367 0.068
53698.305044 z 19.659 0.134
53698.305877 g 20.230 0.039
53704.288476 r 19.886 0.025
53704.289309 i 19.797 0.032
53704.290143 u 20.243 0.068
53704.290976 z 19.855 0.107
53704.291809 g 20.244 0.027
53989.384596 r 19.701 0.032
53989.385430 i 19.758 0.038
53989.386263 u 20.219 0.104
53989.387096 z 19.697 0.088
53989.387930 g 20.020 0.047
53995.423325 r 19.735 0.020
53995.424159 i 19.689 0.025
53995.424992 u 20.109 0.039
53995.425825 z 19.880 0.067
53995.426659 g 19.999 0.041
54000.359948 r 19.716 0.023
54000.360781 i 19.760 0.030
54000.361615 u 20.158 0.047
54000.362448 z 19.961 0.107
54000.363281 g 20.088 0.024
54007.410088 r 19.691 0.023
54007.410922 i 19.810 0.042
54007.411755 u 20.046 0.049
54007.412588 z 19.712 0.092
54007.413422 g 20.037 0.024
54009.333876 r 19.709 0.022
54009.334709 i 19.736 0.027
54009.335543 u 20.221 0.046
54009.336376 z 19.812 0.073
54009.337209 g 20.042 0.033
54011.398396 r 19.746 0.030
54011.399230 i 19.748 0.024
54011.400063 u 20.129 0.040
54011.400896 z 19.697 0.059
54011.401730 g 20.081 0.030
54025.397404 r 19.736 0.022
54025.398237 i 19.697 0.031
54025.399070 u 20.131 0.054
54025.399904 z 19.553 0.077
54025.400737 g 20.106 0.036
54029.327751 r 19.748 0.027
54029.328584 i 19.744 0.029
54029.329418 u 20.129 0.042
54029.330251 z 19.936 0.103
54029.331084 g 20.092 0.029
54346.391151 r 19.959 0.036
54346.391984 i 19.996 0.046
54346.392818 u 20.467 0.125
54346.393651 z 20.177 0.125
54346.394484 g 20.363 0.051
54348.395101 r 20.020 0.026
54348.395934 i 20.007 0.032
54348.396768 u 20.515 0.066
54348.397601 z 19.921 0.097
54348.398434 g 20.412 0.035
54358.350929 r 19.995 0.032
54358.351763 i 19.988 0.038
54358.352596 u 20.709 0.088
54358.353429 z 19.895 0.123
54358.354263 g 20.343 0.034
54365.384021 r 20.020 0.022
54365.384854 i 20.034 0.035
54365.385688 u 20.469 0.057
54365.386521 z 19.947 0.091
54365.387354 g 20.372 0.030
54381.403570 r 20.006 0.037
54381.404403 i 20.010 0.043
54381.405236 u 20.649 0.075
54381.406070 z 19.793 0.087
54381.406903 g 20.451 0.036
54384.410217 r 19.977 0.028
54384.411050 i 19.973 0.033
#54384.411883 u -99.000 0.066
54384.412717 z 19.902 0.096
54384.413550 g 20.450 0.035
54386.395907 r 19.954 0.029
54386.396741 i 20.103 0.036
54386.397574 u 20.409 0.068
54386.398407 z 19.966 0.105
54386.399241 g 20.443 0.037
54388.400148 r 19.951 0.024
54388.400981 i 20.061 0.030
54388.401814 u 20.482 0.065
54388.402648 z 19.790 0.078
54388.403481 g 20.410 0.034
54392.397794 r 20.001 0.038
54392.398627 i 19.989 0.045
54392.399460 u 20.410 0.090
54392.400294 z 19.889 0.102
54392.401127 g 20.404 0.035
54403.313964 r 20.039 0.064
54403.314797 i 20.095 0.116
54403.315630 u 20.557 0.146
54403.316464 z 20.429 0.282
54403.317297 g 20.310 0.078
54404.371492 r 19.961 0.031
54404.372326 i 20.042 0.044
54404.373159 u 20.613 0.136
54404.373992 z 20.093 0.144
54404.374826 g 20.355 0.058
54405.369451 r 20.044 0.039
54405.370284 i 19.950 0.032
54405.371118 u 20.555 0.100
54405.371951 z 20.032 0.119
54405.372784 g 20.452 0.040
54406.307788 r 19.991 0.027
54406.308622 i 19.992 0.028
54406.309455 u 20.539 0.058
54406.310288 z 20.087 0.085
54406.311122 g 20.387 0.033
54412.333544 r 20.069 0.029
54412.334377 i 19.972 0.036
54412.335211 u 20.504 0.075
54412.336044 z 20.167 0.133
54412.336877 g 20.377 0.029
