51075.235770 r 14.244 0.003
51075.236603 i 14.018 0.003
51075.237437 u 16.461 0.006
51075.238270 z 13.894 0.003
51075.239103 g 14.915 0.003
51467.314639 r 14.253 0.003
51467.315472 i 14.000 0.003
51467.316306 u 16.418 0.008
51467.317139 z 13.888 0.004
51467.317972 g 14.899 0.003
53272.259773 r 14.244 0.003
53272.260606 i 14.029 0.003
53272.261440 u 16.449 0.008
53272.262273 z 13.923 0.003
53272.263106 g 14.930 0.003
53294.214307 r 14.351 0.012
53294.215141 i 14.173 0.015
53294.215974 u 16.528 0.016
53294.216807 z 14.055 0.014
53294.217641 g 14.978 0.016
53312.138223 r 14.355 0.009
53312.139057 i 14.159 0.010
53312.139890 u 16.519 0.020
53312.140723 z 14.027 0.011
53312.141557 g 14.949 0.018
53622.256971 r 14.266 0.004
53622.257804 i 14.010 0.004
53622.258638 u 16.489 0.007
53622.259471 z 13.894 0.004
53622.260304 g 14.888 0.003
53634.206441 r 14.251 0.003
53634.207274 i 13.930 0.003
53634.208108 u 16.442 0.009
53634.208941 z 13.866 0.004
#53634.209774 g -99.000 0.003
53637.206648 r 14.237 0.003
53637.207481 i 14.009 0.003
53637.208315 u 16.441 0.007
53637.209148 z 13.889 0.003
53637.209981 g 14.917 0.003
53655.183980 r 14.248 0.003
53655.184813 i 14.028 0.003
53655.185647 u 16.426 0.008
53655.186480 z 13.882 0.003
53655.187313 g 14.866 0.003
53656.181310 r 14.260 0.003
53656.182143 i 14.003 0.002
53656.182977 u 16.479 0.009
53656.183810 z 13.884 0.003
53656.184643 g 14.890 0.003
53664.208937 r 14.422 0.003
53664.209770 i 14.205 0.003
53664.210604 u 16.574 0.008
53664.211437 z 14.223 0.004
53664.212270 g 15.064 0.003
53679.213790 r 14.262 0.003
53679.214623 i 14.017 0.003
53679.215457 u 16.428 0.007
53679.216290 z 13.887 0.003
53679.217123 g 14.874 0.003
53687.202692 r 14.475 0.003
53687.203525 i 14.196 0.003
53687.204359 u 16.480 0.009
53687.205192 z 14.390 0.005
53687.206025 g 15.095 0.004
53694.178234 r 14.235 0.002
53694.179067 i 14.015 0.002
53694.179901 u 16.408 0.009
53694.180734 z 13.874 0.003
53694.181567 g 14.862 0.003
53697.162325 r 14.459 0.003
53697.163158 i 14.283 0.004
53697.163992 u 16.467 0.009
53697.164825 z 14.077 0.005
53697.165658 g 14.981 0.003
53702.159210 r 14.292 0.013
53702.160044 i 14.075 0.012
53702.160877 u 16.492 0.015
53702.161710 z 13.989 0.012
53702.162544 g 14.948 0.014
53705.147956 r 14.369 0.003
53705.148789 i 14.354 0.004
53705.149623 u 16.498 0.007
53705.150456 z 14.104 0.004
53705.151289 g 14.903 0.003
54000.218331 r 14.387 0.011
54000.219165 i 14.178 0.010
54000.219998 u 16.534 0.036
54000.220831 z 14.104 0.027
54000.221665 g 14.999 0.013
54025.255756 r 14.334 0.022
54025.256589 i 14.142 0.021
54025.257423 u 16.480 0.020
54025.258256 z 14.071 0.017
54025.259089 g 14.988 0.012
54035.261966 r 14.352 0.014
54035.262800 i 14.110 0.011
54035.263633 u 16.459 0.066
54035.264466 z 14.019 0.016
54035.265300 g 14.927 0.023
54050.166537 r 14.337 0.012
54050.167370 i 14.123 0.012
54050.168203 u 16.519 0.017
54050.169037 z 14.005 0.014
54050.169870 g 14.972 0.012
54059.168636 r 14.371 0.015
54059.169469 i 14.156 0.017
54059.170303 u 16.484 0.018
54059.171136 z 14.090 0.018
54059.171969 g 14.975 0.019
54062.173527 r 14.389 0.013
54062.174360 i 14.137 0.017
54062.175193 u 16.481 0.017
54062.176027 z 14.048 0.016
54062.176860 g 14.946 0.020
54068.163523 r 14.359 0.009
54068.164356 i 14.166 0.016
54068.165189 u 16.500 0.017
54068.166023 z 14.025 0.013
54068.166856 g 14.932 0.014
54358.209324 r 14.387 0.021
54358.210158 i 14.175 0.019
54358.210991 u 16.495 0.020
54358.211824 z 14.052 0.028
54358.212658 g 14.986 0.011
54373.316604 r 14.356 0.017
54373.317438 i 14.132 0.015
54373.318271 u 16.491 0.021
54373.319104 z 14.073 0.016
54373.319938 g 14.972 0.014
54382.251521 r 14.372 0.010
54382.252355 i 14.177 0.012
54382.253188 u 16.498 0.018
54382.254021 z 14.051 0.014
54382.254855 g 14.982 0.018
54385.259657 r 14.371 0.017
54385.260490 i 14.201 0.014
54385.261324 u 16.518 0.014
54385.262157 z 14.088 0.021
54385.262990 g 14.980 0.012
54387.260158 r 14.374 0.011
54387.260991 i 14.170 0.014
54387.261824 u 16.504 0.014
54387.262658 z 14.023 0.016
54387.263491 g 14.943 0.010
54392.254895 r 14.459 0.015
54392.255728 i 14.270 0.016
54392.256561 u 16.494 0.017
54392.257395 z 14.141 0.014
54392.258228 g 15.062 0.019
54402.253345 r 14.407 0.015
54402.254178 i 14.178 0.024
54402.255011 u 16.484 0.024
54402.255845 z 14.085 0.017
54402.256678 g 14.972 0.014
54412.169106 r 14.406 0.012
54412.169939 i 14.173 0.022
54412.170772 u 16.509 0.014
54412.171606 z 14.076 0.015
54412.172439 g 14.978 0.012
