51075.333616 r 19.907 0.020
51075.334449 i 19.736 0.027
51075.335283 u 20.252 0.047
51075.336116 z 19.529 0.106
51075.336949 g 20.088 0.019
52196.352817 r 19.856 0.022
52196.353650 i 19.673 0.027
52196.354484 u 20.254 0.067
52196.355317 z 19.455 0.099
52196.356150 g 20.061 0.019
52197.347243 r 19.871 0.021
52197.348076 i 19.715 0.026
52197.348910 u 20.270 0.057
52197.349743 z 19.378 0.076
52197.350576 g 20.071 0.019
52207.319580 r 19.877 0.019
52207.320413 i 19.677 0.022
52207.321247 u 20.276 0.055
52207.322080 z 19.401 0.071
52207.322913 g 20.079 0.018
52225.197420 r 19.847 0.021
52225.198253 i 19.626 0.024
52225.199087 u 20.147 0.053
52225.199920 z 19.465 0.089
52225.200753 g 19.987 0.017
52231.233202 r 19.828 0.019
52231.234035 i 19.647 0.021
#52231.234869 u -99.000 0.050
52231.235702 z 19.395 0.068
52231.236535 g 19.999 0.016
52253.219370 r 19.860 0.021
52253.220203 i 19.665 0.026
52253.221037 u 20.277 0.072
52253.221870 z 19.297 0.080
52253.222703 g 19.999 0.021
52557.341205 r 19.649 0.020
52557.342038 i 19.475 0.023
52557.342872 u 19.867 0.049
52557.343705 z 19.358 0.116
52557.344538 g 19.712 0.015
52578.237290 r 19.674 0.017
52578.238123 i 19.523 0.021
52578.238957 u 19.998 0.044
52578.239790 z 19.290 0.069
52578.240623 g 19.802 0.014
52908.315770 r 19.666 0.017
52908.316603 i 19.569 0.022
52908.317437 u 20.050 0.050
52908.318270 z 19.352 0.078
52908.319103 g 19.754 0.015
52934.247672 r 19.658 0.022
52934.248505 i 19.536 0.030
#52934.249339 u -99.000 0.060
52934.250172 z 19.409 0.104
52934.251005 g 19.800 0.017
52936.243598 r 19.681 0.017
52936.244431 i 19.548 0.019
52936.245265 u 19.977 0.045
52936.246098 z 19.291 0.061
52936.246931 g 19.769 0.014
53270.307671 r 19.905 0.020
53270.308504 i 19.692 0.022
53270.309337 u 20.314 0.052
53270.310171 z 19.394 0.062
53270.311004 g 20.098 0.024
53272.357601 r 19.966 0.021
53272.358434 i 19.717 0.025
53272.359268 u 20.329 0.058
53272.360101 z 19.460 0.069
53272.360934 g 20.095 0.017
53286.326320 r 19.931 0.024
53286.327153 i 19.719 0.027
53286.327987 u 20.347 0.084
53286.328820 z 19.611 0.130
53286.329653 g 20.098 0.028
53288.284811 r 19.891 0.026
53288.285644 i 19.733 0.026
53288.286478 u 20.344 0.072
53288.287311 z 19.292 0.066
53288.288144 g 20.074 0.019
53294.332486 r 19.938 0.029
53294.333319 i 19.717 0.031
53294.334153 u 20.287 0.072
53294.334986 z 19.481 0.092
53294.335819 g 20.132 0.022
53296.279523 r 19.902 0.028
53296.280356 i 19.667 0.031
53296.281190 u 20.417 0.074
53296.282023 z 19.477 0.097
53296.282856 g 20.128 0.026
53298.329265 r 19.861 0.027
53298.330098 i 19.675 0.028
53298.330932 u 20.258 0.068
53298.331765 z 19.357 0.084
53298.332598 g 20.140 0.022
53302.280480 r 19.929 0.032
53302.281313 i 19.651 0.028
53302.282147 u 20.264 0.095
53302.282980 z 19.505 0.080
53302.283813 g 20.163 0.039
53312.236021 r 19.911 0.025
53312.236855 i 19.722 0.028
#53312.237688 u -99.000 0.066
53312.238521 z 19.373 0.080
53312.239355 g 20.151 0.033
53314.237209 r 19.936 0.024
53314.238042 i 19.784 0.029
53314.238876 u 20.284 0.062
53314.239709 z 19.510 0.092
53314.240542 g 20.138 0.020
53616.341569 r 19.862 0.027
53616.342402 i 19.645 0.035
53616.343236 u 20.288 0.097
53616.344069 z 19.350 0.101
#53616.344902 g -99.000 0.020
53626.317995 r 19.878 0.019
53626.318828 i 19.648 0.022
53626.319662 u 20.267 0.056
53626.320495 z 19.448 0.070
53626.321328 g 20.112 0.018
53628.302860 r 19.895 0.033
53628.303693 i 19.744 0.038
53628.304527 u 20.260 0.128
53628.305360 z 19.480 0.103
53628.306193 g 20.155 0.044
53637.304477 r 19.898 0.029
53637.305310 i 19.706 0.037
53637.306144 u 20.413 0.117
53637.306977 z 19.372 0.104
53637.307810 g 20.072 0.032
53639.349854 r 19.880 0.019
53639.350687 i 19.691 0.020
53639.351521 u 20.321 0.059
53639.352354 z 19.490 0.066
53639.353187 g 20.059 0.019
53654.331546 r 19.894 0.022
53654.332379 i 19.689 0.025
53654.333213 u 20.261 0.060
53654.334046 z 19.615 0.091
53654.334879 g 20.074 0.018
53663.292450 r 19.808 0.029
53663.293283 i 19.633 0.027
53663.294117 u 20.425 0.131
53663.294950 z 19.437 0.076
53663.295783 g 20.019 0.034
53665.270420 r 19.855 0.022
53665.271253 i 19.676 0.021
53665.272087 u 20.374 0.075
53665.272920 z 19.591 0.069
53665.273753 g 20.138 0.025
53666.362548 r 19.857 0.027
53666.363381 i 19.619 0.026
#53666.364215 u -99.000 0.095
53666.365048 z 19.468 0.088
53666.365881 g 20.020 0.030
53668.282051 r 19.975 0.029
53668.282884 i 19.682 0.032
53668.283718 u 20.285 0.083
53668.284551 z 19.474 0.108
53668.285384 g 20.110 0.025
53670.286903 r 19.857 0.021
53670.287736 i 19.710 0.028
53670.288570 u 20.389 0.070
53670.289403 z 19.395 0.078
53670.290236 g 20.071 0.019
53673.254888 r 19.890 0.020
53673.255721 i 19.716 0.024
53673.256555 u 20.287 0.058
53673.257388 z 19.374 0.072
53673.258221 g 20.078 0.017
53675.251776 r 19.873 0.025
53675.252609 i 19.657 0.028
53675.253443 u 20.284 0.063
53675.254276 z 19.436 0.084
53675.255109 g 20.029 0.018
53677.272807 r 19.844 0.019
53677.273640 i 19.738 0.022
53677.274474 u 20.360 0.060
53677.275307 z 19.513 0.065
53677.276140 g 20.076 0.016
53680.259473 r 19.911 0.020
53680.260306 i 19.660 0.021
53680.261140 u 20.283 0.057
53680.261973 z 19.438 0.065
53680.262806 g 20.077 0.017
53693.261369 r 19.876 0.028
53693.262202 i 19.677 0.027
53693.263036 u 20.117 0.111
53693.263869 z 19.577 0.092
53693.264702 g 20.048 0.041
53698.258758 r 19.893 0.022
53698.259591 i 19.680 0.027
53698.260425 u 20.412 0.084
53698.261258 z 19.468 0.098
53698.262091 g 20.105 0.022
53704.244691 r 19.923 0.026
53704.245524 i 19.656 0.029
53704.246358 u 20.436 0.091
53704.247191 z 19.463 0.115
53704.248024 g 20.075 0.021
53977.385976 r 19.882 0.021
53977.386810 i 19.659 0.023
53977.387643 u 20.454 0.054
53977.388476 z 19.427 0.061
53977.389310 g 20.087 0.023
53989.340746 r 19.876 0.035
53989.341580 i 19.663 0.029
53989.342413 u 20.337 0.117
53989.343246 z 19.460 0.065
53989.344080 g 20.085 0.036
53995.355413 r 19.871 0.019
53995.356247 i 19.680 0.025
53995.357080 u 20.418 0.051
53995.357913 z 19.376 0.057
53995.358747 g 20.128 0.021
54000.316180 r 19.912 0.033
54000.317013 i 19.699 0.034
54000.317847 u 20.409 0.078
54000.318680 z 19.419 0.094
54000.319513 g 20.138 0.026
#54006.263210 r -99.000 0.020
54006.264043 i 19.669 0.029
54006.264877 u 20.325 0.062
#54006.265710 z -99.000 0.063
#54006.266543 g -99.000 0.021
54007.366350 r 19.853 0.047
54007.367184 i 19.695 0.029
54007.368017 u 20.184 0.064
54007.368850 z 19.504 0.107
54007.369684 g 20.174 0.024
54009.290097 r 19.914 0.025
54009.290930 i 19.659 0.028
#54009.291763 u -99.000 0.062
54009.292597 z 19.587 0.086
54009.293430 g 20.125 0.038
54011.354595 r 19.911 0.025
54011.355428 i 19.650 0.023
54011.356261 u 20.287 0.055
54011.357095 z 19.492 0.060
54011.357928 g 20.151 0.024
54025.353603 r 19.873 0.025
54025.354437 i 19.652 0.027
54025.355270 u 20.431 0.080
54025.356103 z 19.535 0.103
54025.356937 g 20.114 0.021
54029.283957 r 19.841 0.031
54029.284790 i 19.721 0.032
54029.285624 u 20.360 0.064
54029.286457 z 19.488 0.085
54029.287290 g 20.127 0.023
54348.351367 r 19.828 0.020
54348.352201 i 19.603 0.025
54348.353034 u 20.267 0.064
54348.353867 z 19.261 0.065
54348.354701 g 20.048 0.029
54358.307213 r 19.826 0.032
54358.308047 i 19.682 0.033
54358.308880 u 20.321 0.080
54358.309713 z 19.358 0.095
#54358.310547 g -99.000 0.042
54359.301206 r 19.880 0.046
54359.302039 i 19.600 0.055
#54359.302872 u -99.000 0.161
54359.303706 z 19.089 0.165
54359.304539 g 20.011 0.039
54365.340227 r 19.808 0.024
54365.341061 i 19.616 0.024
54365.341894 u 20.156 0.045
54365.342727 z 19.323 0.063
54365.343561 g 20.010 0.016
54381.359793 r 19.804 0.020
54381.360627 i 19.591 0.025
54381.361460 u 20.205 0.059
54381.362293 z 19.386 0.064
54381.363127 g 19.980 0.021
54384.366439 r 19.785 0.023
54384.367272 i 19.610 0.026
54384.368106 u 20.221 0.066
54384.368939 z 19.330 0.066
54384.369772 g 19.976 0.018
54386.352118 r 19.803 0.028
54386.352951 i 19.629 0.035
54386.353785 u 20.113 0.074
54386.354618 z 19.510 0.100
54386.355451 g 19.974 0.023
54388.356419 r 19.777 0.023
54388.357252 i 19.567 0.025
54388.358086 u 20.240 0.057
54388.358919 z 19.428 0.065
54388.359752 g 19.987 0.022
54403.270348 r 19.919 0.068
54403.271182 i 19.620 0.050
#54403.272015 u -99.000 0.190
54403.272848 z 19.255 0.095
54403.273682 g 19.940 0.043
54404.327813 r 19.843 0.027
54404.328646 i 19.605 0.025
54404.329479 u 20.228 0.086
54404.330313 z 19.382 0.084
54404.331146 g 19.986 0.036
54405.325745 r 19.833 0.023
54405.326579 i 19.631 0.024
54405.327412 u 20.312 0.079
54405.328245 z 19.372 0.064
54405.329079 g 20.039 0.025
54406.263991 r 19.828 0.027
54406.264824 i 19.609 0.028
54406.265658 u 20.111 0.056
54406.266491 z 19.284 0.071
54406.267324 g 20.015 0.026
54412.266899 r 19.776 0.021
54412.267733 i 19.632 0.021
#54412.268566 u -99.000 0.070
54412.269399 z 19.337 0.070
54412.270233 g 20.024 0.021
