51075.375478 r 19.387 0.014
51075.376311 i 19.356 0.020
51075.377145 u 19.662 0.031
51075.377978 z 19.285 0.087
51075.378811 g 19.538 0.012
51818.345176 r 19.564 0.016
51818.346009 i 19.495 0.022
51818.346843 u 19.767 0.041
51818.347676 z 19.374 0.082
51818.348509 g 19.778 0.015
52170.396153 r 19.441 0.014
52170.396986 i 19.412 0.018
52170.397820 u 19.627 0.035
52170.398653 z 19.492 0.078
52170.399486 g 19.592 0.013
52173.309514 r 19.445 0.016
52173.310347 i 19.409 0.022
52173.311181 u 19.646 0.044
52173.312014 z 19.496 0.117
52173.312847 g 19.599 0.015
52196.394673 r 19.455 0.015
52196.395506 i 19.419 0.021
52196.396340 u 19.662 0.039
52196.397173 z 19.600 0.118
52196.398006 g 19.594 0.014
52207.361438 r 19.424 0.015
52207.362271 i 19.388 0.019
52207.363105 u 19.594 0.038
52207.363938 z 19.548 0.083
52207.364771 g 19.607 0.014
52224.289645 r 19.414 0.014
52224.290478 i 19.412 0.018
52224.291312 u 19.585 0.034
52224.292145 z 19.464 0.070
52224.292978 g 19.575 0.013
52231.275061 r 19.450 0.014
52231.275894 i 19.468 0.019
52231.276728 u 19.729 0.038
52231.277561 z 19.498 0.075
52231.278394 g 19.618 0.013
52234.246150 r 19.412 0.014
52234.246983 i 19.429 0.018
52234.247817 u 19.660 0.034
52234.248650 z 19.513 0.065
52234.249483 g 19.607 0.013
52261.209506 r 19.442 0.015
52261.210339 i 19.434 0.020
52261.211173 u 19.691 0.039
52261.212006 z 19.441 0.077
52261.212839 g 19.640 0.015
52282.136135 r 19.474 0.018
52282.136968 i 19.506 0.022
52282.137802 u 19.764 0.044
52282.138635 z 19.388 0.096
52282.139468 g 19.665 0.015
52287.089999 r 19.468 0.016
52287.090832 i 19.480 0.020
52287.091666 u 19.762 0.038
52287.092499 z 19.525 0.087
52287.093332 g 19.634 0.014
52552.408701 r 19.580 0.017
52552.409534 i 19.502 0.022
52552.410368 u 19.861 0.045
52552.411201 z 19.607 0.107
52552.412034 g 19.778 0.015
52557.383059 r 19.534 0.017
52557.383892 i 19.516 0.021
52557.384726 u 19.859 0.043
52557.385559 z 19.547 0.091
52557.386392 g 19.794 0.015
52908.357625 r 19.599 0.016
52908.358458 i 19.591 0.022
52908.359292 u 19.900 0.043
52908.360125 z 19.543 0.083
52908.360958 g 19.824 0.015
52912.337065 r 19.618 0.016
52912.337898 i 19.590 0.022
52912.338732 u 19.908 0.048
52912.339565 z 19.619 0.092
52912.340398 g 19.832 0.015
52934.289530 r 19.582 0.018
52934.290363 i 19.610 0.027
52934.291197 u 19.991 0.052
52934.292030 z 19.554 0.107
52934.292863 g 19.835 0.016
52936.285456 r 19.594 0.016
52936.286289 i 19.591 0.020
52936.287123 u 19.948 0.041
52936.287956 z 19.570 0.075
52936.288789 g 19.776 0.014
53270.349511 r 19.537 0.015
53270.350344 i 19.540 0.020
53270.351177 u 19.824 0.040
#53270.352011 z -99.000 0.138
#53270.352844 g -99.000 0.028
53272.399457 r 19.570 0.018
53272.400290 i 19.529 0.023
53272.401124 u 19.941 0.056
53272.401957 z 19.722 0.125
53272.402790 g 19.811 0.018
53286.368175 r 19.565 0.016
53286.369008 i 19.540 0.020
53286.369842 u 19.923 0.049
53286.370675 z 19.478 0.080
53286.371508 g 19.780 0.017
53288.326668 r 19.565 0.015
53288.327501 i 19.556 0.019
53288.328335 u 19.857 0.042
53288.329168 z 19.463 0.069
53288.330001 g 19.787 0.015
53294.374341 r 19.567 0.018
53294.375174 i 19.535 0.023
53294.376008 u 19.921 0.051
53294.376841 z 19.653 0.101
53294.377674 g 19.785 0.016
53296.321347 r 19.539 0.025
53296.322180 i 19.516 0.029
53296.323014 u 20.004 0.067
53296.323847 z 19.651 0.118
53296.324680 g 19.795 0.021
53298.371119 r 19.578 0.018
53298.371952 i 19.549 0.024
53298.372786 u 19.890 0.049
53298.373619 z 19.536 0.097
53298.374452 g 19.785 0.015
53302.322337 r 19.555 0.025
53302.323170 i 19.490 0.025
53302.324004 u 19.804 0.068
53302.324837 z 19.537 0.090
53302.325670 g 19.799 0.027
53312.277953 r 19.555 0.069
53312.278786 i 19.611 0.036
53312.279620 u 19.764 0.061
53312.280453 z 19.483 0.097
53312.281286 g 19.760 0.024
53314.279066 r 19.518 0.017
53314.279899 i 19.497 0.022
53314.280733 u 19.687 0.040
53314.281566 z 19.468 0.086
53314.282399 g 19.698 0.015
53319.266862 r 19.498 0.021
53319.267695 i 19.534 0.030
53319.268529 u 19.660 0.049
53319.269362 z 19.355 0.105
53319.270195 g 19.686 0.019
53616.383423 r 19.497 0.019
53616.384256 i 19.467 0.026
53616.385090 u 19.723 0.054
53616.385923 z 19.389 0.124
53616.386756 g 19.654 0.016
53626.359850 r 19.509 0.023
53626.360683 i 19.571 0.033
53626.361517 u 19.738 0.058
#53626.362350 z -99.000 0.134
#53626.363183 g -99.000 0.051
53628.344715 r 19.494 0.022
53628.345548 i 19.497 0.025
53628.346382 u 19.599 0.059
53628.347215 z 19.560 0.106
53628.348048 g 19.620 0.025
53637.346332 r 19.499 0.021
53637.347165 i 19.448 0.025
53637.347999 u 19.745 0.068
53637.348832 z 19.394 0.097
53637.349665 g 19.624 0.022
53639.391709 r 19.495 0.015
53639.392542 i 19.461 0.018
53639.393376 u 19.629 0.038
53639.394209 z 19.525 0.073
53639.395042 g 19.680 0.015
53641.390875 r 19.480 0.015
53641.391708 i 19.455 0.019
53641.392542 u 19.672 0.040
53641.393375 z 19.500 0.074
53641.394208 g 19.638 0.014
53657.349759 r 19.453 0.035
53657.350592 i 19.412 0.039
53657.351426 u 19.605 0.102
53657.352259 z 19.361 0.124
53657.353092 g 19.573 0.041
53663.334306 r 19.463 0.021
53663.335139 i 19.480 0.022
53663.335973 u 19.539 0.058
53663.336806 z 19.453 0.074
53663.337639 g 19.639 0.024
53666.404398 r 19.481 0.021
53666.405231 i 19.408 0.023
53666.406065 u 19.615 0.063
53666.406898 z 19.413 0.079
53666.407731 g 19.639 0.022
53668.323907 r 19.406 0.019
53668.324740 i 19.419 0.025
53668.325574 u 19.602 0.049
53668.326407 z 19.328 0.092
53668.327240 g 19.609 0.017
53669.411530 r 19.411 0.020
53669.412363 i 19.414 0.026
53669.413197 u 19.566 0.063
53669.414030 z 19.557 0.104
53669.414863 g 19.637 0.021
53670.328759 r 19.431 0.019
53670.329592 i 19.388 0.026
53670.330426 u 19.608 0.061
53670.331259 z 19.468 0.104
#53670.332092 g -99.000 0.013
53673.296746 r 19.448 0.014
53673.297579 i 19.392 0.017
53673.298413 u 19.556 0.034
53673.299246 z 19.422 0.064
53673.300079 g 19.565 0.012
53675.293633 r 19.439 0.015
53675.294466 i 19.410 0.019
53675.295300 u 19.597 0.037
53675.296133 z 19.398 0.072
53675.296966 g 19.551 0.012
53677.314663 r 19.428 0.014
53677.315496 i 19.403 0.017
#53677.316330 u -99.000 0.036
53677.317163 z 19.490 0.073
53677.317996 g 19.563 0.013
53680.301331 r 19.438 0.015
53680.302164 i 19.440 0.018
53680.302998 u 19.586 0.036
53680.303831 z 19.513 0.069
53680.304664 g 19.603 0.013
53686.300764 r 19.415 0.041
#53686.301597 i -99.000 0.040
53686.302431 u 19.656 0.122
53686.303264 z 19.262 0.113
53686.304097 g 19.544 0.043
53693.303224 r 19.495 0.025
53693.304057 i 19.473 0.028
53693.304891 u 19.606 0.078
53693.305724 z 19.387 0.085
53693.306557 g 19.667 0.035
53698.300612 r 19.441 0.016
53698.301445 i 19.423 0.020
53698.302279 u 19.639 0.045
53698.303112 z 19.458 0.082
53698.303945 g 19.636 0.015
53704.286544 r 19.427 0.017
53704.287377 i 19.450 0.024
53704.288211 u 19.635 0.048
53704.289044 z 19.570 0.113
53704.289877 g 19.625 0.015
53989.382589 r 19.613 0.029
53989.383422 i 19.640 0.029
53989.384256 u 19.983 0.086
53989.385089 z 19.534 0.076
53989.385922 g 19.790 0.030
53995.421330 r 19.600 0.017
53995.422164 i 19.593 0.020
53995.422997 u 19.808 0.038
53995.423830 z 19.662 0.066
53995.424664 g 19.806 0.020
54000.358025 r 19.555 0.021
54000.358858 i 19.536 0.023
54000.359691 u 19.835 0.046
54000.360525 z 19.553 0.092
54000.361358 g 19.807 0.021
54007.408167 r 19.587 0.019
54007.409000 i 19.578 0.025
54007.409833 u 19.781 0.053
54007.410667 z 19.603 0.086
54007.411500 g 19.773 0.028
54009.331955 r 19.589 0.017
54009.332789 i 19.571 0.024
54009.333622 u 19.800 0.039
54009.334455 z 19.491 0.063
54009.335289 g 19.791 0.033
54011.396422 r 19.549 0.015
54011.397256 i 19.570 0.017
54011.398089 u 19.796 0.036
54011.398922 z 19.563 0.057
54011.399756 g 19.807 0.015
54025.395440 r 19.579 0.024
54025.396273 i 19.530 0.023
#54025.397107 u -99.000 0.044
54025.397940 z 19.586 0.094
54025.398773 g 19.783 0.018
54029.325794 r 19.603 0.021
54029.326628 i 19.548 0.022
54029.327461 u 19.759 0.045
54029.328294 z 19.492 0.075
54029.329128 g 19.779 0.015
54346.389219 r 19.555 0.022
54346.390052 i 19.555 0.026
54346.390886 u 19.940 0.077
54346.391719 z 19.628 0.097
54346.392552 g 19.814 0.041
54348.393202 r 19.620 0.022
54348.394035 i 19.585 0.025
54348.394869 u 19.832 0.047
54348.395702 z 19.555 0.080
54348.396535 g 19.820 0.020
54358.349004 r 19.577 0.025
54358.349838 i 19.564 0.027
54358.350671 u 19.871 0.051
54358.351504 z 19.582 0.102
54358.352338 g 19.781 0.021
54365.382074 r 19.593 0.016
54365.382907 i 19.550 0.022
54365.383740 u 19.803 0.044
54365.384574 z 19.532 0.085
54365.385407 g 19.804 0.027
54381.401635 r 19.583 0.022
54381.402469 i 19.492 0.031
54381.403302 u 19.775 0.077
54381.404135 z 19.375 0.085
54381.404969 g 19.744 0.031
54384.408278 r 19.560 0.019
54384.409111 i 19.518 0.022
54384.409945 u 19.776 0.045
54384.410778 z 19.474 0.076
#54384.411611 g -99.000 0.021
54386.393950 r 19.521 0.018
54386.394784 i 19.491 0.023
54386.395617 u 19.750 0.048
54386.396450 z 19.608 0.088
54386.397284 g 19.742 0.025
54388.398207 r 19.568 0.015
54388.399041 i 19.525 0.021
54388.399874 u 19.748 0.043
54388.400707 z 19.444 0.065
54388.401541 g 19.783 0.026
54392.395778 r 19.532 0.042
54392.396612 i 19.480 0.034
54392.397445 u 19.721 0.074
54392.398278 z 19.511 0.102
54392.399112 g 19.701 0.018
54403.312098 r 19.605 0.046
54403.312931 i 19.478 0.067
54403.313764 u 19.769 0.110
54403.314598 z 19.618 0.232
54403.315431 g 19.743 0.033
54404.369577 r 19.563 0.025
54404.370410 i 19.528 0.027
54404.371243 u 19.861 0.073
54404.372077 z 19.487 0.087
54404.372910 g 19.731 0.024
54405.367532 r 19.553 0.019
54405.368365 i 19.515 0.025
54405.369198 u 19.903 0.086
54405.370032 z 19.405 0.074
54405.370865 g 19.760 0.019
54406.305831 r 19.542 0.021
54406.306664 i 19.523 0.023
#54406.307497 u -99.000 0.045
54406.308331 z 19.527 0.056
54406.309164 g 19.734 0.016
54412.331624 r 19.539 0.020
54412.332457 i 19.549 0.022
54412.333290 u 19.828 0.051
54412.334124 z 19.582 0.091
54412.334957 g 19.776 0.018
