51081.313841 r 19.883 0.027
51081.314674 i 19.940 0.036
51081.315508 u 21.351 0.152
51081.316341 z 19.895 0.125
51081.317174 g 20.296 0.028
51819.384939 r 19.856 0.023
51819.385772 i 19.774 0.029
51819.386606 u 21.383 0.172
51819.387439 z 19.691 0.098
51819.388272 g 20.383 0.028
52558.350196 r 19.825 0.019
52558.351029 i 19.729 0.024
52558.351863 u 21.261 0.125
52558.352696 z 19.592 0.078
52558.353529 g 20.297 0.022
52577.237698 r 19.918 0.021
52577.238531 i 19.681 0.024
52577.239365 u 21.336 0.125
52577.240198 z 19.592 0.082
52577.241031 g 20.206 0.020
52586.241175 r 19.830 0.021
52586.242008 i 19.685 0.028
52586.242842 u 21.158 0.099
52586.243675 z 19.797 0.124
52586.244508 g 20.257 0.021
52910.321656 r 19.944 0.019
52910.322489 i 19.784 0.023
52910.323323 u 21.133 0.096
52910.324156 z 19.787 0.083
52910.324989 g 20.254 0.020
52931.251859 r 19.931 0.022
52931.252692 i 19.797 0.026
52931.253526 u 21.215 0.115
52931.254359 z 19.684 0.090
52931.255192 g 20.250 0.021
52935.248822 r 19.862 0.023
52935.249655 i 19.735 0.027
52935.250489 u 21.368 0.131
52935.251322 z 19.696 0.099
52935.252155 g 20.298 0.024
52959.192151 r 19.903 0.018
52959.192984 i 19.761 0.021
52959.193818 u 21.234 0.092
52959.194651 z 19.707 0.069
52959.195484 g 20.262 0.019
52963.171895 r 19.830 0.017
52963.172728 i 19.772 0.020
52963.173562 u 21.336 0.092
52963.174395 z 19.699 0.064
52963.175228 g 20.233 0.018
53352.142963 r 19.963 0.020
53352.143796 i 19.841 0.024
53352.144630 u 21.503 0.127
53352.145463 z 19.827 0.089
53352.146296 g 20.320 0.022
53622.351261 r 20.013 0.030
53622.352094 i 20.028 0.041
53622.352928 u 21.195 0.157
53622.353761 z 19.711 0.129
53622.354594 g 20.447 0.032
53634.300731 r 19.896 0.036
53634.301564 i 19.809 0.034
53634.302398 u 21.009 0.268
53634.303231 z 19.843 0.113
53634.304064 g 20.203 0.058
53638.342067 r 19.998 0.023
53638.342900 i 19.753 0.025
53638.343734 u 21.307 0.146
53638.344567 z 19.640 0.073
53638.345400 g 20.261 0.024
53640.306102 r 20.249 0.034
53640.306935 i 20.010 0.036
53640.307769 u 21.804 0.237
53640.308602 z 19.588 0.086
53640.309435 g 20.456 0.028
53655.278274 r 20.173 0.041
53655.279107 i 20.080 0.051
53655.279941 u 21.702 0.318
53655.280774 z 19.722 0.107
53655.281607 g 20.238 0.031
53664.303231 r 19.694 0.040
53664.304064 i 19.612 0.052
53664.304898 u 21.051 0.322
53664.305731 z 19.837 0.199
#53664.306564 g -99.000 0.075
53669.262472 r 19.891 0.019
53669.263305 i 19.806 0.023
53669.264139 u 21.212 0.094
53669.264972 z 19.735 0.077
53669.265805 g 20.799 0.026
53674.246709 r 19.750 0.023
53674.247542 i 19.745 0.033
53674.248376 u 20.885 0.117
53674.249209 z 19.507 0.088
53674.250042 g 20.139 0.022
53676.336184 r 19.893 0.019
53676.337017 i 19.779 0.022
53676.337851 u 21.442 0.151
53676.338684 z 19.593 0.065
53676.339517 g 20.379 0.023
53679.308076 r 20.098 0.033
53679.308909 i 20.104 0.047
53679.309743 u 21.215 0.166
53679.310576 z 19.722 0.111
53679.311409 g 20.412 0.026
53681.299590 r 19.869 0.026
53681.300423 i 19.735 0.036
53681.301257 u 21.130 0.300
53681.302090 z 19.662 0.124
53681.302923 g 20.538 0.030
53694.272519 r 20.252 0.084
53694.273352 i 19.860 0.059
#53694.274186 u -99.000 0.465
53694.275019 z 19.689 0.179
#53694.275852 g -99.000 0.093
53697.256613 r 19.909 0.023
53697.257446 i 19.782 0.026
53697.258280 u 21.264 0.163
53697.259113 z 19.854 0.091
53697.259946 g 20.240 0.026
53705.242242 r 19.975 0.021
53705.243075 i 19.760 0.022
53705.243909 u 21.360 0.140
53705.244742 z 19.843 0.084
53705.245575 g 21.401 0.053
53975.327237 r 19.878 0.027
53975.328071 i 19.893 0.042
53975.328904 u 21.084 0.093
53975.329737 z 19.590 0.071
53975.330571 g 20.261 0.024
53990.340111 r 19.980 0.033
53990.340944 i 19.783 0.035
53990.341778 u 21.141 0.201
53990.342611 z 19.648 0.088
53990.343444 g 20.216 0.040
#53998.302614 r -99.000 0.046
#53998.303448 i -99.000 0.238
53998.304281 u 21.265 0.127
53998.305114 z 19.830 0.114
#53998.305948 g -99.000 0.113
54005.332884 r 19.925 0.022
54005.333717 i 19.867 0.025
54005.334550 u 21.217 0.083
54005.335384 z 19.737 0.063
54005.336217 g 20.278 0.023
54010.288113 r 19.962 0.025
54010.288947 i 19.784 0.023
54010.289780 u 21.227 0.110
54010.290613 z 19.662 0.057
54010.291447 g 20.241 0.025
54012.281067 r 19.948 0.032
54012.281900 i 19.830 0.030
54012.282733 u 21.770 0.309
54012.283567 z 19.831 0.080
54012.284400 g 20.272 0.040
54020.286952 r 19.920 0.039
54020.287785 i 19.789 0.040
54020.288619 u 20.798 0.131
54020.289452 z 19.795 0.108
54020.290285 g 20.260 0.038
54024.368513 r 20.118 0.058
54024.369346 i 20.053 0.110
54024.370179 u 20.985 0.151
54024.371013 z 19.594 0.107
54024.371846 g 20.332 0.052
54030.280491 r 19.911 0.020
54030.281324 i 19.820 0.027
54030.282157 u 21.503 0.118
54030.282991 z 19.783 0.072
54030.283824 g 20.887 0.105
54037.261730 r 19.954 0.025
54037.262563 i 19.779 0.030
54037.263397 u 21.414 0.121
54037.264230 z 19.879 0.083
54037.265063 g 20.312 0.026
54049.302768 r 20.052 0.047
54049.303602 i 20.015 0.054
54049.304435 u 21.050 0.256
54049.305268 z 19.753 0.129
54049.306102 g 20.508 0.069
54053.267009 r 20.004 0.028
54053.267843 i 19.835 0.034
54053.268676 u 21.318 0.112
54053.269509 z 19.897 0.098
54053.270343 g 20.310 0.025
#54056.268671 r 19.940 99.999
#54056.269504 i -99.000 0.050
54056.270337 u 21.031 0.141
54056.271171 z 19.677 0.099
#54056.272004 g 20.426 1.692
54062.267897 r 20.023 0.036
54062.268730 i 19.952 0.107
54062.269564 u 21.298 0.148
54062.270397 z 19.598 0.103
54062.271230 g 21.315 0.370
54357.306129 r 19.906 0.017
54357.306962 i 19.802 0.027
54357.307796 u 21.179 0.086
54357.308629 z 19.768 0.058
54357.309462 g 20.250 0.021
54382.336369 r 20.407 0.506
54382.337203 i 20.662 0.371
#54382.338036 u 100.019 99.999
54382.338869 z 19.524 0.125
54382.339703 g 20.427 0.315
54385.353996 r 19.969 0.021
54385.354829 i 19.791 0.025
54385.355663 u 21.218 0.098
54385.356496 z 19.826 0.065
54385.357329 g 20.347 0.023
54387.354585 r 20.128 0.075
54387.355419 i 20.199 0.203
54387.356252 u 21.959 0.373
54387.357085 z 20.207 0.212
54387.357919 g 20.407 0.244
54392.349387 r 20.196 0.093
54392.350220 i 20.087 0.098
#54392.351053 u -99.000 0.171
54392.351887 z 19.692 0.122
54392.352720 g 20.348 0.103
54402.347760 r 20.035 0.049
54402.348594 i 20.006 0.055
54402.349427 u 20.634 0.245
54402.350260 z 19.724 0.103
54402.351094 g 20.303 0.071
