51464.212687 r 19.061 0.014
51464.213520 i 18.835 0.017
51464.214354 u 19.481 0.027
51464.215187 z 18.690 0.036
51464.216020 g 19.231 0.012
52197.238423 r 18.820 0.012
52197.239256 i 18.596 0.014
52197.240090 u 19.317 0.027
52197.240923 z 18.657 0.040
52197.241756 g 19.011 0.011
52231.124401 r 18.864 0.012
52231.125234 i 18.569 0.013
52231.126068 u 19.338 0.026
52231.126901 z 18.468 0.028
52231.127734 g 19.092 0.011
52557.232406 r 18.917 0.013
52557.233239 i 18.575 0.015
52557.234073 u 19.113 0.025
52557.234906 z 18.357 0.032
52557.235739 g 18.890 0.010
52578.128484 r 18.908 0.013
52578.129317 i 18.641 0.014
52578.130151 u 19.214 0.023
52578.130984 z 18.476 0.032
52578.131817 g 18.972 0.010
52929.158712 r 18.896 0.013
52929.159545 i 18.521 0.013
52929.160379 u 19.331 0.027
52929.161212 z 18.342 0.031
52929.162045 g 18.992 0.010
52936.134794 r 18.900 0.012
52936.135627 i 18.588 0.013
52936.136461 u 19.365 0.025
52936.137294 z 18.622 0.032
52936.138127 g 19.116 0.011
53243.320002 r 18.921 0.013
53243.320835 i 18.642 0.014
53243.321669 u 19.412 0.033
53243.322502 z 18.473 0.031
53243.323335 g 19.082 0.013
53270.198854 r 19.054 0.477
53270.199687 i 18.993 0.803
53270.200521 u 19.330 0.031
#53270.201354 z 19.197 1.645
53270.202187 g 19.195 0.157
53272.248803 r 18.751 0.015
53272.249636 i 18.825 0.022
53272.250470 u 19.276 0.051
53272.251303 z 18.354 0.036
53272.252136 g 19.191 0.023
53286.217519 r 19.573 0.027
53286.218352 i 18.526 0.015
53286.219186 u 19.407 0.034
53286.220019 z 18.790 0.048
53286.220852 g 19.145 0.013
53288.176010 r 18.925 0.013
53288.176843 i 18.663 0.015
53288.177677 u 19.537 0.035
53288.178510 z 19.003 0.051
53288.179343 g 19.216 0.013
53294.203331 r 19.205 0.853
#53294.204164 i 18.848 1.050
53294.204997 u 19.495 0.033
#53294.205831 z 18.696 1.065
53294.206664 g 19.111 0.189
53302.171678 r 18.990 0.018
53302.172511 i 18.778 0.019
53302.173345 u 19.325 0.047
53302.174178 z 18.529 0.039
53302.175011 g 19.285 0.023
53312.127227 r 18.982 0.512
#53312.128060 i 19.446 1.375
53312.128893 u 19.315 0.033
#53312.129727 z 19.024 1.337
53312.130560 g 19.119 0.153
53314.128406 r 19.100 0.016
53314.129239 i 18.705 0.017
53314.130073 u 19.403 0.029
53314.130906 z 18.680 0.046
53314.131739 g 19.096 0.011
53623.222985 r 19.404 0.020
53623.223818 i 19.203 0.025
53623.224652 u 19.836 0.042
53623.225485 z 19.093 0.054
53623.226318 g 19.623 0.018
53626.209198 r 19.253 0.021
53626.210031 i 19.123 0.027
53626.210865 u 19.797 0.070
53626.211698 z 19.444 0.138
53626.212531 g 19.576 0.024
53637.195678 r 19.684 0.025
53637.196511 i 19.302 0.026
53637.197345 u 19.709 0.046
53637.198178 z 19.566 0.110
53637.199011 g 19.615 0.017
#53644.188119 r 19.280 1.042
#53644.188952 i 18.911 1.206
53644.189785 u 19.670 0.036
#53644.190619 z 18.788 1.130
53644.191452 g 19.490 0.335
53654.222747 r 19.494 0.025
53654.223580 i 18.945 0.022
53654.224414 u 19.744 0.052
53654.225247 z 18.765 0.047
53654.226080 g 19.485 0.017
53656.170339 r 19.912 0.052
53656.171172 i 19.635 0.051
53656.172006 u 19.602 0.085
53656.172839 z 18.891 0.071
53656.173672 g 19.917 0.055
53663.183648 r 19.355 0.019
53663.184481 i 19.129 0.021
53663.185315 u 19.998 0.063
53663.186148 z 18.935 0.042
53663.186981 g 19.706 0.023
53670.178102 r 19.084 0.016
53670.178935 i 18.880 0.020
53670.179769 u 19.832 0.041
53670.180602 z 19.207 0.067
53670.181435 g 19.365 0.014
53675.142973 r 18.863 0.015
53675.143806 i 18.635 0.018
53675.144640 u 19.668 0.038
53675.145473 z 18.704 0.044
53675.146306 g 19.369 0.014
53680.150671 r 19.155 0.019
53680.151504 i 19.184 0.029
53680.152338 u 19.698 0.041
53680.153171 z 18.516 0.038
53680.154004 g 19.485 0.016
53704.135898 r 19.679 0.027
53704.136731 i 19.337 0.029
53704.137565 u 19.770 0.041
53704.138398 z 18.798 0.043
53704.139231 g 19.566 0.016
53989.231967 r 19.079 0.753
#53989.232800 i 19.067 1.321
53989.233633 u 19.486 0.053
53989.234467 z 18.838 0.991
53989.235300 g 19.411 0.291
53995.221197 r 19.025 0.741
53995.222030 i 18.666 0.918
53995.222864 u 19.485 0.037
#53995.223697 z 18.864 1.448
53995.224530 g 19.180 0.246
53997.199575 r 19.341 0.995
53997.200408 i 18.530 0.662
53997.201242 u 19.413 0.035
#53997.202075 z 19.392 1.647
53997.202908 g 19.299 0.251
54000.207364 r 19.488 0.950
#54000.208198 i 20.079 2.975
54000.209031 u 19.372 0.036
#54000.209864 z 21.206 5.371
54000.210698 g 19.359 0.243
54007.184184 r 19.243 0.910
54007.185017 i 18.718 0.977
54007.185851 u 19.429 0.036
#54007.186684 z 18.830 1.517
54007.187517 g 19.203 0.250
54009.181310 r 19.210 0.922
#54009.182143 i 18.915 1.384
54009.182977 u 19.450 0.037
54009.183810 z 18.852 0.971
54009.184643 g 19.267 0.277
54011.245799 r 19.030 0.515
54011.246632 i 18.727 0.712
54011.247465 u 19.448 0.042
#54011.248299 z 18.627 1.054
54011.249132 g 19.231 0.197
54019.195984 r 19.068 0.519
54019.196817 i 18.730 0.720
54019.197651 u 19.359 0.034
#54019.198484 z 18.784 1.128
54019.199317 g 19.151 0.172
54025.244794 r 18.489 0.346
#54025.245627 i 19.697 2.422
54025.246461 u 19.427 0.040
#54025.247294 z 18.992 1.416
54025.248127 g 19.292 0.240
54029.175142 r 19.022 0.733
54029.175975 i 18.682 0.905
54029.176809 u 19.358 0.031
#54029.177642 z 18.989 1.576
54029.178475 g 19.335 0.310
54051.151704 r 19.304 0.462
#54051.152537 i -99.000 0.784
#54051.153371 u -99.000 0.184
54051.154204 z 19.388 0.751
54051.155037 g 19.451 0.183
#54356.253296 r 19.372 1.022
#54356.254129 i 19.134 1.447
54356.254962 u 19.425 0.045
#54356.255796 z 20.159 1.621
54356.256629 g 19.214 0.249
54358.198366 r 18.451 0.307
#54358.199199 i 19.384 1.447
54358.200033 u 19.472 0.046
#54358.200866 z 19.839 3.552
54358.201699 g 19.450 0.245
54365.231419 r 18.824 0.603
54365.232252 i 18.760 0.953
54365.233085 u 19.528 0.047
#54365.233919 z 18.789 1.345
54365.234752 g 19.264 0.254
54382.240536 r 19.120 0.652
54382.241369 i 18.893 0.921
54382.242203 u 19.487 0.037
#54382.243036 z 18.630 1.005
54382.243869 g 19.285 0.207
54386.243315 r 19.119 0.877
54386.244149 i 18.653 0.854
54386.244982 u 19.495 0.035
#54386.245815 z 19.116 2.411
54386.246649 g 19.273 0.285
54403.161342 r 19.057 0.520
54403.162176 i 18.683 0.786
54403.163009 u 19.537 0.039
#54403.163842 z 18.556 1.026
54403.164676 g 19.251 0.165
54406.155176 r 18.861 0.616
#54406.156010 i 18.979 1.264
54406.156843 u 19.405 0.037
#54406.157676 z 18.728 1.450
54406.158510 g 19.240 0.265
54412.158107 r 19.320 0.967
#54412.158941 i 18.881 1.079
54412.159774 u 19.461 0.035
#54412.160607 z 19.595 1.145
54412.161441 g 19.174 0.218
