51467.286416 r 18.422 0.011
51467.287249 i 17.325 0.007
#51467.288083 u 24.650 2.383
51467.288916 z 16.993 0.017
51467.289749 g 21.006 0.066
51819.262382 r 17.416 0.006
51819.263215 i 16.765 0.006
51819.264049 u 21.642 0.172
51819.264882 z 16.322 0.009
51819.265715 g 18.796 0.009
52172.277940 r 17.401 0.006
52172.278773 i 16.748 0.006
52172.279607 u 21.538 0.151
52172.280440 z 16.316 0.009
52172.281273 g 18.860 0.009
52558.227628 r 17.406 0.006
52558.228461 i 16.744 0.005
52558.229295 u 21.527 0.175
52558.230128 z 16.327 0.009
52558.230961 g 18.828 0.009
52576.139886 r 17.336 0.005
52576.140719 i 16.695 0.005
52576.141553 u 21.423 0.167
52576.142386 z 16.201 0.010
52576.143219 g 19.208 0.015
52577.115122 r 17.468 0.006
52577.115955 i 16.806 0.005
52577.116789 u 21.684 0.180
52577.117622 z 16.357 0.009
52577.118455 g 19.025 0.010
52586.118600 r 17.446 0.006
52586.119433 i 16.738 0.006
52586.120267 u 21.494 0.129
52586.121100 z 16.339 0.009
52586.121933 g 18.829 0.008
52931.129283 r 17.404 0.006
52931.130116 i 16.731 0.006
52931.130950 u 21.673 0.151
52931.131783 z 16.317 0.009
52931.132616 g 18.822 0.009
52935.126248 r 17.515 0.006
52935.127081 i 16.735 0.005
52935.127915 u 21.695 0.205
52935.128748 z 16.348 0.009
52935.129581 g 18.911 0.009
53313.119447 r 17.401 0.005
53313.120280 i 16.728 0.005
53313.121114 u 22.154 0.328
53313.121947 z 16.300 0.009
53313.122780 g 18.819 0.009
53622.228692 r 17.312 0.005
53622.229525 i 16.831 0.005
53622.230359 u 21.854 0.375
53622.231192 z 16.259 0.010
53622.232025 g 19.040 0.013
53625.224658 r 17.419 0.007
53625.225491 i 16.733 0.006
53625.226325 u 21.607 0.161
53625.227158 z 16.331 0.009
53625.227991 g 18.824 0.010
53636.183694 r 17.405 0.006
53636.184527 i 16.737 0.006
53636.185361 u 21.454 0.168
53636.186194 z 16.331 0.009
53636.187027 g 18.809 0.010
53655.155699 r 17.422 0.006
53655.156532 i 16.754 0.005
53655.157366 u 21.653 0.329
53655.158199 z 16.303 0.009
53655.159032 g 18.866 0.014
53664.180659 r 17.432 0.006
53664.181492 i 16.761 0.005
53664.182326 u 21.829 0.415
53664.183159 z 16.330 0.009
53664.183992 g 18.887 0.013
53666.144259 r 17.390 0.006
53666.145092 i 16.741 0.006
53666.145926 u 21.557 0.134
53666.146759 z 16.313 0.009
53666.147592 g 18.823 0.009
53669.139898 r 17.452 0.006
53669.140731 i 16.757 0.006
53669.141565 u 21.695 0.156
53669.142398 z 16.342 0.009
53669.143231 g 18.912 0.009
53674.124133 r 17.472 0.006
53674.124966 i 16.746 0.005
53674.125800 u 21.827 0.216
53674.126633 z 16.339 0.009
53674.127466 g 18.827 0.009
53676.213631 r 17.404 0.006
53676.214464 i 16.741 0.006
53676.215298 u 21.622 0.174
53676.216131 z 16.300 0.009
53676.216964 g 18.799 0.009
53679.185513 r 17.391 0.005
53679.186346 i 16.704 0.005
53679.187180 u 22.229 0.441
53679.188013 z 16.305 0.009
53679.188846 g 18.764 0.009
53681.177024 r 17.395 0.008
53681.177857 i 16.741 0.007
53681.178691 u 21.359 0.246
#53681.179524 z -99.000 0.022
#53681.180357 g -99.000 0.050
53685.136069 r 17.448 0.008
53685.136902 i 16.749 0.006
53685.137736 u 21.073 0.269
53685.138569 z 16.344 0.010
53685.139402 g 18.823 0.016
53687.174417 r 17.401 0.007
53687.175250 i 16.740 0.006
53687.176084 u 21.518 0.476
53687.176917 z 16.329 0.009
53687.177750 g 18.814 0.017
53697.134048 r 17.414 0.024
53697.134881 i 16.775 0.017
53697.135715 u 21.187 0.828
#53697.136548 z -99.000 0.040
53697.137381 g 18.934 0.048
53700.133009 r 17.428 0.006
53700.133842 i 16.792 0.005
53700.134676 u 22.282 0.348
53700.135509 z 16.299 0.009
53700.136342 g 18.869 0.009
53705.119679 r 17.459 0.006
53705.120512 i 16.798 0.005
53705.121346 u 22.245 0.388
53705.122179 z 16.308 0.009
53705.123012 g 18.876 0.010
53975.204680 r 17.421 0.023
53975.205513 i 16.715 0.017
53975.206347 u 21.413 0.147
53975.207180 z 16.331 0.018
53975.208013 g 18.834 0.044
53996.211399 r 17.403 0.020
53996.212232 i 16.735 0.014
53996.213065 u 21.821 0.171
53996.213899 z 16.298 0.015
53996.214732 g 18.821 0.044
53998.180030 r 17.398 0.021
53998.180863 i 16.731 0.018
53998.181696 u 21.539 0.139
53998.182530 z 16.333 0.020
53998.183363 g 18.799 0.044
54010.165506 r 17.395 0.023
54010.166339 i 16.763 0.018
54010.167172 u 21.866 0.276
54010.168006 z 16.326 0.020
54010.168839 g 18.841 0.046
54012.158358 r 17.411 0.026
54012.159191 i 16.748 0.027
54012.160025 u 21.078 0.262
54012.160858 z 16.307 0.022
54012.161691 g 18.835 0.051
54020.164331 r 17.453 0.023
54020.165164 i 16.735 0.017
54020.165997 u 21.945 0.323
54020.166831 z 16.338 0.020
54020.167664 g 18.919 0.059
54022.213631 r 17.400 0.023
54022.214464 i 16.755 0.020
54022.215297 u 21.727 0.274
54022.216131 z 16.311 0.024
54022.216964 g 18.828 0.053
54028.154700 r 17.409 0.023
54028.155534 i 16.735 0.016
#54028.156367 u -99.000 0.246
54028.157200 z 16.331 0.023
54028.158034 g 18.903 0.053
54030.157886 r 17.404 0.023
54030.158719 i 16.732 0.015
54030.159552 u 21.347 0.169
54030.160386 z 16.327 0.016
54030.161219 g 18.825 0.045
#54032.147161 r -99.000 0.023
#54032.147994 i -99.000 0.018
54032.148827 u 20.941 0.455
#54032.149661 z -99.000 0.028
#54032.150494 g -99.000 0.046
54037.139131 r 17.406 0.023
54037.139964 i 16.730 0.017
54037.140797 u 21.657 0.165
54037.141631 z 16.286 0.018
54037.142464 g 18.819 0.047
54040.153617 r 17.412 0.022
54040.154450 i 16.726 0.017
54040.155283 u 21.625 0.470
54040.156117 z 16.318 0.018
54040.156950 g 18.862 0.044
54050.138239 r 17.418 0.019
54050.139072 i 16.743 0.018
54050.139905 u 21.788 0.237
54050.140739 z 16.295 0.021
54050.141572 g 18.854 0.039
54053.144397 r 17.409 0.020
54053.145230 i 16.736 0.018
54053.146064 u 21.798 0.245
54053.146897 z 16.332 0.018
54053.147730 g 18.862 0.042
#54057.114785 r -99.000 0.026
54057.115619 i 16.797 0.021
54057.116452 u 21.785 0.197
54057.117285 z 16.318 0.017
#54057.118119 g -99.000 0.057
54059.140369 r 17.418 0.024
54059.141202 i 16.746 0.018
54059.142036 u 21.567 0.257
54059.142869 z 16.298 0.019
54059.143702 g 18.858 0.038
54061.151401 r 17.455 0.024
54061.152235 i 16.755 0.019
54061.153068 u 21.643 0.235
54061.153901 z 16.326 0.023
54061.154735 g 19.091 0.065
54062.145271 r 17.397 0.029
54062.146104 i 16.851 0.021
#54062.146937 u 23.902 2.556
54062.147771 z 16.467 0.024
54062.148604 g 19.506 0.092
#54357.183559 r -99.000 0.046
54357.184393 i 16.742 0.027
54357.185226 u 21.808 0.325
54357.186059 z 16.372 0.024
54357.186893 g 19.065 0.054
54365.181416 r 17.432 0.028
54365.182249 i 16.737 0.019
54365.183082 u 21.751 0.396
54365.183916 z 16.301 0.021
54365.184749 g 18.868 0.047
54385.231396 r 17.382 0.023
54385.232229 i 16.753 0.017
54385.233062 u 22.481 0.390
54385.233896 z 16.330 0.019
54385.234729 g 18.848 0.042
54387.231884 r 17.405 0.018
54387.232717 i 16.747 0.016
54387.233551 u 21.479 0.225
54387.234384 z 16.321 0.020
54387.235217 g 18.826 0.042
54392.226627 r 17.402 0.019
54392.227460 i 16.712 0.020
54392.228293 u 22.236 0.548
54392.229127 z 16.329 0.017
54392.229960 g 19.440 0.092
54402.225166 r 17.413 0.024
54402.225999 i 16.723 0.019
54402.226833 u 21.589 0.540
54402.227666 z 16.305 0.021
54402.228499 g 18.851 0.048
