51081.368819 r 20.351 0.030
51081.369652 i 20.141 0.035
51081.370486 u 20.517 0.067
51081.371319 z 20.304 0.179
#51081.372152 g -99.000 0.024
51819.439957 r 20.293 0.031
51819.440790 i 20.157 0.040
51819.441624 u 20.598 0.091
51819.442457 z 20.064 0.170
51819.443290 g 20.291 0.024
52225.264642 r 20.363 0.028
52225.265475 i 20.105 0.033
52225.266309 u 20.648 0.075
52225.267142 z 20.002 0.125
52225.267975 g 20.335 0.021
52288.099062 r 20.295 0.031
52288.099895 i 20.111 0.035
52288.100729 u 20.409 0.066
52288.101562 z 20.201 0.160
52288.102395 g 20.240 0.021
52551.372353 r 20.204 0.031
52551.373186 i 19.959 0.031
52551.374020 u 20.350 0.060
52551.374853 z 20.177 0.157
52551.375686 g 20.163 0.020
52558.405228 r 20.241 0.023
52558.406061 i 20.110 0.027
52558.406895 u 20.331 0.054
52558.407728 z 20.121 0.117
52558.408561 g 20.203 0.018
52576.238279 r 20.167 0.025
52576.239112 i 20.016 0.031
52576.239946 u 20.265 0.053
52576.240779 z 20.017 0.128
52576.241612 g 20.156 0.019
52577.292736 r 20.204 0.024
52577.293569 i 19.996 0.028
52577.294403 u 20.180 0.052
52577.295236 z 20.090 0.129
52577.296069 g 20.135 0.017
52585.239814 r 20.189 0.026
52585.240647 i 19.993 0.036
52585.241481 u 20.245 0.051
52585.242314 z 20.205 0.187
52585.243147 g 20.086 0.016
52910.376692 r 20.612 0.034
52910.377525 i 20.341 0.036
52910.378359 u 20.864 0.091
52910.379192 z 20.489 0.194
52910.380025 g 20.610 0.027
52935.303861 r 20.517 0.040
52935.304694 i 20.218 0.044
52935.305528 u 20.672 0.094
52935.306361 z 20.033 0.173
52935.307194 g 20.484 0.026
52963.226936 r 20.590 0.027
52963.227769 i 20.316 0.031
52963.228603 u 20.815 0.070
52963.229436 z 20.255 0.128
52963.230269 g 20.553 0.022
52971.217852 r 20.516 0.037
52971.218685 i 20.237 0.042
52971.219519 u 20.648 0.084
52971.220352 z 20.071 0.149
52971.221185 g 20.427 0.026
53351.149239 r 20.403 0.036
53351.150072 i 20.205 0.045
53351.150906 u 20.435 0.078
53351.151739 z 20.801 0.335
53351.152572 g 20.503 0.026
53622.406293 r 20.450 0.031
53622.407126 i 20.216 0.036
53622.407960 u 20.484 0.075
53622.408793 z 20.219 0.162
53622.409626 g 20.369 0.023
53634.355765 r 20.602 0.100
53634.356598 i 20.400 0.087
#53634.357432 u -99.000 0.170
53634.358265 z 19.954 0.160
53634.359098 g 20.475 0.083
53638.397101 r 20.403 0.036
53638.397934 i 20.178 0.036
53638.398768 u 20.571 0.088
53638.399601 z 20.190 0.154
53638.400434 g 20.409 0.028
53646.422545 r 20.482 0.047
53646.423378 i 20.295 0.058
53646.424212 u 20.387 0.116
53646.425045 z 20.225 0.188
53646.425878 g 20.379 0.031
53655.333309 r 20.484 0.037
53655.334142 i 20.146 0.040
53655.334976 u 20.458 0.081
53655.335809 z 20.118 0.189
53655.336642 g 20.365 0.024
53669.317510 r 20.382 0.035
53669.318343 i 20.193 0.042
53669.319177 u 20.398 0.077
53669.320010 z 20.656 0.260
53669.320843 g 20.395 0.029
53671.402266 r 20.451 0.037
53671.403099 i 20.155 0.040
53671.403933 u 20.576 0.097
53671.404766 z 20.478 0.209
53671.405599 g 20.378 0.026
53674.301746 r 20.354 0.040
53674.302579 i 20.150 0.046
#53674.303413 u -99.000 0.090
53674.304246 z 19.723 0.129
53674.305079 g 20.373 0.026
53676.391208 r 20.545 0.035
53676.392041 i 20.303 0.038
53676.392875 u 20.423 0.092
53676.393708 z 20.303 0.155
53676.394541 g 20.440 0.025
53679.363107 r 20.316 0.048
53679.363940 i 20.009 0.053
53679.364774 u 20.453 0.117
#53679.365607 z -99.000 0.288
53679.366440 g 20.265 0.026
53681.354621 r 20.515 0.031
53681.355454 i 20.432 0.039
53681.356288 u 20.524 0.078
53681.357121 z 20.117 0.133
53681.357954 g 20.393 0.021
53684.316115 r 20.397 0.046
53684.316948 i 20.159 0.059
53684.317782 u 20.565 0.139
53684.318615 z 20.346 0.313
53684.319448 g 20.374 0.037
53697.311646 r 20.502 0.041
53697.312479 i 20.245 0.041
53697.313313 u 20.492 0.102
53697.314146 z 20.354 0.191
53697.314979 g 20.465 0.037
53705.297273 r 20.442 0.036
53705.298106 i 20.248 0.046
53705.298940 u 20.548 0.102
53705.299773 z 19.936 0.159
53705.300606 g 20.390 0.030
53975.382298 r 20.604 0.037
53975.383131 i 20.463 0.050
53975.383964 u 20.712 0.092
53975.384798 z 20.517 0.220
53975.385631 g 20.605 0.032
53994.405297 r 20.655 0.036
53994.406130 i 20.365 0.038
53994.406964 u 20.804 0.089
53994.407797 z 20.424 0.183
53994.408630 g 20.580 0.030
54010.343148 r 20.666 0.026
54010.343981 i 20.378 0.029
#54010.344814 u -99.000 0.061
54010.345648 z 20.556 0.143
54010.346481 g 20.623 0.022
54012.335999 r 20.674 0.059
54012.336832 i 20.436 0.065
#54012.337665 u -99.000 0.146
54012.338499 z 21.024 0.354
54012.339332 g 20.646 0.052
54030.335516 r 20.678 0.031
54030.336349 i 20.381 0.032
#54030.337182 u -99.000 0.060
54030.338016 z 20.487 0.154
54030.338849 g 20.590 0.025
54037.316806 r 20.621 0.028
54037.317639 i 20.371 0.028
54037.318473 u 20.565 0.056
54037.319306 z 20.385 0.113
54037.320139 g 20.569 0.022
54040.331221 r 20.591 0.053
54040.332055 i 20.382 0.062
54040.332888 u 20.508 0.100
54040.333721 z 20.634 0.226
54040.334555 g 20.618 0.048
54049.357682 r 20.599 0.061
54049.358515 i 20.456 0.059
54049.359349 u 20.364 0.137
54049.360182 z 20.368 0.208
54049.361015 g 20.564 0.055
#54053.337337 r -99.000 0.039
54053.338170 i 20.372 0.042
54053.339004 u 20.555 0.077
#54053.339837 z -99.000 0.192
#54053.340670 g -99.000 0.030
#54056.323701 r -99.000 0.046
54056.324534 i 20.399 0.049
54056.325367 u 20.761 0.114
54056.326201 z 20.432 0.213
54056.327034 g 20.498 0.033
54064.319291 r 20.606 0.034
54064.320124 i 20.445 0.040
54064.320957 u 20.649 0.087
54064.321791 z 20.268 0.156
54064.322624 g 20.657 0.029
54357.361153 r 20.805 0.035
54357.361986 i 20.512 0.033
54357.362819 u 20.645 0.063
54357.363653 z 20.483 0.125
54357.364486 g 20.763 0.025
54362.410991 r 20.740 0.032
54362.411824 i 20.500 0.034
54362.412657 u 20.939 0.079
54362.413491 z 21.064 0.243
54362.414324 g 20.755 0.028
54376.406076 r 20.806 0.036
54376.406909 i 20.523 0.039
54376.407743 u 20.743 0.086
54376.408576 z 20.630 0.167
54376.409409 g 20.760 0.031
54385.408986 r 20.751 0.035
54385.409819 i 20.503 0.036
54385.410653 u 20.947 0.099
54385.411486 z 20.332 0.132
54385.412319 g 20.764 0.030
54402.402637 r 20.798 0.074
54402.403470 i 20.507 0.059
#54402.404303 u -99.000 0.270
54402.405137 z 20.403 0.173
54402.405970 g 20.811 0.085
