51081.342786 r 18.099 0.007
#51081.343619 i -99.000 0.007
51081.344453 u 21.512 0.186
51081.345286 z 17.523 0.018
51081.346119 g 19.098 0.012
53622.380255 r 18.066 0.009
53622.381088 i 17.673 0.009
53622.381922 u 21.325 0.192
53622.382755 z 17.433 0.020
53622.383588 g 19.113 0.013
53638.371063 r 18.319 0.008
53638.371896 i 17.956 0.008
53638.372730 u 21.638 0.187
53638.373563 z 17.698 0.018
53638.374396 g 19.288 0.013
53669.291470 r 18.330 0.008
53669.292303 i 18.033 0.008
53669.293137 u 21.848 0.178
53669.293970 z 17.803 0.019
53669.294803 g 19.243 0.011
53679.337071 r 18.058 0.008
53679.337904 i 17.660 0.008
53679.338738 u 21.319 0.212
53679.339571 z 17.404 0.020
53679.340404 g 19.101 0.012
53694.301518 r 18.077 0.011
53694.302351 i 17.692 0.009
#53694.303185 u 24.400 5.303
53694.304018 z 17.419 0.023
53694.304851 g 19.133 0.029
53700.284566 r 18.067 0.008
53700.285399 i 17.680 0.008
53700.286233 u 21.393 0.226
53700.287066 z 17.426 0.021
53700.287899 g 19.095 0.012
54024.397494 r 18.117 0.021
54024.398328 i 17.714 0.016
54024.399161 u 21.438 0.281
54024.399994 z 17.494 0.027
54024.400828 g 19.177 0.017
54030.309468 r 18.380 0.020
54030.310301 i 18.064 0.031
54030.311135 u 21.902 0.157
54030.311968 z 17.861 0.024
54030.312801 g 19.367 0.020
54035.385261 r 18.129 0.017
54035.386095 i 17.749 0.024
54035.386928 u 21.375 0.245
54035.387761 z 17.622 0.028
54035.388595 g 19.174 0.019
54049.331669 r 18.194 0.016
54049.332503 i 17.803 0.012
54049.333336 u 20.352 0.183
54049.334169 z 17.595 0.024
54049.335003 g 19.172 0.024
54056.297686 r 18.186 0.013
54056.298519 i 17.797 0.016
54056.299352 u 21.391 0.181
54056.300186 z 17.628 0.034
54056.301019 g 19.211 0.022
54059.291988 r 18.167 0.020
54059.292821 i 17.800 0.021
54059.293654 u 21.781 0.243
54059.294488 z 17.587 0.021
54059.295321 g 19.205 0.026
54061.303011 r 18.144 0.033
54061.303844 i 17.790 0.022
54061.304677 u 22.028 0.401
54061.305511 z 17.586 0.022
54061.306344 g 19.173 0.021
54362.384965 r 18.353 0.021
54362.385798 i 18.039 0.031
#54362.386632 u -99.000 0.127
54362.387465 z 17.824 0.022
54362.388298 g 19.287 0.017
54376.380009 r 18.415 0.024
54376.380842 i 18.083 0.034
54376.381676 u 21.722 0.192
54376.382509 z 17.887 0.026
54376.383342 g 19.351 0.017
54382.365159 r 18.128 0.018
54382.365993 i 17.792 0.019
54382.366826 u 21.494 0.208
54382.367659 z 17.568 0.027
54382.368493 g 19.174 0.021
54387.383500 r 18.193 0.019
54387.384333 i 17.813 0.015
54387.385167 u 22.023 0.330
54387.386000 z 17.564 0.026
54387.386833 g 19.165 0.045
#54390.375846 r -99.000 0.027
#54390.376680 i -99.000 1.238
#54390.377513 u -99.000 0.478
54390.378346 z 17.539 0.025
54390.379180 g 19.187 0.014
54391.384296 r 18.120 0.022
54391.385129 i 17.744 0.019
54391.385963 u 20.954 0.170
#54391.386796 z -99.000 0.028
54391.387629 g 19.150 0.028
