51467.301629 r 16.358 0.004
51467.302462 i 15.386 0.003
51467.303296 u 20.354 0.099
51467.304129 z 14.868 0.004
51467.304962 g 17.739 0.006
51819.277617 r 16.361 0.004
51819.278450 i 15.386 0.004
51819.279284 u 20.456 0.065
51819.280117 z 14.874 0.005
51819.280950 g 17.787 0.006
52172.293212 r 16.349 0.005
52172.294045 i 15.376 0.004
52172.294879 u 20.274 0.054
52172.295712 z 14.862 0.005
52172.296545 g 17.750 0.006
52172.343382 r 16.349 0.004
52172.344215 i 15.385 0.005
52172.345049 u 20.350 0.065
52172.345882 z 14.860 0.005
52172.346715 g 17.746 0.006
52558.242894 r 16.355 0.004
52558.243727 i 15.376 0.004
52558.244561 u 20.360 0.059
52558.245394 z 14.863 0.005
52558.246227 g 17.759 0.006
52577.130389 r 16.369 0.004
52577.131222 i 15.393 0.003
52577.132056 u 20.269 0.056
52577.132889 z 14.853 0.004
52577.133722 g 17.770 0.005
52586.133866 r 16.353 0.004
52586.134699 i 15.385 0.004
52586.135533 u 20.281 0.057
52586.136366 z 14.861 0.005
52586.137199 g 17.752 0.006
52931.144550 r 16.342 0.005
52931.145383 i 15.377 0.005
52931.146217 u 20.224 0.045
52931.147050 z 14.852 0.005
52931.147883 g 17.745 0.006
52935.141514 r 16.344 0.004
52935.142347 i 15.381 0.004
52935.143181 u 20.270 0.051
52935.144014 z 14.859 0.005
52935.144847 g 17.760 0.006
53313.134716 r 16.358 0.004
53313.135549 i 15.371 0.003
53313.136383 u 20.321 0.060
53313.137216 z 14.869 0.004
53313.138049 g 17.741 0.006
53622.243960 r 16.360 0.004
53622.244793 i 15.378 0.003
53622.245627 u 20.268 0.088
53622.246460 z 14.873 0.004
53622.247293 g 17.773 0.006
53625.239924 r 16.363 0.005
53625.240757 i 15.378 0.005
53625.241591 u 20.266 0.051
53625.242424 z 14.860 0.006
53625.243257 g 17.766 0.006
53634.193429 r 16.333 0.004
53634.194262 i 15.372 0.003
53634.195096 u 20.004 0.174
#53634.195929 z -99.000 0.004
53634.196762 g 17.741 0.010
53636.198962 r 16.346 0.005
53636.199795 i 15.377 0.005
53636.200629 u 20.266 0.064
53636.201462 z 14.869 0.005
53636.202295 g 17.753 0.006
53655.170967 r 16.343 0.004
53655.171800 i 15.375 0.004
53655.172634 u 20.227 0.112
53655.173467 z 14.869 0.004
53655.174300 g 17.756 0.007
53664.195925 r 16.358 0.004
53664.196758 i 15.377 0.003
53664.197592 u 20.383 0.139
53664.198425 z 14.872 0.004
53664.199258 g 17.764 0.007
53666.159527 r 16.356 0.005
53666.160360 i 15.385 0.004
53666.161194 u 20.304 0.050
53666.162027 z 14.868 0.005
53666.162860 g 17.762 0.006
53669.155166 r 16.349 0.004
53669.155999 i 15.379 0.004
53669.156833 u 20.254 0.051
53669.157666 z 14.861 0.005
53669.158499 g 17.760 0.006
53671.239953 r 16.350 0.004
53671.240786 i 15.385 0.003
53671.241620 u 20.456 0.116
53671.242453 z 14.861 0.004
#53671.243286 g -99.000 0.006
53674.139401 r 16.346 0.004
53674.140234 i 15.374 0.004
53674.141068 u 20.172 0.049
53674.141901 z 14.863 0.005
53674.142734 g 17.759 0.006
53676.228894 r 16.343 0.005
53676.229727 i 15.382 0.005
53676.230561 u 20.299 0.056
53676.231394 z 14.886 0.006
53676.232227 g 17.758 0.006
53679.200778 r 16.338 0.004
53679.201611 i 15.383 0.003
53679.202445 u 20.246 0.072
53679.203278 z 14.863 0.004
53679.204111 g 17.753 0.006
53681.192290 r 16.341 0.004
53681.193123 i 15.378 0.005
53681.193957 u 20.420 0.063
53681.194790 z 14.868 0.006
53681.195623 g 17.749 0.006
53685.151336 r 16.348 0.005
53685.152169 i 15.378 0.005
53685.153003 u 20.301 0.125
53685.153836 z 14.872 0.005
53685.154669 g 17.737 0.013
53687.189682 r 16.346 0.004
53687.190515 i 15.379 0.004
53687.191349 u 20.176 0.145
53687.192182 z 14.865 0.005
53687.193015 g 17.745 0.009
53694.165224 r 16.951 0.006
#53694.166057 i -99.000 0.005
53694.166891 u 21.742 0.789
53694.167724 z 15.435 0.006
53694.168557 g 18.159 0.015
53697.149314 r 16.333 0.014
53697.150147 i 15.380 0.008
53697.150981 u 20.542 0.417
#53697.151814 z -99.000 0.012
53697.152647 g 17.708 0.019
53700.148275 r 16.352 0.004
53700.149108 i 15.377 0.004
53700.149942 u 20.385 0.061
53700.150775 z 14.870 0.005
53700.151608 g 17.760 0.006
53705.134945 r 16.348 0.004
53705.135778 i 15.379 0.004
53705.136612 u 20.328 0.064
53705.137445 z 14.865 0.004
53705.138278 g 17.740 0.006
53975.219954 r 16.337 0.014
53975.220788 i 15.363 0.021
53975.221621 u 20.151 0.048
53975.222454 z 14.884 0.022
#53975.223288 g -99.000 0.009
53993.287756 r 16.355 0.018
53993.288590 i 15.389 0.015
53993.289423 u 20.280 0.056
53993.290256 z 14.874 0.016
53993.291090 g 17.741 0.017
53996.226696 r 16.325 0.014
53996.227529 i 15.378 0.015
53996.228363 u 20.239 0.046
53996.229196 z 14.887 0.015
53996.230029 g 17.778 0.016
53998.195294 r 16.367 0.011
53998.196128 i 15.390 0.021
53998.196961 u 20.194 0.048
53998.197794 z 14.867 0.017
53998.198628 g 17.769 0.014
54010.180776 r 16.351 0.010
54010.181610 i 15.366 0.012
54010.182443 u 20.245 0.060
54010.183276 z 14.859 0.015
54010.184110 g 17.779 0.013
54012.173622 r 16.326 0.015
54012.174455 i 15.366 0.013
54012.175288 u 20.148 0.091
54012.176122 z 14.875 0.027
54012.176955 g 17.743 0.014
54020.179599 r 16.334 0.011
54020.180433 i 15.375 0.010
54020.181266 u 20.231 0.054
54020.182099 z 14.880 0.011
54020.182933 g 17.758 0.015
#54022.228892 r -99.000 0.013
54022.229726 i 15.354 0.014
54022.230559 u 20.300 0.061
54022.231392 z 14.865 0.016
#54022.232226 g -99.000 0.017
54028.169983 r 16.330 0.018
54028.170817 i 15.370 0.021
54028.171650 u 20.271 0.060
54028.172483 z 14.840 0.018
54028.173317 g 17.725 0.013
54030.173164 r 16.365 0.014
54030.173998 i 15.380 0.010
54030.174831 u 20.409 0.049
54030.175664 z 14.868 0.010
54030.176498 g 17.755 0.023
#54032.162440 r -99.000 0.014
54032.163273 i 15.371 0.018
#54032.164107 u -99.000 0.105
#54032.164940 z -99.000 0.013
#54032.165773 g -99.000 0.019
54035.248989 r 16.361 0.017
54035.249822 i 15.364 0.015
54035.250655 u 20.049 0.089
54035.251489 z 14.865 0.063
54035.252322 g 17.754 0.031
54037.154407 r 16.357 0.015
54037.155241 i 15.394 0.012
54037.156074 u 20.320 0.060
54037.156907 z 14.858 0.018
54037.157741 g 17.758 0.017
54040.168887 r 16.354 0.013
54040.169720 i 15.382 0.010
54040.170554 u 20.575 0.164
54040.171387 z 14.873 0.013
54040.172220 g 17.765 0.017
54050.153518 r 16.341 0.012
54050.154351 i 15.367 0.025
54050.155185 u 20.261 0.065
#54050.156018 z -99.000 0.021
54050.156851 g 17.755 0.022
54053.159664 r 16.335 0.017
54053.160497 i 15.365 0.013
54053.161330 u 20.267 0.057
54053.162164 z 14.859 0.023
54053.162997 g 17.761 0.020
54056.161360 r 16.331 0.015
#54056.162193 i -99.000 0.029
54056.163026 u 20.255 0.104
54056.163860 z 14.855 0.037
#54056.164693 g -99.000 0.067
54057.129993 r 16.343 0.014
54057.130826 i 15.357 0.013
54057.131660 u 20.132 0.046
54057.132493 z 14.867 0.015
54057.133326 g 17.743 0.015
54059.155626 r 16.338 0.017
54059.156459 i 15.384 0.019
54059.157292 u 20.259 0.061
54059.158126 z 14.879 0.015
54059.158959 g 17.751 0.013
54061.166667 r 16.368 0.022
54061.167500 i 15.357 0.021
54061.168334 u 20.197 0.064
54061.169167 z 14.841 0.014
54061.170000 g 17.782 0.029
54062.160517 r 16.348 0.025
54062.161350 i 15.384 0.021
54062.162183 u 20.254 0.074
54062.163017 z 14.858 0.019
54062.163850 g 17.744 0.016
54068.150580 r 16.350 0.022
54068.151414 i 15.369 0.023
#54068.152247 u 22.307 1.599
54068.153080 z 14.863 0.020
54068.153914 g 17.754 0.015
54357.198834 r 16.318 0.019
54357.199667 i 15.371 0.012
54357.200501 u 20.142 0.052
54357.201334 z 14.860 0.017
54357.202167 g 17.746 0.021
54365.196676 r 16.339 0.017
54365.197509 i 15.382 0.012
54365.198343 u 20.206 0.107
54365.199176 z 14.879 0.011
54365.200009 g 17.745 0.015
54385.246645 r 16.365 0.014
54385.247478 i 15.403 0.012
54385.248312 u 20.269 0.066
54385.249145 z 14.872 0.020
54385.249978 g 17.775 0.019
54387.247141 r 16.366 0.012
54387.247975 i 15.378 0.016
54387.248808 u 20.199 0.070
54387.249641 z 14.882 0.017
54387.250475 g 17.766 0.013
54392.241949 r 16.356 0.016
54392.242782 i 15.375 0.019
54392.243615 u 20.335 0.069
54392.244449 z 14.870 0.020
54392.245282 g 17.764 0.015
54402.240330 r 16.327 0.015
54402.241164 i 15.365 0.013
54402.241997 u 20.135 0.146
54402.242830 z 14.898 0.009
54402.243664 g 17.725 0.014
