51075.406230 r 19.979 0.023
51075.407063 i 19.754 0.032
51075.407897 u 20.453 0.059
51075.408730 z 19.628 0.104
51075.409563 g 20.113 0.019
51818.375866 r 20.094 0.025
51818.376699 i 19.735 0.028
51818.377533 u 20.389 0.061
51818.378366 z 19.727 0.093
51818.379199 g 20.078 0.018
52170.426873 r 20.258 0.026
52170.427706 i 19.937 0.031
52170.428540 u 20.603 0.072
52170.429373 z 19.878 0.099
52170.430206 g 20.398 0.023
52171.364063 r 20.293 0.030
52171.364896 i 19.889 0.030
52171.365730 u 20.690 0.079
52171.366563 z 19.850 0.095
52171.367396 g 20.358 0.022
52173.340312 r 20.270 0.028
52173.341145 i 19.951 0.036
52173.341979 u 20.628 0.083
52173.342812 z 19.727 0.122
52173.343645 g 20.384 0.024
52224.320383 r 20.272 0.026
52224.321216 i 19.934 0.029
52224.322050 u 20.652 0.071
52224.322883 z 19.840 0.094
52224.323716 g 20.392 0.022
52234.276894 r 20.249 0.028
52234.277727 i 19.830 0.030
52234.278561 u 20.774 0.097
52234.279394 z 20.046 0.111
52234.280227 g 20.456 0.024
52261.240249 r 20.249 0.026
52261.241082 i 19.862 0.028
52261.241916 u 20.689 0.074
52261.242749 z 19.663 0.075
52261.243582 g 20.345 0.021
52287.120744 r 20.191 0.027
52287.121577 i 19.915 0.030
52287.122411 u 20.531 0.063
52287.123244 z 19.838 0.093
52287.124077 g 20.317 0.021
52552.439440 r 19.982 0.026
52552.440273 i 19.797 0.039
52552.441107 u 20.335 0.067
52552.441940 z 19.558 0.092
52552.442773 g 20.074 0.021
52557.413800 r 19.988 0.025
52557.414633 i 19.682 0.030
52557.415467 u 20.362 0.065
52557.416300 z 19.545 0.091
52557.417133 g 20.051 0.018
52908.388367 r 20.281 0.028
52908.389200 i 19.963 0.033
52908.390034 u 20.865 0.089
52908.390867 z 19.839 0.108
52908.391700 g 20.435 0.024
52912.367806 r 20.314 0.027
52912.368639 i 19.970 0.030
52912.369473 u 20.734 0.083
52912.370306 z 19.782 0.094
52912.371139 g 20.371 0.023
52934.320273 r 20.303 0.031
52934.321106 i 19.924 0.038
52934.321940 u 20.695 0.083
52934.322773 z 19.830 0.126
52934.323606 g 20.387 0.026
52936.316199 r 20.275 0.035
52936.317032 i 19.897 0.032
52936.317866 u 20.715 0.073
52936.318699 z 19.924 0.116
52936.319532 g 20.386 0.021
53270.380255 r 20.463 0.028
53270.381089 i 20.084 0.032
53270.381922 u 20.919 0.081
53270.382755 z 20.043 0.102
53270.383589 g 20.651 0.028
53272.430198 r 20.555 0.037
53272.431031 i 20.208 0.043
53272.431865 u 20.968 0.104
53272.432698 z 20.684 0.227
53272.433531 g 20.696 0.028
53286.398919 r 20.557 0.039
53286.399752 i 20.117 0.041
53286.400586 u 20.923 0.113
53286.401419 z 20.022 0.124
53286.402252 g 20.681 0.031
53288.357412 r 20.476 0.032
53288.358245 i 20.175 0.037
53288.359079 u 20.796 0.083
53288.359912 z 19.948 0.114
53288.360745 g 20.658 0.026
#53294.405082 r -99.000 0.039
#53294.405915 i -99.000 0.093
53294.406749 u 21.082 0.178
53294.407582 z 20.062 0.208
#53294.408415 g -99.000 0.049
53296.352100 r 20.610 0.042
53296.352934 i 20.210 0.043
53296.353767 u 21.078 0.109
53296.354600 z 20.112 0.137
#53296.355434 g -99.000 0.032
53298.401859 r 20.535 0.040
53298.402692 i 20.109 0.044
53298.403526 u 20.887 0.090
53298.404359 z 20.257 0.175
53298.405192 g 20.655 0.038
53302.353080 r 20.480 0.048
53302.353913 i 20.100 0.045
53302.354747 u 20.965 0.141
53302.355580 z 20.246 0.154
53302.356413 g 20.623 0.048
53312.308687 r 20.556 0.054
53312.309521 i 20.066 0.052
53312.310354 u 21.115 0.199
53312.311187 z 19.837 0.128
53312.312021 g 20.692 0.052
53314.309811 r 20.610 0.052
53314.310644 i 20.137 0.045
53314.311478 u 20.982 0.127
53314.312311 z 19.933 0.132
53314.313144 g 20.627 0.035
53319.297606 r 20.677 0.059
53319.298439 i 20.196 0.051
53319.299273 u 21.357 0.167
53319.300106 z 20.027 0.146
53319.300939 g 20.735 0.037
53616.414164 r 20.327 0.035
53616.414997 i 19.976 0.042
53616.415831 u 20.905 0.137
53616.416664 z 20.173 0.166
53616.417497 g 20.481 0.028
53628.375456 r 20.353 0.044
53628.376289 i 20.120 0.050
53628.377123 u 20.822 0.147
53628.377956 z 20.166 0.161
53628.378789 g 20.585 0.051
53639.422451 r 20.391 0.031
53639.423284 i 20.075 0.034
53639.424118 u 20.911 0.107
53639.424951 z 20.120 0.111
53639.425784 g 20.520 0.030
53641.421617 r 20.430 0.033
53641.422450 i 20.082 0.036
53641.423284 u 20.762 0.099
53641.424117 z 19.933 0.104
53641.424950 g 20.518 0.029
53657.380503 r 20.417 0.069
53657.381336 i 20.075 0.065
53657.382170 u 20.797 0.204
53657.383003 z 20.173 0.206
53657.383836 g 20.404 0.061
53666.435135 r 20.513 0.057
53666.435968 i 20.111 0.050
53666.436802 u 21.023 0.238
53666.437635 z 19.918 0.119
53666.438468 g 20.529 0.046
53668.354650 r 20.416 0.043
53668.355483 i 20.035 0.044
53668.356317 u 20.763 0.130
53668.357150 z 19.865 0.124
53668.357983 g 20.442 0.035
53669.442264 r 20.291 0.046
53669.443097 i 19.949 0.045
53669.443931 u 20.713 0.188
53669.444764 z 19.907 0.143
53669.445597 g 20.485 0.043
53670.359502 r 20.401 0.039
53670.360335 i 20.030 0.043
53670.361169 u 20.847 0.121
53670.362002 z 19.789 0.109
53670.362835 g 20.540 0.032
53673.327490 r 20.367 0.028
53673.328323 i 20.035 0.030
53673.329157 u 20.941 0.089
53673.329990 z 19.938 0.088
53673.330823 g 20.513 0.022
53675.324377 r 20.407 0.034
53675.325210 i 20.076 0.039
53675.326044 u 20.868 0.092
53675.326877 z 19.787 0.097
53675.327710 g 20.477 0.023
53677.345406 r 20.368 0.031
53677.346239 i 20.104 0.034
53677.347073 u 20.881 0.093
53677.347906 z 19.929 0.085
53677.348739 g 20.510 0.023
53680.332074 r 20.336 0.032
53680.332907 i 20.060 0.037
53680.333741 u 21.108 0.114
53680.334574 z 20.101 0.124
53680.335407 g 20.476 0.023
53683.390627 r 20.465 0.038
53683.391460 i 20.016 0.044
53683.392294 u 20.972 0.127
53683.393127 z 19.834 0.131
53683.393960 g 20.500 0.025
53686.331507 r 20.384 0.068
53686.332340 i 19.997 0.060
53686.333174 u 20.632 0.196
53686.334007 z 20.071 0.150
53686.334840 g 20.375 0.066
53693.333964 r 20.212 0.073
53693.334797 i 20.053 0.069
53693.335631 u 20.585 0.260
53693.336464 z 19.998 0.196
53693.337297 g 20.306 0.077
53699.354804 r 20.365 0.033
53699.355637 i 20.027 0.035
53699.356471 u 20.975 0.135
53699.357304 z 19.934 0.101
53699.358137 g 20.509 0.032
53704.317286 r 20.347 0.034
53704.318119 i 19.992 0.039
53704.318953 u 20.860 0.119
53704.319786 z 19.864 0.132
53704.320619 g 20.453 0.031
53995.452085 r 20.351 0.028
53995.452918 i 19.997 0.031
53995.453751 u 20.794 0.069
53995.454585 z 19.787 0.070
53995.455418 g 20.504 0.023
53997.436912 r 20.346 0.029
53997.437746 i 20.117 0.032
53997.438579 u 20.735 0.066
53997.439412 z 20.008 0.087
53997.440246 g 20.450 0.027
54000.388781 r 20.344 0.031
54000.389615 i 19.988 0.037
54000.390448 u 20.823 0.101
54000.391281 z 20.014 0.124
54000.392115 g 20.472 0.038
54007.438917 r 20.320 0.038
54007.439750 i 19.968 0.036
54007.440583 u 20.766 0.085
54007.441417 z 19.880 0.127
54007.442250 g 20.532 0.028
54009.362698 r 20.415 0.025
54009.363531 i 20.022 0.028
54009.364364 u 20.754 0.064
54009.365198 z 20.025 0.091
54009.366031 g 20.475 0.023
54011.427177 r 20.281 0.025
54011.428010 i 19.921 0.028
54011.428843 u 20.734 0.063
54011.429677 z 19.940 0.080
54011.430510 g 20.478 0.026
54012.439976 r 20.298 0.030
54012.440809 i 19.993 0.037
54012.441643 u 21.088 0.114
54012.442476 z 19.891 0.094
54012.443309 g 20.455 0.025
54025.426178 r 20.360 0.034
54025.427011 i 20.013 0.037
54025.427844 u 20.701 0.102
54025.428678 z 20.015 0.120
54025.429511 g 20.472 0.026
54346.419945 r 20.296 0.060
54346.420778 i 19.933 0.045
54346.421612 u 20.848 0.161
54346.422445 z 19.809 0.089
54346.423278 g 20.322 0.042
54348.423937 r 20.131 0.032
54348.424771 i 19.978 0.041
54348.425604 u 20.645 0.093
54348.426437 z 19.951 0.106
54348.427271 g 20.329 0.038
54358.379785 r 20.186 0.041
54358.380618 i 19.951 0.036
54358.381451 u 20.753 0.088
54358.382285 z 19.871 0.101
54358.383118 g 20.268 0.028
54365.412812 r 20.199 0.024
54365.413646 i 19.987 0.029
54365.414479 u 20.610 0.063
54365.415312 z 19.784 0.081
54365.416146 g 20.323 0.022
54381.432385 r 20.241 0.024
54381.433218 i 20.038 0.030
54381.434051 u 20.837 0.078
54381.434885 z 19.831 0.071
54381.435718 g 20.374 0.027
54384.439035 r 20.231 0.031
54384.439868 i 19.884 0.033
54384.440702 u 20.606 0.078
54384.441535 z 19.826 0.083
54384.442368 g 20.354 0.025
54386.424716 r 20.257 0.031
54386.425549 i 20.041 0.034
54386.426383 u 20.677 0.087
54386.427216 z 19.921 0.084
54386.428049 g 20.319 0.024
54388.428945 r 20.320 0.030
54388.429778 i 19.923 0.031
54388.430611 u 20.704 0.084
54388.431445 z 19.768 0.073
54388.432278 g 20.377 0.024
54392.426513 r 20.172 0.028
54392.427346 i 19.913 0.034
54392.428179 u 20.568 0.094
54392.429013 z 20.121 0.137
54392.429846 g 20.455 0.043
54403.342917 r 20.120 0.102
54403.343750 i 19.807 0.157
#54403.344584 u -99.000 0.191
54403.345417 z 19.657 0.142
54403.346250 g 20.368 0.047
54406.336604 r 20.252 0.029
54406.337438 i 19.916 0.030
54406.338271 u 20.592 0.072
54406.339104 z 20.013 0.087
54406.339938 g 20.396 0.032
54412.362362 r 20.232 0.029
54412.363195 i 19.851 0.032
54412.364029 u 20.580 0.077
54412.364862 z 19.991 0.098
54412.365695 g 20.343 0.027
