51467.303985 r 19.889 0.032
51467.304818 i 19.879 0.045
51467.305652 u 20.535 0.121
51467.306485 z 19.439 0.108
51467.307318 g 19.874 0.024
51819.279992 r 20.044 0.025
51819.280825 i 19.886 0.034
51819.281659 u 20.811 0.092
51819.282492 z 19.766 0.098
51819.283325 g 20.026 0.020
52172.295552 r 20.189 0.026
52172.296385 i 20.065 0.035
52172.297219 u 20.888 0.086
52172.298052 z 19.652 0.078
52172.298885 g 20.165 0.021
52172.345736 r 20.218 0.027
52172.346569 i 20.094 0.037
52172.347403 u 20.901 0.101
52172.348236 z 19.735 0.089
52172.349069 g 20.131 0.021
52558.245251 r 20.247 0.029
52558.246084 i 20.154 0.037
52558.246918 u 20.899 0.088
52558.247751 z 19.798 0.084
52558.248584 g 20.266 0.021
52577.132745 r 20.157 0.032
52577.133578 i 20.157 0.055
52577.134412 u 20.925 0.104
52577.135245 z 19.989 0.181
52577.136078 g 20.203 0.022
52586.136223 r 20.256 0.031
52586.137056 i 20.157 0.042
52586.137890 u 21.126 0.090
52586.138723 z 19.735 0.089
52586.139556 g 20.242 0.020
52931.146907 r 20.269 0.025
52931.147740 i 20.176 0.035
52931.148574 u 21.050 0.085
52931.149407 z 19.634 0.072
52931.150240 g 20.184 0.020
52935.143871 r 20.226 0.026
52935.144704 i 20.145 0.037
52935.145538 u 21.132 0.095
52935.146371 z 19.784 0.089
52935.147204 g 20.201 0.020
53313.137072 r 20.130 0.033
53313.137905 i 19.979 0.052
53313.138739 u 20.769 0.103
53313.139572 z 19.622 0.110
53313.140405 g 20.150 0.026
53622.246317 r 20.136 0.034
53622.247150 i 20.050 0.050
53622.247984 u 20.832 0.117
53622.248817 z 19.749 0.112
53622.249650 g 20.140 0.026
53625.242281 r 20.175 0.026
53625.243114 i 20.343 0.062
53625.243948 u 20.838 0.074
53625.244781 z 19.837 0.075
53625.245614 g 20.156 0.021
53634.195786 r 20.104 0.075
53634.196619 i 20.139 0.105
53634.197453 u 20.723 0.317
53634.198286 z 19.846 0.203
53634.199119 g 19.931 0.071
53636.201318 r 20.163 0.029
53636.202151 i 20.083 0.037
53636.202985 u 20.751 0.093
53636.203818 z 19.833 0.092
53636.204651 g 20.117 0.028
53655.173324 r 20.218 0.050
53655.174157 i 20.101 0.057
53655.174991 u 20.577 0.155
53655.175824 z 19.827 0.132
53655.176657 g 20.130 0.049
53664.198281 r 20.191 0.044
53664.199114 i 20.052 0.056
53664.199948 u 21.030 0.250
53664.200781 z 19.905 0.151
53664.201614 g 20.156 0.044
53666.161884 r 20.163 0.025
53666.162717 i 20.085 0.037
53666.163551 u 20.943 0.082
53666.164384 z 19.639 0.081
53666.165217 g 20.175 0.019
53669.157522 r 20.241 0.026
53669.158355 i 20.060 0.036
53669.159189 u 20.883 0.075
53669.160022 z 19.725 0.077
53669.160855 g 20.181 0.018
53671.242310 r 20.044 0.042
53671.243143 i 19.955 0.063
53671.243977 u 20.718 0.186
#53671.244810 z -99.000 0.149
53671.245643 g 20.113 0.036
53674.141757 r 20.204 0.028
53674.142590 i 20.173 0.038
53674.143424 u 20.910 0.085
53674.144257 z 19.670 0.075
53674.145090 g 20.144 0.019
53676.231251 r 20.133 0.023
53676.232084 i 20.061 0.031
53676.232918 u 20.818 0.081
53676.233751 z 19.689 0.062
53676.234584 g 20.158 0.019
53679.203135 r 20.146 0.033
53679.203968 i 20.052 0.046
53679.204802 u 20.756 0.114
53679.205635 z 19.756 0.113
53679.206468 g 20.159 0.024
53681.194647 r 20.161 0.026
53681.195480 i 20.015 0.032
53681.196314 u 20.814 0.085
53681.197147 z 19.668 0.066
53681.197980 g 20.137 0.021
53685.153693 r 20.143 0.057
53685.154526 i 20.094 0.074
53685.155360 u 20.739 0.190
53685.156193 z 19.640 0.094
53685.157026 g 20.098 0.057
53687.192039 r 20.173 0.056
53687.192872 i 20.007 0.052
53687.193706 u 20.801 0.259
53687.194539 z 19.707 0.085
53687.195372 g 20.113 0.060
53694.167581 r 20.114 0.080
53694.168414 i 20.181 0.120
53694.169248 u 20.982 0.427
53694.170081 z 19.729 0.211
53694.170914 g 19.979 0.078
53700.150631 r 20.136 0.027
53700.151464 i 20.014 0.036
53700.152298 u 20.739 0.081
53700.153131 z 19.642 0.077
53700.153964 g 20.169 0.021
53705.137301 r 20.117 0.029
53705.138134 i 20.015 0.040
53705.138968 u 20.752 0.093
53705.139801 z 19.790 0.093
53705.140634 g 20.125 0.022
53975.222314 r 20.050 0.023
53975.223147 i 19.914 0.047
53975.223980 u 20.893 0.119
53975.224814 z 19.644 0.101
53975.225647 g 20.034 0.024
53993.290100 r 20.043 0.025
53993.290933 i 19.976 0.033
53993.291766 u 20.877 0.092
53993.292600 z 19.754 0.075
53993.293433 g 20.058 0.026
53996.229026 r 20.070 0.021
53996.229860 i 19.993 0.028
53996.230693 u 20.723 0.070
53996.231526 z 19.663 0.065
53996.232360 g 20.095 0.020
53998.197651 r 20.058 0.020
53998.198484 i 19.946 0.025
53998.199318 u 20.566 0.061
53998.200151 z 19.771 0.067
53998.200984 g 20.109 0.022
54010.183169 r 20.055 0.025
54010.184002 i 20.004 0.030
54010.184836 u 20.829 0.097
54010.185669 z 19.626 0.059
54010.186502 g 20.102 0.028
54012.176002 r 20.119 0.044
54012.176836 i 19.980 0.046
54012.177669 u 20.684 0.152
54012.178502 z 19.833 0.095
54012.179336 g 20.103 0.048
54020.181965 r 20.093 0.025
54020.182798 i 19.994 0.038
54020.183632 u 20.629 0.073
54020.184465 z 19.740 0.083
54020.185298 g 20.073 0.022
#54022.231235 r -99.000 0.027
54022.232068 i 20.069 0.038
54022.232902 u 20.852 0.073
54022.233735 z 19.639 0.063
#54022.234568 g -99.000 0.019
54028.172323 r 20.107 0.028
54028.173156 i 19.966 0.041
54028.173990 u 20.779 0.086
54028.174823 z 19.595 0.083
54028.175656 g 20.055 0.021
54030.175522 r 20.110 0.022
54030.176355 i 19.968 0.028
54030.177188 u 20.812 0.068
54030.178022 z 19.749 0.066
54030.178855 g 20.064 0.019
54037.156756 r 20.083 0.028
54037.157589 i 20.081 0.038
54037.158423 u 20.672 0.085
54037.159256 z 19.667 0.082
54037.160089 g 20.059 0.027
54040.171246 r 20.110 0.057
54040.172079 i 19.997 0.059
54040.172912 u 20.810 0.191
54040.173746 z 19.669 0.094
54040.174579 g 20.000 0.045
#54050.155872 r -99.000 0.036
54050.156705 i 19.962 0.049
54050.157538 u 20.796 0.103
54050.158372 z 19.698 0.112
54050.159205 g 20.078 0.028
54053.162036 r 20.049 0.028
54053.162870 i 20.022 0.044
54053.163703 u 20.812 0.114
54053.164536 z 19.541 0.086
54053.165370 g 20.120 0.023
54056.163697 r 20.119 0.041
54056.164531 i 19.975 0.089
54056.165364 u 20.669 0.110
54056.166197 z 19.546 0.104
54056.167031 g 20.048 0.033
54057.132382 r 20.123 0.026
54057.133215 i 20.017 0.036
54057.134048 u 20.836 0.071
54057.134882 z 19.672 0.071
54057.135715 g 20.097 0.022
54059.158001 r 20.144 0.033
54059.158835 i 20.024 0.038
54059.159668 u 20.888 0.097
54059.160501 z 19.828 0.084
54059.161335 g 20.131 0.026
54061.169037 r 20.180 0.036
54061.169870 i 19.985 0.043
54061.170704 u 20.939 0.101
54061.171537 z 19.721 0.098
54061.172370 g 20.079 0.025
54062.162892 r 20.077 0.032
54062.163725 i 20.034 0.049
54062.164559 u 20.739 0.105
54062.165392 z 19.631 0.095
54062.166225 g 20.098 0.029
54068.152861 r 20.095 0.076
54068.153695 i 19.991 0.081
#54068.154528 u 20.955 7.021
54068.155361 z 19.451 0.116
54068.156195 g 20.040 0.075
54357.201179 r 19.958 0.023
54357.202013 i 19.876 0.029
54357.202846 u 20.478 0.064
54357.203679 z 19.580 0.068
54357.204513 g 19.907 0.023
54365.199043 r 19.951 0.038
54365.199876 i 19.975 0.050
54365.200709 u 20.906 0.172
54365.201543 z 19.653 0.100
54365.202376 g 20.001 0.038
54385.249022 r 19.934 0.026
54385.249855 i 19.905 0.033
54385.250688 u 20.567 0.073
54385.251522 z 19.626 0.074
54385.252355 g 19.919 0.024
54387.249506 r 19.919 0.027
54387.250339 i 19.988 0.038
54387.251172 u 20.652 0.090
54387.252006 z 19.580 0.077
54387.252839 g 19.940 0.023
54392.244229 r 20.000 0.029
54392.245062 i 19.867 0.036
54392.245896 u 20.419 0.088
54392.246729 z 19.577 0.079
54392.247562 g 19.984 0.025
54402.242697 r 19.897 0.041
54402.243530 i 19.904 0.047
54402.244363 u 20.384 0.173
54402.245197 z 19.635 0.089
54402.246030 g 20.023 0.053
