51081.356651 r 18.950 0.012
51081.357484 i 18.889 0.015
51081.358318 u 19.189 0.025
51081.359151 z 18.806 0.042
51081.359984 g 18.886 0.010
51819.427775 r 19.418 0.015
51819.428608 i 19.238 0.018
51819.429442 u 19.702 0.040
51819.430275 z 19.053 0.055
51819.431108 g 19.321 0.015
52225.252463 r 19.724 0.018
52225.253296 i 19.549 0.023
52225.254130 u 20.076 0.043
52225.254963 z 19.374 0.062
52225.255796 g 19.623 0.015
52288.086885 r 19.706 0.020
52288.087718 i 19.553 0.023
52288.088552 u 20.028 0.042
52288.089385 z 19.401 0.058
52288.090218 g 19.658 0.016
52551.360178 r 19.296 0.015
52551.361011 i 19.118 0.018
52551.361845 u 19.446 0.031
52551.362678 z 19.019 0.051
52551.363511 g 19.161 0.012
52558.393053 r 19.262 0.013
52558.393886 i 19.119 0.015
52558.394720 u 19.457 0.028
52558.395553 z 19.032 0.040
52558.396386 g 19.169 0.011
52576.226103 r 19.186 0.013
52576.226936 i 19.075 0.016
52576.227770 u 19.313 0.026
52576.228603 z 18.981 0.041
52576.229436 g 19.042 0.010
52577.280559 r 19.179 0.013
52577.281392 i 19.059 0.016
52577.282226 u 19.326 0.026
52577.283059 z 19.028 0.047
52577.283892 g 19.061 0.010
52585.227635 r 19.166 0.015
52585.228468 i 19.045 0.021
52585.229302 u 19.303 0.027
#52585.230135 z -99.000 0.059
#52585.230968 g -99.000 0.010
52910.364514 r 19.191 0.013
52910.365347 i 19.027 0.016
52910.366181 u 19.399 0.031
52910.367014 z 18.917 0.042
52910.367847 g 19.089 0.011
52935.291683 r 19.222 0.015
52935.292516 i 19.063 0.018
52935.293350 u 19.513 0.032
52935.294183 z 18.891 0.051
52935.295016 g 19.120 0.011
52963.214758 r 19.279 0.013
52963.215591 i 19.122 0.015
52963.216425 u 19.580 0.030
52963.217258 z 19.053 0.038
52963.218091 g 19.186 0.011
52971.205673 r 19.334 0.014
52971.206506 i 19.118 0.017
52971.207340 u 19.608 0.033
52971.208173 z 19.022 0.044
52971.209006 g 19.208 0.012
53351.137062 r 19.087 0.012
53351.137895 i 18.971 0.016
53351.138729 u 19.268 0.026
53351.139562 z 18.915 0.044
53351.140395 g 18.947 0.010
53622.394116 r 19.207 0.014
53622.394949 i 19.048 0.017
53622.395783 u 19.422 0.033
53622.396616 z 18.988 0.057
#53622.397449 g -99.000 0.013
53634.343588 r 19.259 0.037
#53634.344421 i -99.000 0.038
53634.345255 u 19.528 0.100
#53634.346088 z -99.000 0.082
53634.346921 g 19.052 0.031
53638.384923 r 19.204 0.014
53638.385756 i 19.062 0.016
53638.386590 u 19.419 0.035
53638.387423 z 18.947 0.046
53638.388256 g 19.130 0.013
53640.348959 r 19.193 0.014
53640.349792 i 19.076 0.016
53640.350626 u 19.427 0.033
53640.351459 z 19.050 0.046
53640.352292 g 19.117 0.012
53646.410370 r 19.181 0.015
#53646.411203 i -99.000 0.525
#53646.412037 u -99.000 0.050
53646.412870 z 19.138 0.087
53646.413703 g 19.199 0.016
53655.321131 r 19.273 0.015
53655.321964 i 19.091 0.018
53655.322798 u 19.592 0.035
53655.323631 z 19.079 0.058
53655.324464 g 19.178 0.012
53664.346088 r 19.384 0.054
53664.346921 i 19.104 0.046
53664.347755 u 19.437 0.086
#53664.348588 z -99.000 0.107
53664.349421 g 19.196 0.033
53665.410727 r 19.340 0.020
53665.411560 i 19.135 0.020
53665.412394 u 19.644 0.070
53665.413227 z 19.028 0.058
53665.414060 g 19.222 0.020
53669.305332 r 19.321 0.014
53669.306165 i 19.166 0.017
53669.306999 u 19.607 0.032
53669.307832 z 19.046 0.043
53669.308665 g 19.251 0.012
53671.390093 r 19.327 0.018
53671.390926 i 19.169 0.020
53671.391760 u 19.598 0.049
53671.392593 z 19.135 0.063
53671.393426 g 19.245 0.015
53674.289569 r 19.306 0.017
53674.290402 i 19.158 0.021
53674.291236 u 19.623 0.042
53674.292069 z 18.938 0.054
53674.292902 g 19.236 0.014
53676.379036 r 19.313 0.016
53676.379869 i 19.108 0.018
53676.380703 u 19.801 0.051
53676.381536 z 19.049 0.058
#53676.382369 g -99.000 0.015
53679.350932 r 19.324 0.018
53679.351765 i 19.161 0.023
53679.352599 u 19.609 0.044
53679.353432 z 19.001 0.060
53679.354265 g 19.303 0.015
53681.342446 r 19.319 0.017
53681.343279 i 19.173 0.019
53681.344113 u 19.613 0.039
53681.344946 z 18.937 0.043
53681.345779 g 19.286 0.013
53684.303938 r 19.395 0.024
53684.304771 i 19.201 0.024
53684.305605 u 19.676 0.046
53684.306438 z 19.071 0.057
53684.307271 g 19.348 0.016
53685.301501 r 19.370 0.020
53685.302334 i 19.196 0.021
53685.303168 u 19.615 0.051
53685.304001 z 18.954 0.045
53685.304834 g 19.273 0.020
53694.315384 r 19.386 0.035
53694.316217 i 19.102 0.031
#53694.317051 u -99.000 0.174
53694.317884 z 19.108 0.096
53694.318717 g 19.170 0.035
53697.299469 r 19.290 0.016
53697.300302 i 19.109 0.017
53697.301136 u 19.514 0.042
53697.301969 z 19.000 0.047
53697.302802 g 19.240 0.015
53700.298427 r 19.293 0.018
53700.299260 i 19.143 0.023
53700.300094 u 19.513 0.043
53700.300927 z 19.144 0.080
53700.301760 g 19.206 0.015
53705.285097 r 19.254 0.014
53705.285930 i 19.150 0.018
53705.286764 u 19.496 0.035
53705.287597 z 19.126 0.053
53705.288430 g 19.190 0.014
53975.370104 r 19.192 0.018
53975.370938 i 19.066 0.021
53975.371771 u 19.476 0.028
53975.372604 z 18.943 0.039
53975.373438 g 19.144 0.016
53990.382948 r 19.278 0.026
53990.383781 i 19.062 0.022
53990.384615 u 19.500 0.055
53990.385448 z 18.927 0.051
53990.386281 g 19.169 0.035
53993.382219 r 19.247 0.017
53993.383052 i 19.090 0.018
#53993.383886 u -99.000 0.081
#53993.384719 z -99.000 0.130
#53993.385552 g -99.000 0.025
53994.393102 r 19.249 0.018
53994.393935 i 19.082 0.018
53994.394768 u 19.581 0.035
53994.395602 z 18.932 0.043
53994.396435 g 19.204 0.018
53996.376826 r 19.264 0.020
53996.377660 i 19.085 0.024
53996.378493 u 19.572 0.037
53996.379326 z 18.966 0.051
#53996.380160 g -99.000 0.017
54005.389998 r 19.267 0.017
54005.390832 i 19.101 0.023
54005.391665 u 19.552 0.032
54005.392498 z 18.973 0.036
54005.393332 g 19.262 0.020
54010.330956 r 19.285 0.020
54010.331789 i 19.101 0.020
54010.332622 u 19.644 0.035
54010.333456 z 18.996 0.036
54010.334289 g 19.221 0.021
54012.323807 r 19.217 0.020
54012.324640 i 19.093 0.023
54012.325473 u 19.617 0.054
54012.326307 z 18.949 0.050
54012.327140 g 19.226 0.023
54020.329798 r 19.244 0.024
54020.330631 i 19.042 0.020
54020.331465 u 19.599 0.047
54020.332298 z 18.986 0.054
54020.333131 g 19.219 0.023
54024.411384 r 19.250 0.026
54024.412217 i 19.076 0.031
54024.413051 u 19.529 0.054
54024.413884 z 18.893 0.077
54024.414717 g 19.213 0.030
54028.399666 r 19.229 0.021
54028.400499 i 19.074 0.019
54028.401332 u 19.418 0.073
54028.402166 z 18.990 0.066
54028.402999 g 19.197 0.022
54030.323390 r 19.223 0.017
54030.324224 i 19.064 0.029
54030.325057 u 19.490 0.035
54030.325890 z 18.978 0.044
54030.326724 g 19.143 0.028
54035.399076 r 19.230 0.024
54035.399909 i 19.091 0.024
54035.400742 u 19.541 0.069
54035.401576 z 18.968 0.088
54035.402409 g 19.171 0.019
54037.304595 r 19.229 0.016
54037.305428 i 19.075 0.022
54037.306262 u 19.577 0.029
54037.307095 z 18.985 0.037
54037.307928 g 19.204 0.028
54040.319119 r 19.233 0.019
54040.319953 i 19.088 0.024
54040.320786 u 19.628 0.048
54040.321619 z 19.039 0.052
54040.322453 g 19.175 0.025
54049.345494 r 19.270 0.025
54049.346327 i 19.089 0.025
54049.347160 u 19.475 0.064
54049.347994 z 18.915 0.057
54049.348827 g 19.175 0.022
54053.309875 r 19.259 0.027
54053.310708 i 19.068 0.024
54053.311541 u 19.530 0.041
54053.312375 z 19.015 0.053
54053.313208 g 19.201 0.027
54056.311512 r 19.269 0.029
54056.312345 i 19.106 0.022
54056.313178 u 19.506 0.038
54056.314012 z 18.950 0.054
54056.314845 g 19.172 0.030
54059.305812 r 19.260 0.027
54059.306646 i 19.106 0.023
54059.307479 u 19.529 0.039
54059.308312 z 18.964 0.053
54059.309146 g 19.164 0.021
54061.316974 r 19.255 0.021
54061.317807 i 19.073 0.023
54061.318640 u 19.558 0.058
54061.319474 z 18.860 0.078
54061.320307 g 19.225 0.067
54062.310691 r 19.264 0.019
54062.311524 i 19.084 0.021
54062.312358 u 19.591 0.034
54062.313191 z 19.043 0.048
54062.314024 g 19.212 0.026
54068.291256 r 19.255 0.022
54068.292090 i 19.125 0.028
54068.292923 u 19.613 0.050
54068.293756 z 18.909 0.055
54068.294590 g 19.243 0.030
54357.349004 r 19.263 0.022
54357.349837 i 19.117 0.020
54357.350671 u 19.540 0.028
54357.351504 z 19.007 0.040
54357.352337 g 19.182 0.018
54359.380696 r 19.263 0.019
54359.381530 i 19.084 0.035
54359.382363 u 19.603 0.036
54359.383196 z 19.009 0.059
54359.384030 g 19.222 0.018
54362.398782 r 19.279 0.024
54362.399615 i 19.119 0.018
54362.400448 u 19.616 0.032
54362.401282 z 18.936 0.042
54362.402115 g 19.199 0.017
54376.393871 r 19.299 0.019
54376.394704 i 19.147 0.026
54376.395538 u 19.552 0.035
54376.396371 z 19.053 0.049
54376.397204 g 19.276 0.013
54382.379051 r 19.278 0.019
54382.379884 i 19.109 0.032
54382.380718 u 19.550 0.042
54382.381551 z 18.989 0.068
54382.382384 g 19.252 0.030
54385.396834 r 19.305 0.025
54385.397667 i 19.162 0.019
#54385.398500 u -99.000 0.037
54385.399334 z 19.045 0.040
54385.400167 g 19.234 0.029
54390.389766 r 19.261 0.023
#54390.390600 i -99.000 0.025
54390.391433 u 19.622 0.041
54390.392266 z 19.105 0.081
54390.393100 g 19.235 0.016
54391.398122 r 19.265 0.032
54391.398956 i 19.072 0.030
54391.399789 u 19.659 0.052
54391.400622 z 18.984 0.096
54391.401456 g 19.263 0.029
54402.390543 r 19.301 0.026
54402.391377 i 19.155 0.027
54402.392210 u 19.419 0.085
54402.393043 z 19.162 0.060
54402.393877 g 19.266 0.034
