51467.299329 r 17.867 0.007
51467.300162 i 17.512 0.007
51467.300996 u 20.793 0.150
51467.301829 z 17.321 0.018
51467.302662 g 18.837 0.012
51819.275281 r 17.851 0.007
51819.276114 i 17.498 0.007
51819.276948 u 21.223 0.117
51819.277781 z 17.280 0.014
51819.278614 g 18.835 0.010
52172.290852 r 17.865 0.007
52172.291685 i 17.495 0.007
52172.292519 u 21.207 0.105
52172.293352 z 17.280 0.015
52172.294185 g 18.823 0.010
52172.341044 r 17.859 0.007
52172.341877 i 17.501 0.007
52172.342711 u 21.359 0.144
52172.343544 z 17.286 0.016
52172.344377 g 18.832 0.011
52558.240557 r 17.855 0.006
52558.241390 i 17.503 0.007
52558.242224 u 21.002 0.095
52558.243057 z 17.279 0.014
52558.243890 g 18.842 0.010
52577.128052 r 17.858 0.007
52577.128885 i 17.483 0.007
52577.129719 u 21.178 0.113
52577.130552 z 17.298 0.018
52577.131385 g 18.836 0.010
52586.131530 r 17.858 0.007
52586.132363 i 17.482 0.007
52586.133197 u 21.087 0.109
52586.134030 z 17.262 0.016
52586.134863 g 18.811 0.010
52931.142213 r 17.858 0.007
52931.143046 i 17.485 0.007
52931.143880 u 21.198 0.092
52931.144713 z 17.284 0.013
52931.145546 g 18.835 0.009
52935.139176 r 17.856 0.007
52935.140009 i 17.480 0.007
52935.140843 u 21.136 0.102
52935.141676 z 17.314 0.014
52935.142509 g 18.830 0.009
53313.132377 r 17.841 0.007
53313.133210 i 17.471 0.007
53313.134044 u 21.040 0.109
53313.134877 z 17.332 0.016
53313.135710 g 18.822 0.010
53622.241621 r 17.852 0.007
53622.242454 i 17.502 0.007
53622.243288 u 20.770 0.120
53622.244121 z 17.297 0.019
53622.244954 g 18.819 0.012
53625.237586 r 17.859 0.007
53625.238419 i 17.480 0.007
53625.239253 u 21.054 0.095
53625.240086 z 17.278 0.013
53625.240919 g 18.848 0.010
53634.191091 r 17.838 0.010
53634.191924 i 17.496 0.010
53634.192758 u 21.048 0.360
53634.193591 z 17.318 0.020
53634.194424 g 18.797 0.024
53636.196624 r 17.855 0.007
53636.197457 i 17.497 0.007
53636.198291 u 21.227 0.134
53636.199124 z 17.280 0.014
53636.199957 g 18.818 0.011
53655.168629 r 17.857 0.008
53655.169462 i 17.493 0.008
53655.170296 u 21.174 0.247
53655.171129 z 17.305 0.017
53655.171962 g 18.836 0.016
53664.193588 r 17.845 0.008
53664.194421 i 17.477 0.007
53664.195255 u 20.847 0.225
53664.196088 z 17.264 0.017
53664.196921 g 18.836 0.018
53666.157190 r 17.860 0.007
53666.158023 i 17.480 0.007
53666.158857 u 21.103 0.093
53666.159690 z 17.269 0.014
53666.160523 g 18.816 0.009
53669.152827 r 17.851 0.010
53669.153660 i 17.492 0.010
53669.154494 u 20.974 0.091
53669.155327 z 17.318 0.018
53669.156160 g 18.823 0.012
53671.237619 r 18.436 0.012
53671.238452 i 17.799 0.010
#53671.239286 u 23.801 2.119
53671.240119 z 17.507 0.024
53671.240952 g 19.365 0.018
53674.137063 r 17.838 0.007
53674.137896 i 17.494 0.007
53674.138730 u 21.058 0.093
53674.139563 z 17.283 0.013
53674.140396 g 18.810 0.009
53676.226560 r 17.852 0.007
53676.227393 i 17.499 0.008
53676.228227 u 20.971 0.094
53676.229060 z 17.293 0.013
53676.229893 g 18.832 0.010
53679.198442 r 17.857 0.007
53679.199275 i 17.501 0.007
53679.200109 u 21.105 0.161
53679.200942 z 17.291 0.016
53679.201775 g 18.845 0.012
53681.189954 r 17.855 0.007
53681.190787 i 17.484 0.007
53681.191621 u 21.030 0.107
53681.192454 z 17.277 0.014
53681.193287 g 18.836 0.010
53685.148999 r 17.869 0.009
53685.149832 i 17.496 0.008
53685.150666 u 21.470 0.398
53685.151499 z 17.266 0.015
53685.152332 g 18.836 0.020
53687.187346 r 17.855 0.009
53687.188179 i 17.492 0.008
53687.189013 u 20.741 0.269
53687.189846 z 17.302 0.015
53687.190679 g 18.815 0.020
53694.162889 r 17.847 0.011
53694.163722 i 17.476 0.010
53694.164556 u 21.192 0.424
#53694.165389 z -99.000 0.029
53694.166222 g 18.814 0.026
#53697.146977 r -99.000 0.060
#53697.147810 i -99.000 0.046
#53697.148644 u 21.531 1.263
#53697.149477 z -99.000 0.093
53697.150310 g 18.718 0.047
53700.145938 r 17.855 0.007
53700.146771 i 17.504 0.007
53700.147605 u 21.046 0.106
53700.148438 z 17.275 0.014
53700.149271 g 18.816 0.010
53705.132608 r 17.865 0.007
53705.133441 i 17.496 0.007
53705.134275 u 21.030 0.109
53705.135108 z 17.298 0.014
53705.135941 g 18.816 0.010
53975.217615 r 17.839 0.017
53975.218448 i 17.463 0.019
53975.219282 u 20.979 0.088
53975.220115 z 17.265 0.022
53975.220948 g 18.804 0.016
53993.285416 r 17.874 0.016
53993.286249 i 17.483 0.015
53993.287082 u 21.251 0.157
53993.287916 z 17.299 0.023
53993.288749 g 18.818 0.018
53996.224352 r 17.852 0.013
53996.225186 i 17.490 0.014
53996.226019 u 21.210 0.095
53996.226852 z 17.286 0.025
53996.227686 g 18.839 0.017
53998.192960 r 17.856 0.014
53998.193794 i 17.488 0.017
53998.194627 u 21.057 0.083
53998.195460 z 17.294 0.020
53998.196294 g 18.837 0.018
54010.178441 r 17.788 0.018
54010.179274 i 17.497 0.014
54010.180107 u 21.294 0.150
54010.180941 z 17.303 0.021
54010.181774 g 18.833 0.024
54012.171297 r 17.852 0.015
54012.172130 i 17.474 0.018
54012.172964 u 21.308 0.281
54012.173797 z 17.295 0.023
54012.174630 g 18.843 0.027
54020.177260 r 17.841 0.012
54020.178093 i 17.505 0.013
54020.178927 u 21.118 0.101
54020.179760 z 17.266 0.018
54020.180593 g 18.827 0.016
54022.226577 r 17.835 0.015
54022.227410 i 17.488 0.015
54022.228244 u 21.154 0.135
54022.229077 z 17.276 0.027
54022.229910 g 18.839 0.018
54028.167670 r 17.864 0.014
54028.168503 i 17.497 0.016
54028.169337 u 21.140 0.141
54028.170170 z 17.301 0.019
54028.171003 g 18.841 0.023
54030.170822 r 17.868 0.013
54030.171655 i 17.499 0.018
54030.172489 u 20.965 0.080
54030.173322 z 17.303 0.019
54030.174155 g 18.838 0.024
#54032.160078 r -99.000 0.102
#54032.160911 i -99.000 0.028
54032.161745 u 20.747 0.295
54032.162578 z 17.341 0.046
54032.163411 g 18.808 0.025
#54035.246633 r -99.000 0.019
#54035.247466 i -99.000 0.078
54035.248300 u 21.830 0.397
54035.249133 z 17.312 0.021
54035.249966 g 18.820 0.035
54037.152057 r 17.862 0.013
54037.152891 i 17.472 0.015
#54037.153724 u -99.000 0.146
54037.154557 z 17.317 0.019
54037.155391 g 18.818 0.020
54040.166636 r 17.847 0.012
54040.167470 i 17.476 0.014
54040.168303 u 21.253 0.291
54040.169136 z 17.296 0.021
54040.169970 g 18.824 0.024
54050.151169 r 17.857 0.014
54050.152002 i 17.490 0.015
54050.152835 u 20.998 0.122
54050.153669 z 17.301 0.023
54050.154502 g 18.834 0.020
54053.157328 r 17.862 0.012
54053.158161 i 17.472 0.013
54053.158994 u 21.296 0.138
54053.159828 z 17.321 0.026
54053.160661 g 18.810 0.024
#54056.159020 r -99.000 0.039
54056.159853 i 17.863 0.051
#54056.160687 u 21.731 1.299
54056.161520 z 17.881 0.079
54056.162353 g 19.305 0.033
54057.127658 r 17.862 0.015
54057.128491 i 17.465 0.018
54057.129324 u 21.137 0.110
54057.130158 z 17.306 0.018
54057.130991 g 18.827 0.024
54059.153315 r 17.854 0.015
54059.154148 i 17.464 0.018
54059.154982 u 21.149 0.134
54059.155815 z 17.290 0.026
54059.156648 g 18.825 0.021
54061.164339 r 17.839 0.015
54061.165173 i 17.450 0.020
#54061.166006 u -99.000 0.123
54061.166839 z 17.298 0.025
54061.167673 g 18.838 0.023
54062.158195 r 17.822 0.016
54062.159028 i 17.482 0.017
54062.159861 u 21.828 0.282
54062.160695 z 17.341 0.024
54062.161528 g 18.808 0.017
54068.148156 r 17.860 0.015
#54068.148990 i -99.000 0.043
54068.149823 u 20.964 0.298
54068.150656 z 17.262 0.026
54068.151490 g 18.821 0.035
54357.196497 r 17.854 0.019
54357.197331 i 17.491 0.015
54357.198164 u 21.123 0.099
54357.198997 z 17.293 0.025
54357.199831 g 18.852 0.017
54365.194365 r 17.843 0.015
54365.195199 i 17.491 0.012
54365.196032 u 21.084 0.258
54365.196865 z 17.276 0.023
54365.197699 g 18.815 0.036
54385.244317 r 17.864 0.018
54385.245150 i 17.486 0.017
54385.245983 u 21.081 0.112
54385.246817 z 17.241 0.032
54385.247650 g 18.788 0.020
54387.244805 r 17.845 0.015
54387.245639 i 17.479 0.015
54387.246472 u 21.244 0.157
54387.247305 z 17.267 0.024
54387.248139 g 18.827 0.016
54392.239578 r 17.869 0.017
54392.240412 i 17.474 0.017
54392.241245 u 21.594 0.243
54392.242078 z 17.308 0.022
54392.242912 g 18.837 0.016
54402.237997 r 17.842 0.014
54402.238831 i 17.497 0.015
54402.239664 u 21.631 0.552
54402.240497 z 17.304 0.022
54402.241331 g 18.817 0.025
