52170.389621 r 19.738 0.018
52170.390454 i 19.657 0.026
52170.391288 u 20.024 0.042
52170.392121 z 19.387 0.070
52170.392954 g 19.800 0.018
52196.388135 r 19.755 0.021
52196.388968 i 19.638 0.027
52196.389802 u 20.018 0.051
52196.390635 z 19.408 0.087
52196.391468 g 19.776 0.018
52207.354939 r 19.793 0.020
52207.355772 i 19.756 0.026
52207.356606 u 20.039 0.045
52207.357439 z 19.357 0.067
52207.358272 g 19.844 0.018
52224.283106 r 19.806 0.018
52224.283939 i 19.788 0.024
52224.284773 u 20.084 0.046
52224.285606 z 19.540 0.067
52224.286439 g 19.863 0.017
52231.268533 r 19.779 0.019
52231.269366 i 19.699 0.025
52231.270200 u 20.087 0.047
52231.271033 z 19.368 0.068
52231.271866 g 19.848 0.018
52234.239622 r 19.775 0.019
52234.240455 i 19.673 0.023
52234.241289 u 20.090 0.044
52234.242122 z 19.440 0.057
52234.242955 g 19.835 0.017
52261.202978 r 19.785 0.019
52261.203811 i 19.687 0.027
52261.204645 u 20.078 0.048
52261.205478 z 19.423 0.066
52261.206311 g 19.827 0.018
52282.129606 r 19.768 0.024
52282.130439 i 19.613 0.029
52282.131273 u 20.145 0.053
52282.132106 z 19.492 0.086
52282.132939 g 19.876 0.022
52287.083469 r 19.832 0.022
52287.084302 i 19.789 0.028
52287.085136 u 20.182 0.048
52287.085969 z 19.542 0.074
52287.086802 g 19.926 0.020
52552.402171 r 19.886 0.021
52552.403004 i 19.825 0.029
52552.403838 u 20.346 0.053
52552.404671 z 19.499 0.074
52552.405504 g 19.959 0.020
52557.376531 r 19.851 0.022
52557.377364 i 19.789 0.029
52557.378198 u 20.220 0.053
52557.379031 z 19.428 0.083
52557.379864 g 19.937 0.021
52908.351096 r 20.236 0.028
52908.351929 i 20.109 0.035
52908.352763 u 20.822 0.080
52908.353596 z 19.613 0.076
52908.354429 g 20.314 0.025
52912.330535 r 20.218 0.028
52912.331368 i 19.996 0.034
52912.332202 u 20.821 0.087
52912.333035 z 19.754 0.090
52912.333868 g 20.342 0.027
52934.283000 r 20.184 0.032
52934.283833 i 20.007 0.041
52934.284667 u 20.673 0.074
52934.285500 z 19.856 0.123
52934.286333 g 20.193 0.028
53272.392929 r 20.119 0.028
53272.393762 i 19.968 0.037
53272.394596 u 20.946 0.111
53272.395429 z 19.647 0.093
53272.396262 g 20.278 0.028
53286.361646 r 20.255 0.030
53286.362479 i 20.007 0.033
53286.363313 u 20.793 0.098
53286.364146 z 19.615 0.079
53286.364979 g 20.313 0.030
53294.367813 r 20.327 0.034
53294.368646 i 19.961 0.037
53294.369480 u 20.994 0.103
53294.370313 z 19.707 0.089
53294.371146 g 20.337 0.028
53312.271400 r 20.366 0.064
53312.272233 i 19.910 0.062
53312.273066 u 20.756 0.152
53312.273900 z 19.865 0.146
53312.274733 g 20.270 0.045
53314.272537 r 20.306 0.032
53314.273370 i 20.090 0.042
53314.274204 u 20.819 0.085
53314.275037 z 19.768 0.105
53314.275870 g 20.408 0.030
53319.260334 r 20.261 0.037
53319.261167 i 20.027 0.046
53319.262001 u 20.951 0.108
53319.262834 z 19.656 0.128
53319.263667 g 20.334 0.033
53616.376893 r 20.017 0.031
53616.377726 i 19.857 0.044
53616.378560 u 20.497 0.090
53616.379393 z 19.746 0.128
53616.380226 g 20.118 0.028
53626.353320 r 20.108 0.031
53626.354153 i 19.870 0.032
53626.354987 u 20.381 0.071
53626.355820 z 19.670 0.106
53626.356653 g 20.187 0.029
53628.338185 r 20.070 0.040
53628.339018 i 19.867 0.040
53628.339852 u 20.637 0.147
53628.340685 z 19.626 0.100
53628.341518 g 20.025 0.044
53637.339803 r 20.023 0.035
53637.340636 i 19.852 0.039
53637.341470 u 20.490 0.113
53637.342303 z 19.513 0.087
53637.343136 g 20.028 0.035
53639.385180 r 20.049 0.024
53639.386013 i 19.931 0.029
53639.386847 u 20.477 0.070
53639.387680 z 19.653 0.071
53639.388513 g 20.090 0.024
53657.343229 r 20.158 0.079
53657.344062 i 19.886 0.075
53657.344896 u 20.568 0.254
53657.345729 z 19.816 0.196
53657.346562 g 20.159 0.081
53666.397871 r 20.058 0.033
53666.398704 i 19.933 0.035
53666.399538 u 20.745 0.165
53666.400371 z 19.622 0.087
53666.401204 g 20.142 0.036
53668.317378 r 20.003 0.029
53668.318211 i 19.818 0.036
53668.319045 u 20.464 0.088
53668.319878 z 19.623 0.095
53668.320711 g 20.073 0.029
53669.405004 r 20.087 0.036
53669.405837 i 19.949 0.042
53669.406671 u 20.533 0.140
53669.407504 z 19.650 0.107
53669.408337 g 20.132 0.037
53670.322231 r 20.031 0.026
53670.323064 i 19.869 0.035
53670.323898 u 20.472 0.076
53670.324731 z 19.408 0.085
53670.325564 g 20.103 0.026
53673.290216 r 20.048 0.023
53673.291049 i 19.903 0.028
53673.291883 u 20.452 0.060
53673.292716 z 19.657 0.078
53673.293549 g 20.127 0.021
53675.287104 r 20.002 0.026
53675.287937 i 19.808 0.031
53675.288771 u 20.440 0.061
53675.289604 z 19.614 0.096
53675.290437 g 20.066 0.022
53686.294234 r 19.954 0.058
53686.295067 i 19.768 0.052
53686.295901 u 20.378 0.188
53686.296734 z 19.575 0.120
53686.297567 g 19.974 0.062
53693.296697 r 20.022 0.036
53693.297530 i 19.944 0.039
53693.298364 u 20.714 0.193
53693.299197 z 19.729 0.110
53693.300030 g 20.092 0.051
53704.280017 r 20.050 0.026
53704.280850 i 19.900 0.034
53704.281684 u 20.547 0.096
53704.282517 z 19.734 0.121
53704.283350 g 20.112 0.025
54000.351495 r 20.206 0.029
54000.352328 i 20.022 0.042
54000.353162 u 20.730 0.085
54000.353995 z 19.731 0.101
54000.354828 g 20.350 0.040
#54006.298483 r -99.000 0.091
#54006.299316 i -99.000 0.395
#54006.300150 u -99.000 7.638
#54006.300983 z -99.000 0.107
#54006.301816 g -99.000 0.057
54007.401650 r 20.306 0.030
54007.402484 i 20.097 0.046
54007.403317 u 20.791 0.098
54007.404150 z 19.653 0.105
54007.404984 g 20.377 0.037
54009.325411 r 20.301 0.042
54009.326245 i 20.093 0.039
54009.327078 u 20.834 0.070
54009.327911 z 19.828 0.072
54009.328745 g 20.428 0.028
54025.388923 r 20.437 0.038
54025.389756 i 20.157 0.047
54025.390589 u 21.089 0.120
54025.391423 z 19.933 0.121
54025.392256 g 20.531 0.036
54348.386638 r 20.266 0.032
54348.387472 i 20.033 0.037
54348.388305 u 20.716 0.087
54348.389138 z 19.684 0.081
54348.389972 g 20.328 0.031
54358.342469 r 20.173 0.046
54358.343302 i 19.961 0.041
54358.344135 u 20.723 0.090
54358.344969 z 19.465 0.099
54358.345802 g 20.263 0.040
54359.336520 r 20.004 0.091
54359.337354 i 20.036 0.093
54359.338187 u 20.600 0.141
54359.339020 z 20.187 0.282
54359.339854 g 20.231 0.043
54365.375556 r 20.201 0.035
54365.376389 i 19.981 0.031
54365.377223 u 20.713 0.069
54365.378056 z 19.779 0.080
54365.378889 g 20.281 0.034
54381.395105 r 20.106 0.038
54381.395939 i 20.001 0.035
54381.396772 u 20.725 0.082
54381.397605 z 19.567 0.080
54381.398439 g 20.218 0.033
54386.387418 r 20.246 0.034
54386.388251 i 20.045 0.040
54386.389084 u 20.634 0.081
54386.389918 z 19.672 0.079
54386.390751 g 20.293 0.033
54388.391708 r 20.141 0.028
54388.392542 i 19.967 0.031
54388.393375 u 20.646 0.075
54388.394208 z 19.617 0.068
54388.395042 g 20.258 0.029
54392.389283 r 20.172 0.037
54392.390116 i 19.956 0.043
54392.390950 u 20.742 0.122
54392.391783 z 19.377 0.083
54392.392616 g 20.231 0.033
54412.325081 r 20.272 0.035
54412.325914 i 19.994 0.041
54412.326748 u 20.760 0.107
54412.327581 z 19.774 0.109
54412.328414 g 20.283 0.034
