51464.218271 r 16.817 0.006
51464.219104 i 16.566 0.006
51464.219938 u 19.212 0.026
51464.220771 z 16.488 0.009
51464.221604 g 17.489 0.006
52197.243959 r 16.826 0.004
52197.244792 i 16.585 0.005
52197.245626 u 19.245 0.028
52197.246459 z 16.472 0.009
52197.247292 g 17.489 0.005
52231.129942 r 16.819 0.005
52231.130775 i 16.595 0.005
52231.131609 u 19.252 0.027
52231.132442 z 16.472 0.009
52231.133275 g 17.499 0.005
52557.237946 r 16.825 0.004
52557.238779 i 16.587 0.005
52557.239613 u 19.182 0.028
52557.240446 z 16.462 0.009
52557.241279 g 17.486 0.005
52578.134025 r 16.833 0.005
52578.134858 i 16.594 0.005
52578.135692 u 19.242 0.026
52578.136525 z 16.486 0.009
52578.137358 g 17.495 0.005
52929.164253 r 16.831 0.005
52929.165086 i 16.594 0.005
52929.165920 u 19.246 0.028
52929.166753 z 16.481 0.008
52929.167586 g 17.500 0.005
52934.144410 r 16.818 0.004
52934.145243 i 16.582 0.005
52934.146077 u 19.250 0.029
52934.146910 z 16.469 0.010
52934.147743 g 17.506 0.005
52936.140336 r 16.820 0.005
52936.141169 i 16.594 0.005
52936.142003 u 19.194 0.025
52936.142836 z 16.460 0.008
52936.143669 g 17.494 0.005
53270.204398 r 16.826 0.013
53270.205232 i 16.605 0.017
53270.206065 u 19.177 0.028
53270.206898 z 16.456 0.013
53270.207732 g 17.477 0.011
53272.254344 r 16.819 0.005
53272.255177 i 16.594 0.005
53272.256011 u 19.163 0.045
53272.256844 z 16.482 0.009
53272.257677 g 17.506 0.006
53286.223060 r 16.830 0.004
53286.223893 i 16.589 0.005
53286.224727 u 19.157 0.030
53286.225560 z 16.460 0.009
53286.226393 g 17.504 0.005
53288.181551 r 16.828 0.006
53288.182384 i 16.601 0.007
53288.183218 u 19.218 0.031
53288.184051 z 16.461 0.011
53288.184884 g 17.510 0.007
53294.208875 r 16.789 0.012
53294.209709 i 16.557 0.025
53294.210542 u 19.246 0.036
53294.211375 z 16.503 0.019
53294.212209 g 17.502 0.018
53302.177219 r 16.828 0.005
53302.178052 i 16.587 0.005
53302.178886 u 19.254 0.053
53302.179719 z 16.474 0.010
53302.180552 g 17.488 0.007
53312.132753 r 16.814 0.012
53312.133586 i 16.593 0.015
53312.134419 u 19.266 0.031
53312.135253 z 16.467 0.018
53312.136086 g 17.484 0.015
53314.133946 r 16.823 0.005
53314.134779 i 16.589 0.005
53314.135613 u 19.250 0.028
53314.136446 z 16.480 0.010
53314.137279 g 17.498 0.005
53616.238318 r 16.843 0.004
53616.239151 i 16.605 0.005
53616.239985 u 19.214 0.036
53616.240818 z 16.449 0.010
53616.241651 g 17.492 0.005
53623.228529 r 16.829 0.005
53623.229362 i 16.597 0.005
53623.230196 u 19.237 0.032
53623.231029 z 16.476 0.009
53623.231862 g 17.499 0.005
53628.199605 r 16.832 0.005
53628.200438 i 16.603 0.005
53628.201272 u 19.197 0.060
53628.202105 z 16.475 0.011
53628.202938 g 17.504 0.007
53637.201219 r 16.817 0.004
53637.202052 i 16.590 0.005
53637.202886 u 19.226 0.037
53637.203719 z 16.502 0.010
53637.204552 g 17.495 0.005
53644.193665 r 16.830 0.010
53644.194498 i 16.579 0.012
53644.195331 u 19.189 0.031
53644.196165 z 16.435 0.015
53644.196998 g 17.486 0.010
53654.228288 r 16.815 0.005
53654.229121 i 16.583 0.005
53654.229955 u 19.217 0.031
53654.230788 z 16.468 0.009
53654.231621 g 17.494 0.006
53656.175882 r 16.830 0.005
53656.176715 i 16.572 0.005
53656.177549 u 19.243 0.063
53656.178382 z 16.436 0.011
53656.179215 g 17.493 0.007
53663.189190 r 16.828 0.005
53663.190023 i 16.595 0.005
53663.190857 u 19.188 0.036
53663.191690 z 16.463 0.009
53663.192523 g 17.498 0.006
#53665.167161 r -99.000 0.080
#53665.167994 i -99.000 0.113
#53665.168828 u -99.000 0.397
53665.169661 z 16.171 0.206
#53665.170494 g -99.000 0.097
53668.178792 r 16.822 0.004
53668.179625 i 16.588 0.005
53668.180459 u 19.321 0.035
53668.181292 z 16.475 0.010
53668.182125 g 17.504 0.005
53670.183644 r 16.827 0.005
53670.184477 i 16.590 0.005
53670.185311 u 19.221 0.029
53670.186144 z 16.437 0.009
53670.186977 g 17.492 0.005
53673.151626 r 16.826 0.004
53673.152459 i 16.588 0.005
53673.153293 u 19.236 0.031
53673.154126 z 16.476 0.009
53673.154959 g 17.495 0.005
53675.148514 r 16.834 0.004
53675.149347 i 16.600 0.005
53675.150181 u 19.227 0.030
53675.151014 z 16.477 0.009
53675.151847 g 17.501 0.005
53677.169546 r 16.828 0.005
53677.170379 i 16.598 0.005
53677.171213 u 19.225 0.028
53677.172046 z 16.466 0.008
53677.172879 g 17.506 0.005
53680.156212 r 16.825 0.007
53680.157045 i 16.596 0.007
53680.157879 u 19.211 0.029
53680.158712 z 16.477 0.011
53680.159545 g 17.493 0.008
53686.222912 r 16.828 0.006
53686.223745 i 16.609 0.006
53686.224579 u 19.331 0.122
53686.225412 z 16.449 0.011
53686.226245 g 17.508 0.010
53693.158113 r 16.822 0.005
53693.158946 i 16.600 0.005
53693.159780 u 19.232 0.045
53693.160613 z 16.469 0.009
53693.161446 g 17.495 0.006
53702.153794 r 18.412 0.098
53702.154627 i 17.680 0.057
53702.155461 u 21.298 0.412
53702.156294 z 17.080 0.034
53702.157127 g 18.510 0.050
53702.153794 r 17.117 0.019
53702.154627 i 17.006 0.030
53702.155461 u 19.478 0.059
53702.156294 z 17.291 0.061
53702.157127 g 17.963 0.032
53704.141440 r 16.825 0.004
53704.142273 i 16.592 0.005
53704.143107 u 19.213 0.031
53704.143940 z 16.468 0.009
53704.144773 g 17.498 0.005
53989.237482 r 16.824 0.014
53989.238315 i 16.591 0.015
53989.239148 u 19.334 0.039
53989.239982 z 16.417 0.016
53989.240815 g 17.501 0.015
53995.226780 r 16.806 0.014
53995.227613 i 16.597 0.011
53995.228447 u 19.260 0.026
53995.229280 z 16.454 0.013
53995.230113 g 17.497 0.015
54000.212924 r 16.827 0.013
54000.213758 i 16.569 0.014
54000.214591 u 19.234 0.030
54000.215424 z 16.442 0.018
54000.216258 g 17.478 0.012
54007.189722 r 16.829 0.019
54007.190555 i 16.593 0.018
54007.191389 u 19.181 0.030
54007.192222 z 16.479 0.020
54007.193055 g 17.494 0.014
54007.263060 r 16.825 0.012
54007.263893 i 16.587 0.014
54007.264727 u 19.239 0.030
54007.265560 z 16.469 0.017
54007.266393 g 17.488 0.015
54009.186836 r 16.826 0.013
54009.187669 i 16.604 0.015
54009.188503 u 19.252 0.030
54009.189336 z 16.452 0.016
54009.190169 g 17.471 0.014
54011.251317 r 16.825 0.012
#54011.252150 i -99.000 0.011
54011.252983 u 19.179 0.035
#54011.253817 z -99.000 0.015
54011.254650 g 17.484 0.013
54019.201555 r 16.821 0.009
54019.202388 i 16.562 0.011
54019.203221 u 19.272 0.037
54019.204055 z 16.450 0.015
54019.204888 g 17.492 0.010
54025.250344 r 16.802 0.018
54025.251178 i 16.597 0.015
54025.252011 u 19.239 0.035
54025.252844 z 16.488 0.024
54025.253678 g 17.482 0.020
54029.180689 r 16.814 0.015
54029.181522 i 16.584 0.015
54029.182356 u 19.183 0.029
54029.183189 z 16.467 0.012
54029.184022 g 17.492 0.014
54051.157258 r 16.831 0.023
#54051.158092 i -99.000 0.048
#54051.158925 u -99.000 0.328
#54051.159758 z -99.000 0.550
54051.160592 g 17.799 0.185
54356.258852 r 16.823 0.017
54356.259686 i 16.598 0.013
54356.260519 u 19.216 0.034
54356.261352 z 16.459 0.015
54356.262186 g 17.491 0.015
54358.203904 r 16.838 0.013
54358.204737 i 16.612 0.019
54358.205570 u 19.261 0.037
54358.206404 z 16.506 0.021
54358.207237 g 17.497 0.018
54365.236953 r 16.841 0.014
54365.237787 i 16.606 0.017
54365.238620 u 19.166 0.031
54365.239453 z 16.464 0.013
54365.240287 g 17.495 0.013
54373.311187 r 16.831 0.012
54373.312021 i 16.587 0.015
54373.312854 u 19.176 0.059
54373.313687 z 16.457 0.017
54373.314521 g 17.527 0.022
54382.246092 r 16.841 0.014
54382.246926 i 16.580 0.016
54382.247759 u 19.166 0.041
54382.248592 z 16.485 0.016
54382.249426 g 17.503 0.014
54386.248832 r 16.817 0.018
54386.249666 i 16.619 0.024
54386.250499 u 19.201 0.029
54386.251332 z 16.442 0.016
54386.252166 g 17.499 0.013
54388.253101 r 16.829 0.012
54388.253935 i 16.596 0.015
54388.254768 u 19.197 0.036
54388.255601 z 16.476 0.014
54388.256435 g 17.494 0.013
54403.166899 r 16.814 0.010
54403.167733 i 16.593 0.014
54403.168566 u 19.257 0.036
54403.169399 z 16.465 0.019
54403.170233 g 17.473 0.014
54406.160724 r 16.816 0.016
54406.161557 i 16.597 0.011
54406.162391 u 19.134 0.030
54406.163224 z 16.466 0.013
54406.164057 g 17.485 0.014
54412.163637 r 16.833 0.017
#54412.164471 i -99.000 0.020
54412.165304 u 19.240 0.036
#54412.166137 z -99.000 0.018
54412.166971 g 17.483 0.024
