51081.379435 r 16.333 0.004
51081.380268 i 15.109 0.003
51081.381102 u 20.216 0.058
51081.381935 z 14.466 0.004
51081.382768 g 17.748 0.005
51819.450571 r 16.332 0.004
51819.451404 i 15.104 0.003
51819.452238 u 20.184 0.076
51819.453071 z 14.437 0.004
51819.453904 g 17.752 0.006
51875.194390 r 16.327 0.004
51875.195223 i 15.093 0.003
51875.196057 u 20.181 0.050
51875.196890 z 14.444 0.004
51875.197723 g 17.722 0.005
52225.275261 r 16.337 0.004
52225.276094 i 15.105 0.004
#52225.276928 u -99.000 0.047
52225.277761 z 14.450 0.004
52225.278594 g 17.734 0.006
52288.109683 r 16.347 0.004
52288.110516 i 15.103 0.003
52288.111350 u 20.214 0.054
52288.112183 z 14.437 0.004
52288.113016 g 17.730 0.005
52551.382973 r 16.357 0.004
52551.383806 i 15.103 0.004
52551.384640 u 20.186 0.052
52551.385473 z 14.460 0.004
52551.386306 g 17.752 0.006
52558.415846 r 16.337 0.010
52558.416679 i 15.108 0.009
52558.417513 u 20.329 0.053
52558.418346 z 15.280 0.010
52558.419179 g 17.752 0.011
52576.248899 r 16.349 0.004
52576.249732 i 15.118 0.004
52576.250566 u 20.063 0.052
52576.251399 z 14.453 0.004
52576.252232 g 17.750 0.005
52578.287454 r 16.341 0.004
52578.288287 i 15.115 0.004
52578.289121 u 20.199 0.054
52578.289954 z 14.444 0.004
52578.290787 g 17.741 0.005
52585.250434 r 16.344 0.004
52585.251267 i 15.103 0.004
52585.252101 u 20.162 0.052
52585.252934 z 14.463 0.004
52585.253767 g 17.750 0.005
52909.417068 r 16.357 0.004
52909.417901 i 15.088 0.004
52909.418735 u 20.075 0.047
52909.419568 z 14.455 0.004
52909.420401 g 17.761 0.006
52910.387310 r 16.350 0.004
52910.388143 i 15.138 0.003
52910.388977 u 20.180 0.057
52910.389810 z 14.443 0.004
52910.390643 g 17.731 0.005
52935.314480 r 16.353 0.005
52935.315313 i 15.102 0.004
52935.316147 u 20.201 0.060
52935.316980 z 14.450 0.006
52935.317813 g 17.754 0.007
52963.237557 r 16.351 0.004
52963.238390 i 15.102 0.004
52963.239224 u 20.240 0.049
52963.240057 z 14.467 0.004
52963.240890 g 17.750 0.006
52971.228471 r 16.345 0.004
52971.229304 i 15.113 0.003
52971.230138 u 20.202 0.061
52971.230971 z 14.457 0.004
52971.231804 g 17.759 0.005
53351.159860 r 16.349 0.004
53351.160693 i 15.111 0.003
53351.161527 u 20.211 0.058
53351.162360 z 14.459 0.004
53351.163193 g 17.759 0.005
53622.416913 r 16.358 0.004
53622.417746 i 15.107 0.004
53622.418580 u 20.162 0.053
53622.419413 z 14.449 0.004
53622.420246 g 17.755 0.006
53634.366385 r 16.353 0.004
53634.367218 i 15.123 0.004
#53634.368052 u -99.000 0.095
53634.368885 z 14.465 0.004
#53634.369718 g -99.000 0.008
53638.407720 r 16.346 0.005
53638.408553 i 15.108 0.004
53638.409387 u 20.065 0.054
53638.410220 z 14.454 0.005
53638.411053 g 17.753 0.006
53640.371756 r 16.363 0.004
53640.372589 i 15.123 0.003
53640.373423 u 20.203 0.062
53640.374256 z 14.457 0.004
53640.375089 g 17.757 0.006
53646.433166 r 16.346 0.006
53646.433999 i 15.139 0.006
53646.434833 u 20.106 0.062
53646.435666 z 14.460 0.007
53646.436499 g 17.764 0.008
53655.343930 r 16.358 0.004
53655.344763 i 15.111 0.004
53655.345597 u 20.267 0.059
53655.346430 z 14.454 0.004
53655.347263 g 17.751 0.005
53663.433571 r 16.361 0.004
53663.434404 i 15.111 0.004
53663.435238 u 20.496 0.184
53663.436071 z 14.482 0.005
53663.436904 g 17.753 0.008
53664.368885 r 16.350 0.005
53664.369718 i 15.123 0.004
53664.370552 u 20.541 0.186
53664.371385 z 14.460 0.005
53664.372218 g 17.762 0.009
53665.433518 r 16.352 0.004
53665.434351 i 15.108 0.004
53665.435185 u 20.254 0.107
53665.436018 z 14.459 0.005
53665.436851 g 17.746 0.007
53668.422123 r 16.341 0.005
53668.422956 i 15.110 0.004
53668.423790 u 20.064 0.106
53668.424623 z 14.458 0.006
53668.425456 g 17.726 0.007
53669.328130 r 16.361 0.004
#53669.328963 i -99.000 0.005
#53669.329797 u -99.000 0.545
#53669.330630 z -99.000 0.008
#53669.331463 g -99.000 0.008
53670.428096 r 16.353 0.005
53670.428929 i 15.111 0.004
53670.429763 u 20.150 0.103
53670.430596 z 14.449 0.006
53670.431429 g 17.747 0.008
53671.412882 r 16.353 0.005
53671.413715 i 15.110 0.004
#53671.414549 u -99.000 0.076
53671.415382 z 14.471 0.005
53671.416215 g 17.739 0.006
53674.312367 r 16.358 0.004
53674.313200 i 15.109 0.003
53674.314034 u 20.093 0.067
53674.314867 z 14.450 0.004
53674.315700 g 17.775 0.005
53676.401825 r 18.430 0.011
53676.402658 i 17.763 0.012
53676.403492 u 20.475 0.111
53676.404325 z 17.185 0.022
53676.405158 g 19.493 0.027
53676.401826 r 16.506 0.005
53676.402659 i 15.169 0.004
53676.403493 u 20.848 0.143
53676.404326 z 14.548 0.004
53676.405159 g 17.947 0.008
53679.373727 r 16.365 0.005
53679.374560 i 15.109 0.005
53679.375394 u 20.054 0.069
53679.376227 z 14.463 0.006
53679.377060 g 17.758 0.006
53681.365240 r 16.360 0.004
53681.366073 i 15.120 0.004
#53681.366907 u -99.000 0.064
53681.367740 z 14.455 0.004
53681.368573 g 17.776 0.006
53684.326735 r 16.360 0.007
#53684.327568 i -99.000 0.005
#53684.328402 u -99.000 0.246
#53684.329235 z -99.000 0.008
#53684.330068 g -99.000 0.026
53687.268039 r 16.364 0.005
53687.268872 i 15.132 0.004
53687.269706 u 20.199 0.136
53687.270539 z 14.449 0.004
53687.271372 g 17.743 0.012
#53694.338184 r -99.000 0.004
53694.339017 i 15.119 0.003
#53694.339851 u -99.000 0.245
53694.340684 z 14.452 0.004
53694.341517 g 17.729 0.008
53697.322265 r 16.362 0.004
53697.323098 i 15.118 0.004
53697.323932 u 20.408 0.093
53697.324765 z 14.459 0.004
53697.325598 g 17.754 0.006
53700.321222 r 16.371 0.004
53700.322055 i 15.118 0.003
53700.322889 u 20.394 0.085
53700.323722 z 14.456 0.004
53700.324555 g 17.743 0.006
53705.307892 r 16.351 0.004
53705.308725 i 15.128 0.003
53705.309559 u 20.191 0.071
53705.310392 z 14.463 0.004
53705.311225 g 17.734 0.005
53975.392966 r 16.366 0.015
53975.393799 i 15.101 0.017
#53975.394633 u -99.000 0.058
53975.395466 z 14.476 0.035
53975.396299 g 17.744 0.017
#53993.405105 r -99.000 0.016
#53993.405938 i -99.000 0.015
#53993.406772 u -99.000 0.055
53993.407605 z 14.435 0.010
53993.408438 g 17.706 0.018
53994.415966 r 16.353 0.014
53994.416799 i 15.096 0.016
53994.417632 u 20.197 0.059
53994.418466 z 14.461 0.014
53994.419299 g 17.719 0.019
53996.399640 r 16.347 0.015
53996.400473 i 15.103 0.014
53996.401306 u 20.082 0.046
53996.402140 z 14.476 0.015
53996.402973 g 17.726 0.017
54005.412830 r 16.344 0.014
54005.413664 i 15.082 0.013
54005.414497 u 20.255 0.049
54005.415330 z 14.464 0.009
54005.416164 g 17.730 0.022
54010.353757 r 16.325 0.015
54010.354590 i 15.130 0.011
54010.355424 u 20.194 0.046
#54010.356257 z -99.000 0.016
54010.357090 g 17.740 0.018
54012.346646 r 16.346 0.013
54012.347479 i 15.111 0.018
54012.348312 u 20.175 0.082
54012.349146 z 14.505 0.011
54012.349979 g 17.720 0.017
54020.352569 r 16.357 0.013
54020.353402 i 15.132 0.015
54020.354235 u 19.996 0.070
54020.355069 z 14.448 0.015
54020.355902 g 17.738 0.052
54024.434150 r 16.354 0.017
54024.434983 i 15.107 0.012
54024.435817 u 20.179 0.060
54024.436650 z 14.460 0.011
54024.437483 g 17.718 0.020
54028.422493 r 16.358 0.017
54028.423326 i 15.105 0.017
54028.424160 u 20.304 0.071
54028.424993 z 14.436 0.019
54028.425826 g 17.751 0.032
54030.377910 r 16.346 0.013
54030.378743 i 15.105 0.014
54030.379577 u 20.268 0.048
54030.380410 z 14.451 0.011
54030.381243 g 17.750 0.012
54035.421957 r 16.339 0.016
54035.422790 i 15.107 0.015
54035.423623 u 20.150 0.082
54035.424457 z 14.441 0.014
54035.425290 g 17.719 0.029
54037.327405 r 16.331 0.016
54037.328238 i 15.105 0.015
54037.329072 u 20.191 0.047
54037.329905 z 14.476 0.015
54037.330738 g 17.745 0.030
54040.341932 r 16.345 0.016
54040.342765 i 15.112 0.016
#54040.343599 u -99.000 0.072
54040.344432 z 14.445 0.007
54040.345265 g 17.716 0.016
54047.372402 r 16.336 0.020
54047.373236 i 15.066 0.016
54047.374069 u 20.152 0.294
54047.374902 z 14.430 0.011
54047.375736 g 17.761 0.026
54049.368335 r 16.355 0.012
54049.369168 i 15.107 0.012
54049.370001 u 20.035 0.094
54049.370835 z 14.437 0.013
54049.371668 g 17.746 0.023
54053.348055 r 16.332 0.018
#54053.348888 i -99.000 0.014
54053.349721 u 20.034 0.077
#54053.350555 z -99.000 0.022
54053.351388 g 17.701 0.019
54056.334306 r 16.351 0.020
54056.335139 i 15.122 0.026
54056.335972 u 20.173 0.079
54056.336806 z 14.446 0.015
54056.337639 g 17.680 0.021
54059.328580 r 16.334 0.019
54059.329414 i 15.091 0.019
54059.330247 u 20.199 0.063
54059.331080 z 14.452 0.012
54059.331914 g 17.711 0.021
54061.339714 r 16.353 0.016
54061.340547 i 15.093 0.010
#54061.341381 u -99.000 0.066
54061.342214 z 14.446 0.038
54061.343047 g 17.730 0.025
54062.333497 r 16.348 0.016
54062.334330 i 15.119 0.013
54062.335164 u 20.170 0.064
54062.335997 z 14.423 0.021
54062.336830 g 17.723 0.020
54064.329946 r 16.350 0.015
54064.330779 i 15.086 0.016
54064.331613 u 20.202 0.066
54064.332446 z 14.455 0.015
54064.333279 g 17.719 0.018
54068.314099 r 16.682 0.023
54068.314932 i 15.454 0.029
#54068.315766 u -99.000 99.999
54068.316599 z 14.918 0.024
54068.317432 g 18.166 0.034
54357.371826 r 16.355 0.023
54357.372659 i 15.111 0.012
54357.373492 u 20.179 0.046
54357.374326 z 14.460 0.028
54357.375159 g 17.720 0.020
54362.421722 r 16.335 0.016
54362.422555 i 15.108 0.013
54362.423388 u 20.120 0.043
54362.424222 z 14.454 0.015
54362.425055 g 17.720 0.039
54376.416805 r 16.335 0.013
54376.417638 i 15.105 0.014
54376.418471 u 20.166 0.058
54376.419305 z 14.443 0.014
54376.420138 g 17.729 0.014
54382.401861 r 16.364 0.020
54382.402695 i 15.124 0.022
54382.403528 u 19.997 0.055
54382.404361 z 14.441 0.013
54382.405195 g 17.730 0.023
54385.419602 r 16.349 0.017
54385.420435 i 15.095 0.014
54385.421269 u 20.160 0.055
54385.422102 z 14.470 0.017
54385.422935 g 17.724 0.026
54387.420153 r 16.337 0.016
54387.420986 i 15.133 0.017
54387.421820 u 20.079 0.068
54387.422653 z 14.435 0.016
54387.423486 g 17.741 0.024
54390.412658 r 16.328 0.010
54390.413492 i 15.118 0.017
#54390.414325 u -99.000 0.065
54390.415158 z 14.436 0.013
54390.415992 g 17.735 0.022
54391.420975 r 16.352 0.019
54391.421808 i 15.076 0.008
54391.422641 u 19.894 0.117
54391.423475 z 14.437 0.020
54391.424308 g 17.750 0.016
54402.413274 r 16.367 0.016
54402.414107 i 15.137 0.027
54402.414940 u 20.785 0.233
54402.415774 z 14.465 0.013
54402.416607 g 17.721 0.022
