51467.286974 r 18.953 0.016
51467.287807 i 18.677 0.017
51467.288641 u 21.085 0.194
51467.289474 z 18.547 0.054
51467.290307 g 19.606 0.020
51819.262940 r 19.052 0.012
51819.263773 i 18.816 0.013
51819.264607 u 21.280 0.119
51819.265440 z 18.658 0.036
51819.266273 g 19.717 0.015
52172.278539 r 19.125 0.012
52172.279372 i 18.821 0.012
52172.280206 u 21.044 0.095
52172.281039 z 18.683 0.035
52172.281872 g 19.768 0.015
52558.228221 r 19.097 0.012
52558.229054 i 18.837 0.013
52558.229888 u 21.167 0.113
52558.230721 z 18.718 0.039
52558.231554 g 19.721 0.015
52576.140479 r 18.947 0.015
52576.141312 i 18.628 0.015
52576.142146 u 20.968 0.118
52576.142979 z 18.554 0.056
52576.143812 g 19.531 0.017
52577.115713 r 18.999 0.013
52577.116546 i 18.685 0.015
52577.117380 u 20.932 0.090
52577.118213 z 18.485 0.043
52577.119046 g 19.611 0.015
52586.119192 r 19.121 0.012
52586.120025 i 18.829 0.013
52586.120859 u 21.119 0.090
52586.121692 z 18.617 0.036
52586.122525 g 19.757 0.014
52931.129875 r 19.069 0.011
52931.130708 i 18.830 0.012
52931.131542 u 21.197 0.098
52931.132375 z 18.678 0.034
52931.133208 g 19.691 0.014
52935.126839 r 18.989 0.013
52935.127672 i 18.742 0.013
52935.128506 u 21.241 0.134
52935.129339 z 18.630 0.041
52935.130172 g 19.635 0.015
53313.120039 r 19.001 0.013
53313.120872 i 18.721 0.014
53313.121706 u 21.445 0.164
53313.122539 z 18.501 0.043
53313.123372 g 19.619 0.015
53622.229285 r 18.942 0.015
53622.230118 i 18.594 0.016
53622.230952 u 20.904 0.142
53622.231785 z 18.377 0.046
53622.232618 g 19.575 0.020
53625.225251 r 19.095 0.013
53625.226084 i 18.805 0.013
53625.226918 u 21.041 0.094
53625.227751 z 18.699 0.032
53625.228584 g 19.725 0.017
53636.184287 r 19.090 0.013
53636.185120 i 18.816 0.014
53636.185954 u 21.079 0.115
53636.186787 z 18.665 0.035
53636.187620 g 19.721 0.017
53655.156293 r 19.030 0.016
53655.157126 i 18.759 0.015
53655.157960 u 20.775 0.150
53655.158793 z 18.737 0.044
53655.159626 g 19.703 0.029
53664.181251 r 19.022 0.016
53664.182084 i 18.744 0.015
53664.182918 u 20.782 0.172
53664.183751 z 18.613 0.042
53664.184584 g 19.638 0.026
53666.144853 r 19.086 0.012
53666.145686 i 18.796 0.013
53666.146520 u 21.309 0.100
53666.147353 z 18.698 0.036
53666.148186 g 19.707 0.013
53669.140492 r 19.127 0.012
53669.141325 i 18.840 0.013
53669.142159 u 21.104 0.087
53669.142992 z 18.682 0.033
53669.143825 g 19.734 0.013
53674.124726 r 19.097 0.012
53674.125559 i 18.817 0.013
53674.126393 u 21.493 0.145
53674.127226 z 18.634 0.035
53674.128059 g 19.745 0.014
53676.214224 r 19.078 0.012
53676.215057 i 18.828 0.013
53676.215891 u 21.395 0.137
53676.216724 z 18.701 0.034
53676.217557 g 19.725 0.014
53681.177619 r 18.989 0.021
53681.178452 i 18.812 0.020
#53681.179286 u -99.000 0.322
#53681.180119 z -99.000 0.318
#53681.180952 g -99.000 0.031
53685.136663 r 18.999 0.019
53685.137496 i 18.776 0.018
53685.138330 u 21.342 0.338
53685.139163 z 18.623 0.040
53685.139996 g 19.744 0.038
53687.175012 r 19.062 0.019
53687.175845 i 18.812 0.016
53687.176679 u 20.779 0.260
53687.177512 z 18.725 0.043
53687.178345 g 19.708 0.035
53700.133602 r 19.092 0.013
53700.134435 i 18.803 0.014
53700.135269 u 21.357 0.141
53700.136102 z 18.656 0.042
53700.136935 g 19.751 0.016
53705.120273 r 18.930 0.014
53705.121106 i 18.671 0.015
53705.121940 u 21.039 0.138
53705.122773 z 18.524 0.041
53705.123606 g 19.565 0.016
53975.205275 r 19.102 0.017
53975.206108 i 18.909 0.020
53975.206942 u 21.092 0.087
53975.207775 z 18.751 0.040
53975.208608 g 19.738 0.018
53996.211991 r 19.065 0.017
53996.212824 i 18.826 0.015
53996.213657 u 21.065 0.084
53996.214491 z 18.722 0.033
53996.215324 g 19.728 0.018
53998.180620 r 19.115 0.014
53998.181454 i 18.821 0.020
53998.182287 u 21.182 0.091
53998.183120 z 18.752 0.034
53998.183954 g 19.738 0.019
54010.166097 r 19.092 0.019
54010.166930 i 18.831 0.020
54010.167764 u 20.897 0.107
54010.168597 z 18.677 0.032
54010.169430 g 19.739 0.024
54012.158956 r 19.174 0.026
54012.159790 i 18.839 0.033
54012.160623 u 21.264 0.274
54012.161456 z 18.677 0.044
54012.162290 g 19.729 0.039
54020.164937 r 19.041 0.017
54020.165770 i 18.794 0.017
54020.166604 u 21.029 0.108
54020.167437 z 18.645 0.038
54020.168270 g 19.690 0.016
54022.214281 r 18.988 0.028
54022.215114 i 18.798 0.022
54022.215948 u 21.311 0.279
54022.216781 z 18.723 0.054
#54022.217614 g -99.000 0.019
54028.155296 r 19.030 0.016
54028.156129 i 18.816 0.022
54028.156963 u 21.053 0.128
54028.157796 z 18.585 0.043
54028.158629 g 19.634 0.021
54030.158478 r 19.078 0.016
54030.159311 i 18.834 0.018
54030.160145 u 21.063 0.091
54030.160978 z 18.696 0.035
54030.161811 g 19.698 0.017
54032.147775 r 19.031 0.034
#54032.148609 i -99.000 0.041
#54032.149442 u 23.228 3.570
#54032.150275 z -99.000 0.131
#54032.151109 g -99.000 0.055
54037.139734 r 19.111 0.021
54037.140567 i 18.837 0.021
54037.141401 u 21.081 0.100
54037.142234 z 18.680 0.034
54037.143067 g 19.735 0.021
54040.154208 r 19.116 0.026
54040.155042 i 18.826 0.020
54040.155875 u 21.235 0.300
54040.156708 z 18.763 0.047
54040.157542 g 19.686 0.036
54050.138832 r 19.068 0.019
54050.139665 i 18.809 0.018
54050.140499 u 20.937 0.103
54050.141332 z 18.631 0.042
54050.142165 g 19.684 0.023
54053.144993 r 19.032 0.016
54053.145826 i 18.822 0.019
54053.146659 u 21.034 0.101
54053.147493 z 18.598 0.040
54053.148326 g 19.691 0.020
54056.146670 r 18.959 0.021
54056.147503 i 18.709 0.024
54056.148337 u 20.826 0.195
54056.149170 z 18.359 0.062
54056.150003 g 19.564 0.026
54057.115330 r 19.045 0.016
54057.116163 i 18.769 0.018
54057.116997 u 20.937 0.086
54057.117830 z 18.631 0.040
54057.118663 g 19.695 0.016
54059.140949 r 19.044 0.018
54059.141782 i 18.810 0.021
#54059.142615 u -99.000 0.085
54059.143449 z 18.635 0.038
54059.144282 g 19.677 0.018
54061.152002 r 19.000 0.023
54061.152835 i 18.736 0.024
54061.153669 u 21.039 0.127
#54061.154502 z -99.000 0.054
54061.155335 g 19.687 0.024
54068.135945 r 18.982 0.027
54068.136779 i 18.789 0.027
54068.137612 u 21.516 0.662
54068.138445 z 18.557 0.091
54068.139279 g 19.592 0.056
54357.184146 r 18.996 0.031
54357.184979 i 18.721 0.024
54357.185812 u 21.277 0.155
54357.186646 z 18.595 0.050
54357.187479 g 19.658 0.022
54365.182008 r 19.064 0.026
54365.182841 i 18.770 0.019
54365.183674 u 20.976 0.183
54365.184508 z 18.734 0.044
54365.185341 g 19.696 0.028
54385.231971 r 19.094 0.018
54385.232805 i 18.823 0.018
54385.233638 u 21.310 0.124
54385.234471 z 18.686 0.035
54385.235305 g 19.725 0.022
54402.225704 r 19.031 0.019
54402.226537 i 18.803 0.024
54402.227370 u 21.309 0.376
54402.228204 z 18.593 0.042
54402.229037 g 19.711 0.040
