51467.309592 r 19.812 0.029
51467.310425 i 19.698 0.038
51467.311259 u 20.124 0.088
51467.312092 z 19.885 0.175
51467.312925 g 20.025 0.029
51819.285585 r 19.876 0.021
51819.286418 i 19.771 0.030
51819.287252 u 20.411 0.062
51819.288085 z 19.674 0.088
51819.288918 g 20.146 0.021
52172.301167 r 19.787 0.019
52172.302000 i 19.680 0.025
52172.302834 u 20.314 0.056
52172.303667 z 19.650 0.080
52172.304500 g 20.061 0.019
52172.351327 r 19.756 0.020
52172.352160 i 19.716 0.029
52172.352994 u 20.130 0.057
52172.353827 z 19.772 0.091
52172.354660 g 20.106 0.021
52558.250868 r 19.777 0.019
52558.251701 i 19.630 0.025
52558.252535 u 20.227 0.052
52558.253368 z 19.747 0.078
52558.254201 g 20.043 0.018
52577.138362 r 19.705 0.021
52577.139195 i 19.555 0.029
52577.140029 u 20.031 0.045
52577.140862 z 19.755 0.115
52577.141695 g 19.957 0.018
52586.141841 r 19.711 0.019
52586.142674 i 19.591 0.026
52586.143508 u 20.094 0.042
52586.144341 z 19.849 0.098
52586.145174 g 19.947 0.017
52931.152524 r 19.816 0.020
52931.153357 i 19.673 0.026
52931.154191 u 20.449 0.060
52931.155024 z 19.723 0.082
52931.155857 g 20.133 0.020
52935.149488 r 19.831 0.021
52935.150321 i 19.645 0.026
52935.151155 u 20.415 0.061
52935.151988 z 19.774 0.092
52935.152821 g 20.104 0.019
53313.142690 r 19.689 0.025
53313.143523 i 19.568 0.034
53313.144357 u 20.148 0.057
53313.145190 z 19.456 0.101
53313.146023 g 19.904 0.019
53622.251934 r 19.701 0.022
53622.252767 i 19.624 0.035
#53622.253601 u -99.000 0.076
53622.254434 z 19.624 0.108
53622.255267 g 20.035 0.023
53625.247897 r 19.773 0.018
53625.248730 i 19.627 0.022
#53625.249564 u -99.000 0.052
53625.250397 z 19.710 0.066
53625.251230 g 20.055 0.020
53634.201403 r 19.865 0.054
53634.202236 i 19.650 0.052
53634.203070 u 20.341 0.193
53634.203903 z 19.924 0.197
53634.204736 g 20.049 0.062
53636.206935 r 19.752 0.021
53636.207768 i 19.608 0.027
53636.208602 u 20.310 0.068
53636.209435 z 19.603 0.071
53636.210268 g 20.181 0.055
53655.178941 r 19.680 0.033
53655.179774 i 19.573 0.038
53655.180608 u 20.240 0.125
53655.181441 z 19.602 0.109
53655.182274 g 20.068 0.047
53664.203898 r 19.730 0.032
53664.204731 i 19.535 0.035
53664.205565 u 20.375 0.157
53664.206398 z 19.749 0.127
53664.207231 g 19.933 0.038
53666.167501 r 19.695 0.019
53666.168334 i 19.597 0.026
53666.169168 u 20.274 0.052
53666.170001 z 19.607 0.081
53666.170834 g 19.988 0.017
53669.163140 r 19.704 0.017
53669.163973 i 19.620 0.025
53669.164807 u 20.205 0.046
53669.165640 z 19.609 0.073
53669.166473 g 19.992 0.017
53674.147374 r 19.651 0.018
53674.148207 i 19.574 0.024
53674.149041 u 20.247 0.052
53674.149874 z 19.638 0.077
53674.150707 g 19.957 0.018
53676.236867 r 19.680 0.017
53676.237700 i 19.594 0.021
53676.238534 u 20.230 0.055
53676.239367 z 19.771 0.071
53676.240200 g 19.950 0.019
53679.208751 r 19.639 0.023
53679.209584 i 19.592 0.033
53679.210418 u 20.091 0.066
53679.211251 z 19.534 0.088
53679.212084 g 19.970 0.022
53681.200263 r 19.669 0.017
53681.201096 i 19.585 0.022
53681.201930 u 20.329 0.055
53681.202763 z 19.693 0.060
53681.203596 g 19.973 0.018
53685.159310 r 19.567 0.039
53685.160143 i 19.434 0.040
53685.160977 u 20.115 0.127
53685.161810 z 19.578 0.107
53685.162643 g 19.779 0.050
53687.197655 r 19.657 0.034
53687.198488 i 19.576 0.036
53687.199322 u 20.207 0.164
53687.200155 z 19.475 0.076
53687.200988 g 19.888 0.056
53697.157287 r 19.671 0.042
53697.158120 i 19.532 0.046
53697.158954 u 20.079 0.099
53697.159787 z 19.519 0.132
53697.160620 g 19.939 0.029
53700.156248 r 19.714 0.022
53700.157081 i 19.604 0.029
53700.157915 u 20.190 0.058
53700.158748 z 19.676 0.082
53700.159581 g 19.980 0.021
53705.142918 r 19.673 0.022
53705.143751 i 19.578 0.028
53705.144585 u 20.298 0.066
53705.145418 z 19.629 0.080
53705.146251 g 19.957 0.019
53975.227926 r 19.538 0.021
53975.228760 i 19.408 0.024
53975.229593 u 20.024 0.041
53975.230426 z 19.445 0.063
53975.231260 g 19.766 0.017
53993.295729 r 19.481 0.016
53993.296562 i 19.436 0.024
53993.297396 u 19.962 0.043
53993.298229 z 19.415 0.052
53993.299062 g 19.769 0.020
53996.234649 r 19.527 0.020
53996.235482 i 19.434 0.021
53996.236315 u 19.968 0.039
53996.237149 z 19.454 0.054
53996.237982 g 19.757 0.023
53998.203291 r 19.493 0.016
53998.204124 i 19.390 0.018
53998.204958 u 19.894 0.039
53998.205791 z 19.497 0.052
53998.206624 g 19.703 0.020
54005.233515 r 19.503 0.017
54005.234348 i 19.396 0.021
54005.235182 u 19.866 0.037
54005.236015 z 19.483 0.054
54005.236848 g 19.714 0.019
54010.188748 r 19.485 0.019
54010.189581 i 19.377 0.022
54010.190415 u 19.903 0.050
54010.191248 z 19.395 0.050
54010.192081 g 19.692 0.024
54012.181649 r 19.451 0.025
54012.182482 i 19.420 0.031
54012.183315 u 19.795 0.068
54012.184149 z 19.457 0.070
54012.184982 g 19.695 0.034
54020.187577 r 19.460 0.018
54020.188410 i 19.375 0.022
54020.189244 u 19.791 0.039
54020.190077 z 19.252 0.058
54020.190910 g 19.667 0.019
#54022.236883 r -99.000 0.018
54022.237716 i 19.371 0.019
54022.238549 u 19.912 0.036
54022.239383 z 19.415 0.048
#54022.240216 g -99.000 0.017
54028.177989 r 19.456 0.019
54028.178823 i 19.380 0.023
54028.179656 u 19.822 0.039
54028.180489 z 19.458 0.065
54028.181323 g 19.690 0.019
54030.181154 r 19.480 0.019
54030.181987 i 19.364 0.019
54030.182821 u 19.842 0.035
54030.183654 z 19.404 0.048
54030.184487 g 19.669 0.016
54035.256950 r 19.454 0.026
54035.257784 i 19.366 0.030
54035.258617 u 19.873 0.071
54035.259450 z 19.507 0.132
54035.260284 g 19.671 0.023
54037.162385 r 19.451 0.025
54037.163218 i 19.357 0.024
54037.164051 u 19.866 0.043
54037.164885 z 19.412 0.058
54037.165718 g 19.697 0.020
54040.176880 r 19.463 0.033
54040.177713 i 19.391 0.038
54040.178547 u 19.841 0.123
54040.179380 z 19.449 0.087
54040.180213 g 19.672 0.037
54050.161481 r 19.433 0.029
54050.162314 i 19.336 0.032
54050.163148 u 19.874 0.057
54050.163981 z 19.507 0.136
54050.164814 g 19.635 0.022
54053.167672 r 19.483 0.019
54053.168506 i 19.359 0.025
54053.169339 u 19.852 0.043
54053.170172 z 19.371 0.066
54053.171006 g 19.689 0.019
54056.169312 r 19.423 0.031
54056.170145 i 19.320 0.047
54056.170978 u 19.801 0.067
54056.171812 z 19.432 0.113
54056.172645 g 19.645 0.026
54057.137976 r 19.472 0.017
54057.138809 i 19.386 0.022
54057.139642 u 19.864 0.039
54057.140476 z 19.457 0.067
54057.141309 g 19.689 0.019
54059.163629 r 19.458 0.021
54059.164462 i 19.382 0.024
54059.165295 u 19.859 0.048
54059.166129 z 19.422 0.067
54059.166962 g 19.693 0.018
54061.174643 r 19.446 0.021
54061.175477 i 19.389 0.029
54061.176310 u 19.781 0.045
54061.177143 z 19.439 0.072
54061.177977 g 19.676 0.019
54062.168496 r 19.466 0.026
54062.169329 i 19.423 0.029
54062.170162 u 19.863 0.047
#54062.170996 z -99.000 0.088
54062.171829 g 19.656 0.021
54068.158493 r 19.421 0.038
54068.159327 i 19.331 0.044
54068.160160 u 19.845 0.133
54068.160993 z 19.673 0.140
54068.161827 g 19.753 0.061
54357.206821 r 19.421 0.021
#54357.207655 i -99.000 0.039
54357.208488 u 19.667 0.043
54357.209321 z 19.350 0.058
54357.210155 g 19.590 0.017
54365.204682 r 19.380 0.029
54365.205515 i 19.268 0.027
54365.206348 u 19.785 0.069
54365.207182 z 19.456 0.086
54365.208015 g 19.546 0.030
54376.265318 r 19.393 0.020
54376.266152 i 19.315 0.024
54376.266985 u 19.706 0.048
54376.267818 z 19.497 0.083
54376.268652 g 19.641 0.022
54385.254651 r 19.416 0.019
54385.255484 i 19.344 0.025
54385.256317 u 19.765 0.046
54385.257151 z 19.307 0.059
54385.257984 g 19.593 0.019
54387.255118 r 19.447 0.020
54387.255951 i 19.310 0.025
54387.256784 u 19.849 0.050
54387.257618 z 19.444 0.066
54387.258451 g 19.631 0.019
54392.249842 r 19.448 0.020
54392.250675 i 19.369 0.029
54392.251508 u 19.741 0.050
54392.252342 z 19.368 0.058
54392.253175 g 19.649 0.021
54402.248317 r 19.466 0.030
54402.249150 i 19.394 0.032
54402.249983 u 19.817 0.109
54402.250817 z 19.463 0.071
54402.251650 g 19.689 0.039
