51075.385986 r 18.784 0.010
51075.386819 i 18.619 0.012
51075.387653 u 18.830 0.019
51075.388486 z 18.574 0.047
51075.389319 g 18.751 0.008
51818.355631 r 18.891 0.010
51818.356464 i 18.695 0.011
51818.357298 u 18.974 0.023
51818.358131 z 18.624 0.037
51818.358964 g 18.908 0.009
52170.406638 r 18.725 0.010
52170.407471 i 18.570 0.011
52170.408305 u 18.791 0.021
52170.409138 z 18.484 0.036
52170.409971 g 18.705 0.008
52173.320078 r 18.746 0.011
52173.320911 i 18.561 0.013
52173.321745 u 18.825 0.026
52173.322578 z 18.568 0.050
52173.323411 g 18.714 0.009
52224.300152 r 18.757 0.010
52224.300985 i 18.550 0.011
52224.301819 u 18.824 0.022
52224.302652 z 18.569 0.036
52224.303485 g 18.716 0.008
52231.285567 r 18.743 0.010
52231.286400 i 18.560 0.012
52231.287234 u 18.849 0.022
52231.288067 z 18.556 0.037
52231.288900 g 18.728 0.008
52234.256658 r 18.746 0.010
52234.257491 i 18.554 0.011
52234.258325 u 18.835 0.022
52234.259158 z 18.521 0.033
52234.259991 g 18.713 0.008
52261.220012 r 18.745 0.010
52261.220845 i 18.526 0.011
52261.221679 u 18.805 0.021
52261.222512 z 18.480 0.034
52261.223345 g 18.659 0.008
52287.100506 r 18.743 0.010
52287.101339 i 18.551 0.010
52287.102173 u 18.850 0.021
52287.103006 z 18.520 0.033
52287.103839 g 18.710 0.008
52552.419208 r 18.930 0.012
52552.420041 i 18.711 0.013
52552.420875 u 19.153 0.032
52552.421708 z 18.675 0.055
52552.422541 g 18.949 0.010
52557.393564 r 18.937 0.011
52557.394397 i 18.679 0.012
52557.395231 u 19.178 0.028
52557.396064 z 18.681 0.044
52557.396897 g 18.969 0.009
52908.368132 r 18.998 0.012
52908.368965 i 18.750 0.012
52908.369799 u 19.169 0.030
52908.370632 z 18.704 0.047
52908.371465 g 19.017 0.010
52912.347570 r 19.022 0.013
52912.348403 i 18.745 0.013
52912.349237 u 19.179 0.032
52912.350070 z 18.675 0.043
52912.350903 g 19.008 0.010
52934.300036 r 18.985 0.012
52934.300869 i 18.766 0.013
52934.301703 u 19.217 0.030
52934.302536 z 18.709 0.047
52934.303369 g 19.010 0.010
52936.295963 r 18.997 0.011
52936.296796 i 18.764 0.012
52936.297630 u 19.164 0.025
52936.298463 z 18.731 0.039
52936.299296 g 19.017 0.009
53270.360018 r 18.903 0.015
53270.360851 i 18.691 0.015
53270.361685 u 19.035 0.027
53270.362518 z 18.689 0.040
53270.363351 g 18.857 0.014
53272.409964 r 18.898 0.011
53272.410797 i 18.711 0.013
53272.411631 u 19.023 0.028
53272.412464 z 18.748 0.053
53272.413297 g 18.876 0.009
53286.378682 r 18.873 0.011
53286.379515 i 18.689 0.012
53286.380349 u 18.914 0.025
53286.381182 z 18.595 0.037
53286.382015 g 18.814 0.009
53288.337174 r 18.864 0.010
53288.338007 i 18.676 0.011
53288.338841 u 18.952 0.024
53288.339674 z 18.700 0.038
53288.340507 g 18.832 0.009
53294.384847 r 18.863 0.011
53294.385680 i 18.677 0.012
53294.386514 u 18.918 0.026
53294.387347 z 18.695 0.043
53294.388180 g 18.831 0.009
53296.331904 r 18.852 0.015
53296.332737 i 18.665 0.018
53296.333571 u 18.941 0.033
53296.334404 z 18.698 0.044
53296.335237 g 18.812 0.015
53298.381625 r 18.874 0.013
53298.382458 i 18.683 0.014
53298.383292 u 18.892 0.026
53298.384125 z 18.517 0.045
53298.384958 g 18.810 0.009
53302.332843 r 18.872 0.013
53302.333676 i 18.659 0.013
53302.334510 u 18.912 0.030
53302.335343 z 18.596 0.039
53302.336176 g 18.790 0.012
53312.288377 r 18.892 0.017
53312.289210 i 18.666 0.017
53312.290043 u 18.871 0.033
53312.290877 z 18.619 0.045
53312.291710 g 18.796 0.017
53314.289572 r 18.873 0.013
53314.290405 i 18.669 0.014
53314.291239 u 18.935 0.027
53314.292072 z 18.690 0.050
53314.292905 g 18.808 0.010
53319.277370 r 18.874 0.017
53319.278203 i 18.661 0.019
53319.279037 u 18.933 0.032
53319.279870 z 18.625 0.066
53319.280703 g 18.858 0.010
53616.393929 r 18.867 0.012
53616.394762 i 18.610 0.013
53616.395596 u 19.037 0.030
53616.396429 z 18.598 0.045
53616.397262 g 18.837 0.009
#53626.370356 r -99.000 0.019
53626.371189 i 18.599 0.015
#53626.372023 u -99.000 0.048
53626.372856 z 18.646 0.042
#53626.373689 g -99.000 0.011
53628.355221 r 18.831 0.014
53628.356054 i 18.621 0.014
53628.356888 u 18.969 0.034
53628.357721 z 18.648 0.046
53628.358554 g 18.847 0.013
53637.356838 r 18.874 0.015
53637.357671 i 18.645 0.014
53637.358505 u 19.052 0.036
53637.359338 z 18.560 0.045
53637.360171 g 18.862 0.012
53639.402215 r 18.860 0.010
53639.403048 i 18.657 0.011
53639.403882 u 18.960 0.026
53639.404715 z 18.618 0.035
53639.405548 g 18.844 0.009
53641.401381 r 18.859 0.011
53641.402214 i 18.625 0.012
53641.403048 u 18.997 0.026
53641.403881 z 18.630 0.037
53641.404714 g 18.838 0.009
53657.360265 r 18.853 0.019
53657.361098 i 18.653 0.018
53657.361932 u 18.963 0.049
53657.362765 z 18.574 0.057
53657.363598 g 18.849 0.018
53663.344813 r 18.834 0.014
53663.345646 i 18.655 0.015
#53663.346480 u -99.000 0.042
53663.347313 z 18.586 0.038
53663.348146 g 18.868 0.015
#53665.322785 r -99.000 0.031
53665.323618 i 18.634 0.014
53665.324452 u 18.925 0.036
53665.325285 z 18.593 0.045
53665.326118 g 18.752 0.013
53666.414902 r 18.884 0.013
53666.415735 i 18.667 0.013
53666.416569 u 18.982 0.037
53666.417402 z 18.638 0.040
53666.418235 g 18.813 0.012
53668.334414 r 18.867 0.012
53668.335247 i 18.632 0.014
53668.336081 u 18.881 0.033
53668.336914 z 18.592 0.055
53668.337747 g 18.817 0.011
53669.422034 r 18.832 0.013
53669.422867 i 18.647 0.014
#53669.423701 u -99.000 0.041
53669.424534 z 18.607 0.052
53669.425367 g 18.826 0.012
53670.339265 r 18.844 0.011
53670.340098 i 18.609 0.012
53670.340932 u 18.919 0.028
53670.341765 z 18.525 0.043
53670.342598 g 18.804 0.009
53673.307253 r 18.836 0.010
53673.308086 i 18.619 0.011
53673.308920 u 18.971 0.024
53673.309753 z 18.572 0.033
53673.310586 g 18.798 0.008
53675.304140 r 18.842 0.011
53675.304973 i 18.619 0.012
53675.305807 u 18.982 0.027
53675.306640 z 18.571 0.040
53675.307473 g 18.803 0.008
53677.325170 r 18.838 0.010
53677.326003 i 18.628 0.011
53677.326837 u 18.918 0.024
53677.327670 z 18.555 0.033
53677.328503 g 18.811 0.009
53680.311838 r 18.840 0.011
53680.312671 i 18.633 0.011
#53680.313505 u -99.000 0.025
53680.314338 z 18.624 0.036
53680.315171 g 18.805 0.008
53683.370395 r 18.847 0.013
53683.371228 i 18.627 0.013
53683.372062 u 18.902 0.036
53683.372895 z 18.696 0.053
53683.373728 g 18.820 0.009
53686.311270 r 18.861 0.021
53686.312103 i 18.627 0.018
#53686.312937 u -99.000 0.054
53686.313770 z 18.586 0.048
53686.314603 g 18.817 0.019
53693.313730 r 18.838 0.017
53693.314563 i 18.648 0.016
53693.315397 u 18.957 0.052
53693.316230 z 18.639 0.050
53693.317063 g 18.850 0.017
53698.311118 r 18.822 0.011
53698.311951 i 18.623 0.012
53698.312785 u 18.972 0.030
53698.313618 z 18.596 0.042
53698.314451 g 18.814 0.010
53704.297051 r 18.846 0.011
53704.297884 i 18.642 0.014
53704.298718 u 18.957 0.030
53704.299551 z 18.577 0.044
53704.300384 g 18.848 0.009
53989.393141 r 18.978 0.017
53989.393974 i 18.735 0.020
#53989.394808 u -99.000 0.037
53989.395641 z 18.683 0.037
53989.396474 g 18.989 0.018
53995.431857 r 18.959 0.012
53995.432690 i 18.744 0.016
53995.433524 u 19.099 0.030
53995.434357 z 18.737 0.034
53995.435190 g 18.996 0.013
54000.368598 r 18.980 0.021
54000.369432 i 18.750 0.016
54000.370265 u 19.145 0.044
54000.371098 z 18.709 0.045
54000.371932 g 18.954 0.017
54007.418678 r 18.967 0.017
54007.419511 i 18.756 0.018
54007.420344 u 19.018 0.027
54007.421178 z 18.673 0.038
54007.422011 g 18.961 0.014
54009.342452 r 18.936 0.014
54009.343286 i 18.748 0.014
#54009.344119 u -99.000 0.027
54009.344952 z 18.678 0.033
54009.345786 g 18.979 0.020
54011.406928 r 18.964 0.013
54011.407761 i 18.740 0.015
54011.408594 u 19.122 0.026
54011.409428 z 18.663 0.032
54011.410261 g 18.986 0.015
54025.405945 r 18.966 0.016
54025.406778 i 18.731 0.013
54025.407612 u 19.130 0.037
54025.408445 z 18.757 0.045
54025.409278 g 18.956 0.015
54346.399788 r 18.778 0.017
54346.400622 i 18.603 0.018
#54346.401455 u -99.000 0.035
54346.402288 z 18.543 0.036
54346.403122 g 18.811 0.014
54348.403678 r 18.802 0.015
54348.404512 i 18.611 0.019
54348.405345 u 18.942 0.032
54348.406178 z 18.578 0.037
54348.407012 g 18.805 0.020
54358.359547 r 18.789 0.021
54358.360380 i 18.582 0.017
54358.361213 u 18.922 0.054
54358.362047 z 18.540 0.046
54358.362880 g 18.794 0.032
54365.392580 r 18.802 0.014
54365.393413 i 18.583 0.015
#54365.394246 u -99.000 0.028
54365.395080 z 18.555 0.033
54365.395913 g 18.805 0.018
54381.412194 r 18.775 0.016
54381.413028 i 18.574 0.019
54381.413861 u 18.913 0.032
54381.414694 z 18.573 0.034
54381.415528 g 18.797 0.016
54384.418823 r 18.753 0.012
54384.419656 i 18.577 0.018
#54384.420489 u -99.000 0.029
54384.421323 z 18.524 0.036
54384.422156 g 18.825 0.012
54386.404449 r 18.804 0.021
54386.405283 i 18.568 0.013
#54386.406116 u -99.000 0.033
54386.406949 z 18.551 0.034
54386.407783 g 18.821 0.017
54388.408760 r 18.768 0.015
54388.409594 i 18.591 0.020
54388.410427 u 18.930 0.049
54388.411260 z 18.558 0.033
54388.412094 g 18.796 0.019
54392.406335 r 18.805 0.025
54392.407168 i 18.551 0.015
54392.408001 u 18.991 0.027
54392.408835 z 18.502 0.048
54392.409668 g 18.790 0.021
54403.322652 r 18.718 0.082
54403.323485 i 18.826 0.127
#54403.324319 u -99.000 0.124
54403.325152 z 18.538 0.049
54403.325985 g 18.776 0.018
54404.380060 r 18.763 0.027
54404.380893 i 18.597 0.026
#54404.381726 u -99.000 0.112
#54404.382560 z -99.000 0.102
54404.383393 g 18.812 0.016
54405.378052 r 18.769 0.015
54405.378886 i 18.549 0.014
54405.379719 u 18.936 0.041
54405.380552 z 18.534 0.041
54405.381386 g 18.795 0.014
54406.316449 r 18.744 0.016
54406.317282 i 18.582 0.017
54406.318115 u 18.987 0.026
54406.318949 z 18.577 0.033
54406.319782 g 18.791 0.019
54412.342182 r 18.772 0.020
54412.343015 i 18.597 0.021
#54412.343849 u -99.000 0.032
54412.344682 z 18.600 0.047
54412.345515 g 18.781 0.018
