51467.283383 r 17.698 0.007
51467.284216 i 17.113 0.006
51467.285050 u 20.970 0.168
51467.285883 z 16.780 0.012
51467.286716 g 18.908 0.012
51819.259377 r 17.735 0.006
51819.260210 i 17.162 0.006
51819.261044 u 21.463 0.138
51819.261877 z 16.830 0.010
51819.262710 g 18.939 0.010
52172.274946 r 17.702 0.006
52172.275779 i 17.136 0.006
52172.276613 u 21.221 0.105
52172.277446 z 16.792 0.010
52172.278279 g 18.918 0.010
52558.224647 r 17.695 0.006
52558.225480 i 17.145 0.006
52558.226314 u 21.041 0.102
52558.227147 z 16.810 0.010
52558.227980 g 18.929 0.009
52576.136905 r 17.682 0.008
52576.137738 i 17.113 0.008
52576.138572 u 21.025 0.103
52576.139405 z 16.774 0.012
52576.140238 g 18.890 0.010
52577.112140 r 17.690 0.006
52577.112973 i 17.127 0.006
52577.113807 u 21.117 0.102
52577.114640 z 16.796 0.011
52577.115473 g 18.890 0.009
52931.126302 r 17.713 0.006
52931.127135 i 17.178 0.006
52931.127969 u 21.614 0.131
52931.128802 z 16.862 0.010
52931.129635 g 19.057 0.010
52935.123266 r 17.682 0.007
52935.124099 i 17.131 0.007
52935.124933 u 20.911 0.099
52935.125766 z 16.801 0.011
52935.126599 g 18.884 0.010
53313.116466 r 17.687 0.006
53313.117299 i 17.125 0.006
53313.118133 u 20.716 0.091
53313.118966 z 16.767 0.011
53313.119799 g 18.876 0.009
53622.225712 r 17.777 0.006
53622.226545 i 17.189 0.006
53622.227379 u 22.262 0.440
53622.228212 z 16.847 0.012
53622.229045 g 18.896 0.011
53625.221676 r 17.753 0.007
53625.222509 i 17.194 0.007
53625.223343 u 21.718 0.166
53625.224176 z 16.863 0.010
53625.225009 g 19.008 0.011
53634.175181 r 17.678 0.008
53634.176014 i 17.112 0.007
53634.176848 u 21.110 0.402
53634.177681 z 16.775 0.014
53634.178514 g 18.848 0.025
53636.180714 r 17.696 0.007
53636.181547 i 17.130 0.006
53636.182381 u 20.912 0.102
53636.183214 z 16.789 0.011
53636.184047 g 18.920 0.011
53655.152719 r 17.673 0.007
53655.153552 i 17.122 0.006
53655.154386 u 20.488 0.138
53655.155219 z 16.803 0.011
53655.156052 g 18.907 0.015
53664.177677 r 17.825 0.007
53664.178510 i 17.253 0.006
53664.179344 u 21.945 0.400
53664.180177 z 16.819 0.010
53664.181010 g 19.066 0.016
53666.141278 r 17.753 0.007
53666.142111 i 17.178 0.007
53666.142945 u 21.886 0.152
53666.143778 z 16.820 0.010
53666.144611 g 18.986 0.009
53669.136917 r 17.681 0.006
53669.137750 i 17.129 0.006
53669.138584 u 22.948 0.368
53669.139417 z 16.816 0.010
53669.140250 g 19.077 0.010
53671.221708 r 17.661 0.006
53671.222541 i 17.096 0.006
53671.223375 u 20.675 0.133
53671.224208 z 16.798 0.012
53671.225041 g 18.848 0.011
53674.121152 r 17.767 0.006
53674.121985 i 17.126 0.006
53674.122819 u 21.642 0.151
53674.123652 z 16.872 0.010
53674.124485 g 18.899 0.009
53676.210650 r 17.697 0.006
53676.211483 i 17.138 0.006
53676.212317 u 21.541 0.143
53676.213150 z 16.879 0.010
53676.213983 g 19.024 0.010
53679.182531 r 17.985 0.007
53679.183364 i 17.479 0.007
53679.184198 u 22.376 0.463
53679.185031 z 17.042 0.013
53679.185864 g 19.442 0.016
53681.174043 r 17.730 0.007
53681.174876 i 17.140 0.007
53681.175710 u 22.255 0.346
53681.176543 z 16.859 0.014
53681.177376 g 19.037 0.016
53685.133088 r 17.698 0.009
53685.133921 i 17.126 0.007
53685.134755 u 20.770 0.203
53685.135588 z 16.785 0.011
53685.136421 g 18.912 0.020
53687.171436 r 17.683 0.010
53687.172269 i 17.099 0.007
53687.173103 u 21.181 0.369
#53687.173936 z -99.000 0.011
53687.174769 g 18.846 0.020
53694.146978 r 17.655 0.009
53694.147811 i 17.029 0.008
53694.148645 u 20.410 0.194
53694.149478 z 16.734 0.015
#53694.150311 g -99.000 0.023
53697.131068 r 17.732 0.046
53697.131901 i 17.144 0.034
#53697.132735 u 22.156 1.146
53697.133568 z 16.754 0.041
53697.134401 g 18.860 0.052
53700.130028 r 17.670 0.006
53700.130861 i 17.124 0.006
53700.131695 u 22.207 0.301
53700.132528 z 16.830 0.011
53700.133361 g 18.985 0.010
53705.116698 r 17.787 0.006
53705.117531 i 17.164 0.006
53705.118365 u 21.938 0.239
53705.119198 z 16.958 0.011
53705.120031 g 19.014 0.011
53975.201700 r 17.712 0.015
53975.202533 i 17.142 0.012
53975.203366 u 22.065 0.214
53975.204200 z 16.841 0.014
53975.205033 g 19.003 0.016
53996.208428 r 17.832 0.016
53996.209261 i 17.261 0.017
53996.210094 u 22.554 0.307
53996.210928 z 16.847 0.013
53996.211761 g 19.010 0.017
53998.177051 r 17.716 0.014
53998.177885 i 17.148 0.012
53998.178718 u 21.085 0.079
53998.179551 z 16.814 0.013
53998.180385 g 18.941 0.015
54010.162535 r 17.718 0.015
54010.163368 i 17.161 0.016
54010.164201 u 21.735 0.237
54010.165035 z 16.834 0.014
54010.165868 g 18.989 0.020
54012.155486 r 17.736 0.011
54012.156319 i 17.162 0.012
54012.157152 u 20.921 0.197
54012.157986 z 16.826 0.016
54012.158819 g 18.976 0.022
54020.161371 r 17.722 0.012
54020.162204 i 17.134 0.014
54020.163037 u 20.907 0.099
54020.163871 z 16.826 0.015
54020.164704 g 18.928 0.016
#54022.210639 r -99.000 0.013
54022.211472 i 17.152 0.014
54022.212306 u 21.241 0.152
54022.213139 z 16.840 0.014
#54022.213972 g -99.000 0.018
54028.151739 r 17.746 0.015
54028.152572 i 17.157 0.015
54028.153405 u 22.638 0.589
54028.154239 z 16.873 0.019
54028.155072 g 19.030 0.020
54030.154921 r 17.725 0.009
54030.155754 i 17.151 0.014
54030.156587 u 21.166 0.086
54030.157421 z 16.810 0.013
54030.158254 g 18.954 0.014
#54032.144286 r -99.000 0.013
54032.145119 i 17.181 0.013
54032.145952 u 22.426 0.557
#54032.146786 z -99.000 0.022
#54032.147619 g -99.000 0.026
#54034.214414 r -99.000 0.010
54034.215247 i 17.121 0.010
54034.216080 u 20.920 0.143
#54034.216914 z -99.000 0.019
#54034.217747 g -99.000 0.017
54037.136149 r 17.702 0.011
54037.136983 i 17.141 0.014
54037.137816 u 21.449 0.135
54037.138649 z 16.838 0.015
54037.139483 g 18.971 0.015
54040.150629 r 17.708 0.015
54040.151462 i 17.162 0.012
54040.152295 u 21.043 0.221
54040.153129 z 16.808 0.016
54040.153962 g 18.946 0.024
54050.135264 r 17.671 0.016
54050.136097 i 17.155 0.015
54050.136930 u 20.866 0.099
54050.137764 z 16.854 0.022
54050.138597 g 18.938 0.017
54053.141428 r 17.706 0.012
54053.142261 i 17.131 0.014
54053.143095 u 21.139 0.105
54053.143928 z 16.834 0.015
54053.144761 g 18.942 0.016
54056.143105 r 17.690 0.013
#54056.143938 i -99.000 0.083
54056.144772 u 21.102 0.225
54056.145605 z 16.740 0.024
54056.146438 g 18.905 0.030
54057.111748 r 17.710 0.015
54057.112582 i 17.142 0.015
54057.113415 u 21.175 0.098
54057.114248 z 16.813 0.017
54057.115082 g 18.920 0.022
54059.137385 r 17.700 0.017
54059.138218 i 17.144 0.014
54059.139052 u 20.817 0.110
54059.139885 z 16.826 0.014
54059.140718 g 18.929 0.017
54061.148427 r 17.718 0.016
54061.149260 i 17.152 0.018
54061.150094 u 20.944 0.108
54061.150927 z 16.861 0.019
#54061.151760 g -99.000 0.023
54062.142271 r 17.688 0.013
54062.143105 i 17.150 0.013
54062.143938 u 20.893 0.153
54062.144771 z 16.804 0.018
54062.145605 g 18.873 0.022
54068.132284 r 17.691 0.015
54068.133118 i 17.120 0.015
54068.133951 u 20.996 0.361
54068.134784 z 16.861 0.020
54068.135618 g 18.938 0.032
54357.180590 r 17.718 0.012
54357.181424 i 17.168 0.012
54357.182257 u 20.868 0.089
54357.183090 z 16.760 0.020
54357.183924 g 18.900 0.024
54365.178433 r 17.704 0.014
54365.179267 i 17.142 0.017
54365.180100 u 20.603 0.131
54365.180933 z 16.814 0.016
54365.181767 g 18.924 0.018
54385.228404 r 17.701 0.011
54385.229237 i 17.141 0.015
54385.230070 u 20.936 0.094
54385.230904 z 16.815 0.020
54385.231737 g 18.927 0.015
54387.228900 r 17.692 0.014
54387.229733 i 17.151 0.013
54387.230567 u 20.867 0.105
54387.231400 z 16.824 0.016
54387.232233 g 18.930 0.015
54392.223627 r 18.279 0.032
54392.224460 i 17.239 0.015
#54392.225293 u 24.036 2.656
54392.226127 z 16.900 0.019
54392.226960 g 19.093 0.022
54402.222110 r 17.690 0.014
54402.222943 i 17.125 0.013
54402.223777 u 21.475 0.380
54402.224610 z 16.824 0.019
54402.225443 g 18.897 0.020
