51081.365677 r 20.359 0.030
51081.366510 i 20.338 0.039
51081.367344 u 21.520 0.150
51081.368177 z 20.466 0.203
51081.369010 g 20.453 0.025
51819.436877 r 20.363 0.031
51819.437710 i 20.355 0.044
51819.438544 u 21.391 0.146
51819.439377 z 20.719 0.267
51819.440210 g 20.454 0.027
52225.261508 r 20.222 0.027
52225.262341 i 20.267 0.036
52225.263175 u 21.494 0.142
52225.264008 z 20.469 0.172
52225.264841 g 20.265 0.020
52288.095928 r 20.375 0.033
52288.096761 i 20.322 0.038
52288.097595 u 21.506 0.145
52288.098428 z 20.849 0.253
52288.099261 g 20.437 0.024
52551.369220 r 20.260 0.027
52551.370053 i 20.315 0.039
52551.370887 u 21.539 0.161
52551.371720 z 20.214 0.155
52551.372553 g 20.345 0.025
52558.402095 r 20.321 0.024
52558.402928 i 20.322 0.031
52558.403762 u 21.578 0.136
52558.404595 z 20.249 0.119
52558.405428 g 20.432 0.020
52576.235146 r 20.214 0.026
52576.235979 i 20.258 0.038
52576.236813 u 21.477 0.153
52576.237646 z 20.513 0.214
52576.238479 g 20.364 0.022
52577.289603 r 20.335 0.028
52577.290436 i 20.378 0.038
52577.291270 u 21.590 0.142
52577.292103 z 20.647 0.201
52577.292936 g 20.406 0.021
52585.236680 r 20.274 0.028
52585.237513 i 20.293 0.044
52585.238347 u 21.474 0.126
52585.239180 z 20.237 0.182
52585.240013 g 20.395 0.022
52909.403316 r 20.318 0.024
52909.404149 i 20.333 0.034
#52909.404983 u -99.000 0.135
52909.405816 z 20.342 0.144
52909.406649 g 20.343 0.021
52910.373559 r 20.257 0.027
52910.374392 i 20.246 0.034
52910.375226 u 21.460 0.146
52910.376059 z 20.213 0.178
52910.376892 g 20.365 0.023
52935.300727 r 20.251 0.031
52935.301560 i 20.332 0.043
52935.302394 u 21.191 0.124
52935.303227 z 20.309 0.188
52935.304060 g 20.384 0.023
52963.223802 r 20.252 0.022
52963.224635 i 20.287 0.029
52963.225469 u 21.549 0.116
52963.226302 z 20.150 0.102
52963.227135 g 20.341 0.019
52971.214718 r 20.291 0.029
52971.215551 i 20.308 0.041
52971.216385 u 21.590 0.194
52971.217218 z 20.057 0.149
52971.218051 g 20.355 0.023
53351.146106 r 20.323 0.032
53351.146939 i 20.379 0.046
53351.147773 u 21.502 0.154
53351.148606 z 20.182 0.194
53351.149439 g 20.427 0.025
53622.403160 r 20.419 0.032
53622.403993 i 20.263 0.044
53622.404827 u 21.462 0.167
53622.405660 z 20.201 0.160
53622.406493 g 20.436 0.023
53634.352631 r 20.233 0.064
53634.353464 i 20.290 0.078
53634.354298 u 21.449 0.501
53634.355131 z 20.916 0.365
53634.355964 g 20.440 0.087
53638.393968 r 20.214 0.031
53638.394801 i 20.361 0.041
53638.395635 u 21.471 0.177
53638.396468 z 20.479 0.238
53638.397301 g 20.377 0.027
53640.358003 r 20.314 0.028
53640.358836 i 20.295 0.039
53640.359670 u 21.569 0.229
53640.360503 z 20.097 0.148
53640.361336 g 20.425 0.026
#53646.419412 r -99.000 0.040
53646.420245 i 20.276 0.037
53646.421079 u 21.392 0.175
53646.421912 z 20.320 0.230
53646.422745 g 20.300 0.028
53655.330176 r 20.204 0.028
53655.331009 i 20.285 0.043
53655.331843 u 21.375 0.157
53655.332676 z 20.382 0.207
53655.333509 g 20.289 0.022
53664.355132 r 20.269 0.081
53664.355965 i 20.336 0.097
53664.356799 u 22.044 0.755
53664.357632 z 19.971 0.215
53664.358465 g 20.417 0.079
53665.419767 r 20.300 0.044
53665.420600 i 20.338 0.054
53665.421434 u 21.152 0.263
53665.422267 z 20.113 0.165
53665.423100 g 20.406 0.045
53669.314377 r 20.164 0.025
53669.315210 i 20.221 0.037
53669.316044 u 21.492 0.166
53669.316877 z 19.992 0.124
53669.317710 g 20.185 0.022
53671.399133 r 20.230 0.036
53671.399966 i 20.151 0.039
53671.400800 u 21.320 0.189
53671.401633 z 20.660 0.232
53671.402466 g 20.264 0.024
53674.298613 r 20.354 0.042
53674.299446 i 20.405 0.067
53674.300280 u 21.142 0.185
#53674.301113 z -99.000 0.190
53674.301946 g 20.424 0.037
53676.388076 r 20.373 0.031
53676.388909 i 20.312 0.038
53676.389743 u 21.483 0.181
53676.390576 z 20.255 0.138
53676.391409 g 20.396 0.023
53679.359974 r 20.387 0.051
#53679.360807 i -99.000 0.081
#53679.361641 u -99.000 0.276
53679.362474 z 20.275 0.262
53679.363307 g 20.445 0.030
53681.351488 r 20.333 0.028
53681.352321 i 20.288 0.034
53681.353155 u 21.565 0.176
53681.353988 z 20.286 0.137
53681.354821 g 20.396 0.021
53684.312982 r 20.177 0.034
53684.313815 i 20.244 0.054
53684.314649 u 21.237 0.210
53684.315482 z 20.091 0.210
53684.316315 g 20.152 0.028
53694.324427 r 20.349 0.082
#53694.325260 i -99.000 0.075
53694.326094 u 20.793 0.310
#53694.326927 z -99.000 0.240
53694.327760 g 20.563 0.080
53697.308512 r 20.204 0.030
53697.309345 i 20.261 0.038
53697.310179 u 21.412 0.209
53697.311012 z 20.219 0.154
53697.311845 g 20.331 0.031
53700.307469 r 20.290 0.038
53700.308302 i 20.367 0.059
53700.309136 u 21.373 0.217
53700.309969 z 20.672 0.327
53700.310802 g 20.374 0.028
53705.294140 r 20.397 0.037
53705.294973 i 20.388 0.054
53705.295807 u 21.374 0.191
#53705.296640 z -99.000 0.274
53705.297473 g 20.461 0.027
53975.379170 r 20.236 0.026
53975.380003 i 20.239 0.038
53975.380837 u 21.429 0.159
53975.381670 z 20.273 0.183
53975.382503 g 20.328 0.024
#53993.391261 r -99.000 0.026
53993.392095 i 20.450 0.070
#53993.392928 u -99.000 0.430
53993.393761 z 20.283 0.365
#53993.394595 g -99.000 0.352
53994.402168 r 20.316 0.027
53994.403002 i 20.395 0.037
53994.403835 u 21.602 0.170
53994.404668 z 20.373 0.155
53994.405502 g 20.423 0.030
53996.385907 r 20.347 0.031
53996.386740 i 20.320 0.043
53996.387574 u 21.472 0.142
53996.388407 z 20.410 0.190
53996.389240 g 20.448 0.028
54005.399042 r 20.127 0.025
54005.399876 i 20.209 0.027
54005.400709 u 21.285 0.105
54005.401542 z 20.095 0.095
54005.402376 g 20.123 0.024
54010.340034 r 20.388 0.023
54010.340867 i 20.386 0.029
54010.341700 u 21.637 0.122
54010.342534 z 20.234 0.099
54010.343367 g 20.440 0.020
54012.332843 r 20.440 0.044
54012.333677 i 20.339 0.051
54012.334510 u 21.742 0.330
54012.335343 z 20.642 0.226
54012.336177 g 20.411 0.044
54020.338822 r 20.369 0.040
54020.339655 i 20.390 0.058
54020.340489 u 21.564 0.287
54020.341322 z 20.583 0.248
54020.342155 g 20.451 0.040
54024.420425 r 20.374 0.040
54024.421258 i 20.316 0.053
54024.422092 u 21.499 0.237
54024.422925 z 20.494 0.271
54024.423758 g 20.470 0.033
54028.408697 r 20.278 0.032
54028.409531 i 20.244 0.037
54028.410364 u 21.289 0.146
54028.411197 z 20.113 0.137
54028.412031 g 20.358 0.024
54030.332402 r 20.119 0.021
54030.333235 i 20.160 0.028
54030.334068 u 21.256 0.098
54030.334902 z 20.267 0.114
54030.335735 g 20.183 0.021
54035.408150 r 20.337 0.042
54035.408983 i 20.292 0.055
54035.409817 u 21.652 0.296
54035.410650 z 20.824 0.396
54035.411483 g 20.542 0.033
54037.313616 r 20.352 0.024
54037.314449 i 20.312 0.030
54037.315282 u 21.405 0.101
54037.316116 z 20.311 0.101
54037.316949 g 20.451 0.021
54040.328090 r 20.316 0.040
54040.328923 i 20.355 0.048
54040.329756 u 21.484 0.231
54040.330590 z 20.528 0.199
54040.331423 g 20.373 0.040
54049.354650 r 20.408 0.046
54049.355483 i 20.404 0.056
54049.356317 u 21.684 0.435
54049.357150 z 20.290 0.204
54049.357983 g 20.440 0.057
54053.318875 r 20.302 0.030
54053.319709 i 20.355 0.043
54053.320542 u 21.359 0.140
54053.321375 z 20.184 0.157
54053.322209 g 20.423 0.020
#54053.334244 r -99.000 0.028
54053.335077 i 20.358 0.041
54053.335910 u 21.172 0.130
#54053.336744 z -99.000 0.213
#54053.337577 g -99.000 0.025
#54056.320630 r -99.000 0.044
54056.321463 i 20.355 0.048
54056.322296 u 21.352 0.173
54056.323130 z 20.208 0.175
54056.323963 g 20.294 0.025
54059.314836 r 20.244 0.034
54059.315669 i 20.315 0.047
54059.316502 u 21.385 0.173
54059.317336 z 20.439 0.228
54059.318169 g 20.427 0.031
54061.325917 r 20.268 0.047
54061.326751 i 20.263 0.059
54061.327584 u 21.195 0.252
54061.328417 z 20.107 0.211
54061.329251 g 20.299 0.076
54062.319713 r 20.291 0.026
54062.320546 i 20.292 0.036
54062.321380 u 21.485 0.153
54062.322213 z 20.233 0.137
54062.323046 g 20.418 0.026
54064.316202 r 20.320 0.028
54064.317035 i 20.261 0.037
54064.317868 u 21.436 0.158
54064.318702 z 20.455 0.171
54064.319535 g 20.455 0.024
54068.300413 r 20.323 0.050
54068.301246 i 20.218 0.061
54068.302079 u 21.161 0.276
54068.302913 z 20.456 0.253
54068.303746 g 20.424 0.046
54357.358025 r 20.313 0.023
54357.358858 i 20.354 0.032
54357.359691 u 21.577 0.120
54357.360525 z 20.347 0.117
54357.361358 g 20.462 0.022
54359.389767 r 20.305 0.033
54359.390601 i 20.279 0.051
54359.391434 u 21.697 0.259
54359.392267 z 20.651 0.276
54359.393101 g 20.393 0.028
54362.407830 r 20.265 0.024
54362.408663 i 20.282 0.037
54362.409496 u 21.604 0.148
54362.410330 z 20.190 0.119
54362.411163 g 20.375 0.032
54376.402916 r 20.130 0.025
54376.403750 i 20.233 0.031
54376.404583 u 21.453 0.151
54376.405416 z 20.257 0.125
54376.406250 g 20.197 0.020
54382.388067 r 20.325 0.036
54382.388900 i 20.329 0.112
54382.389734 u 21.667 0.236
54382.390567 z 21.030 0.461
54382.391400 g 20.533 0.034
54385.405910 r 20.378 0.027
54385.406743 i 20.356 0.033
54385.407577 u 21.474 0.139
54385.408410 z 20.349 0.130
54385.409243 g 20.447 0.024
#54390.398780 r -99.000 0.163
#54390.399614 i -99.000 99.999
#54390.400447 u -99.000 0.483
#54390.401280 z -99.000 1.049
#54390.402114 g -99.000 0.029
#54391.407279 r -99.000 0.063
54391.408112 i 20.475 0.125
#54391.408946 u -99.000 0.394
#54391.409779 z -99.000 0.276
54391.410612 g 20.210 0.039
54402.399585 r 20.233 0.051
54402.400419 i 20.340 0.058
#54402.401252 u -99.000 0.527
54402.402085 z 20.322 0.177
54402.402919 g 20.376 0.057
