51464.199229 r 18.023 0.007
51464.200062 i 17.853 0.008
51464.200896 u 19.750 0.034
51464.201729 z 17.808 0.021
51464.202562 g 18.430 0.008
52197.224975 r 17.474 0.006
52197.225808 i 17.423 0.007
52197.226642 u 19.051 0.022
52197.227475 z 17.403 0.015
52197.228308 g 17.644 0.006
52231.110947 r 17.425 0.011
52231.111780 i 17.379 0.012
52231.112614 u 18.874 0.021
52231.113447 z 17.351 0.017
52231.114280 g 17.505 0.009
52557.218952 r 17.860 0.007
52557.219785 i 17.730 0.008
52557.220619 u 19.389 0.032
52557.221452 z 17.696 0.020
52557.222285 g 18.135 0.007
52578.115030 r 17.730 0.006
52578.115863 i 17.609 0.007
52578.116697 u 19.420 0.028
52578.117530 z 17.550 0.017
52578.118363 g 18.051 0.006
52929.145256 r 17.974 0.007
52929.146089 i 17.799 0.007
52929.146923 u 19.701 0.034
52929.147756 z 17.718 0.019
52929.148589 g 18.380 0.007
52934.125413 r 17.664 0.006
52934.126246 i 17.554 0.007
52934.127080 u 19.223 0.026
52934.127913 z 17.482 0.016
52934.128746 g 17.932 0.006
52936.121339 r 18.016 0.007
52936.122172 i 17.839 0.008
52936.123006 u 19.696 0.031
52936.123839 z 17.738 0.018
52936.124672 g 18.408 0.008
53243.306548 r 18.017 0.008
53243.307381 i 17.869 0.008
53243.308215 u 19.717 0.044
53243.309048 z 17.786 0.017
53243.309881 g 18.441 0.010
53270.185397 r 17.884 0.012
53270.186231 i 17.715 0.014
53270.187064 u 19.580 0.037
53270.187897 z 17.685 0.019
53270.188731 g 18.316 0.015
53272.235348 r 17.491 0.006
53272.236181 i 17.427 0.007
53272.237015 u 18.986 0.036
53272.237848 z 17.423 0.016
53272.238681 g 17.606 0.007
53288.162553 r 18.005 0.007
53288.163386 i 17.817 0.008
53288.164220 u 19.739 0.036
53288.165053 z 17.732 0.017
53288.165886 g 18.412 0.008
53294.189875 r 17.636 0.015
53294.190708 i 17.519 0.018
53294.191542 u 19.231 0.027
53294.192375 z 17.488 0.030
53294.193208 g 17.880 0.014
53302.158223 r 17.509 0.007
53302.159056 i 17.449 0.007
53302.159890 u 18.970 0.036
53302.160723 z 17.447 0.016
53302.161556 g 17.672 0.007
53312.113757 r 17.769 0.019
#53312.114590 i -99.000 0.017
53312.115423 u 19.518 0.036
53312.116257 z 17.607 0.027
53312.117090 g 18.152 0.013
53314.114949 r 18.058 0.008
53314.115782 i 17.905 0.009
53314.116616 u 19.818 0.039
53314.117449 z 17.776 0.023
53314.118282 g 18.462 0.008
53616.219321 r 17.278 0.006
53616.220154 i 17.292 0.007
53616.220988 u 18.699 0.023
53616.221821 z 17.294 0.018
53616.222654 g 17.406 0.008
53623.209530 r 17.599 0.006
53623.210363 i 17.526 0.007
53623.211197 u 19.219 0.028
53623.212030 z 17.458 0.016
53623.212863 g 17.864 0.006
53626.195743 r 17.835 0.008
53626.196576 i 17.690 0.008
53626.197410 u 19.463 0.043
53626.198243 z 17.627 0.018
53626.199076 g 18.225 0.009
53628.180608 r 18.066 0.012
53628.181441 i 17.889 0.012
53628.182275 u 19.850 0.117
53628.183108 z 17.773 0.027
53628.183941 g 18.527 0.020
53637.182223 r 17.935 0.007
53637.183056 i 17.763 0.008
53637.183890 u 19.674 0.044
53637.184723 z 17.639 0.021
53637.185556 g 18.358 0.008
53644.174674 r 18.009 0.015
53644.175507 i 17.819 0.016
53644.176341 u 19.756 0.036
53644.177174 z 17.750 0.019
53644.178007 g 18.432 0.017
53654.209293 r 17.472 0.006
53654.210126 i 17.434 0.007
53654.210960 u 18.992 0.030
53654.211793 z 17.433 0.017
53654.212626 g 17.654 0.006
53656.156884 r 17.918 0.010
53656.157717 i 17.704 0.010
53656.158551 u 19.668 0.091
53656.159384 z 17.658 0.024
53656.160217 g 18.301 0.014
53665.148162 r 17.544 0.009
53665.148995 i 17.455 0.012
53665.149829 u 19.066 0.046
53665.150662 z 17.421 0.035
53665.151495 g 17.695 0.012
53668.159794 r 17.774 0.006
53668.160627 i 17.654 0.008
53668.161461 u 19.450 0.033
53668.162294 z 17.616 0.025
53668.163127 g 18.114 0.007
53670.164647 r 18.052 0.007
53670.165480 i 17.862 0.009
53670.166314 u 19.744 0.039
53670.167147 z 17.814 0.022
53670.167980 g 18.452 0.008
53673.132630 r 17.728 0.006
53673.133463 i 17.632 0.007
53673.134297 u 19.278 0.030
53673.135130 z 17.569 0.017
53673.135963 g 17.955 0.006
53675.129518 r 17.885 0.007
53675.130351 i 17.716 0.007
53675.131185 u 19.625 0.036
53675.132018 z 17.610 0.018
53675.132851 g 18.277 0.007
53677.150550 r 17.813 0.006
53677.151383 i 17.687 0.007
53677.152217 u 19.361 0.031
53677.153050 z 17.635 0.016
53677.153883 g 18.039 0.006
53680.137217 r 17.606 0.006
53680.138050 i 17.512 0.007
53680.138884 u 19.187 0.026
53680.139717 z 17.481 0.015
53680.140550 g 17.850 0.006
53686.203923 r 18.030 0.015
53686.204756 i 17.861 0.014
#53686.205590 u -99.000 0.165
53686.206423 z 17.734 0.032
53686.207256 g 18.364 0.020
53693.139119 r 17.989 0.008
53693.139952 i 17.833 0.008
53693.140786 u 19.719 0.067
53693.141619 z 17.808 0.021
53693.142452 g 18.394 0.012
53702.134815 r 17.847 0.019
53702.135649 i 17.704 0.023
53702.136482 u 19.662 0.049
53702.137315 z 17.618 0.028
53702.138149 g 18.249 0.017
53703.143923 r 17.567 0.013
53703.144756 i 17.501 0.028
53703.145590 u 19.090 0.034
53703.146423 z 17.462 0.021
53703.147256 g 17.773 0.022
53704.122446 r 18.090 0.007
53704.123279 i 17.912 0.008
53704.124113 u 19.762 0.041
53704.124946 z 17.862 0.020
53704.125779 g 18.511 0.008
53989.218530 r 17.955 0.020
53989.219363 i 17.782 0.016
53989.220197 u 19.653 0.046
53989.221030 z 17.675 0.024
53989.221863 g 18.405 0.016
53995.207746 r 18.147 0.012
53995.208580 i 17.977 0.016
53995.209413 u 19.866 0.042
53995.210246 z 17.870 0.021
53995.211080 g 18.565 0.016
53997.186115 r 17.800 0.013
53997.186949 i 17.666 0.013
53997.187782 u 19.491 0.041
53997.188615 z 17.582 0.018
53997.189449 g 18.149 0.020
54000.193904 r 18.008 0.011
54000.194737 i 17.810 0.016
54000.195570 u 19.806 0.041
54000.196404 z 17.721 0.027
54000.197237 g 18.431 0.015
54005.157969 r 17.625 0.015
54005.158802 i 17.548 0.014
54005.159635 u 19.290 0.033
54005.160469 z 17.487 0.017
54005.161302 g 17.906 0.015
54007.170730 r 18.045 0.013
54007.171564 i 17.853 0.013
54007.172397 u 19.680 0.040
54007.173230 z 17.763 0.024
54007.174064 g 18.452 0.013
54009.167882 r 17.597 0.017
54009.168715 i 17.515 0.017
54009.169549 u 19.172 0.028
54009.170382 z 17.444 0.020
54009.171215 g 17.831 0.020
54011.232326 r 18.013 0.017
54011.233160 i 17.869 0.017
54011.233993 u 19.634 0.054
54011.234826 z 17.782 0.020
54011.235660 g 18.456 0.021
54019.182525 r 17.979 0.015
54019.183358 i 17.798 0.018
54019.184191 u 19.755 0.053
54019.185025 z 17.715 0.020
54019.185858 g 18.406 0.016
54025.231349 r 17.476 0.013
54025.232182 i 17.419 0.013
54025.233016 u 19.093 0.024
54025.233849 z 17.410 0.020
54025.234682 g 17.654 0.019
54029.161668 r 17.975 0.016
54029.162502 i 17.827 0.016
54029.163335 u 19.543 0.031
54029.164168 z 17.732 0.022
54029.165002 g 18.303 0.016
54051.138323 r 17.593 0.026
54051.139156 i 17.547 0.038
54051.139990 u 19.215 0.092
54051.140823 z 17.478 0.053
54051.141656 g 17.822 0.016
54356.239848 r 18.010 0.014
54356.240682 i 17.817 0.016
54356.241515 u 19.779 0.035
54356.242348 z 17.705 0.022
54356.243182 g 18.450 0.018
#54358.184965 r -99.000 0.013
54358.185798 i 17.861 0.017
#54358.186632 u -99.000 0.193
#54358.187465 z -99.000 0.178
#54358.188298 g -99.000 0.019
54373.292159 r 17.631 0.017
54373.292993 i 17.549 0.020
54373.293826 u 19.243 0.060
54373.294659 z 17.474 0.019
54373.295493 g 17.917 0.022
54381.229700 r 17.382 0.018
54381.230533 i 17.410 0.016
54381.231366 u 18.851 0.037
54381.232200 z 17.382 0.026
54381.233033 g 17.517 0.023
54382.227088 r 18.002 0.014
54382.227921 i 17.838 0.016
54382.228755 u 19.779 0.050
54382.229588 z 17.752 0.023
54382.230421 g 18.404 0.019
54386.229840 r 18.036 0.017
54386.230674 i 17.862 0.017
54386.231507 u 19.709 0.038
54386.232340 z 17.786 0.022
54386.233174 g 18.442 0.016
54388.234162 r 17.598 0.012
54388.234995 i 17.506 0.014
54388.235828 u 19.182 0.029
54388.236662 z 17.448 0.019
54388.237495 g 17.846 0.016
54403.147905 r 17.495 0.017
54403.148738 i 17.445 0.013
54403.149571 u 19.022 0.026
54403.150405 z 17.423 0.018
54403.151238 g 17.706 0.016
54406.141717 r 17.752 0.015
54406.142551 i 17.613 0.015
54406.143384 u 19.426 0.040
54406.144217 z 17.550 0.020
54406.145051 g 18.114 0.018
54412.144668 r 18.003 0.015
54412.145502 i 17.830 0.013
54412.146335 u 19.695 0.036
54412.147168 z 17.742 0.019
54412.148002 g 18.379 0.015
