51081.358756 r 18.608 0.009
51081.359589 i 18.660 0.013
#51081.360423 u -99.000 0.028
51081.361256 z 18.449 0.031
51081.362089 g 18.810 0.009
51819.429907 r 18.594 0.010
51819.430740 i 18.629 0.014
51819.431574 u 19.182 0.033
51819.432407 z 18.458 0.034
51819.433240 g 18.754 0.009
52225.254599 r 18.304 0.008
52225.255432 i 18.334 0.011
#52225.256266 u -99.000 0.022
52225.257099 z 18.283 0.028
52225.257932 g 18.503 0.008
52288.089019 r 18.329 0.008
52288.089852 i 18.356 0.010
52288.090686 u 18.928 0.023
52288.091519 z 18.255 0.024
52288.092352 g 18.554 0.008
52551.362311 r 18.390 0.008
52551.363144 i 18.382 0.011
52551.363978 u 18.983 0.024
52551.364811 z 18.311 0.030
52551.365644 g 18.620 0.008
52558.395185 r 18.412 0.008
52558.396018 i 18.411 0.011
52558.396852 u 19.015 0.023
52558.397685 z 18.288 0.026
52558.398518 g 18.609 0.008
52576.228236 r 18.406 0.008
52576.229069 i 18.418 0.011
52576.229903 u 19.062 0.024
52576.230736 z 18.289 0.029
52576.231569 g 18.607 0.008
52577.282693 r 18.396 0.008
52577.283526 i 18.410 0.011
52577.284360 u 18.993 0.024
52577.285193 z 18.321 0.028
52577.286026 g 18.594 0.008
52585.229770 r 18.380 0.009
52585.230603 i 18.417 0.012
52585.231437 u 19.035 0.026
52585.232270 z 18.272 0.036
52585.233103 g 18.611 0.008
52910.366649 r 18.335 0.008
52910.367482 i 18.360 0.011
#52910.368316 u -99.000 0.023
52910.369149 z 18.283 0.028
52910.369982 g 18.505 0.008
52935.293817 r 18.343 0.009
52935.294650 i 18.360 0.012
52935.295484 u 18.965 0.025
52935.296317 z 18.276 0.034
52935.297150 g 18.506 0.008
52963.216892 r 18.343 0.008
52963.217725 i 18.370 0.011
52963.218559 u 18.893 0.021
52963.219392 z 18.352 0.025
52963.220225 g 18.554 0.008
52971.207809 r 18.341 0.008
52971.208642 i 18.368 0.011
52971.209476 u 18.936 0.023
52971.210309 z 18.352 0.028
52971.211142 g 18.563 0.007
53351.139197 r 18.512 0.009
53351.140030 i 18.534 0.012
53351.140864 u 19.119 0.026
53351.141697 z 18.355 0.032
53351.142530 g 18.721 0.008
53622.396252 r 18.449 0.009
53622.397085 i 18.484 0.014
53622.397919 u 19.022 0.028
53622.398752 z 18.427 0.034
53622.399585 g 18.607 0.008
53634.345724 r 18.406 0.019
53634.346557 i 18.390 0.018
53634.347391 u 18.960 0.059
53634.348224 z 18.295 0.039
53634.349057 g 18.576 0.019
53638.387059 r 18.415 0.009
53638.387892 i 18.456 0.012
53638.388726 u 18.934 0.027
53638.389559 z 18.341 0.059
53638.390392 g 18.587 0.009
53640.351095 r 18.421 0.009
53640.351928 i 18.471 0.012
53640.352762 u 18.943 0.026
53640.353595 z 18.368 0.029
53640.354428 g 18.610 0.008
#53646.412492 r -99.000 0.015
#53646.413325 i -99.000 0.015
53646.414159 u 19.009 0.031
53646.414992 z 18.331 0.032
#53646.415825 g -99.000 0.009
53655.323268 r 18.408 0.009
53655.324101 i 18.461 0.013
53655.324935 u 18.934 0.025
53655.325768 z 18.319 0.034
53655.326601 g 18.594 0.008
53664.348222 r 18.381 0.020
53664.349055 i 18.448 0.024
53664.349889 u 18.890 0.050
53664.350722 z 18.299 0.062
53664.351555 g 18.607 0.020
53665.412846 r 18.426 0.011
53665.413679 i 18.446 0.013
53665.414513 u 18.906 0.040
53665.415346 z 18.329 0.034
53665.416179 g 18.619 0.014
53669.307468 r 18.400 0.008
53669.308301 i 18.498 0.011
53669.309135 u 18.923 0.023
53669.309968 z 18.343 0.028
53669.310801 g 18.576 0.008
53671.392224 r 18.423 0.011
53671.393057 i 18.420 0.013
#53671.393891 u -99.000 0.033
53671.394724 z 18.327 0.036
53671.395557 g 18.571 0.009
53674.291705 r 18.413 0.009
53674.292538 i 18.455 0.013
53674.293372 u 18.934 0.029
53674.294205 z 18.305 0.034
53674.295038 g 18.611 0.008
53676.381167 r 18.373 0.009
53676.382000 i 18.384 0.013
53676.382834 u 18.907 0.029
53676.383667 z 18.258 0.032
53676.384500 g 18.569 0.008
53679.353066 r 18.399 0.010
53679.353899 i 18.458 0.014
53679.354733 u 18.891 0.031
53679.355566 z 18.330 0.037
53679.356399 g 18.612 0.009
53681.344579 r 18.410 0.010
53681.345412 i 18.445 0.012
53681.346246 u 18.962 0.026
53681.347079 z 18.354 0.028
53681.347912 g 18.600 0.008
53684.306073 r 18.399 0.010
53684.306906 i 18.408 0.013
53684.307740 u 18.936 0.027
53684.308573 z 18.269 0.032
53684.309406 g 18.603 0.009
53685.303636 r 18.395 0.011
53685.304469 i 18.485 0.014
53685.305303 u 18.960 0.032
53685.306136 z 18.370 0.031
53685.306969 g 18.613 0.012
53694.317517 r 18.422 0.018
#53694.318350 i -99.000 0.019
#53694.319184 u -99.000 0.085
#53694.320017 z -99.000 0.049
#53694.320850 g -99.000 0.018
53697.301605 r 18.405 0.009
53697.302438 i 18.430 0.012
53697.303272 u 18.961 0.029
53697.304105 z 18.324 0.030
53697.304938 g 18.600 0.010
53700.300561 r 18.402 0.010
53700.301394 i 18.418 0.014
53700.302228 u 18.951 0.034
53700.303061 z 18.392 0.044
53700.303894 g 18.572 0.009
53705.287231 r 18.381 0.008
53705.288064 i 18.424 0.013
53705.288898 u 18.986 0.029
53705.289731 z 18.295 0.029
53705.290564 g 18.599 0.008
53975.372225 r 18.559 0.016
53975.373058 i 18.574 0.019
53975.373892 u 19.171 0.026
53975.374725 z 18.422 0.032
53975.375558 g 18.767 0.014
53990.385187 r 18.550 0.022
53990.386021 i 18.541 0.020
53990.386854 u 19.145 0.051
53990.387687 z 18.404 0.039
53990.388521 g 18.743 0.028
53993.384362 r 18.545 0.016
#53993.385195 i -99.000 0.039
53993.386028 u 19.179 0.050
53993.386862 z 18.420 0.033
#53993.387695 g -99.000 0.018
53994.395221 r 18.513 0.012
53994.396055 i 18.553 0.016
53994.396888 u 19.146 0.026
53994.397721 z 18.429 0.032
53994.398555 g 18.712 0.013
53996.378963 r 18.550 0.028
53996.379797 i 18.551 0.020
53996.380630 u 19.096 0.024
53996.381463 z 18.446 0.061
53996.382297 g 18.739 0.051
54005.392168 r 18.515 0.015
54005.393001 i 18.583 0.018
54005.393834 u 19.084 0.027
#54005.394668 z -99.000 0.028
54005.395501 g 18.695 0.015
54010.333078 r 18.492 0.018
54010.333911 i 18.523 0.013
54010.334745 u 19.042 0.023
54010.335578 z 18.392 0.030
54010.336411 g 18.703 0.021
54012.325946 r 18.490 0.015
54012.326779 i 18.547 0.018
#54012.327612 u -99.000 0.038
54012.328446 z 18.390 0.037
54012.329279 g 18.669 0.017
54020.332032 r 18.488 0.012
54020.332865 i 18.542 0.015
54020.333698 u 19.103 0.040
54020.334532 z 18.426 0.037
54020.335365 g 18.676 0.017
54024.413630 r 18.487 0.020
54024.414464 i 18.486 0.058
54024.415297 u 19.052 0.046
54024.416130 z 18.380 0.038
54024.416964 g 18.662 0.037
54028.401798 r 18.476 0.022
54028.402632 i 18.547 0.019
54028.403465 u 19.090 0.039
54028.404298 z 18.433 0.038
54028.405132 g 18.669 0.020
54030.325466 r 18.483 0.012
54030.326299 i 18.520 0.015
54030.327132 u 19.049 0.026
#54030.327966 z -99.000 0.029
54030.328799 g 18.665 0.015
54035.401207 r 18.480 0.025
54035.402040 i 18.558 0.027
54035.402874 u 19.085 0.044
54035.403707 z 18.379 0.044
54035.404540 g 18.693 0.015
54037.306706 r 18.483 0.017
54037.307539 i 18.566 0.014
#54037.308372 u -99.000 0.027
54037.309206 z 18.441 0.026
54037.310039 g 18.663 0.014
54040.321189 r 18.481 0.012
54040.322022 i 18.525 0.015
54040.322856 u 19.087 0.034
54040.323689 z 18.370 0.030
54040.324522 g 18.669 0.022
54049.347812 r 18.486 0.012
54049.348646 i 18.546 0.016
54049.349479 u 19.025 0.045
54049.350312 z 18.356 0.035
54049.351146 g 18.656 0.020
54053.311973 r 18.451 0.016
54053.312806 i 18.494 0.018
54053.313640 u 19.060 0.026
54053.314473 z 18.367 0.029
54053.315306 g 18.684 0.016
54056.313743 r 18.495 0.016
54056.314576 i 18.500 0.016
54056.315410 u 19.088 0.042
54056.316243 z 18.341 0.035
54056.317076 g 18.678 0.017
54059.308047 r 18.498 0.026
54059.308880 i 18.547 0.016
54059.309713 u 19.037 0.038
54059.310547 z 18.400 0.040
54059.311380 g 18.654 0.017
54061.319019 r 18.469 0.025
54061.319852 i 18.565 0.043
54061.320686 u 18.996 0.042
54061.321519 z 18.338 0.063
54061.322352 g 18.696 0.017
54062.312837 r 18.498 0.016
54062.313671 i 18.536 0.016
#54062.314504 u -99.000 0.028
54062.315337 z 18.446 0.034
54062.316171 g 18.701 0.026
54064.309422 r 18.501 0.019
54064.310255 i 18.512 0.014
54064.311089 u 19.063 0.030
54064.311922 z 18.423 0.031
54064.312755 g 18.714 0.014
54068.293385 r 18.499 0.016
54068.294218 i 18.533 0.019
54068.295052 u 19.080 0.042
54068.295885 z 18.412 0.036
54068.296718 g 18.680 0.021
54357.351112 r 18.473 0.021
54357.351945 i 18.495 0.020
54357.352778 u 19.089 0.025
54357.353612 z 18.397 0.027
54357.354445 g 18.658 0.018
54359.382841 r 18.420 0.016
54359.383674 i 18.434 0.017
54359.384508 u 19.102 0.032
54359.385341 z 18.340 0.036
54359.386174 g 18.631 0.016
54362.400977 r 18.457 0.012
54362.401811 i 18.481 0.018
#54362.402644 u -99.000 0.023
54362.403477 z 18.374 0.030
54362.404311 g 18.662 0.020
54376.396061 r 18.422 0.016
54376.396895 i 18.482 0.015
54376.397728 u 19.021 0.028
54376.398561 z 18.434 0.030
54376.399395 g 18.620 0.013
54382.381137 r 18.437 0.014
54382.381970 i 18.457 0.014
54382.382804 u 18.911 0.036
54382.383637 z 18.355 0.038
54382.384470 g 18.614 0.012
54385.398953 r 18.422 0.017
54385.399787 i 18.453 0.015
54385.400620 u 19.080 0.036
54385.401453 z 18.328 0.023
54385.402287 g 18.637 0.016
54387.399456 r 18.412 0.047
54387.400290 i 18.436 0.051
54387.401123 u 19.099 0.060
54387.401956 z 18.343 0.057
54387.402790 g 18.681 0.023
54390.391833 r 18.420 0.014
54390.392667 i 18.481 0.017
54390.393500 u 19.016 0.034
#54390.394333 z -99.000 0.119
#54390.395167 g -99.000 0.021
54391.400254 r 18.444 0.018
54391.401087 i 18.450 0.020
54391.401921 u 18.980 0.046
54391.402754 z 18.339 0.052
54391.403587 g 18.654 0.015
54402.392755 r 18.412 0.014
54402.393588 i 18.464 0.016
54402.394422 u 18.963 0.054
54402.395255 z 18.370 0.037
54402.396088 g 18.621 0.021
