51075.391592 r 19.799 0.020
51075.392425 i 19.602 0.026
#51075.393259 u -99.000 0.113
51075.394092 z 19.632 0.117
51075.394925 g 20.257 0.023
51818.361267 r 19.790 0.017
51818.362100 i 19.580 0.020
51818.362934 u 21.265 0.102
51818.363767 z 19.405 0.066
51818.364600 g 20.274 0.021
52170.412239 r 19.772 0.018
52170.413072 i 19.580 0.021
52170.413906 u 21.627 0.142
52170.414739 z 19.501 0.074
52170.415572 g 20.266 0.020
52173.325607 r 19.720 0.022
52173.326440 i 19.562 0.027
52173.327274 u 21.417 0.164
52173.328107 z 19.650 0.108
52173.328940 g 20.270 0.024
52224.305752 r 19.824 0.018
52224.306585 i 19.614 0.020
52224.307419 u 21.409 0.119
52224.308252 z 19.466 0.060
52224.309085 g 20.324 0.020
52234.262262 r 19.810 0.019
52234.263095 i 19.576 0.020
52234.263929 u 21.515 0.136
52234.264762 z 19.618 0.070
52234.265595 g 20.300 0.022
52261.225615 r 19.786 0.018
52261.226448 i 19.614 0.021
52261.227282 u 21.245 0.116
52261.228115 z 19.634 0.071
52261.228948 g 20.314 0.021
52287.106109 r 19.805 0.019
52287.106942 i 19.587 0.020
52287.107776 u 21.257 0.112
52287.108609 z 19.527 0.066
52287.109442 g 20.332 0.021
52552.424810 r 19.970 0.031
52552.425643 i 19.696 0.036
52552.426477 u 21.277 0.191
52552.427310 z 19.474 0.103
52552.428143 g 20.513 0.034
52557.399168 r 19.840 0.020
52557.400001 i 19.628 0.023
52557.400835 u 21.395 0.133
52557.401668 z 19.645 0.089
52557.402501 g 20.368 0.022
52908.373735 r 19.831 0.020
52908.374568 i 19.635 0.024
52908.375402 u 21.271 0.119
52908.376235 z 19.438 0.072
52908.377068 g 20.397 0.023
52912.353173 r 19.827 0.018
52912.354006 i 19.741 0.024
52912.354840 u 21.496 0.153
52912.355673 z 19.477 0.064
52912.356506 g 20.317 0.021
52934.305639 r 19.843 0.023
52934.306472 i 19.590 0.025
#52934.307306 u -99.000 0.124
52934.308139 z 19.460 0.087
52934.308972 g 20.268 0.022
52936.301566 r 19.830 0.019
52936.302399 i 19.628 0.022
52936.303233 u 21.423 0.118
52936.304066 z 19.520 0.071
52936.304899 g 20.300 0.019
53270.365627 r 19.808 0.020
53270.366460 i 19.667 0.024
53270.367294 u 21.344 0.124
53270.368127 z 19.696 0.067
53270.368960 g 20.309 0.022
53272.415566 r 19.960 0.023
53272.416399 i 19.621 0.022
53272.417233 u 21.388 0.139
53272.418066 z 19.483 0.068
53272.418899 g 20.322 0.022
53286.384285 r 19.854 0.022
53286.385118 i 19.600 0.023
53286.385952 u 21.271 0.153
53286.386785 z 19.549 0.073
53286.387618 g 20.311 0.024
53288.342778 r 19.749 0.017
53288.343611 i 19.614 0.020
#53288.344445 u -99.000 0.149
53288.345278 z 19.516 0.065
53288.346111 g 20.302 0.021
53294.390451 r 19.915 0.025
53294.391284 i 19.727 0.029
53294.392118 u 21.417 0.152
53294.392951 z 19.513 0.077
53294.393784 g 20.474 0.026
53296.337473 r 19.895 0.051
53296.338307 i 19.631 0.033
53296.339140 u 21.529 0.154
53296.339973 z 19.493 0.075
53296.340807 g 20.344 0.029
53298.387228 r 19.729 0.027
53298.388061 i 19.512 0.030
53298.388895 u 21.295 0.155
53298.389728 z 19.507 0.117
53298.390561 g 20.257 0.026
53302.338446 r 19.877 0.030
53302.339279 i 19.696 0.032
53302.340113 u 21.434 0.271
53302.340946 z 19.600 0.076
53302.341779 g 20.351 0.045
53312.294163 r 19.962 0.036
53312.294996 i 19.600 0.032
53312.295829 u 21.595 0.277
53312.296663 z 19.324 0.078
53312.297496 g 20.262 0.042
53314.295178 r 19.920 0.027
53314.296011 i 19.542 0.025
53314.296845 u 21.398 0.170
53314.297678 z 19.570 0.090
53314.298511 g 20.462 0.030
53319.282974 r 19.916 0.044
#53319.283807 i -99.000 0.036
53319.284641 u 21.369 0.230
53319.285474 z 19.266 0.099
53319.286307 g 20.360 0.034
53616.399533 r 19.952 0.025
53616.400366 i 19.594 0.025
53616.401200 u 21.812 0.243
#53616.402033 z -99.000 0.076
53616.402866 g 20.300 0.024
#53626.375960 r -99.000 0.037
53626.376793 i 19.513 0.039
#53626.377627 u -99.000 0.220
#53626.378460 z -99.000 0.134
53626.379293 g 20.390 0.036
53628.360824 r 19.805 0.027
53628.361657 i 19.623 0.030
53628.362491 u 21.536 0.290
53628.363324 z 19.480 0.089
53628.364157 g 20.353 0.045
53637.362442 r 19.799 0.029
53637.363275 i 19.605 0.032
53637.364109 u 21.685 0.325
53637.364942 z 19.389 0.079
53637.365775 g 20.321 0.041
53639.407820 r 19.797 0.018
53639.408653 i 19.610 0.020
53639.409487 u 21.605 0.167
53639.410320 z 19.628 0.069
53639.411153 g 20.346 0.024
53641.406986 r 19.837 0.019
53641.407819 i 19.641 0.021
53641.408653 u 21.561 0.171
53641.409486 z 19.447 0.065
53641.410319 g 20.332 0.023
53657.365869 r 19.769 0.040
53657.366702 i 19.546 0.040
53657.367536 u 20.811 0.216
53657.368369 z 19.395 0.100
53657.369202 g 20.393 0.069
53663.350418 r 19.871 0.029
53663.351251 i 19.669 0.026
53663.352085 u 21.463 0.320
53663.352918 z 19.418 0.069
53663.353751 g 20.306 0.046
53665.328389 r 19.798 0.034
53665.329222 i 19.635 0.026
53665.330056 u 20.981 0.173
53665.330889 z 19.436 0.080
53665.331722 g 20.289 0.040
53666.420507 r 19.780 0.026
53666.421340 i 19.661 0.027
53666.422174 u 20.787 0.175
53666.423007 z 19.526 0.081
53666.423840 g 20.246 0.038
53668.340018 r 19.994 0.030
53668.340851 i 19.650 0.028
53668.341685 u 21.856 0.295
53668.342518 z 19.858 0.116
53668.343351 g 20.544 0.039
53669.427637 r 19.808 0.029
53669.428470 i 19.583 0.030
53669.429304 u 21.559 0.329
53669.430137 z 19.366 0.085
53669.430970 g 20.361 0.038
53670.344870 r 20.010 0.029
53670.345703 i 19.681 0.029
53670.346537 u 21.403 0.236
53670.347370 z 19.738 0.107
53670.348203 g 20.428 0.030
53673.312857 r 19.819 0.018
53673.313690 i 19.611 0.019
53673.314524 u 21.598 0.147
53673.315357 z 19.682 0.066
53673.316190 g 20.353 0.020
53675.309745 r 19.766 0.022
53675.310578 i 19.560 0.023
53675.311412 u 21.140 0.119
53675.312245 z 19.556 0.094
53675.313078 g 20.236 0.021
53677.330774 r 19.806 0.019
53677.331607 i 19.641 0.020
53677.332441 u 21.288 0.120
53677.333274 z 19.613 0.059
53677.334107 g 20.320 0.020
53680.317442 r 19.819 0.021
53680.318275 i 19.627 0.022
53680.319109 u 21.349 0.128
53680.319942 z 19.466 0.063
53680.320775 g 20.321 0.020
53683.375997 r 19.858 0.027
53683.376830 i 19.612 0.033
53683.377664 u 21.360 0.202
53683.378497 z 19.794 0.154
53683.379330 g 20.266 0.024
53686.316874 r 19.759 0.042
53686.317707 i 19.633 0.044
53686.318541 u 21.011 0.370
53686.319374 z 19.441 0.106
53686.320207 g 20.164 0.078
53693.319335 r 19.701 0.036
53693.320168 i 19.533 0.037
53693.321002 u 21.976 0.826
53693.321835 z 19.620 0.121
53693.322668 g 20.202 0.071
53698.316723 r 19.872 0.024
53698.317556 i 19.615 0.025
53698.318390 u 21.077 0.141
53698.319223 z 19.672 0.094
53698.320056 g 20.241 0.030
53704.302655 r 19.851 0.022
53704.303488 i 19.609 0.024
53704.304322 u 21.076 0.132
53704.305155 z 19.571 0.092
53704.305988 g 20.321 0.024
53989.398791 r 19.875 0.031
53989.399624 i 19.681 0.032
#53989.400458 u -99.000 0.300
53989.401291 z 19.642 0.071
53989.402124 g 20.337 0.048
53995.437512 r 19.841 0.019
53995.438345 i 19.604 0.024
#53995.439178 u -99.000 0.109
53995.440012 z 19.537 0.052
53995.440845 g 20.330 0.023
54000.374130 r 19.898 0.028
54000.374964 i 19.688 0.027
#54000.375797 u -99.000 0.136
54000.376630 z 19.574 0.081
54000.377464 g 20.324 0.025
54007.424271 r 19.836 0.022
54007.425105 i 19.609 0.023
54007.425938 u 21.261 0.121
54007.426771 z 19.649 0.075
54007.427605 g 20.304 0.020
54009.348047 r 19.816 0.021
54009.348881 i 19.678 0.022
54009.349714 u 21.507 0.111
54009.350547 z 19.427 0.051
54009.351381 g 20.348 0.026
54011.412590 r 19.827 0.021
54011.413423 i 19.660 0.028
54011.414256 u 21.535 0.103
54011.415090 z 19.579 0.053
54011.415923 g 20.351 0.019
54025.411555 r 19.852 0.023
54025.412388 i 19.577 0.026
54025.413222 u 21.392 0.161
54025.414055 z 19.588 0.080
54025.414888 g 20.291 0.027
54346.405316 r 19.844 0.033
54346.406150 i 19.656 0.033
54346.406983 u 20.923 0.184
54346.407816 z 19.608 0.070
54346.408650 g 20.325 0.046
54348.409286 r 19.853 0.026
54348.410119 i 19.623 0.028
54348.410953 u 21.519 0.226
54348.411786 z 19.515 0.082
54348.412619 g 20.289 0.035
54355.419370 r 19.835 0.046
54355.420204 i 19.631 0.029
54355.421037 u 21.813 0.164
54355.421870 z 19.542 0.059
54355.422704 g 20.304 0.022
54358.365113 r 19.933 0.032
54358.365946 i 19.682 0.027
54358.366779 u 21.361 0.153
54358.367613 z 19.570 0.085
54358.368446 g 20.268 0.024
54365.398204 r 19.799 0.026
54365.399037 i 19.590 0.024
54365.399871 u 21.298 0.090
54365.400704 z 19.603 0.054
54365.401537 g 20.350 0.021
54381.417763 r 19.841 0.023
54381.418596 i 19.610 0.026
54381.419429 u 21.511 0.120
54381.420263 z 19.543 0.053
54381.421096 g 20.320 0.024
54384.424381 r 19.827 0.023
54384.425215 i 19.687 0.026
54384.426048 u 21.422 0.138
54384.426881 z 19.641 0.069
54384.427715 g 20.332 0.022
54386.410061 r 19.880 0.027
54386.410894 i 19.698 0.030
54386.411728 u 21.418 0.146
54386.412561 z 19.602 0.086
54386.413394 g 20.335 0.033
54388.414316 r 19.845 0.023
54388.415150 i 19.634 0.028
#54388.415983 u -99.000 0.140
54388.416816 z 19.548 0.060
54388.417650 g 20.398 0.025
54392.411943 r 19.808 0.025
54392.412776 i 19.766 0.030
#54392.413609 u -99.000 0.164
54392.414443 z 19.610 0.084
54392.415276 g 20.476 0.039
54404.385660 r 19.825 0.163
54404.386494 i 19.580 0.086
#54404.387327 u -99.000 0.211
54404.388160 z 19.405 0.101
54404.388994 g 20.342 0.101
54405.383622 r 19.832 0.030
54405.384456 i 19.620 0.027
54405.385289 u 21.256 0.182
54405.386122 z 19.582 0.068
54405.386956 g 20.365 0.034
54406.321944 r 19.810 0.026
54406.322777 i 19.642 0.022
54406.323610 u 21.138 0.107
54406.324444 z 19.587 0.054
54406.325277 g 20.297 0.025
54412.347716 r 19.823 0.020
54412.348549 i 19.607 0.029
54412.349383 u 21.373 0.142
54412.350216 z 19.675 0.076
54412.351049 g 20.320 0.026
