51467.302136 r 19.918 0.032
51467.302969 i 19.454 0.028
51467.303803 u 20.559 0.123
51467.304636 z 19.383 0.094
51467.305469 g 20.094 0.031
51819.278134 r 19.956 0.022
51819.278967 i 19.567 0.025
51819.279801 u 20.414 0.064
51819.280634 z 19.405 0.074
51819.281467 g 20.217 0.026
52172.293675 r 19.952 0.021
52172.294508 i 19.540 0.023
52172.295342 u 20.318 0.054
52172.296175 z 19.480 0.076
52172.297008 g 20.144 0.024
52172.343822 r 19.955 0.023
52172.344655 i 19.556 0.023
52172.345489 u 20.466 0.071
52172.346322 z 19.567 0.086
52172.347155 g 20.126 0.024
52558.243362 r 19.898 0.022
52558.244195 i 19.514 0.023
52558.245029 u 20.537 0.071
52558.245862 z 19.395 0.065
52558.246695 g 20.139 0.023
52577.130856 r 19.947 0.027
52577.131689 i 19.458 0.028
52577.132523 u 20.335 0.058
52577.133356 z 19.187 0.081
52577.134189 g 20.093 0.026
52586.134334 r 19.936 0.027
52586.135167 i 19.565 0.028
52586.136001 u 20.251 0.053
52586.136834 z 19.524 0.084
52586.137667 g 20.111 0.021
52931.145017 r 19.954 0.020
52931.145850 i 19.537 0.021
52931.146684 u 20.439 0.055
52931.147517 z 19.444 0.064
52931.148350 g 20.199 0.021
52935.141980 r 19.921 0.021
52935.142813 i 19.513 0.022
52935.143647 u 20.470 0.059
52935.144480 z 19.435 0.067
52935.145313 g 20.146 0.022
53313.135181 r 19.998 0.026
53313.136014 i 19.564 0.028
53313.136848 u 20.441 0.070
53313.137681 z 19.423 0.096
53313.138514 g 20.236 0.029
53622.244425 r 20.091 0.036
53622.245258 i 19.609 0.039
#53622.246092 u -99.000 0.102
53622.246925 z 19.424 0.099
53622.247758 g 20.365 0.036
53625.240390 r 20.095 0.025
53625.241223 i 19.644 0.024
53625.242057 u 20.719 0.074
53625.242890 z 19.435 0.056
53625.243723 g 20.330 0.027
#53634.193894 r -99.000 0.067
#53634.194727 i -99.000 0.065
#53634.195561 u -99.000 0.273
#53634.196394 z -99.000 0.140
53634.197227 g 20.474 0.099
53636.199427 r 20.069 0.027
53636.200260 i 19.638 0.027
53636.201094 u 20.555 0.084
53636.201927 z 19.507 0.072
53636.202760 g 20.364 0.032
53655.171432 r 20.086 0.050
53655.172265 i 19.557 0.036
53655.173099 u 20.508 0.155
53655.173932 z 19.434 0.104
53655.174765 g 20.300 0.056
53664.196392 r 20.137 0.047
53664.197225 i 19.690 0.044
53664.198059 u 20.690 0.171
53664.198892 z 19.689 0.124
53664.199725 g 20.225 0.052
53666.159993 r 20.143 0.024
53666.160826 i 19.773 0.028
53666.161660 u 20.571 0.063
53666.162493 z 19.514 0.078
53666.163326 g 20.338 0.024
53669.155631 r 20.124 0.024
53669.156464 i 19.709 0.027
53669.157298 u 20.580 0.063
53669.158131 z 19.489 0.072
53669.158964 g 20.380 0.024
53671.240422 r 20.226 0.048
53671.241255 i 19.731 0.040
#53671.242089 u -99.000 0.100
#53671.242922 z -99.000 0.152
53671.243755 g 20.325 0.045
53674.139866 r 20.152 0.026
53674.140699 i 19.676 0.025
53674.141533 u 20.538 0.065
53674.142366 z 19.534 0.072
53674.143199 g 20.385 0.027
53676.229363 r 20.113 0.023
53676.230196 i 19.661 0.022
53676.231030 u 20.594 0.072
53676.231863 z 19.429 0.056
53676.232696 g 20.426 0.025
53679.201246 r 20.096 0.034
53679.202079 i 19.770 0.038
53679.202913 u 20.653 0.099
53679.203746 z 19.401 0.083
53679.204579 g 20.358 0.035
53681.192757 r 20.200 0.027
53681.193590 i 19.699 0.025
53681.194424 u 20.603 0.071
53681.195257 z 19.625 0.071
53681.196090 g 20.476 0.028
53685.151803 r 20.154 0.053
53685.152636 i 19.677 0.041
53685.153470 u 20.607 0.179
53685.154303 z 19.489 0.109
53685.155136 g 20.509 0.083
53687.190150 r 20.031 0.050
53687.190983 i 19.607 0.036
53687.191817 u 20.429 0.205
53687.192650 z 19.460 0.081
53687.193483 g 20.292 0.073
53694.165692 r 20.102 0.082
53694.166525 i 19.731 0.069
53694.167359 u 20.395 0.213
53694.168192 z 19.221 0.144
53694.169025 g 20.496 0.125
53700.148742 r 20.163 0.028
53700.149575 i 19.701 0.026
53700.150409 u 20.546 0.071
53700.151242 z 19.543 0.077
53700.152075 g 20.436 0.029
53705.135412 r 20.116 0.029
53705.136245 i 19.669 0.029
53705.137079 u 20.624 0.088
53705.137912 z 19.697 0.099
53705.138745 g 20.380 0.032
53975.220428 r 20.173 0.029
53975.221261 i 19.739 0.030
53975.222095 u 20.687 0.085
53975.222928 z 19.724 0.109
53975.223761 g 20.446 0.039
53993.288213 r 20.187 0.027
53993.289046 i 19.713 0.024
53993.289880 u 20.742 0.081
53993.290713 z 19.575 0.069
53993.291546 g 20.421 0.033
53996.227137 r 20.255 0.026
53996.227971 i 19.740 0.024
53996.228804 u 20.574 0.064
53996.229637 z 19.515 0.056
53996.230471 g 20.438 0.027
53998.195759 r 20.225 0.024
53998.196593 i 19.746 0.025
53998.197426 u 20.493 0.060
53998.198259 z 19.510 0.054
53998.199093 g 20.453 0.027
54010.181292 r 20.196 0.028
54010.182126 i 19.777 0.029
#54010.182959 u -99.000 0.097
54010.183792 z 19.600 0.057
54010.184626 g 20.489 0.038
54012.174090 r 20.237 0.050
54012.174923 i 19.790 0.038
54012.175757 u 20.429 0.133
54012.176590 z 19.684 0.085
54012.177423 g 20.431 0.065
54020.180130 r 20.244 0.026
54020.180963 i 19.766 0.031
54020.181797 u 20.602 0.069
54020.182630 z 19.694 0.092
54020.183463 g 20.434 0.031
54022.229358 r 20.236 0.044
54022.230191 i 19.791 0.031
54022.231024 u 20.687 0.096
54022.231858 z 19.545 0.077
54022.232691 g 20.500 0.030
54028.170524 r 20.292 0.039
54028.171357 i 19.798 0.035
54028.172191 u 20.607 0.070
54028.173024 z 19.766 0.114
54028.173857 g 20.508 0.033
54030.173646 r 20.242 0.022
54030.174479 i 19.729 0.021
54030.175313 u 20.670 0.067
54030.176146 z 19.591 0.062
54030.176979 g 20.506 0.029
54032.162982 r 20.162 0.098
54032.163815 i 19.794 0.074
#54032.164649 u -99.000 0.186
#54032.165482 z -99.000 0.417
#54032.166315 g -99.000 0.255
54035.249547 r 20.182 0.045
54035.250380 i 19.724 0.049
54035.251214 u 20.813 0.249
54035.252047 z 19.647 0.124
#54035.252880 g -99.000 0.097
54037.154892 r 20.282 0.031
54037.155725 i 19.765 0.027
54037.156558 u 20.959 0.163
54037.157392 z 19.680 0.078
54037.158225 g 20.533 0.039
54040.169446 r 20.366 0.064
54040.170279 i 19.737 0.043
54040.171112 u 20.860 0.229
54040.171946 z 19.532 0.099
54040.172779 g 20.496 0.081
54050.153981 r 20.284 0.036
54050.154814 i 19.749 0.036
54050.155647 u 20.772 0.111
54050.156481 z 19.804 0.153
54050.157314 g 20.562 0.038
54053.160158 r 20.286 0.034
54053.160991 i 19.747 0.032
54053.161824 u 20.474 0.086
54053.162658 z 19.786 0.107
54053.163491 g 20.508 0.041
54056.161845 r 20.159 0.066
54056.162678 i 19.750 0.054
54056.163511 u 20.476 0.126
54056.164345 z 19.507 0.135
54056.165178 g 20.458 0.048
54057.130506 r 20.263 0.027
54057.131340 i 19.771 0.035
54057.132173 u 20.715 0.073
54057.133006 z 19.461 0.073
54057.133840 g 20.437 0.035
54059.156167 r 20.277 0.038
54059.157001 i 19.811 0.033
#54059.157834 u -99.000 0.130
54059.158667 z 19.672 0.098
54059.159501 g 20.464 0.034
54061.167204 r 20.235 0.035
54061.168037 i 19.795 0.040
54061.168871 u 20.578 0.087
54061.169704 z 19.488 0.089
54061.170537 g 20.578 0.037
54062.160992 r 20.331 0.040
54062.161826 i 19.841 0.042
54062.162659 u 20.517 0.183
54062.163492 z 19.746 0.119
54062.164326 g 20.499 0.038
54068.150981 r 20.198 0.106
54068.151814 i 19.672 0.068
54068.152648 u 20.929 0.320
54068.153481 z 19.773 0.182
54068.154314 g 20.336 0.097
54357.199322 r 20.037 0.024
54357.200155 i 19.659 0.027
54357.200989 u 20.585 0.066
54357.201822 z 19.561 0.070
54357.202655 g 20.317 0.028
54365.197210 r 19.998 0.041
54365.198044 i 19.704 0.044
54365.198877 u 20.576 0.144
54365.199710 z 19.678 0.114
54365.200544 g 20.337 0.050
54385.247186 r 20.101 0.026
54385.248020 i 19.707 0.029
#54385.248853 u -99.000 0.070
54385.249686 z 19.498 0.069
54385.250520 g 20.343 0.032
54387.247619 r 20.109 0.030
54387.248452 i 19.634 0.030
54387.249286 u 20.748 0.082
54387.250119 z 19.723 0.103
54387.250952 g 20.349 0.032
54392.242398 r 20.125 0.033
54392.243232 i 19.675 0.031
54392.244065 u 20.614 0.091
54392.244898 z 19.684 0.091
54392.245732 g 20.371 0.045
54402.240824 r 20.062 0.049
54402.241657 i 19.649 0.038
#54402.242490 u -99.000 0.154
54402.243324 z 19.480 0.085
54402.244157 g 20.399 0.073
