51081.367435 r 20.208 0.029
51081.368268 i 20.069 0.038
51081.369102 u 20.510 0.071
51081.369935 z 19.886 0.105
51081.370768 g 20.268 0.023
51819.438573 r 20.496 0.036
51819.439406 i 20.169 0.045
51819.440240 u 20.707 0.101
51819.441073 z 20.445 0.202
51819.441906 g 20.565 0.031
52225.263248 r 20.545 0.034
52225.264081 i 20.367 0.044
52225.264915 u 20.812 0.086
52225.265748 z 20.035 0.115
52225.266581 g 20.678 0.027
52288.097668 r 20.521 0.038
52288.098501 i 20.294 0.045
52288.099335 u 20.742 0.084
52288.100168 z 20.046 0.116
52288.101001 g 20.653 0.030
52551.370959 r 20.403 0.033
52551.371792 i 20.215 0.044
#52551.372626 u -99.000 0.081
52551.373459 z 19.988 0.110
52551.374292 g 20.578 0.026
52558.403834 r 20.423 0.028
52558.404667 i 20.216 0.035
52558.405501 u 20.770 0.074
52558.406334 z 20.055 0.098
52558.407167 g 20.544 0.023
52576.236885 r 20.470 0.033
52576.237718 i 20.167 0.041
#52576.238552 u -99.000 0.073
52576.239385 z 19.979 0.115
52576.240218 g 20.464 0.023
52577.291341 r 20.390 0.030
52577.292174 i 20.209 0.038
52577.293008 u 20.565 0.066
52577.293841 z 19.880 0.098
52577.294674 g 20.454 0.023
52585.238419 r 20.448 0.031
52585.239252 i 20.178 0.044
52585.240086 u 20.496 0.064
52585.240919 z 19.850 0.134
52585.241752 g 20.481 0.022
52909.405054 r 20.539 0.032
52909.405887 i 20.220 0.037
52909.406721 u 20.655 0.074
52909.407554 z 20.067 0.115
52909.408387 g 20.667 0.028
52910.375299 r 20.482 0.032
52910.376132 i 20.306 0.048
52910.376966 u 20.647 0.076
52910.377799 z 19.861 0.095
52910.378632 g 20.690 0.032
52935.302467 r 20.519 0.040
52935.303300 i 20.383 0.057
52935.304134 u 20.685 0.086
52935.304967 z 19.789 0.127
52935.305800 g 20.691 0.032
52963.225542 r 20.378 0.029
52963.226375 i 20.271 0.037
52963.227209 u 20.647 0.062
52963.228042 z 19.926 0.095
52963.228875 g 20.663 0.026
52971.216458 r 20.509 0.039
52971.217291 i 20.230 0.046
52971.218125 u 20.711 0.089
52971.218958 z 20.000 0.119
52971.219791 g 20.683 0.029
53351.147846 r 20.008 0.025
53351.148679 i 19.877 0.039
53351.149513 u 20.169 0.061
53351.150346 z 20.133 0.185
53351.151179 g 20.052 0.020
53622.404901 r 19.923 0.023
53622.405734 i 19.854 0.032
53622.406568 u 20.062 0.054
53622.407401 z 19.643 0.087
53622.408234 g 20.006 0.019
53634.354372 r 19.960 0.050
53634.355205 i 19.889 0.053
#53634.356039 u -99.000 0.124
53634.356872 z 19.855 0.142
#53634.357705 g -99.000 0.053
53638.395707 r 19.910 0.023
53638.396540 i 19.833 0.030
53638.397374 u 20.064 0.057
53638.398207 z 19.670 0.085
53638.399040 g 20.005 0.020
53640.359744 r 19.906 0.025
53640.360577 i 19.831 0.032
53640.361411 u 20.052 0.057
53640.362244 z 19.568 0.079
53640.363077 g 19.986 0.020
53646.421152 r 20.033 0.029
53646.421985 i 19.819 0.044
53646.422819 u 20.081 0.074
53646.423652 z 19.788 0.154
53646.424485 g 19.951 0.023
53655.331916 r 19.940 0.025
53655.332749 i 19.750 0.033
53655.333583 u 20.072 0.055
53655.334416 z 19.681 0.108
53655.335249 g 19.932 0.018
53664.356872 r 19.918 0.060
53664.357705 i 19.800 0.071
53664.358539 u 20.049 0.134
53664.359372 z 19.581 0.167
53664.360205 g 19.956 0.056
53665.421493 r 19.862 0.032
53665.422326 i 19.749 0.037
53665.423160 u 20.177 0.104
53665.423993 z 19.444 0.090
53665.424826 g 19.973 0.031
53669.316117 r 19.913 0.023
53669.316950 i 19.761 0.029
53669.317784 u 20.064 0.056
53669.318617 z 19.679 0.096
53669.319450 g 20.015 0.020
53671.400871 r 19.890 0.027
53671.401704 i 19.799 0.033
53671.402538 u 20.065 0.070
53671.403371 z 19.616 0.100
53671.404204 g 19.895 0.020
53674.300354 r 19.933 0.028
53674.301187 i 19.799 0.037
53674.302021 u 20.161 0.069
53674.302854 z 19.660 0.098
53674.303687 g 19.985 0.019
53676.389814 r 19.980 0.024
53676.390647 i 19.822 0.030
53676.391481 u 20.032 0.059
53676.392314 z 19.620 0.084
53676.393147 g 19.989 0.020
53679.361714 r 19.916 0.030
53679.362547 i 19.786 0.044
53679.363381 u 20.183 0.083
53679.364214 z 19.693 0.128
#53679.365047 g -99.000 0.022
53681.353227 r 19.930 0.027
53681.354060 i 19.821 0.030
53681.354894 u 19.989 0.051
53681.355727 z 19.571 0.071
53681.356560 g 19.974 0.017
53684.314722 r 19.910 0.034
53684.315555 i 19.791 0.046
#53684.316389 u -99.000 0.081
53684.317222 z 19.573 0.135
53684.318055 g 20.008 0.030
53694.326167 r 19.908 0.050
53694.327000 i 19.720 0.049
53694.327834 u 20.177 0.173
53694.328667 z 19.756 0.141
53694.329500 g 19.915 0.053
53697.310253 r 19.952 0.027
53697.311086 i 19.823 0.033
53697.311920 u 20.128 0.073
53697.312753 z 19.737 0.097
53697.313586 g 20.047 0.026
53700.309209 r 19.849 0.027
53700.310042 i 19.773 0.038
53700.310876 u 20.142 0.081
53700.311709 z 19.689 0.139
53700.312542 g 20.016 0.023
53705.295880 r 19.908 0.025
53705.296713 i 19.858 0.042
53705.297547 u 20.265 0.076
53705.298380 z 19.360 0.080
53705.299213 g 19.985 0.020
53975.380903 r 19.996 0.027
53975.381736 i 19.891 0.036
53975.382570 u 20.100 0.055
53975.383403 z 19.707 0.100
53975.384236 g 20.090 0.028
53994.403901 r 19.975 0.023
53994.404734 i 19.876 0.030
53994.405568 u 20.161 0.055
53994.406401 z 20.042 0.118
53994.407234 g 20.082 0.023
53996.387630 r 20.031 0.025
53996.388463 i 19.874 0.033
53996.389297 u 20.118 0.051
53996.390130 z 19.738 0.099
53996.390963 g 19.998 0.025
54005.400781 r 20.044 0.021
54005.401614 i 20.000 0.035
54005.402448 u 20.257 0.051
54005.403281 z 19.632 0.070
54005.404114 g 20.158 0.022
54010.341728 r 20.060 0.023
54010.342561 i 20.032 0.030
54010.343394 u 20.212 0.050
54010.344228 z 19.616 0.071
54010.345061 g 20.151 0.022
54012.334572 r 20.062 0.039
54012.335405 i 19.947 0.049
54012.336238 u 20.265 0.096
#54012.337072 z -99.000 0.132
54012.337905 g 20.158 0.042
54020.340568 r 20.011 0.034
54020.341401 i 19.856 0.043
54020.342234 u 20.316 0.097
54020.343068 z 19.680 0.104
54020.343901 g 20.197 0.045
54024.422158 r 20.113 0.035
54024.422991 i 19.849 0.037
54024.423824 u 20.191 0.075
54024.424658 z 19.610 0.082
54024.425491 g 20.178 0.030
54028.410554 r 20.048 0.026
54028.411388 i 19.983 0.038
54028.412221 u 20.115 0.055
54028.413054 z 19.667 0.090
#54028.413888 g -99.000 0.031
54030.334109 r 20.067 0.024
54030.334942 i 19.934 0.032
54030.335775 u 20.232 0.052
54030.336609 z 19.604 0.074
54030.337442 g 20.134 0.018
54035.409889 r 20.046 0.043
54035.410723 i 19.986 0.049
#54035.411556 u -99.000 0.074
54035.412389 z 19.690 0.133
54035.413223 g 20.152 0.029
54037.315460 r 20.042 0.021
#54037.316294 i -99.000 0.030
54037.317127 u 20.154 0.049
54037.317960 z 19.669 0.062
54037.318794 g 20.163 0.027
54040.329869 r 19.984 0.035
54040.330702 i 19.910 0.043
54040.331536 u 20.170 0.076
54040.332369 z 19.739 0.106
54040.333202 g 20.136 0.038
54047.360376 r 20.158 0.093
54047.361210 i 19.801 0.077
#54047.362043 u -99.000 0.425
#54047.362876 z -99.000 0.139
54047.363710 g 19.879 0.090
54049.356299 r 20.095 0.041
54049.357133 i 19.858 0.043
54049.357966 u 20.209 0.122
54049.358799 z 19.681 0.106
54049.359633 g 20.149 0.040
54053.320627 r 20.051 0.030
54053.321460 i 19.915 0.037
54053.322294 u 20.194 0.053
54053.323127 z 19.863 0.109
54053.323960 g 20.164 0.040
54053.335925 r 20.069 0.027
#54053.336759 i -99.000 0.040
54053.337592 u 20.127 0.052
#54053.338425 z -99.000 0.080
54053.339259 g 20.168 0.023
54056.322278 r 20.112 0.031
54056.323112 i 19.979 0.041
54056.323945 u 20.045 0.065
54056.324778 z 19.701 0.095
54056.325612 g 20.144 0.028
54059.316581 r 20.058 0.031
54059.317414 i 19.909 0.041
54059.318248 u 20.244 0.071
54059.319081 z 19.697 0.106
54059.319914 g 20.148 0.022
54061.327643 r 20.112 0.052
54061.328476 i 19.929 0.049
54061.329310 u 20.147 0.123
54061.330143 z 19.807 0.144
54061.330976 g 20.095 0.033
54062.321451 r 20.059 0.024
54062.322284 i 19.857 0.031
54062.323117 u 20.186 0.059
54062.323951 z 19.657 0.090
54062.324784 g 20.166 0.023
54064.317909 r 20.029 0.026
54064.318742 i 19.975 0.034
54064.319576 u 20.212 0.062
54064.320409 z 19.996 0.103
54064.321242 g 20.140 0.023
54068.302051 r 19.957 0.045
54068.302885 i 19.875 0.045
54068.303718 u 20.156 0.086
54068.304551 z 19.616 0.101
54068.305385 g 20.135 0.038
54357.359761 r 20.125 0.023
54357.360595 i 19.954 0.028
54357.361428 u 20.198 0.047
54357.362261 z 19.786 0.066
54357.363095 g 20.131 0.019
54359.391502 r 20.130 0.034
54359.392335 i 19.993 0.042
54359.393168 u 20.151 0.063
54359.394002 z 19.699 0.131
54359.394835 g 20.129 0.029
54362.409592 r 20.065 0.023
54362.410425 i 19.930 0.030
54362.411259 u 20.148 0.046
54362.412092 z 19.928 0.091
54362.412925 g 20.161 0.020
54376.404675 r 20.104 0.025
54376.405508 i 19.970 0.032
#54376.406342 u -99.000 0.060
54376.407175 z 19.785 0.081
54376.408008 g 20.202 0.023
54382.389799 r 20.099 0.035
54382.390632 i 19.918 0.043
54382.391465 u 20.200 0.070
54382.392299 z 19.705 0.172
54382.393132 g 20.170 0.030
54385.407602 r 20.112 0.025
54385.408436 i 20.040 0.030
54385.409269 u 20.186 0.052
54385.410102 z 19.737 0.069
54385.410936 g 20.191 0.021
#54387.408110 r -99.000 0.052
54387.408943 i 20.032 0.066
#54387.409776 u -99.000 0.125
#54387.410610 z -99.000 0.206
54387.411443 g 20.356 0.038
#54390.400513 r -99.000 0.045
#54390.401346 i -99.000 0.191
54390.402179 u 20.132 0.089
54390.403013 z 19.699 0.122
#54390.403846 g -99.000 0.028
54391.408902 r 20.215 0.064
54391.409735 i 19.961 0.083
54391.410569 u 20.075 0.112
54391.411402 z 19.713 0.179
54391.412235 g 20.130 0.035
54402.401240 r 20.179 0.051
54402.402073 i 19.945 0.045
54402.402906 u 20.088 0.129
54402.403740 z 19.896 0.106
54402.404573 g 20.205 0.052
