51464.204428 r 19.080 0.012
51464.205261 i 18.530 0.012
51464.206095 u 24.154 0.785
51464.206928 z 18.273 0.026
51464.207761 g 20.337 0.021
52197.230164 r 19.108 0.012
52197.230997 i 18.564 0.011
52197.231831 u 23.235 0.491
52197.232664 z 18.341 0.024
52197.233497 g 20.377 0.021
52557.224143 r 19.198 0.014
52557.224976 i 18.657 0.014
52557.225810 u 22.671 0.495
52557.226643 z 18.357 0.034
52557.227476 g 20.520 0.029
52578.120222 r 19.143 0.013
52578.121055 i 18.610 0.013
52578.121889 u 22.512 0.281
52578.122722 z 18.285 0.025
52578.123555 g 20.455 0.022
52929.150450 r 19.164 0.012
52929.151283 i 18.630 0.012
52929.152117 u 22.396 0.254
52929.152950 z 18.315 0.026
52929.153783 g 20.439 0.022
52934.130607 r 19.220 0.014
52934.131440 i 18.673 0.013
52934.132274 u 22.262 0.270
52934.133107 z 18.353 0.029
52934.133940 g 20.507 0.026
52936.126532 r 19.147 0.012
52936.127365 i 18.599 0.012
52936.128199 u 22.609 0.270
52936.129032 z 18.297 0.024
52936.129865 g 20.393 0.021
53243.311740 r 19.083 0.014
53243.312573 i 18.590 0.012
53243.313407 u 23.396 0.817
53243.314240 z 18.252 0.023
53243.315073 g 20.300 0.035
53270.190592 r 19.137 0.029
53270.191425 i 18.567 0.137
#53270.192258 u 23.707 1.254
53270.193092 z 18.313 0.035
53270.193925 g 20.548 0.157
53272.240542 r 19.128 0.017
53272.241375 i 18.572 0.014
53272.242209 u 22.146 0.481
53272.243042 z 18.273 0.028
53272.243875 g 20.467 0.059
53286.209257 r 19.101 0.013
53286.210090 i 18.617 0.015
53286.210924 u 22.112 0.308
53286.211757 z 18.382 0.030
53286.212590 g 20.432 0.031
53288.167747 r 19.190 0.012
53288.168580 i 18.609 0.012
53288.169414 u 23.057 0.522
53288.170247 z 18.277 0.024
53288.171080 g 20.379 0.022
53294.195069 r 19.160 0.150
53294.195902 i 18.547 0.031
53294.196735 u 22.670 0.424
53294.197569 z 18.283 0.083
53294.198402 g 20.375 0.129
53302.163417 r 19.103 0.017
53302.164250 i 18.573 0.014
53302.165084 u 22.229 0.506
53302.165917 z 18.280 0.026
53302.166750 g 20.377 0.053
53312.118963 r 19.104 0.479
53312.119797 i 18.682 0.604
#53312.120630 u 23.317 1.146
#53312.121463 z 19.111 1.097
#53312.122297 g 20.522 1.721
53314.120141 r 19.224 0.014
53314.120974 i 18.649 0.014
53314.121808 u 22.612 0.348
53314.122641 z 18.234 0.030
53314.123474 g 20.520 0.027
53616.224515 r 19.356 0.047
#53616.225348 i -99.000 0.054
#53616.226182 u -99.000 0.603
53616.227015 z 18.192 0.087
#53616.227848 g -99.000 0.113
53623.214724 r 19.151 0.013
53623.215557 i 18.566 0.012
53623.216391 u 22.574 0.382
53623.217224 z 18.279 0.028
53623.218057 g 20.521 0.029
53626.200937 r 19.108 0.016
53626.201770 i 18.555 0.014
53626.202604 u 22.686 0.645
53626.203437 z 18.262 0.028
53626.204270 g 20.438 0.050
53628.185802 r 19.071 0.028
53628.186635 i 18.650 0.024
53628.187469 u 21.323 0.475
53628.188302 z 18.422 0.047
53628.189135 g 20.718 0.129
53637.187416 r 19.123 0.017
53637.188249 i 18.636 0.016
53637.189083 u 23.329 0.902
53637.189916 z 18.267 0.033
53637.190749 g 20.468 0.031
53644.179897 r 19.105 0.019
53644.180730 i 18.584 0.021
53644.181563 u 22.840 0.352
53644.182397 z 18.276 0.024
53644.183230 g 20.343 0.024
53654.214485 r 19.042 0.018
53654.215318 i 18.533 0.015
53654.216152 u 22.262 0.438
53654.216985 z 18.223 0.031
53654.217818 g 20.368 0.035
53656.162077 r 19.282 0.033
53656.162910 i 18.600 0.020
53656.163744 u 21.763 0.660
53656.164577 z 18.538 0.053
53656.165410 g 20.627 0.102
53663.175386 r 19.132 0.014
53663.176219 i 18.570 0.012
53663.177053 u 22.557 0.552
53663.177886 z 18.286 0.022
53663.178719 g 20.389 0.037
53665.153356 r 18.995 0.044
53665.154189 i 18.554 0.050
53665.155023 u 21.894 0.900
53665.155856 z 18.316 0.134
53665.156689 g 20.191 0.102
53668.164987 r 19.006 0.017
53668.165820 i 18.507 0.016
53668.166654 u 23.242 0.817
53668.167487 z 18.112 0.036
53668.168320 g 20.297 0.032
53670.169840 r 19.017 0.016
53670.170673 i 18.414 0.015
53670.171507 u 22.285 0.289
53670.172340 z 18.177 0.030
53670.173173 g 20.423 0.026
53673.137823 r 19.111 0.013
53673.138656 i 18.600 0.013
53673.139490 u 23.953 0.968
53673.140323 z 18.278 0.027
53673.141156 g 20.399 0.024
53675.134711 r 19.166 0.015
53675.135544 i 18.600 0.014
53675.136378 u 23.419 0.670
53675.137211 z 18.284 0.027
53675.138044 g 20.353 0.031
53677.155743 r 19.117 0.015
53677.156576 i 18.544 0.012
53677.157410 u 23.087 0.436
53677.158243 z 18.244 0.022
53677.159076 g 20.433 0.027
53680.142409 r 19.125 0.015
53680.143242 i 18.570 0.012
53680.144076 u 22.433 0.336
53680.144909 z 18.283 0.025
53680.145742 g 20.450 0.024
53693.144310 r 19.111 0.017
53693.145143 i 18.594 0.013
53693.145977 u 22.470 0.710
53693.146810 z 18.281 0.025
53693.147643 g 20.436 0.050
53703.149129 r 19.081 0.894
53703.149962 i 18.619 0.496
53703.150795 u 22.550 0.632
53703.151629 z 18.326 0.536
#53703.152462 g 20.780 1.896
53704.127637 r 19.072 0.016
53704.128470 i 18.558 0.013
53704.129304 u 22.803 0.458
53704.130137 z 18.271 0.026
53704.130970 g 20.300 0.032
53989.223681 r 19.101 0.039
53989.224514 i 18.573 0.018
53989.225348 u 22.149 0.391
53989.226181 z 18.291 0.030
53989.227014 g 20.355 0.045
53995.212933 r 19.155 0.199
53995.213767 i 18.641 0.892
#53995.214600 u 23.526 8.638
53995.215433 z 18.259 0.412
#53995.216267 g 20.487 2.260
53997.191317 r 19.181 0.052
53997.192151 i 18.692 0.093
53997.192984 u 22.272 0.282
53997.193817 z 18.273 0.031
53997.194651 g 20.490 0.045
54000.199094 r 19.208 0.977
54000.199928 i 18.658 0.312
54000.200761 u 22.055 0.514
54000.201594 z 18.502 0.681
#54000.202428 g 20.461 2.149
54007.175907 r 19.151 0.126
54007.176741 i 18.571 0.016
54007.177574 u 22.016 0.223
54007.178407 z 18.291 0.031
#54007.179241 g 20.369 2.348
54009.173040 r 19.112 0.017
54009.173874 i 18.634 0.019
54009.174707 u 22.315 0.328
54009.175540 z 18.253 0.027
54009.176374 g 20.334 0.036
54011.237508 r 19.115 0.024
54011.238341 i 18.548 0.019
54011.239175 u 22.123 0.393
54011.240008 z 18.260 0.024
54011.240841 g 20.323 0.042
54019.187723 r 19.108 0.446
54019.188556 i 18.567 0.020
#54019.189390 u 99.996 99.999
54019.190223 z 18.274 0.023
54019.191056 g 20.323 0.037
#54025.236522 r 19.177 1.139
54025.237355 i 18.594 0.269
54025.238189 u 21.909 0.735
54025.239022 z 18.338 0.517
#54025.239855 g 20.354 2.217
54029.166869 r 19.139 0.048
54029.167702 i 18.602 0.253
54029.168536 u 22.476 0.303
54029.169369 z 18.282 0.030
54029.170202 g 20.375 0.068
54051.143438 r 19.297 0.143
54051.144272 i 18.574 0.274
#54051.145105 u 23.418 2.396
54051.145938 z 18.230 0.081
54051.146772 g 20.483 0.071
#54356.245029 r 19.145 1.044
54356.245863 i 18.582 0.901
54356.246696 u 22.300 0.255
54356.247529 z 18.301 0.033
#54356.248363 g 20.451 2.090
54358.190125 r 19.515 0.900
54358.190958 i 18.719 0.363
#54358.191792 u -99.000 0.719
#54358.192625 z -99.000 0.143
#54358.193458 g 20.669 1.485
54373.297352 r 19.126 0.440
54373.298185 i 18.585 0.628
#54373.299019 u -99.000 0.751
54373.299852 z 18.306 0.044
#54373.300685 g 20.463 2.705
54386.235037 r 19.134 0.227
54386.235870 i 18.553 0.051
54386.236703 u 22.554 0.361
54386.237537 z 18.237 0.648
54386.238370 g 20.391 0.133
#54388.239308 r 19.088 1.122
54388.240141 i 18.670 0.152
54388.240974 u 22.762 0.566
54388.241808 z 18.305 0.703
#54388.242641 g 20.402 1.574
54403.153100 r 19.128 0.020
54403.153934 i 18.568 0.041
54403.154767 u 22.626 0.350
54403.155600 z 18.318 0.025
54403.156434 g 20.381 0.032
54406.146938 r 19.151 0.199
54406.147771 i 18.659 0.747
54406.148604 u 23.740 0.861
54406.149438 z 18.279 0.031
54406.150271 g 20.402 0.217
54412.149834 r 19.150 0.022
54412.150667 i 18.657 0.025
54412.151500 u 23.621 0.952
54412.152334 z 18.255 0.031
54412.153167 g 20.360 0.555
