51819.231018 r 19.088 0.013
51819.231851 i 19.091 0.015
51819.232685 u 20.330 0.068
51819.233518 z 18.743 0.039
51819.234351 g 19.326 0.013
52172.246594 r 19.036 0.012
52172.247427 i 18.928 0.014
52172.248261 u 20.275 0.061
52172.249094 z 18.848 0.040
52172.249927 g 19.306 0.012
52558.196299 r 18.997 0.012
52558.197132 i 18.909 0.015
52558.197966 u 20.341 0.078
52558.198799 z 18.687 0.051
#52558.199632 g -99.000 0.015
52576.108556 r 19.012 0.013
52576.109389 i 18.824 0.014
52576.110223 u 20.419 0.071
52576.111056 z 18.722 0.043
52576.111889 g 19.277 0.012
52930.097122 r 19.228 0.014
52930.097955 i 19.089 0.015
52930.098789 u 20.427 0.066
52930.099622 z 19.350 0.056
52930.100455 g 19.284 0.011
52935.094915 r 18.978 0.013
52935.095748 i 18.889 0.017
52935.096582 u 20.356 0.068
52935.097415 z 18.902 0.049
52935.098248 g 19.448 0.015
53313.088116 r 19.025 0.014
53313.088949 i 18.993 0.020
53313.089783 u 20.398 0.095
53313.090616 z 19.322 0.099
53313.091449 g 19.239 0.013
53622.197362 r 18.969 0.014
53622.198195 i 19.136 0.022
53622.199029 u 20.409 0.098
53622.199862 z 19.937 0.174
53622.200695 g 19.274 0.015
53625.193327 r 18.719 0.011
53625.194160 i 18.892 0.014
53625.194994 u 20.158 0.062
53625.195827 z 18.700 0.033
53625.196660 g 19.216 0.014
53636.152363 r 19.013 0.012
53636.153196 i 18.974 0.014
53636.154030 u 20.319 0.064
53636.154863 z 18.739 0.036
53636.155696 g 19.282 0.013
#53645.212032 r -99.000 0.021
53645.212865 i 19.055 0.028
#53645.213699 u -99.000 0.214
#53645.214532 z -99.000 0.583
#53645.215365 g -99.000 0.081
53655.124368 r 19.091 0.017
53655.125201 i 19.073 0.018
53655.126035 u 20.123 0.083
53655.126868 z 18.833 0.040
53655.127701 g 19.305 0.017
53664.149327 r 19.101 0.016
53664.150160 i 19.154 0.019
53664.150994 u 20.387 0.096
53664.151827 z 18.931 0.046
53664.152660 g 19.373 0.018
53674.092801 r 19.086 0.013
53674.093634 i 18.908 0.014
53674.094468 u 20.360 0.070
53674.095301 z 18.765 0.038
53674.096134 g 19.324 0.012
53676.182307 r 19.113 0.013
53676.183140 i 19.061 0.015
53676.183974 u 20.307 0.066
53676.184807 z 18.858 0.038
53676.185640 g 19.531 0.014
53687.143092 r 19.077 0.020
53687.143925 i 19.020 0.019
53687.144759 u 20.115 0.152
53687.145592 z 18.793 0.042
53687.146425 g 19.287 0.027
53697.102721 r 19.193 0.088
53697.103554 i 19.749 0.153
53697.104388 u 20.623 0.451
53697.105221 z 19.043 0.194
53697.106054 g 19.408 0.047
53700.101682 r 19.051 0.014
53700.102515 i 18.833 0.015
53700.103349 u 20.311 0.076
53700.104182 z 18.797 0.045
53700.105015 g 19.322 0.014
53705.088352 r 19.053 0.014
53705.089185 i 18.962 0.018
53705.090019 u 20.364 0.082
53705.090852 z 18.834 0.047
53705.091685 g 19.393 0.014
53975.173345 r 19.015 0.098
53975.174178 i 19.140 0.188
53975.175012 u 20.323 0.072
53975.175845 z 19.296 0.180
53975.176678 g 19.344 0.046
53996.180067 r 18.949 0.093
53996.180900 i 18.939 0.173
53996.181733 u 20.116 0.051
53996.182567 z 18.806 0.150
53996.183400 g 19.324 0.045
53998.148701 r 18.992 0.079
53998.149535 i 18.941 0.168
53998.150368 u 20.248 0.053
53998.151201 z 18.824 0.076
53998.152035 g 19.319 0.047
54005.185952 r 18.999 0.113
54005.186785 i 18.936 0.202
54005.187619 u 20.304 0.057
54005.188452 z 18.802 0.043
54005.189285 g 19.313 0.047
54010.134177 r 18.904 0.116
54010.135010 i 18.946 0.181
54010.135843 u 20.301 0.079
54010.136677 z 18.743 0.050
54010.137510 g 19.260 0.046
54012.127017 r 18.936 0.111
54012.127850 i 19.008 0.208
54012.128684 u 20.000 0.099
54012.129517 z 18.886 0.051
54012.130350 g 19.257 0.047
54020.133013 r 18.968 0.096
54020.133846 i 18.890 0.158
54020.134679 u 20.328 0.066
54020.135513 z 18.727 0.072
54020.136346 g 19.266 0.041
54022.182282 r 19.062 0.119
54022.183115 i 18.936 0.186
54022.183948 u 20.288 0.063
54022.184782 z 18.705 0.076
#54022.185615 g -99.000 0.048
54028.123368 r 19.125 0.101
54028.124201 i 19.077 0.179
54028.125034 u 20.346 0.080
54028.125868 z 18.844 0.185
54028.126701 g 19.358 0.039
54030.126556 r 19.081 0.121
54030.127389 i 18.994 0.217
54030.128223 u 20.359 0.061
54030.129056 z 18.941 0.217
54030.129889 g 19.335 0.051
54032.115819 r 18.938 0.101
54032.116652 i 19.043 0.200
54032.117486 u 20.485 0.117
54032.118319 z 18.849 0.100
54032.119152 g 19.324 0.045
54037.107800 r 19.018 0.098
54037.108633 i 19.078 0.151
54037.109466 u 20.272 0.066
54037.110300 z 18.737 0.115
54037.111133 g 19.291 0.041
54040.122286 r 19.050 0.115
54040.123119 i 19.003 0.186
54040.123953 u 20.368 0.157
54040.124786 z 18.817 0.066
54040.125619 g 19.306 0.047
54050.106908 r 18.998 0.097
54050.107741 i 18.921 0.167
54050.108575 u 20.341 0.073
54050.109408 z 18.824 0.160
54050.110241 g 19.335 0.045
54053.113066 r 19.133 0.100
54053.113899 i 18.888 0.139
54053.114732 u 20.265 0.080
54053.115566 z 18.747 0.145
54053.116399 g 19.255 0.034
54057.083407 r 19.043 0.094
54057.084241 i 18.910 0.167
54057.085074 u 20.304 0.071
54057.085907 z 18.765 0.182
54057.086741 g 19.375 0.046
54059.109026 r 19.187 0.109
54059.109859 i 18.741 0.112
54059.110692 u 20.380 0.088
54059.111526 z 18.765 0.149
54059.112359 g 19.324 0.042
54061.120082 r 19.307 0.131
54061.120915 i 18.884 0.143
54061.121749 u 20.458 0.120
#54061.122582 z -99.000 0.188
54061.123415 g 19.412 0.047
54062.113958 r 19.289 0.115
54062.114791 i 19.076 0.162
54062.115625 u 20.297 0.097
54062.116458 z 19.023 0.199
54062.117291 g 19.284 0.038
54357.152227 r 19.018 0.085
54357.153060 i 19.023 0.184
54357.153894 u 20.269 0.055
54357.154727 z 19.076 0.066
54357.155560 g 19.371 0.050
54365.150098 r 18.971 0.095
54365.150931 i 18.927 0.168
54365.151765 u 20.363 0.117
54365.152598 z 18.745 0.154
54365.153431 g 19.235 0.042
54385.200136 r 18.984 0.106
54385.200969 i 19.071 0.193
54385.201803 u 20.254 0.072
54385.202636 z 18.988 0.151
54385.203469 g 19.290 0.041
54387.200546 r 19.146 0.107
54387.201379 i 19.180 0.203
54387.202213 u 20.220 0.080
54387.203046 z 19.076 0.201
54387.203879 g 19.311 0.041
54390.203570 r 19.215 0.108
54390.204403 i 19.447 0.254
54390.205237 u 20.495 0.116
54390.206070 z 19.105 0.276
54390.206903 g 19.366 0.043
54402.193737 r 19.028 0.103
54402.194571 i 18.952 0.172
54402.195404 u 20.416 0.195
54402.196237 z 18.752 0.146
54402.197071 g 19.260 0.049
