51819.248585 r 16.182 0.004
51819.249418 i 15.703 0.004
51819.250252 u 19.947 0.049
51819.251085 z 15.437 0.006
51819.251918 g 17.412 0.005
52172.264160 r 16.180 0.004
52172.264993 i 15.716 0.004
52172.265827 u 19.989 0.049
52172.266660 z 15.460 0.006
52172.267493 g 17.426 0.005
52558.213864 r 16.180 0.004
52558.214697 i 15.705 0.004
52558.215531 u 19.976 0.060
52558.216364 z 15.451 0.006
52558.217197 g 17.406 0.005
52576.126122 r 16.192 0.003
52576.126955 i 15.710 0.004
52576.127789 u 19.938 0.044
52576.128622 z 15.446 0.006
52576.129455 g 17.414 0.005
52577.101355 r 16.192 0.004
52577.102188 i 15.714 0.004
52577.103022 u 20.057 0.048
52577.103855 z 15.463 0.006
52577.104688 g 17.427 0.005
52930.114687 r 16.163 0.004
52930.115520 i 15.714 0.004
52930.116354 u 19.982 0.041
52930.117187 z 15.469 0.006
52930.118020 g 17.412 0.005
52931.115518 r 16.178 0.004
52931.116351 i 15.706 0.004
52931.117185 u 20.010 0.043
52931.118018 z 15.452 0.006
52931.118851 g 17.414 0.005
52935.112482 r 16.182 0.003
52935.113315 i 15.713 0.003
52935.114149 u 20.013 0.060
52935.114982 z 15.441 0.005
52935.115815 g 17.419 0.005
53313.105682 r 16.191 0.003
53313.106515 i 15.710 0.003
53313.107349 u 20.047 0.069
53313.108182 z 15.448 0.006
53313.109015 g 17.428 0.005
53622.214930 r 16.188 0.003
53622.215763 i 15.703 0.003
53622.216597 u 19.941 0.067
53622.217430 z 15.436 0.006
53622.218263 g 17.424 0.005
53625.210894 r 16.124 0.005
53625.211727 i 15.718 0.005
53625.212561 u 20.042 0.051
53625.213394 z 15.473 0.006
53625.214227 g 17.428 0.006
53634.164400 r 16.173 0.004
#53634.165233 i -99.000 0.004
53634.166067 u 20.063 0.113
53634.166900 z 15.474 0.006
53634.167733 g 17.443 0.007
53636.169931 r 16.161 0.004
53636.170764 i 15.717 0.005
53636.171598 u 19.899 0.047
53636.172431 z 15.468 0.006
53636.173264 g 17.431 0.005
53655.141937 r 16.184 0.005
53655.142770 i 15.712 0.005
53655.143604 u 19.991 0.089
53655.144437 z 15.438 0.008
53655.145270 g 17.422 0.008
53664.166895 r 16.165 0.004
53664.167728 i 15.713 0.004
53664.168562 u 20.010 0.076
53664.169395 z 15.470 0.006
53664.170228 g 17.428 0.006
53666.130496 r 16.186 0.004
53666.131329 i 15.707 0.004
53666.132163 u 19.974 0.042
53666.132996 z 15.481 0.006
53666.133829 g 17.421 0.005
53669.126136 r 16.195 0.004
53669.126969 i 15.707 0.004
53669.127803 u 19.967 0.044
53669.128636 z 15.461 0.006
53669.129469 g 17.421 0.005
53674.110370 r 16.191 0.004
53674.111203 i 15.713 0.004
53674.112037 u 20.029 0.047
53674.112870 z 15.483 0.006
53674.113703 g 17.420 0.005
53676.199869 r 16.161 0.006
53676.200702 i 15.656 0.008
53676.201536 u 20.170 0.059
53676.202369 z 15.687 0.011
53676.203202 g 17.432 0.010
53679.171750 r 16.187 0.004
53679.172583 i 15.711 0.003
53679.173417 u 20.029 0.076
53679.174250 z 15.439 0.006
53679.175083 g 17.423 0.005
53681.163263 r 16.165 0.004
#53681.164096 i -99.000 0.006
53681.164930 u 20.802 0.844
#53681.165763 z -99.000 0.017
53681.166596 g 17.427 0.011
53685.122305 r 16.201 0.005
53685.123138 i 15.721 0.004
53685.123972 u 19.968 0.111
53685.124805 z 15.459 0.006
53685.125638 g 17.414 0.007
53687.160655 r 16.193 0.004
53687.161488 i 15.725 0.004
53687.162322 u 19.854 0.115
53687.163155 z 15.456 0.006
53687.163988 g 17.415 0.007
53694.136197 r 16.616 0.005
53694.137030 i 15.967 0.004
53694.137864 u 20.264 0.165
53694.138697 z 15.664 0.007
53694.139530 g 18.244 0.013
53697.120286 r 16.180 0.007
53697.121119 i 15.706 0.007
53697.121953 u 20.664 0.438
#53697.122786 z -99.000 0.013
53697.123619 g 17.379 0.013
53700.119248 r 16.173 0.004
53700.120081 i 15.706 0.004
53700.120915 u 19.952 0.060
53700.121748 z 15.462 0.006
53700.122581 g 17.421 0.005
53705.105916 r 16.164 0.004
53705.106749 i 15.707 0.004
53705.107583 u 19.981 0.055
53705.108416 z 15.452 0.006
53705.109249 g 17.407 0.005
53975.190925 r 16.189 0.014
53975.191758 i 15.707 0.014
53975.192591 u 19.872 0.045
53975.193425 z 15.479 0.016
53975.194258 g 17.397 0.011
53996.197636 r 16.165 0.009
53996.198469 i 15.698 0.010
53996.199303 u 19.908 0.041
53996.200136 z 15.455 0.012
53996.200969 g 17.394 0.018
53998.166278 r 16.166 0.012
53998.167111 i 15.704 0.010
53998.167944 u 19.969 0.041
53998.168778 z 15.446 0.013
53998.169611 g 17.407 0.014
54010.151753 r 16.165 0.010
54010.152586 i 15.692 0.011
54010.153419 u 20.111 0.062
#54010.154253 z -99.000 0.017
54010.155086 g 17.403 0.010
54012.144586 r 16.170 0.012
54012.145419 i 15.696 0.015
54012.146252 u 19.828 0.096
#54012.147086 z -99.000 0.014
54012.147919 g 17.413 0.012
54020.150578 r 16.170 0.010
54020.151412 i 15.700 0.012
54020.152245 u 19.958 0.041
54020.153078 z 15.458 0.011
54020.153912 g 17.402 0.012
54022.199857 r 16.193 0.013
54022.200691 i 15.706 0.009
54022.201524 u 20.025 0.060
54022.202357 z 15.424 0.013
54022.203191 g 17.394 0.015
54028.140935 r 16.169 0.013
54028.141768 i 15.721 0.013
54028.142601 u 19.952 0.058
54028.143435 z 15.447 0.016
54028.144268 g 17.423 0.015
54030.144124 r 16.193 0.010
54030.144958 i 15.732 0.012
54030.145791 u 20.033 0.042
54030.146624 z 15.488 0.012
54030.147458 g 17.419 0.010
54032.133395 r 16.189 0.016
#54032.134228 i -99.000 0.016
54032.135061 u 19.963 0.049
#54032.135895 z -99.000 0.013
54032.136728 g 17.403 0.015
54034.203615 r 16.175 0.009
54034.204448 i 15.717 0.010
54034.205282 u 19.987 0.070
54034.206115 z 15.461 0.015
54034.206948 g 17.409 0.012
54037.125373 r 16.193 0.010
54037.126206 i 15.772 0.012
54037.127039 u 20.046 0.055
54037.127873 z 15.496 0.014
54037.128706 g 17.420 0.014
54040.139854 r 16.158 0.009
54040.140687 i 15.705 0.010
54040.141521 u 19.990 0.091
54040.142354 z 15.463 0.010
54040.143187 g 17.405 0.016
54050.124481 r 16.178 0.018
54050.125314 i 15.698 0.015
54050.126148 u 20.009 0.055
54050.126981 z 15.443 0.011
54050.127814 g 17.409 0.014
54053.130634 r 16.182 0.011
54053.131468 i 15.710 0.010
54053.132301 u 19.914 0.046
54053.133134 z 15.458 0.013
54053.133968 g 17.421 0.012
54056.132362 r 16.169 0.023
54056.133196 i 15.706 0.011
54056.134029 u 20.062 0.089
54056.134862 z 15.437 0.018
54056.135696 g 17.423 0.019
54057.100969 r 16.252 0.010
54057.101802 i 15.703 0.012
54057.102635 u 20.028 0.047
54057.103469 z 15.476 0.017
54057.104302 g 17.411 0.013
54059.126601 r 16.180 0.010
54059.127434 i 15.716 0.016
54059.128268 u 20.030 0.058
54059.129101 z 15.436 0.019
54059.129934 g 17.421 0.012
54061.137664 r 16.183 0.018
54061.138497 i 15.703 0.012
54061.139331 u 20.017 0.059
54061.140164 z 15.477 0.024
54061.140997 g 17.446 0.023
54062.131490 r 16.190 0.017
54062.132324 i 15.735 0.031
54062.133157 u 19.954 0.084
54062.133990 z 15.441 0.017
54062.134824 g 17.408 0.016
54068.121493 r 16.161 0.022
54068.122327 i 15.696 0.013
54068.123160 u 19.693 0.125
54068.123993 z 15.448 0.012
54068.124827 g 17.390 0.011
54357.169789 r 16.174 0.014
54357.170623 i 15.709 0.018
54357.171456 u 19.919 0.046
54357.172289 z 15.451 0.014
54357.173123 g 17.399 0.014
54365.167651 r 16.196 0.021
54365.168485 i 15.705 0.014
54365.169318 u 19.943 0.089
54365.170151 z 15.477 0.012
54365.170985 g 17.412 0.012
54385.217621 r 16.179 0.013
54385.218455 i 15.714 0.013
54385.219288 u 20.075 0.052
54385.220121 z 15.441 0.015
54385.220955 g 17.399 0.015
54387.218116 r 16.168 0.012
54387.218949 i 15.709 0.013
54387.219782 u 19.905 0.058
54387.220616 z 15.456 0.013
54387.221449 g 17.410 0.010
54392.212873 r 16.188 0.012
54392.213706 i 15.718 0.014
54392.214539 u 20.093 0.085
54392.215373 z 15.443 0.020
#54392.216206 g -99.000 0.022
54402.211294 r 16.187 0.015
54402.212127 i 15.693 0.015
54402.212960 u 19.958 0.113
54402.213794 z 15.482 0.018
54402.214627 g 17.396 0.018
