51081.404151 r 17.997 0.010
51081.404984 i 17.205 0.007
#51081.405818 u -99.000 0.389
51081.406651 z 16.773 0.013
51081.407484 g 19.478 0.022
51819.475262 r 18.169 0.009
51819.476095 i 17.308 0.007
#51819.476929 u -99.000 1.395
51819.477762 z 16.935 0.012
51819.478595 g 20.304 0.040
51875.219090 r 18.094 0.008
51875.219923 i 17.296 0.007
51875.220757 u 23.221 0.475
51875.221590 z 16.822 0.011
51875.222423 g 19.693 0.017
52171.451559 r 18.138 0.009
52171.452392 i 17.310 0.007
52171.453226 u 22.291 0.242
52171.454059 z 16.845 0.011
52171.454892 g 19.599 0.017
52225.299959 r 18.158 0.007
52225.300792 i 17.304 0.007
52225.301626 u 23.174 0.478
52225.302459 z 16.855 0.010
52225.303292 g 19.638 0.015
52288.134381 r 18.129 0.008
52288.135214 i 17.328 0.007
52288.136048 u 22.338 0.244
52288.136881 z 16.838 0.011
52288.137714 g 19.602 0.017
52551.407668 r 18.143 0.009
52551.408501 i 17.318 0.007
52551.409335 u 22.630 0.339
52551.410168 z 16.877 0.011
52551.411001 g 19.602 0.016
52578.312150 r 18.180 0.008
52578.312983 i 17.354 0.007
52578.313817 u 22.850 0.363
52578.314650 z 16.871 0.010
52578.315483 g 19.601 0.014
52585.275131 r 18.128 0.009
52585.275964 i 17.385 0.007
52585.276798 u 22.412 0.273
52585.277631 z 16.869 0.011
52585.278464 g 19.570 0.019
52909.441765 r 18.133 0.008
52909.442598 i 17.291 0.007
52909.443432 u 22.958 0.400
52909.444265 z 16.884 0.010
52909.445098 g 19.684 0.016
52910.412006 r 18.232 0.008
52910.412839 i 17.325 0.007
#52910.413673 u 24.175 1.172
52910.414506 z 16.877 0.012
52910.415339 g 19.543 0.023
52935.339176 r 18.174 0.008
52935.340009 i 17.389 0.007
52935.340843 u 22.601 0.338
52935.341676 z 16.892 0.011
52935.342509 g 19.736 0.017
52963.262254 r 18.142 0.007
52963.263087 i 17.332 0.007
52963.263921 u 22.117 0.179
52963.264754 z 16.855 0.010
52963.265587 g 19.633 0.014
52971.253170 r 18.098 0.009
52971.254003 i 17.274 0.006
52971.254837 u 22.288 0.299
52971.255670 z 17.856 0.022
52971.256503 g 19.447 0.020
53351.184558 r 18.159 0.009
53351.185391 i 17.326 0.007
#53351.186225 u 24.670 1.298
53351.187058 z 16.846 0.012
53351.187891 g 19.482 0.021
53622.441607 r 18.107 0.008
53622.442440 i 17.295 0.007
53622.443274 u 23.050 0.388
53622.444107 z 16.898 0.010
53622.444940 g 19.639 0.015
53627.398704 r 18.182 0.008
53627.399537 i 17.337 0.007
53627.400371 u 22.525 0.303
53627.401204 z 16.870 0.010
53627.402037 g 19.579 0.017
53634.391078 r 18.203 0.011
53634.391911 i 17.388 0.008
53634.392745 u 22.445 0.795
53634.393578 z 16.888 0.011
53634.394411 g 19.582 0.033
53638.432415 r 18.154 0.008
53638.433248 i 17.313 0.007
#53638.434082 u -99.000 0.355
53638.434915 z 16.864 0.011
53638.435748 g 19.554 0.017
53640.396450 r 18.138 0.009
53640.397283 i 17.663 0.008
53640.398117 u 22.576 0.423
53640.398950 z 16.836 0.011
53640.399783 g 19.519 0.023
53643.438925 r 18.097 0.009
53643.439758 i 17.271 0.007
53643.440592 u 22.187 0.335
53643.441425 z 16.873 0.013
53643.442258 g 19.673 0.028
53646.457858 r 18.232 0.010
53646.458691 i 17.309 0.007
53646.459525 u 22.817 0.591
53646.460358 z 16.905 0.013
53646.461191 g 19.630 0.018
#53657.276602 r -99.000 0.024
#53657.277435 i -99.000 0.013
#53657.278269 u -99.000 0.776
#53657.279102 z -99.000 0.018
#53657.279935 g -99.000 0.039
53663.458277 r 18.145 0.010
53663.459110 i 17.303 0.007
53663.459944 u 21.767 0.613
53663.460777 z 16.845 0.011
53663.461610 g 19.646 0.040
53664.393581 r 18.151 0.010
53664.394414 i 17.287 0.008
53664.395248 u 22.208 0.674
53664.396081 z 16.918 0.013
53664.396914 g 19.755 0.037
53665.458210 r 18.142 0.010
53665.459043 i 17.489 0.008
#53665.459877 u 24.705 3.291
53665.460710 z 16.840 0.013
53665.461543 g 19.578 0.028
53669.352825 r 17.943 0.008
53669.353658 i 17.244 0.007
53669.354492 u 22.122 0.371
53669.355325 z 16.707 0.011
53669.356158 g 19.482 0.023
53670.452799 r 18.148 0.010
53670.453632 i 17.310 0.007
53670.454466 u 22.279 0.503
53670.455299 z 16.879 0.012
53670.456132 g 19.568 0.025
53671.437576 r 18.206 0.009
53671.438409 i 17.345 0.007
#53671.439243 u -99.000 0.365
53671.440076 z 16.960 0.012
53671.440909 g 19.636 0.019
53674.337063 r 18.167 0.010
53674.337896 i 17.298 0.007
53674.338730 u 22.522 0.434
53674.339563 z 16.831 0.012
53674.340396 g 19.564 0.023
53676.426519 r 18.202 0.009
53676.427352 i 17.341 0.007
53676.428186 u 22.630 0.465
53676.429019 z 16.883 0.012
53676.429852 g 19.614 0.019
53679.398420 r 18.123 0.009
53679.399253 i 17.328 0.007
53679.400087 u 22.992 0.627
53679.400920 z 16.825 0.012
53679.401753 g 19.711 0.021
53681.389934 r 18.180 0.009
53681.390767 i 17.313 0.007
53681.391601 u 22.804 0.519
53681.392434 z 16.854 0.011
53681.393267 g 19.603 0.017
53684.351431 r 18.187 0.014
53684.352264 i 17.321 0.011
53684.353098 u 22.170 0.819
53684.353931 z 16.855 0.030
53684.354764 g 19.928 0.065
53694.362888 r 17.729 0.011
53694.363721 i 16.956 0.007
#53694.364555 u 23.618 3.650
53694.365388 z 16.552 0.013
53694.366221 g 19.373 0.039
53696.355652 r 18.154 0.010
53696.356485 i 17.317 0.007
53696.357319 u 22.832 0.886
53696.358152 z 16.877 0.011
53696.358985 g 19.549 0.021
53697.346959 r 18.165 0.008
53697.347792 i 17.363 0.007
53697.348626 u 22.873 0.750
53697.349459 z 16.880 0.011
53697.350292 g 19.591 0.021
53700.345916 r 18.208 0.008
53700.346749 i 17.351 0.007
#53700.347583 u 24.436 1.286
53700.348416 z 16.869 0.012
53700.349249 g 19.577 0.021
53975.417583 r 18.112 0.631
53975.418416 i 17.345 0.472
53975.419250 u 22.217 0.212
53975.420083 z 16.913 0.029
53975.420916 g 19.719 0.568
53994.440586 r 18.155 0.846
53994.441420 i 17.319 0.446
53994.442253 u 22.527 0.339
53994.443086 z 16.862 0.152
53994.443920 g 19.605 0.803
53996.424324 r 18.109 0.579
53996.425157 i 17.351 0.348
#53996.425990 u 26.213 99.999
53996.426824 z 16.828 0.285
#53996.427657 g 19.592 1.346
54005.437552 r 18.099 0.342
54005.438386 i 17.287 0.374
#54005.439219 u -99.000 0.469
54005.440052 z 16.837 0.079
54005.440886 g 19.576 0.081
54009.451314 r 18.155 0.023
54009.452147 i 17.307 0.417
54009.452980 u 22.898 0.383
54009.453814 z 16.821 0.023
54009.454647 g 19.610 0.045
54010.378451 r 18.142 0.022
54010.379284 i 17.316 0.528
#54010.380118 u -99.000 0.214
54010.380951 z 16.860 0.022
54010.381784 g 19.575 0.040
54012.371301 r 18.129 0.035
54012.372135 i 17.289 0.505
54012.372968 u 22.465 0.446
54012.373801 z 16.883 0.073
54012.374635 g 19.689 0.087
54020.409342 r 18.251 0.318
54020.410175 i 17.289 0.381
54020.411008 u 22.814 0.570
54020.411842 z 16.867 0.048
54020.412675 g 19.557 0.364
54030.402568 r 18.103 0.034
54030.403402 i 17.296 0.405
54030.404235 u 22.764 0.380
54030.405068 z 16.841 0.094
54030.405902 g 19.559 0.044
54035.446568 r 18.145 0.668
54035.447401 i 17.282 0.389
#54035.448234 u 100.003 99.999
54035.449068 z 16.872 0.363
#54035.449901 g 20.034 1.671
54037.352065 r 18.076 0.850
54037.352899 i 17.287 0.388
54037.353732 u 22.831 0.354
54037.354565 z 16.803 0.206
54037.355399 g 19.560 0.110
54040.366558 r 18.169 0.245
54040.367391 i 17.310 0.379
54040.368224 u 22.361 0.276
54040.369058 z 16.853 0.025
54040.369891 g 19.586 0.048
54041.402068 r 18.170 0.018
54041.402902 i 17.353 0.608
54041.403735 u 21.904 0.252
54041.404568 z 16.857 0.131
54041.405402 g 19.536 0.044
54047.397229 r 18.370 0.885
54047.398062 i 17.246 0.351
#54047.398895 u -99.000 0.578
54047.399729 z 16.943 0.347
#54047.400562 g 19.407 1.229
54049.392981 r 18.130 0.091
54049.393814 i 17.321 0.339
#54049.394647 u 23.248 1.811
54049.395481 z 16.909 0.055
54049.396314 g 19.628 0.152
54050.353184 r 18.133 0.685
54050.354017 i 17.343 0.354
54050.354850 u 22.308 0.497
54050.355684 z 16.875 0.340
#54050.356517 g 19.652 1.451
54053.372661 r 18.121 0.793
54053.373494 i 17.304 0.460
54053.374328 u 22.777 0.593
#54053.375161 z -99.000 0.331
#54053.375994 g 19.584 1.848
54056.359004 r 18.113 0.048
54056.359837 i 17.312 0.520
54056.360670 u 23.000 0.628
54056.361504 z 16.854 0.029
#54056.362337 g 19.602 1.072
54059.353305 r 18.242 0.587
54059.354138 i 17.315 0.350
#54059.354971 u 99.994 99.999
54059.355805 z 16.876 0.209
#54059.356638 g 19.563 1.121
#54061.364359 r 18.932 1.418
54061.365193 i 17.209 0.344
54061.366026 u 22.538 0.984
54061.366859 z 16.807 0.264
#54061.367693 g 21.578 2.071
54062.358222 r 18.148 0.027
54062.359055 i 17.295 0.513
54062.359889 u 22.103 0.264
54062.360722 z 16.843 0.039
54062.361555 g 19.624 0.077
54064.354599 r 18.121 0.838
54064.355432 i 17.306 0.464
#54064.356266 u 24.966 2.130
54064.357099 z 16.857 0.428
#54064.357932 g 19.600 2.192
54068.338745 r 18.253 0.720
54068.339579 i 17.365 0.353
#54068.340412 u 27.764 99.999
54068.341245 z 16.852 0.335
#54068.342079 g 19.836 1.568
54357.396511 r 18.108 0.652
54357.397344 i 17.335 0.482
54357.398177 u 23.612 0.849
54357.399011 z 16.859 0.114
54357.399844 g 19.685 0.172
54362.446288 r 18.115 0.285
54362.447121 i 17.316 0.517
#54362.447955 u -99.000 0.207
54362.448788 z 16.835 0.024
54362.449621 g 19.556 0.162
54376.441378 r 18.217 0.033
54376.442212 i 17.307 0.465
54376.443045 u 22.492 0.428
54376.443878 z 16.867 0.026
54376.444712 g 19.579 0.402
54382.426498 r 18.113 0.670
54382.427331 i 17.285 0.359
#54382.428164 u 24.920 3.549
54382.428998 z 16.858 0.322
#54382.429831 g 19.449 1.271
54385.444324 r 18.212 0.315
54385.445157 i 17.303 0.381
54385.445991 u 22.178 0.261
54385.446824 z 16.853 0.128
54385.447657 g 19.593 0.072
54387.444797 r 18.175 0.713
54387.445630 i 17.430 0.437
54387.446463 u 21.339 0.492
54387.447297 z 16.988 0.306
54387.448130 g 19.013 0.857
#54390.437210 r -99.000 0.580
54390.438043 i 17.541 0.517
#54390.438876 u -99.000 2.694
#54390.439710 z -99.000 0.310
#54390.440543 g 21.266 5.020
#54391.445608 r 18.723 1.089
54391.446441 i 17.292 0.363
#54391.447274 u 99.993 99.999
54391.448108 z 16.828 0.237
#54391.448941 g 20.305 2.301
54402.437972 r 18.198 0.850
54402.438806 i 17.336 0.389
#54402.439639 u 22.265 1.365
54402.440472 z 16.880 0.044
54402.441306 g 19.738 0.138
