51819.231856 r 18.697 0.010
51819.232689 i 18.468 0.011
51819.233523 u 20.705 0.079
51819.234356 z 18.369 0.029
51819.235189 g 19.335 0.013
52172.247431 r 18.702 0.010
52172.248264 i 18.486 0.011
52172.249098 u 20.897 0.081
52172.249931 z 18.347 0.028
52172.250764 g 19.311 0.013
52558.197138 r 18.692 0.010
52558.197971 i 18.455 0.012
52558.198805 u 21.080 0.138
#52558.199638 z -99.000 0.038
52558.200471 g 19.290 0.019
52576.109395 r 18.696 0.010
52576.110228 i 18.469 0.012
52576.111062 u 20.828 0.083
52576.111895 z 18.384 0.036
52576.112728 g 19.298 0.014
52577.084628 r 18.704 0.010
52577.085461 i 18.481 0.012
52577.086295 u 20.779 0.076
52577.087128 z 18.365 0.034
52577.087961 g 19.301 0.013
52930.097959 r 18.693 0.009
52930.098792 i 18.444 0.010
52930.099626 u 20.866 0.076
52930.100459 z 18.362 0.026
52930.101292 g 19.332 0.012
52931.098788 r 18.706 0.010
52931.099621 i 18.440 0.011
52931.100455 u 20.791 0.074
52931.101288 z 18.386 0.030
52931.102121 g 19.279 0.012
52935.095753 r 18.701 0.011
52935.096586 i 18.488 0.011
52935.097420 u 20.946 0.100
52935.098253 z 18.375 0.036
52935.099086 g 19.308 0.013
53313.088953 r 18.705 0.012
53313.089786 i 18.484 0.015
53313.090620 u 20.763 0.107
53313.091453 z 18.341 0.041
53313.092286 g 19.326 0.015
53622.198199 r 18.716 0.012
53622.199032 i 18.464 0.013
53622.199866 u 20.796 0.136
53622.200699 z 18.325 0.041
53622.201532 g 19.276 0.017
53625.194164 r 18.690 0.010
53625.194997 i 18.456 0.011
53625.195831 u 20.843 0.089
53625.196664 z 18.391 0.026
53625.197497 g 19.305 0.014
53634.147669 r 18.698 0.016
53634.148502 i 18.532 0.020
53634.149336 u 21.109 0.254
53634.150169 z 18.395 0.046
53634.151002 g 20.243 0.075
53636.153201 r 18.692 0.009
53636.154034 i 18.470 0.011
53636.154868 u 20.762 0.076
53636.155701 z 18.382 0.029
53636.156534 g 19.299 0.013
53645.212870 r 18.731 0.016
#53645.213703 i -99.000 0.022
#53645.214537 u -99.000 1.085
#53645.215370 z -99.000 0.178
#53645.216203 g -99.000 0.313
53655.125206 r 18.697 0.012
53655.126039 i 18.499 0.013
53655.126873 u 20.688 0.143
53655.127706 z 18.352 0.029
53655.128539 g 19.324 0.020
53657.212624 r 19.643 0.083
53657.213457 i 18.498 0.031
53657.214291 u 20.674 0.471
53657.215124 z 18.408 0.063
53657.215957 g 19.425 0.072
53664.150165 r 18.706 0.012
53664.150998 i 18.452 0.012
53664.151832 u 20.849 0.133
53664.152665 z 18.356 0.031
53664.153498 g 19.317 0.020
53666.113766 r 18.718 0.010
53666.114599 i 18.474 0.012
53666.115433 u 20.894 0.078
53666.116266 z 18.308 0.029
53666.117099 g 19.324 0.012
53669.109404 r 18.700 0.010
53669.110237 i 18.474 0.011
53669.111071 u 20.857 0.074
53669.111904 z 18.391 0.028
53669.112737 g 19.299 0.012
53674.093639 r 18.689 0.010
53674.094472 i 18.458 0.011
53674.095306 u 20.887 0.085
53674.096139 z 18.360 0.028
53674.096972 g 19.309 0.012
53676.183146 r 18.705 0.010
53676.183979 i 18.494 0.011
53676.184813 u 20.981 0.090
53676.185646 z 18.356 0.026
53676.186479 g 19.304 0.012
#53681.146535 r -99.000 0.049
53681.147368 i 18.499 0.028
53681.148202 u 20.751 0.243
53681.149035 z 18.274 0.071
53681.149868 g 19.393 0.051
53685.105578 r 18.776 0.022
53685.106411 i 18.511 0.019
53685.107245 u 21.341 0.436
53685.108078 z 18.400 0.048
53685.108911 g 19.299 0.041
53687.143930 r 18.709 0.015
53687.144763 i 18.408 0.013
53687.145597 u 20.982 0.288
53687.146430 z 18.356 0.031
53687.147263 g 19.246 0.027
53694.119472 r 18.696 0.016
53694.120305 i 18.478 0.020
53694.121139 u 21.052 0.275
53694.121972 z 18.432 0.064
53694.122805 g 19.366 0.025
53697.103558 r 18.631 0.057
53697.104391 i 18.350 0.049
53697.105225 u 21.608 0.662
53697.106058 z 18.390 0.134
53697.106891 g 19.299 0.050
53700.102520 r 18.698 0.011
53700.103353 i 18.469 0.012
53700.104187 u 20.910 0.101
53700.105020 z 18.373 0.035
53700.105853 g 19.291 0.015
53705.089190 r 18.694 0.011
53705.090023 i 18.453 0.012
53705.090857 u 20.874 0.101
53705.091690 z 18.360 0.033
53705.092523 g 19.280 0.013
53975.174181 r 18.699 0.014
53975.175015 i 18.507 0.018
53975.175848 u 20.925 0.085
53975.176681 z 18.357 0.035
53975.177515 g 19.312 0.017
53996.180905 r 18.639 0.012
53996.181739 i 18.439 0.020
53996.182572 u 20.868 0.077
53996.183405 z 18.363 0.027
53996.184239 g 19.318 0.018
53998.149535 r 18.703 0.012
53998.150368 i 18.442 0.014
53998.151202 u 20.770 0.066
53998.152035 z 18.400 0.027
53998.152868 g 19.302 0.021
54005.186792 r 18.718 0.011
54005.187625 i 18.447 0.011
54005.188458 u 20.814 0.095
54005.189292 z 18.374 0.025
54005.190125 g 19.349 0.017
54010.135042 r 18.680 0.013
54010.135876 i 18.447 0.014
54010.136709 u 20.862 0.107
54010.137542 z 18.383 0.028
54010.138376 g 19.318 0.025
54012.127856 r 18.687 0.017
54012.128689 i 18.485 0.017
54012.129522 u 20.727 0.165
54012.130356 z 18.435 0.032
54012.131189 g 19.314 0.029
54020.133836 r 18.700 0.009
54020.134670 i 18.445 0.015
54020.135503 u 20.852 0.097
54020.136336 z 18.308 0.027
54020.137170 g 19.307 0.014
54022.183118 r 18.702 0.011
54022.183952 i 18.468 0.014
#54022.184785 u -99.000 0.145
#54022.185618 z -99.000 0.067
#54022.186452 g -99.000 0.038
54028.124215 r 18.659 0.015
54028.125049 i 18.469 0.013
54028.125882 u 20.610 0.106
54028.126715 z 18.404 0.036
54028.127549 g 19.331 0.015
54030.127408 r 18.706 0.013
54030.128241 i 18.485 0.012
54030.129075 u 20.764 0.066
54030.129908 z 18.379 0.025
54030.130741 g 19.333 0.017
54032.116675 r 18.750 0.021
54032.117508 i 18.458 0.019
54032.118342 u 20.882 0.112
54032.119175 z 18.399 0.034
54032.120008 g 19.317 0.017
54034.186922 r 18.698 0.015
54034.187756 i 18.468 0.018
54034.188589 u 20.463 0.078
#54034.189422 z -99.000 0.073
54034.190256 g 19.314 0.016
54037.108635 r 18.687 0.011
54037.109468 i 18.444 0.015
54037.110301 u 20.772 0.084
54037.111135 z 18.380 0.025
54037.111968 g 19.308 0.015
54040.123129 r 18.714 0.015
54040.123962 i 18.461 0.014
54040.124796 u 21.170 0.191
54040.125629 z 18.348 0.034
54040.126462 g 19.338 0.027
54050.107749 r 18.687 0.011
54050.108582 i 18.445 0.015
54050.109415 u 20.801 0.090
54050.110249 z 18.425 0.038
54050.111082 g 19.304 0.014
54053.113903 r 18.690 0.012
54053.114737 i 18.466 0.014
54053.115570 u 20.808 0.091
54053.116403 z 18.371 0.039
54053.117237 g 19.303 0.019
54056.115585 r 18.670 0.022
54056.116419 i 18.478 0.019
54056.117252 u 21.004 0.179
54056.118085 z 18.447 0.049
54056.118919 g 19.333 0.029
54057.084261 r 18.702 0.011
54057.085094 i 18.454 0.015
54057.085927 u 20.896 0.095
54057.086761 z 18.347 0.036
54057.087594 g 19.326 0.020
54059.109870 r 18.686 0.012
54059.110703 i 18.444 0.021
54059.111536 u 21.053 0.111
54059.112370 z 18.329 0.068
54059.113203 g 19.337 0.021
54061.120916 r 18.691 0.014
54061.121750 i 18.443 0.017
54061.122583 u 21.293 0.155
54061.123416 z 18.398 0.047
54061.124250 g 19.326 0.019
54062.114766 r 18.697 0.019
54062.115600 i 18.465 0.019
54062.116433 u 20.537 0.139
54062.117266 z 18.352 0.044
54062.118100 g 19.598 0.032
54068.104797 r 18.708 0.019
54068.105630 i 18.451 0.053
54068.106464 u 20.696 0.158
54068.107297 z 18.428 0.047
54068.108130 g 19.312 0.031
54357.153056 r 18.699 0.014
54357.153889 i 18.477 0.014
54357.154722 u 20.889 0.087
54357.155556 z 18.408 0.040
54357.156389 g 19.340 0.019
54365.150918 r 18.688 0.017
54365.151751 i 18.478 0.016
54365.152585 u 21.460 0.282
54365.153418 z 18.416 0.036
54365.154251 g 19.343 0.023
54385.200886 r 18.721 0.014
54385.201719 i 18.428 0.016
54385.202553 u 20.712 0.083
54385.203386 z 18.362 0.028
54385.204219 g 19.289 0.015
54387.201385 r 18.706 0.011
54387.202218 i 18.460 0.014
54387.203052 u 20.923 0.111
54387.203885 z 18.436 0.036
54387.204718 g 19.303 0.016
54390.204403 r 18.689 0.020
54390.205236 i 18.516 0.017
54390.206070 u 20.897 0.131
54390.206903 z 18.417 0.044
54390.207736 g 19.327 0.019
54392.196134 r 18.696 0.015
54392.196968 i 18.429 0.016
54392.197801 u 20.893 0.158
54392.198634 z 18.450 0.045
54392.199468 g 19.292 0.023
54402.194605 r 18.694 0.018
54402.195439 i 18.445 0.020
54402.196272 u 20.717 0.224
54402.197105 z 18.434 0.035
54402.197939 g 19.291 0.028
