51081.380596 r 19.704 0.020
51081.381429 i 19.582 0.026
51081.382263 u 20.946 0.100
51081.383096 z 19.539 0.083
#51081.383929 g -99.000 0.021
51819.451792 r 19.740 0.025
51819.452625 i 19.551 0.027
51819.453459 u 20.770 0.110
51819.454292 z 19.627 0.118
51819.455125 g 20.059 0.025
51875.195573 r 19.705 0.021
51875.196406 i 19.563 0.026
51875.197240 u 20.964 0.092
51875.198073 z 19.481 0.087
51875.198906 g 20.045 0.019
52225.276426 r 19.749 0.018
52225.277259 i 19.577 0.021
52225.278093 u 20.789 0.076
52225.278926 z 19.588 0.069
52225.279759 g 20.087 0.018
52288.110848 r 19.718 0.021
52288.111681 i 19.634 0.026
52288.112515 u 20.899 0.096
52288.113348 z 19.569 0.085
52288.114181 g 20.055 0.020
52551.384137 r 19.670 0.019
52551.384970 i 19.542 0.023
52551.385804 u 20.829 0.085
52551.386637 z 19.380 0.069
52551.387470 g 20.024 0.019
52558.417012 r 19.779 0.018
52558.417845 i 19.587 0.020
52558.418679 u 20.784 0.073
52558.419512 z 19.546 0.070
52558.420345 g 20.086 0.018
52578.288619 r 19.726 0.019
52578.289452 i 19.559 0.024
52578.290286 u 20.850 0.090
52578.291119 z 19.632 0.085
52578.291952 g 20.110 0.019
52585.251599 r 19.757 0.021
52585.252432 i 19.607 0.028
52585.253266 u 20.884 0.082
52585.254099 z 19.593 0.108
52585.254932 g 20.083 0.018
52910.388475 r 19.702 0.020
52910.389308 i 19.542 0.024
52910.390142 u 20.780 0.098
52910.390975 z 19.631 0.092
52910.391808 g 20.037 0.020
52935.315645 r 19.761 0.023
52935.316478 i 19.599 0.027
52935.317312 u 20.987 0.107
52935.318145 z 19.680 0.105
52935.318978 g 20.082 0.021
52971.229637 r 19.718 0.020
52971.230470 i 19.579 0.025
#52971.231304 u -99.000 0.088
52971.232137 z 19.474 0.075
52971.232970 g 20.041 0.023
53351.161024 r 19.654 0.021
53351.161857 i 19.524 0.027
53351.162691 u 20.853 0.096
53351.163524 z 19.453 0.099
53351.164357 g 20.019 0.020
53622.418077 r 19.736 0.018
53622.418910 i 19.608 0.022
53622.419744 u 20.772 0.078
53622.420577 z 19.597 0.074
53622.421410 g 20.076 0.018
53634.367549 r 19.768 0.036
#53634.368382 i -99.000 0.034
53634.369216 u 20.683 0.209
53634.370049 z 19.461 0.080
53634.370882 g 20.008 0.050
53640.372921 r 19.726 0.021
53640.373754 i 19.618 0.022
53640.374588 u 20.626 0.088
53640.375421 z 19.598 0.079
53640.376254 g 20.074 0.022
53663.434738 r 19.780 0.034
53663.435571 i 19.715 0.032
53663.436405 u 21.250 0.392
53663.437238 z 19.524 0.085
53663.438071 g 20.139 0.056
53664.370051 r 19.796 0.050
53664.370884 i 19.689 0.061
#53664.371718 u -99.000 0.832
53664.372551 z 19.805 0.193
53664.373384 g 20.100 0.061
53665.434685 r 19.750 0.027
53665.435518 i 19.654 0.031
53665.436352 u 21.178 0.264
53665.437185 z 19.662 0.107
53665.438018 g 20.146 0.038
53668.423289 r 19.679 0.031
53668.424122 i 19.560 0.035
#53668.424956 u -99.000 0.180
53668.425789 z 19.766 0.154
53668.426622 g 20.090 0.036
53670.429262 r 19.714 0.029
53670.430095 i 19.571 0.032
53670.430929 u 20.883 0.195
53670.431762 z 19.497 0.106
53670.432595 g 20.016 0.029
53674.313532 r 19.687 0.023
53674.314365 i 19.535 0.028
#53674.315199 u -99.000 0.098
53674.316032 z 19.486 0.104
53674.316865 g 19.992 0.021
53676.402992 r 19.726 0.026
53676.403825 i 19.681 0.031
53676.404659 u 20.897 0.165
53676.405492 z 19.365 0.122
53676.406325 g 20.072 0.029
53679.374892 r 19.703 0.025
53679.375725 i 19.524 0.031
53679.376559 u 21.046 0.142
53679.377392 z 19.508 0.112
53679.378225 g 20.039 0.023
53681.366406 r 19.713 0.020
53681.367239 i 19.556 0.022
53681.368073 u 20.887 0.106
53681.368906 z 19.527 0.079
53681.369739 g 20.024 0.023
53684.327901 r 19.743 0.101
53684.328734 i 19.475 0.109
#53684.329568 u -99.000 0.529
#53684.330401 z -99.000 0.720
53684.331234 g 19.996 0.114
53694.339350 r 19.716 0.046
#53694.340183 i -99.000 0.046
53694.341017 u 20.674 0.253
53694.341850 z 19.603 0.136
53694.342683 g 20.088 0.058
53700.322387 r 19.720 0.024
53700.323220 i 19.569 0.031
53700.324054 u 20.929 0.140
53700.324887 z 19.392 0.098
53700.325720 g 20.049 0.022
53975.394058 r 19.779 0.027
53975.394891 i 19.621 0.028
#53975.395725 u -99.000 0.085
53975.396558 z 19.636 0.076
53975.397391 g 20.088 0.027
53994.417057 r 19.825 0.021
53994.417890 i 19.729 0.023
53994.418724 u 20.831 0.076
53994.419557 z 19.724 0.075
53994.420390 g 20.153 0.023
54005.413961 r 19.878 0.018
54005.414795 i 19.755 0.027
54005.415628 u 20.829 0.066
54005.416461 z 19.653 0.062
54005.417295 g 20.205 0.021
54012.347747 r 19.878 0.029
54012.348580 i 19.793 0.030
54012.349414 u 20.801 0.131
54012.350247 z 19.544 0.069
54012.351080 g 20.210 0.039
54020.353780 r 19.863 0.025
54020.354614 i 19.689 0.029
54020.355447 u 20.938 0.161
54020.356280 z 19.606 0.083
54020.357114 g 20.112 0.032
54024.435318 r 19.837 0.024
54024.436152 i 19.636 0.024
54024.436985 u 20.700 0.091
54024.437818 z 19.647 0.083
54024.438652 g 20.127 0.038
54030.379080 r 19.874 0.020
54030.379913 i 19.771 0.022
54030.380747 u 20.911 0.076
54030.381580 z 19.853 0.076
54030.382413 g 20.215 0.019
54035.423062 r 19.832 0.029
54035.423895 i 19.683 0.035
54035.424728 u 20.858 0.122
54035.425562 z 19.642 0.104
54035.426395 g 20.170 0.025
54040.343024 r 19.844 0.027
54040.343857 i 19.702 0.028
54040.344691 u 20.869 0.109
54040.345524 z 19.808 0.101
54040.346357 g 20.163 0.029
54053.349179 r 19.683 0.041
#54053.350012 i -99.000 0.041
54053.350845 u 21.041 0.148
#54053.351679 z -99.000 0.137
#54053.352512 g -99.000 0.025
54056.335540 r 19.847 0.028
54056.336373 i 19.687 0.028
54056.337206 u 21.026 0.121
54056.338040 z 19.554 0.078
54056.338873 g 20.138 0.026
54061.340968 r 19.765 0.031
54061.341801 i 19.614 0.036
54061.342634 u 20.780 0.153
54061.343468 z 19.497 0.125
54061.344301 g 20.051 0.035
54064.331117 r 19.859 0.029
54064.331950 i 19.782 0.026
54064.332783 u 20.656 0.089
54064.333617 z 19.742 0.087
54064.334450 g 20.146 0.023
54357.373024 r 19.890 0.018
54357.373857 i 19.724 0.022
#54357.374691 u -99.000 0.074
54357.375524 z 19.603 0.063
54357.376357 g 20.219 0.029
54362.422763 r 19.865 0.022
54362.423597 i 19.737 0.023
#54362.424430 u -99.000 0.083
54362.425263 z 19.637 0.066
54362.426097 g 20.162 0.027
54376.417851 r 19.857 0.018
54376.418684 i 19.694 0.026
54376.419517 u 20.699 0.085
54376.420351 z 19.553 0.066
54376.421184 g 20.204 0.029
54382.403067 r 19.841 0.024
54382.403901 i 19.588 0.028
54382.404734 u 20.939 0.101
54382.405567 z 19.582 0.094
54382.406401 g 20.147 0.024
54387.421257 r 19.775 0.028
54387.422090 i 19.574 0.042
54387.422924 u 20.951 0.138
54387.423757 z 19.547 0.101
54387.424590 g 20.114 0.029
54390.413669 r 19.794 0.028
54390.414503 i 19.602 0.032
54390.415336 u 20.732 0.117
54390.416169 z 19.449 0.114
#54390.417003 g -99.000 0.041
54402.414457 r 19.920 0.038
54402.415290 i 19.684 0.034
54402.416123 u 21.506 0.473
54402.416957 z 19.604 0.085
54402.417790 g 20.116 0.047
