52224.334408 r 18.741 0.010
52224.335241 i 18.222 0.009
52224.336075 u 23.126 0.443
52224.336908 z 17.985 0.042
52224.337741 g 20.078 0.019
52557.427796 r 18.786 0.010
52557.428629 i 18.180 0.009
52557.429463 u 24.232 0.949
52557.430296 z 17.790 0.020
52557.431129 g 20.006 0.019
52585.329125 r 18.712 0.009
52585.329958 i 18.089 0.009
52585.330792 u 23.305 0.435
52585.331625 z 17.878 0.019
52585.332458 g 20.045 0.017
52912.381801 r 18.482 0.009
52912.382634 i 18.021 0.009
52912.383468 u 22.021 0.242
52912.384301 z 17.699 0.018
52912.385134 g 19.840 0.018
52936.330195 r 18.518 0.009
52936.331028 i 18.102 0.009
52936.331862 u 22.753 0.366
52936.332695 z 17.682 0.018
52936.333528 g 20.029 0.020
53286.412913 r 18.486 0.009
53286.413746 i 17.974 0.009
53286.414580 u 21.790 0.275
53286.415413 z 17.600 0.020
53286.416246 g 19.906 0.025
53288.371405 r 18.618 0.009
53288.372238 i 18.159 0.009
53288.373072 u 22.823 0.436
53288.373905 z 17.682 0.018
53288.374738 g 19.873 0.018
53298.415855 r 18.719 0.010
53298.416688 i 18.172 0.010
53298.417522 u 22.357 0.265
53298.418355 z 17.857 0.022
53298.419188 g 20.015 0.019
53302.367075 r 18.853 0.013
53302.367908 i 18.335 0.011
53302.368742 u 23.019 0.775
53302.369575 z 17.898 0.020
53302.370408 g 20.080 0.030
53665.357017 r 18.822 0.012
53665.357850 i 18.764 0.015
53665.358684 u 22.722 0.716
53665.359517 z 18.029 0.023
53665.360350 g 20.296 0.039
53666.449130 r 18.664 0.011
53666.449963 i 18.183 0.010
#53666.450797 u 23.152 1.343
53666.451630 z 17.746 0.020
53666.452463 g 19.890 0.032
53673.341485 r 18.906 0.011
53673.342318 i 18.300 0.010
53673.343152 u 22.194 0.222
53673.343985 z 18.069 0.020
53673.344818 g 20.050 0.019
53677.359402 r 18.792 0.010
53677.360235 i 18.263 0.009
53677.361069 u 22.918 0.442
53677.361902 z 18.079 0.020
53677.362735 g 20.065 0.019
53687.402887 r 18.069 0.020
53687.403720 i 17.556 0.013
#53687.404554 u -99.000 3.076
53687.405387 z 17.209 0.024
53687.406220 g 19.554 0.081
53989.427379 r 18.888 0.056
53989.428212 i 18.453 0.086
53989.429045 u 22.336 0.640
53989.429879 z 18.065 0.055
53989.430712 g 20.124 0.055
53997.450887 r 18.745 0.030
53997.451721 i 18.186 0.046
53997.452554 u 22.708 0.294
53997.453387 z 17.760 0.035
53997.454221 g 20.083 0.038
54009.376694 r 18.755 0.036
54009.377527 i 18.158 0.038
54009.378361 u 22.918 0.334
54009.379194 z 17.848 0.032
54009.380027 g 20.078 0.033
54011.441179 r 18.712 0.038
54011.442012 i 18.139 0.040
54011.442846 u 22.541 0.259
54011.443679 z 17.785 0.038
54011.444512 g 20.059 0.037
54381.446384 r 18.683 0.032
54381.447218 i 18.173 0.029
54381.448051 u 22.644 0.361
54381.448884 z 17.831 0.037
54381.449718 g 19.975 0.035
54388.442998 r 18.675 0.026
54388.443831 i 18.169 0.039
#54388.444665 u 23.707 1.055
54388.445498 z 17.769 0.030
54388.446331 g 20.031 0.033
54406.350568 r 18.820 0.068
54406.351402 i 18.251 0.060
54406.352235 u 23.402 0.856
54406.353068 z 17.666 0.019
54406.353902 g 20.004 0.030
54409.355421 r 18.648 0.023
54409.356254 i 18.180 0.029
54409.357087 u 22.361 0.233
#54409.357921 z -99.000 0.028
54409.358754 g 19.994 0.035
