51075.413935 r 18.696 0.009
51075.414768 i 18.049 0.009
51075.415602 u 22.285 0.225
51075.416435 z 17.639 0.019
51075.417268 g 19.973 0.017
51818.383587 r 18.704 0.009
51818.384420 i 18.047 0.009
51818.385254 u 22.766 0.342
51818.386087 z 17.618 0.016
51818.386920 g 19.941 0.017
52171.371682 r 18.725 0.009
52171.372515 i 18.049 0.009
52171.373349 u 21.871 0.169
52171.374182 z 17.592 0.016
52171.375015 g 19.990 0.018
52173.347951 r 18.659 0.010
52173.348784 i 18.004 0.009
52173.349618 u 22.359 0.303
52173.350451 z 17.599 0.018
52173.351284 g 19.924 0.017
52224.328093 r 18.739 0.010
52224.328926 i 18.058 0.009
52224.329760 u 22.280 0.214
52224.330593 z 17.638 0.016
52224.331426 g 19.977 0.016
52234.284598 r 18.726 0.010
52234.285431 i 18.063 0.009
52234.286265 u 22.526 0.365
52234.287098 z 17.609 0.015
52234.287931 g 20.016 0.019
52261.247953 r 18.705 0.009
52261.248786 i 18.024 0.008
52261.249620 u 22.304 0.230
52261.250453 z 17.620 0.014
52261.251286 g 19.958 0.016
52283.115326 r 18.691 0.011
52283.116159 i 17.990 0.010
52283.116993 u 22.390 0.396
#52283.117826 z -99.000 0.021
52283.118659 g 19.916 0.021
52287.128449 r 18.738 0.009
52287.129282 i 18.044 0.008
52287.130116 u 22.595 0.273
52287.130949 z 17.650 0.016
52287.131782 g 19.945 0.017
52552.447144 r 18.634 0.010
52552.447977 i 18.032 0.009
52552.448811 u 21.988 0.205
52552.449644 z 17.591 0.016
52552.450477 g 19.926 0.016
52557.421503 r 18.746 0.010
52557.422336 i 18.041 0.009
52557.423170 u 22.076 0.200
52557.424003 z 17.664 0.017
52557.424836 g 20.001 0.017
52908.396071 r 18.828 0.010
52908.396904 i 18.129 0.009
52908.397738 u 22.117 0.207
52908.398571 z 17.691 0.017
52908.399404 g 20.080 0.018
52912.375509 r 18.796 0.010
52912.376342 i 18.103 0.009
52912.377176 u 22.345 0.271
52912.378009 z 17.652 0.016
52912.378842 g 20.088 0.018
52934.327977 r 18.812 0.010
52934.328810 i 18.117 0.009
52934.329644 u 22.398 0.290
52934.330477 z 17.674 0.018
52934.331310 g 20.063 0.018
52936.323902 r 18.699 0.009
52936.324735 i 18.015 0.009
52936.325569 u 22.087 0.187
52936.326402 z 17.591 0.016
52936.327235 g 19.914 0.015
53270.387957 r 18.668 0.017
53270.388791 i 18.028 0.017
53270.389624 u 22.002 0.142
53270.390457 z 17.607 0.022
53270.391291 g 19.924 0.019
53272.437901 r 18.760 0.010
53272.438734 i 18.056 0.009
53272.439568 u 22.255 0.259
53272.440401 z 17.595 0.016
53272.441234 g 19.970 0.017
53286.406621 r 18.796 0.010
53286.407454 i 18.113 0.009
53286.408288 u 22.073 0.246
53286.409121 z 17.683 0.016
53286.409954 g 20.055 0.020
53288.365115 r 18.683 0.009
53288.365948 i 18.017 0.009
#53288.366782 u -99.000 0.265
53288.367615 z 17.604 0.016
53288.368448 g 19.892 0.016
#53294.412785 r -99.000 0.046
#53294.413618 i -99.000 0.020
#53294.414452 u -99.000 0.974
#53294.415285 z -99.000 0.120
#53294.416118 g -99.000 0.067
53296.359793 r 18.716 0.021
53296.360626 i 18.048 0.018
53296.361460 u 22.352 0.317
53296.362293 z 17.580 0.019
53296.363126 g 19.944 0.023
53298.409563 r 18.701 0.011
53298.410396 i 18.063 0.010
53298.411230 u 22.051 0.228
53298.412063 z 17.627 0.018
53298.412896 g 19.924 0.016
53302.360784 r 18.688 0.011
53302.361617 i 18.016 0.009
#53302.362451 u -99.000 0.351
53302.363284 z 17.589 0.015
53302.364117 g 19.943 0.026
53312.316483 r 18.808 0.020
53312.317316 i 18.134 0.015
#53312.318150 u 23.612 1.648
53312.318983 z 17.686 0.028
53312.319816 g 20.156 0.045
53314.317514 r 18.700 0.010
53314.318347 i 18.049 0.009
53314.319181 u 22.410 0.371
53314.320014 z 17.631 0.017
53314.320847 g 19.929 0.022
53319.305310 r 18.672 0.010
53319.306143 i 18.014 0.009
53319.306977 u 21.974 0.264
53319.307810 z 17.611 0.018
53319.308643 g 19.910 0.019
53616.421866 r 18.714 0.010
53616.422699 i 18.048 0.009
53616.423533 u 22.455 0.372
53616.424366 z 17.693 0.019
53616.425199 g 19.926 0.019
53626.398294 r 18.781 0.011
53626.399127 i 18.069 0.009
#53626.399961 u -99.000 0.859
53626.400794 z 17.653 0.017
53626.401627 g 20.081 0.026
53628.383158 r 18.797 0.013
53628.383991 i 18.120 0.011
53628.384825 u 22.733 0.616
53628.385658 z 17.646 0.019
53628.386491 g 20.037 0.031
53639.430154 r 18.727 0.010
53639.430987 i 18.090 0.009
53639.431821 u 22.265 0.319
53639.432654 z 17.718 0.017
53639.433487 g 19.986 0.021
53641.429320 r 18.852 0.010
53641.430153 i 18.134 0.009
53641.430987 u 22.365 0.341
53641.431820 z 17.685 0.017
53641.432653 g 20.046 0.021
53657.388204 r 18.757 0.015
53657.389037 i 18.065 0.011
53657.389871 u 22.543 0.613
53657.390704 z 17.658 0.020
53657.391537 g 20.032 0.040
53663.372752 r 19.236 0.020
53663.373585 i 18.503 0.014
53663.374419 u 22.642 0.953
53663.375252 z 17.991 0.022
53663.376085 g 20.340 0.052
53665.350724 r 18.730 0.011
53665.351557 i 18.067 0.009
53665.352391 u 22.188 0.446
53665.353224 z 17.656 0.017
53665.354057 g 20.017 0.029
53666.442836 r 18.745 0.012
53666.443669 i 18.095 0.010
#53666.444503 u -99.000 1.125
53666.445336 z 17.649 0.017
53666.446169 g 19.956 0.029
53668.362354 r 18.844 0.013
53668.363187 i 18.155 0.011
53668.364021 u 22.492 0.600
53668.364854 z 17.669 0.019
53668.365687 g 20.075 0.028
53669.449965 r 18.758 0.012
53669.450798 i 18.071 0.010
53669.451632 u 21.787 0.364
53669.452465 z 17.654 0.020
53669.453298 g 19.998 0.026
53670.367205 r 18.766 0.011
53670.368038 i 18.065 0.009
53670.368872 u 22.849 0.623
53670.369705 z 17.665 0.017
53670.370538 g 19.970 0.022
53673.335192 r 18.786 0.010
53673.336025 i 18.102 0.009
53673.336859 u 22.542 0.292
53673.337692 z 17.649 0.015
53673.338525 g 20.040 0.017
53675.332081 r 18.805 0.011
53675.332914 i 18.096 0.009
53675.333748 u 22.132 0.232
53675.334581 z 17.671 0.017
53675.335414 g 20.053 0.018
53677.353110 r 18.802 0.010
53677.353943 i 18.106 0.009
53677.354777 u 22.826 0.348
53677.355610 z 17.642 0.014
53677.356443 g 20.055 0.017
53680.339777 r 18.830 0.010
53680.340610 i 18.111 0.009
53680.341444 u 22.330 0.245
53680.342277 z 17.673 0.015
53680.343110 g 20.064 0.017
53683.398328 r 18.777 0.012
53683.399161 i 18.151 0.012
53683.399995 u 22.147 0.315
53683.400828 z 17.749 0.023
53683.401661 g 20.000 0.020
53686.339209 r 18.762 0.016
53686.340042 i 18.102 0.011
53686.340876 u 21.838 0.519
53686.341709 z 17.649 0.017
53686.342542 g 20.043 0.045
53693.341668 r 18.800 0.018
53693.342501 i 18.114 0.013
#53693.343335 u -99.000 0.607
53693.344168 z 17.652 0.020
53693.345001 g 19.950 0.051
53699.362506 r 18.799 0.011
53699.363339 i 18.074 0.009
53699.364173 u 23.328 0.829
53699.365006 z 17.613 0.015
53699.365839 g 19.977 0.021
53704.324989 r 18.790 0.010
53704.325822 i 18.091 0.009
53704.326656 u 22.208 0.323
53704.327489 z 17.639 0.020
53704.328322 g 20.059 0.020
53989.421068 r 18.785 0.024
53989.421901 i 18.107 0.018
#53989.422735 u 23.556 1.464
53989.423568 z 17.627 0.019
53989.424401 g 20.076 0.042
53997.444597 r 18.752 0.016
53997.445430 i 18.053 0.016
#53997.446263 u -99.000 0.182
53997.447097 z 17.601 0.018
53997.447930 g 20.013 0.022
54000.396526 r 18.760 0.017
54000.397359 i 18.068 0.016
#54000.398192 u -99.000 0.350
54000.399026 z 17.611 0.023
54000.399859 g 20.010 0.025
54007.446611 r 18.776 0.024
54007.447444 i 18.099 0.021
#54007.448277 u -99.000 0.450
54007.449111 z 17.669 0.020
54007.449944 g 20.031 0.019
54009.370401 r 18.753 0.020
54009.371234 i 18.069 0.014
54009.372068 u 22.026 0.140
54009.372901 z 17.624 0.021
54009.373734 g 19.977 0.021
54011.434865 r 18.788 0.015
54011.435698 i 18.068 0.015
54011.436532 u 22.175 0.166
54011.437365 z 17.640 0.023
54011.438198 g 20.014 0.023
54012.447751 r 18.723 0.019
54012.448585 i 18.086 0.016
54012.449418 u 22.224 0.259
54012.450251 z 17.638 0.022
54012.451085 g 19.955 0.020
54025.433882 r 18.731 0.016
54025.434715 i 18.045 0.015
#54025.435549 u -99.000 0.355
54025.436382 z 17.646 0.020
54025.437215 g 19.999 0.025
54346.427661 r 18.734 0.015
54346.428494 i 18.058 0.016
54346.429328 u 23.033 0.985
54346.430161 z 17.607 0.018
54346.430994 g 19.893 0.031
54348.431618 r 18.755 0.015
54348.432452 i 18.058 0.021
54348.433285 u 22.396 0.378
54348.434118 z 17.639 0.022
54348.434952 g 19.952 0.024
54358.387467 r 18.744 0.023
54358.388300 i 18.037 0.021
#54358.389133 u 23.781 1.102
54358.389967 z 17.671 0.027
54358.390800 g 19.922 0.022
54365.420528 r 18.735 0.016
54365.421362 i 18.065 0.017
54365.422195 u 21.931 0.139
54365.423028 z 17.600 0.018
54365.423862 g 19.977 0.029
54381.440088 r 18.702 0.018
54381.440922 i 18.026 0.019
54381.441755 u 22.091 0.191
54381.442588 z 17.621 0.021
54381.443422 g 19.900 0.021
54384.446715 r 18.784 0.017
54384.447548 i 18.093 0.016
54384.448381 u 22.076 0.274
54384.449215 z 17.637 0.024
#54384.450048 g -99.000 0.031
54386.432395 r 18.731 0.014
54386.433228 i 18.052 0.014
54386.434062 u 22.572 0.284
54386.434895 z 17.627 0.025
54386.435728 g 19.958 0.021
54388.436683 r 18.773 0.020
54388.437516 i 18.065 0.015
54388.438350 u 22.177 0.214
54388.439183 z 17.614 0.024
54388.440016 g 20.004 0.021
54392.434258 r 18.744 0.020
54392.435091 i 18.107 0.023
54392.435925 u 22.093 0.261
54392.436758 z 17.570 0.024
54392.437591 g 19.945 0.031
54403.350627 r 18.718 0.022
54403.351460 i 18.034 0.020
54403.352294 u 21.762 0.550
54403.353127 z 17.576 0.028
54403.353960 g 19.902 0.051
#54404.407988 r -99.000 0.032
#54404.408821 i -99.000 0.047
54404.409654 u 21.948 0.377
54404.410488 z 17.682 0.021
#54404.411321 g -99.000 6.989
54406.344283 r 18.781 0.016
54406.345116 i 18.067 0.016
54406.345949 u 22.544 0.318
54406.346783 z 17.674 0.017
54406.347616 g 20.022 0.026
54409.349138 r 18.766 0.015
54409.349971 i 18.052 0.018
54409.350804 u 22.195 0.182
54409.351638 z 17.610 0.019
54409.352471 g 20.033 0.019
54412.370040 r 18.694 0.015
54412.370874 i 18.026 0.020
54412.371707 u 22.524 0.311
54412.372540 z 17.627 0.026
54412.373374 g 19.928 0.020
