52075.338069 r 17.551 0.006
52075.338902 i 17.436 0.007
52075.339736 u 18.590 0.021
52075.340569 z 17.203 0.013
52075.341402 g 17.884 0.006
52197.146722 r 17.508 0.006
52197.147555 i 17.403 0.006
52197.148389 u 18.509 0.017
52197.149222 z 17.189 0.013
52197.150055 g 17.861 0.006
52557.184566 r 17.645 0.006
52557.185399 i 17.531 0.007
52557.186233 u 18.716 0.022
52557.187066 z 17.319 0.016
52557.187899 g 17.988 0.006
52578.080644 r 17.642 0.006
52578.081477 i 17.536 0.007
52578.082311 u 18.698 0.021
52578.083144 z 17.283 0.014
52578.083977 g 17.991 0.006
52929.110872 r 17.497 0.006
52929.111705 i 17.395 0.007
52929.112539 u 18.488 0.018
52929.113372 z 17.188 0.013
52929.114205 g 17.829 0.006
52934.091029 r 17.491 0.006
52934.091862 i 17.383 0.007
52934.092696 u 18.457 0.018
52934.093529 z 17.212 0.015
52934.094362 g 17.825 0.006
52936.086954 r 17.489 0.006
52936.087787 i 17.427 0.006
52936.088621 u 18.448 0.016
52936.089454 z 17.185 0.013
52936.090287 g 17.838 0.006
53243.272164 r 17.508 0.007
53243.272997 i 17.422 0.007
53243.273831 u 18.564 0.024
53243.274664 z 17.199 0.022
53243.275497 g 17.885 0.008
53270.151021 r 17.514 0.012
53270.151855 i 17.450 0.014
#53270.152688 u -99.000 0.076
53270.153521 z 17.184 0.019
53270.154355 g 17.852 0.012
53272.200964 r 17.526 0.007
53272.201797 i 17.419 0.008
53272.202631 u 18.556 0.031
53272.203464 z 17.195 0.015
53272.204297 g 17.892 0.008
53288.128170 r 17.536 0.006
53288.129003 i 17.436 0.007
53288.129837 u 18.615 0.021
53288.130670 z 17.238 0.015
53288.131503 g 17.905 0.006
53302.123838 r 17.519 0.007
53302.124671 i 17.420 0.008
53302.125505 u 18.544 0.025
53302.126338 z 17.240 0.015
53302.127171 g 17.864 0.008
53312.079374 r 17.522 0.009
53312.080208 i 17.427 0.011
53312.081041 u 18.587 0.023
53312.081874 z 17.193 0.019
53312.082708 g 17.854 0.010
53314.080565 r 17.522 0.006
53314.081398 i 17.436 0.007
53314.082232 u 18.532 0.019
53314.083065 z 17.205 0.016
53314.083898 g 17.866 0.006
53623.175150 r 17.456 0.006
53623.175983 i 17.372 0.007
53623.176817 u 18.457 0.019
53623.177650 z 17.103 0.013
53623.178483 g 17.805 0.006
53626.161361 r 17.441 0.006
53626.162194 i 17.360 0.007
53626.163028 u 18.465 0.023
53626.163861 z 17.132 0.014
53626.164694 g 17.784 0.007
53628.146229 r 17.450 0.007
53628.147062 i 17.359 0.009
53628.147896 u 18.472 0.033
53628.148729 z 17.146 0.017
53628.149562 g 17.798 0.009
53637.147841 r 17.460 0.006
53637.148674 i 17.386 0.007
53637.149508 u 18.455 0.022
53637.150341 z 17.139 0.016
53637.151174 g 17.801 0.006
53644.140283 r 17.468 0.010
53644.141117 i 17.368 0.013
53644.141950 u 18.431 0.020
53644.142783 z 17.159 0.017
53644.143617 g 17.807 0.011
53654.174911 r 17.480 0.019
53654.175744 i 17.363 0.007
53654.176578 u 18.500 0.023
53654.177411 z 17.144 0.015
53654.178244 g 17.800 0.007
53656.122502 r 17.472 0.008
53656.123335 i 17.387 0.009
53656.124169 u 18.440 0.033
53656.125002 z 17.147 0.017
53656.125835 g 17.787 0.009
53665.113778 r 17.463 0.012
53665.114611 i 17.397 0.016
53665.115445 u 18.396 0.040
#53665.116278 z -99.000 0.045
53665.117111 g 17.793 0.011
53668.125412 r 17.459 0.006
53668.126245 i 17.379 0.007
53668.127079 u 18.469 0.020
53668.127912 z 17.167 0.017
53668.128745 g 17.802 0.006
53670.130265 r 17.466 0.006
53670.131098 i 17.364 0.007
53670.131932 u 18.426 0.021
53670.132765 z 17.147 0.015
53670.133598 g 17.802 0.005
53673.098246 r 17.463 0.006
53673.099079 i 17.377 0.007
53673.099913 u 18.463 0.018
53673.100746 z 17.150 0.014
53673.101579 g 17.798 0.006
53675.095135 r 17.459 0.006
53675.095968 i 17.377 0.007
53675.096802 u 18.483 0.019
53675.097635 z 17.151 0.014
53675.098468 g 17.807 0.005
53677.116167 r 17.465 0.005
53677.117000 i 17.352 0.006
53677.117834 u 18.444 0.019
53677.118667 z 17.128 0.014
53677.119500 g 17.791 0.005
53680.102832 r 17.464 0.006
53680.103665 i 17.363 0.006
53680.104499 u 18.451 0.019
53680.105332 z 17.115 0.013
53680.106165 g 17.792 0.006
53693.104737 r 17.457 0.006
53693.105570 i 17.361 0.007
53693.106404 u 18.490 0.027
53693.107237 z 17.103 0.015
53693.108070 g 17.767 0.007
53702.100423 r 17.475 0.009
53702.101257 i 17.379 0.009
53702.102090 u 18.486 0.026
53702.102923 z 17.171 0.020
53702.103757 g 17.817 0.012
53703.109542 r 17.463 0.010
#53703.110375 i -99.000 0.069
53703.111208 u 18.528 0.027
53703.112042 z 17.169 0.022
53703.112875 g 17.797 0.015
53704.088066 r 17.472 0.006
53704.088899 i 17.391 0.007
53704.089733 u 18.433 0.020
53704.090566 z 17.154 0.014
53704.091399 g 17.829 0.006
53974.176027 r 17.533 0.009
53974.176860 i 17.450 0.012
53974.177693 u 18.531 0.021
53974.178527 z 17.186 0.018
53974.179360 g 17.847 0.012
53989.184125 r 17.543 0.014
53989.184958 i 17.583 0.014
53989.185791 u 18.514 0.024
53989.186625 z 17.309 0.015
53989.187458 g 17.844 0.012
53995.173366 r 17.530 0.009
53995.174199 i 17.432 0.008
53995.175032 u 18.432 0.023
53995.175866 z 17.206 0.017
53995.176699 g 17.837 0.011
53997.151753 r 17.528 0.013
53997.152587 i 17.395 0.011
53997.153420 u 18.422 0.022
53997.154253 z 17.187 0.021
53997.155087 g 17.836 0.015
54005.123587 r 17.520 0.009
54005.124420 i 17.418 0.011
54005.125254 u 18.469 0.023
54005.126087 z 17.201 0.015
54005.126920 g 17.828 0.010
54007.136338 r 17.511 0.009
54007.137171 i 17.412 0.011
54007.138005 u 18.478 0.021
54007.138838 z 17.240 0.016
54007.139671 g 17.828 0.011
54009.133447 r 17.553 0.010
54009.134280 i 17.454 0.011
54009.135114 u 18.438 0.021
54009.135947 z 17.214 0.016
54009.136780 g 17.869 0.012
54011.197949 r 17.508 0.011
54011.198782 i 17.441 0.014
54011.199616 u 18.510 0.026
54011.200449 z 17.228 0.017
54011.201282 g 17.944 0.014
54019.148150 r 17.571 0.007
#54019.148983 i -99.000 0.010
54019.149817 u 18.484 0.021
54019.150650 z 17.271 0.017
54019.151483 g 17.838 0.011
54025.196948 r 17.510 0.009
54025.197782 i 17.447 0.013
54025.198615 u 18.506 0.023
54025.199448 z 17.227 0.018
54025.200282 g 17.844 0.012
54029.127286 r 17.508 0.009
54029.128119 i 17.400 0.009
54029.128953 u 18.506 0.025
54029.129786 z 17.196 0.016
54029.130619 g 17.833 0.012
54051.103872 r 17.562 0.012
54051.104705 i 17.472 0.018
54051.105538 u 18.515 0.035
54051.106372 z 17.191 0.022
54051.107205 g 17.870 0.020
54356.205452 r 17.634 0.012
54356.206286 i 17.537 0.012
54356.207119 u 18.699 0.025
54356.207952 z 17.290 0.019
54356.208786 g 17.960 0.012
54358.150523 r 17.611 0.019
54358.151356 i 17.577 0.011
54358.152189 u 18.685 0.028
54358.153023 z 17.313 0.021
54358.153856 g 17.981 0.015
54373.182630 r 17.612 0.013
54373.183463 i 17.560 0.014
54373.184296 u 18.674 0.030
54373.185130 z 17.309 0.022
54373.185963 g 17.954 0.013
54381.195328 r 17.631 0.011
54381.196162 i 17.549 0.014
54381.196995 u 18.719 0.028
54381.197828 z 17.306 0.021
54381.198662 g 17.969 0.013
54382.192706 r 17.636 0.010
54382.193540 i 17.553 0.017
54382.194373 u 18.591 0.035
54382.195206 z 17.293 0.026
54382.196040 g 17.967 0.010
54383.198438 r 17.620 0.015
54383.199272 i 17.547 0.014
54383.200105 u 18.699 0.027
54383.200938 z 17.342 0.019
54383.201772 g 17.970 0.012
54386.195455 r 17.641 0.011
54386.196288 i 17.562 0.014
54386.197121 u 18.680 0.027
54386.197955 z 17.307 0.018
54386.198788 g 17.986 0.013
54388.199728 r 17.655 0.015
54388.200562 i 17.566 0.012
54388.201395 u 18.696 0.032
54388.202228 z 17.325 0.018
54388.203062 g 17.969 0.014
54403.113499 r 17.654 0.011
54403.114332 i 17.639 0.013
54403.115165 u 18.735 0.023
54403.115999 z 17.314 0.016
54403.116832 g 17.991 0.011
54406.107331 r 17.646 0.012
54406.108164 i 17.553 0.014
54406.108997 u 18.665 0.026
54406.109831 z 17.324 0.018
54406.110664 g 17.993 0.013
54412.110257 r 17.644 0.011
#54412.111090 i -99.000 0.021
54412.111923 u 18.716 0.023
#54412.112757 z -99.000 0.022
54412.113590 g 17.996 0.015
54415.147811 r 17.660 0.010
54415.148645 i 17.555 0.011
54415.149478 u 18.735 0.030
54415.150311 z 17.312 0.018
54415.151145 g 17.994 0.014
