52075.344040 r 19.521 0.016
52075.344873 i 19.443 0.018
52075.345707 u 21.555 0.153
52075.346540 z 19.415 0.058
52075.347373 g 19.886 0.017
52197.152693 r 19.466 0.014
52197.153526 i 19.407 0.018
52197.154360 u 21.702 0.139
52197.155193 z 19.316 0.057
52197.156026 g 19.882 0.015
52557.190533 r 19.544 0.018
52557.191366 i 19.384 0.020
52557.192200 u 22.166 0.301
52557.193033 z 19.167 0.069
52557.193866 g 19.905 0.017
52578.086609 r 19.534 0.016
52578.087442 i 19.386 0.020
52578.088276 u 21.994 0.210
52578.089109 z 19.381 0.072
52578.089942 g 19.935 0.016
52929.116836 r 19.386 0.013
52929.117669 i 19.297 0.017
52929.118503 u 21.612 0.136
52929.119336 z 19.323 0.061
52929.120169 g 19.794 0.015
52934.096993 r 19.401 0.016
52934.097826 i 19.335 0.020
52934.098660 u 21.982 0.236
52934.099493 z 19.350 0.063
52934.100326 g 19.829 0.017
52936.092919 r 19.396 0.014
52936.093752 i 19.312 0.017
52936.094586 u 21.694 0.126
52936.095419 z 19.258 0.054
52936.096252 g 19.757 0.013
53243.278129 r 19.270 0.017
53243.278962 i 19.224 0.019
53243.279796 u 21.396 0.225
53243.280629 z 19.171 0.053
53243.281462 g 19.674 0.026
53270.156985 r 19.383 0.023
53270.157818 i 19.298 0.033
53270.158652 u 21.289 0.154
53270.159485 z 19.212 0.057
53270.160318 g 19.743 0.024
53272.206930 r 19.328 0.021
53272.207763 i 19.223 0.022
53272.208597 u 21.340 0.293
53272.209430 z 19.186 0.059
53272.210263 g 19.780 0.035
53288.134134 r 19.418 0.016
53288.134967 i 19.286 0.019
53288.135801 u 21.764 0.247
53288.136634 z 19.447 0.082
53288.137467 g 19.842 0.016
53302.129803 r 19.353 0.019
53302.130636 i 19.273 0.020
53302.131470 u 22.302 0.551
53302.132303 z 19.252 0.058
53302.133136 g 19.776 0.027
53312.085336 r 19.444 0.031
53312.086169 i 19.364 0.045
53312.087002 u 22.142 0.287
53312.087836 z 19.396 0.094
53312.088669 g 19.835 0.022
53314.086529 r 19.432 0.016
53314.087362 i 19.269 0.021
53314.088196 u 22.366 0.316
53314.089029 z 19.259 0.075
53314.089862 g 19.821 0.016
53623.181114 r 19.360 0.014
53623.181947 i 19.279 0.017
53623.182781 u 21.727 0.171
53623.183614 z 19.194 0.050
53623.184447 g 19.796 0.016
53626.167326 r 19.360 0.019
53626.168159 i 19.269 0.020
53626.168993 u 22.261 0.456
53626.169826 z 19.237 0.055
53626.170659 g 19.794 0.025
53628.152191 r 19.478 0.035
53628.153024 i 19.365 0.034
#53628.153858 u 22.703 1.340
53628.154691 z 19.295 0.089
53628.155524 g 19.736 0.042
53637.153806 r 19.417 0.018
53637.154639 i 19.317 0.024
53637.155473 u 21.486 0.246
53637.156306 z 19.242 0.082
53637.157139 g 19.866 0.020
53644.146247 r 19.311 0.017
53644.147080 i 19.305 0.027
53644.147913 u 21.594 0.132
53644.148747 z 19.139 0.049
53644.149580 g 19.755 0.019
53654.180876 r 19.328 0.017
53654.181709 i 19.288 0.020
53654.182543 u 21.938 0.285
53654.183376 z 19.241 0.064
53654.184209 g 19.721 0.021
53656.128466 r 19.511 0.037
53656.129299 i 19.434 0.037
53656.130133 u 20.981 0.324
53656.130966 z 19.219 0.088
53656.131799 g 19.862 0.051
53665.119744 r 19.282 0.040
53665.120577 i 19.100 0.033
53665.121411 u 22.101 0.513
53665.122244 z 19.279 0.122
53665.123077 g 19.762 0.024
53668.131375 r 19.352 0.017
53668.132208 i 19.338 0.024
53668.133042 u 21.928 0.256
53668.133875 z 19.337 0.099
53668.134708 g 19.771 0.016
53670.136228 r 19.344 0.016
53670.137061 i 19.268 0.024
53670.137895 u 21.781 0.271
53670.138728 z 19.130 0.077
53670.139561 g 19.828 0.019
53673.104211 r 19.345 0.015
53673.105044 i 19.270 0.018
53673.105878 u 21.636 0.152
53673.106711 z 19.247 0.059
53673.107544 g 19.801 0.015
53675.101100 r 19.352 0.015
53675.101933 i 19.288 0.019
53675.102767 u 21.666 0.152
53675.103600 z 19.315 0.064
53675.104433 g 19.812 0.015
53677.122132 r 19.382 0.015
53677.122965 i 19.330 0.020
53677.123799 u 21.979 0.285
53677.124632 z 19.296 0.062
53677.125465 g 19.814 0.016
53680.108797 r 19.359 0.015
53680.109630 i 19.276 0.018
53680.110464 u 21.587 0.164
53680.111297 z 19.193 0.054
53680.112130 g 19.816 0.016
53686.175511 r 19.374 0.053
53686.176344 i 19.300 0.053
#53686.177178 u 27.058 1.981
53686.178011 z 19.094 0.137
53686.178844 g 19.700 0.080
53693.110704 r 19.309 0.022
53693.111537 i 19.252 0.026
53693.112371 u 21.653 0.358
53693.113204 z 19.238 0.063
53693.114037 g 19.720 0.029
53702.106371 r 19.350 0.031
53702.107204 i 19.284 0.041
53702.108037 u 21.546 0.253
53702.108871 z 19.409 0.115
53702.109704 g 19.757 0.022
53703.115503 r 19.438 0.033
53703.116337 i 19.280 0.048
53703.117170 u 21.836 0.375
53703.118003 z 19.213 0.110
53703.118837 g 19.677 0.025
53704.094031 r 19.316 0.017
53704.094864 i 19.205 0.020
53704.095698 u 21.476 0.190
53704.096531 z 19.120 0.063
53704.097364 g 19.756 0.017
53974.181987 r 19.217 0.021
53974.182820 i 19.171 0.019
53974.183653 u 21.420 0.113
53974.184487 z 19.006 0.041
53974.185320 g 19.645 0.015
53989.190066 r 19.228 0.017
53989.190900 i 19.116 0.019
53989.191733 u 21.535 0.174
53989.192566 z 19.226 0.043
53989.193400 g 19.688 0.020
53995.179330 r 19.268 0.017
53995.180163 i 19.147 0.020
53995.180996 u 21.942 0.168
53995.181830 z 19.299 0.068
53995.182663 g 19.744 0.017
53997.157697 r 19.307 0.028
53997.158530 i 19.207 0.036
53997.159364 u 21.658 0.195
53997.160197 z 19.073 0.059
53997.161030 g 19.715 0.022
54005.129547 r 19.267 0.021
54005.130381 i 19.154 0.018
54005.131214 u 22.109 0.198
54005.132047 z 19.186 0.046
54005.132881 g 19.729 0.015
54007.142304 r 19.279 0.016
54007.143137 i 19.176 0.019
54007.143971 u 21.887 0.193
54007.144804 z 19.161 0.053
54007.145637 g 19.698 0.017
54009.139404 r 19.264 0.016
54009.140237 i 19.040 0.021
54009.141070 u 21.990 0.257
54009.141904 z 19.035 0.040
54009.142737 g 19.704 0.019
54011.203903 r 19.231 0.020
54011.204736 i 19.142 0.030
54011.205569 u 21.578 0.252
54011.206403 z 19.000 0.044
54011.207236 g 19.702 0.026
54019.154109 r 19.323 0.017
54019.154942 i 19.192 0.019
54019.155775 u 21.591 0.174
54019.156609 z 19.133 0.046
54019.157442 g 19.699 0.018
54025.202925 r 19.275 0.019
54025.203759 i 19.180 0.027
54025.204592 u 21.698 0.171
54025.205425 z 19.050 0.051
54025.206259 g 19.733 0.021
54029.133250 r 19.252 0.015
54029.134083 i 19.136 0.023
54029.134917 u 21.813 0.140
54029.135750 z 19.106 0.042
54029.136583 g 19.718 0.015
54051.109839 r 19.339 0.034
54051.110673 i 19.302 0.051
54051.111506 u 21.998 0.451
#54051.112339 z -99.000 0.267
54051.113173 g 19.710 0.081
54356.211414 r 19.344 0.028
54356.212247 i 19.262 0.041
54356.213081 u 21.854 0.192
54356.213914 z 19.170 0.060
54356.214747 g 19.726 0.020
54358.156479 r 19.342 0.027
54358.157312 i 19.215 0.038
54358.158146 u 21.850 0.263
54358.158979 z 19.108 0.058
54358.159812 g 19.737 0.023
54373.188570 r 19.365 0.023
54373.189403 i 19.218 0.029
54373.190236 u 21.189 0.218
54373.191070 z 19.136 0.053
54373.191903 g 19.697 0.025
54381.201272 r 19.340 0.026
54381.202105 i 19.283 0.044
54381.202938 u 21.993 0.342
54381.203772 z 19.264 0.100
54381.204605 g 19.768 0.022
54382.198666 r 19.380 0.029
54382.199500 i 19.295 0.041
54382.200333 u 21.820 0.311
54382.201166 z 19.220 0.089
54382.202000 g 19.768 0.022
54383.204407 r 19.297 0.023
54383.205240 i 19.269 0.032
54383.206073 u 22.053 0.280
54383.206907 z 19.153 0.067
54383.207740 g 19.761 0.020
54386.201422 r 19.332 0.017
54386.202255 i 19.260 0.021
54386.203089 u 21.723 0.155
54386.203922 z 19.119 0.042
54386.204755 g 19.681 0.018
54403.119470 r 19.242 0.014
54403.120304 i 19.195 0.020
54403.121137 u 21.461 0.108
54403.121970 z 19.183 0.044
54403.122804 g 19.676 0.019
54406.113298 r 19.276 0.021
54406.114131 i 19.277 0.026
54406.114964 u 21.711 0.166
54406.115798 z 19.152 0.071
54406.116631 g 19.659 0.017
54412.116245 r 19.272 0.020
54412.117078 i 19.240 0.020
54412.117911 u 21.644 0.154
54412.118745 z 19.175 0.053
54412.119578 g 19.724 0.018
54415.153792 r 19.257 0.024
54415.154625 i 19.187 0.023
54415.155458 u 21.470 0.133
54415.156292 z 19.150 0.049
54415.157125 g 19.670 0.019
