51819.230664 r 19.453 0.016
51819.231497 i 19.331 0.018
51819.232331 u 20.734 0.096
51819.233164 z 19.259 0.062
51819.233997 g 19.714 0.016
52172.246237 r 19.438 0.018
52172.247070 i 19.321 0.020
52172.247904 u 20.824 0.094
52172.248737 z 19.246 0.057
52172.249570 g 19.795 0.018
52558.195940 r 19.431 0.015
52558.196773 i 19.358 0.017
52558.197607 u 20.630 0.100
52558.198440 z 19.410 0.092
52558.199273 g 19.661 0.016
52930.096762 r 19.355 0.015
52930.097595 i 19.250 0.017
52930.098429 u 20.537 0.076
52930.099262 z 19.220 0.054
52930.100095 g 19.698 0.014
52931.097591 r 19.426 0.015
52931.098424 i 19.268 0.017
52931.099258 u 20.698 0.085
52931.100091 z 19.214 0.056
52931.100924 g 19.711 0.015
52935.094556 r 19.334 0.016
#52935.095389 i -99.000 0.019
52935.096223 u 20.848 0.119
52935.097056 z 19.194 0.062
52935.097889 g 19.660 0.017
53622.197003 r 19.309 0.018
53622.197836 i 19.253 0.023
53622.198670 u 20.469 0.109
#53622.199503 z -99.000 0.084
53622.200336 g 19.606 0.020
53625.192967 r 19.487 0.017
53625.193800 i 19.358 0.017
53625.194634 u 20.739 0.093
53625.195467 z 19.317 0.051
53625.196300 g 19.816 0.020
53636.152004 r 19.396 0.015
53636.152837 i 19.235 0.016
53636.153671 u 20.709 0.091
53636.154504 z 19.195 0.057
53636.155337 g 19.703 0.016
53655.124009 r 19.376 0.023
53655.124842 i 19.236 0.021
53655.125676 u 20.747 0.159
53655.126509 z 19.192 0.062
53655.127342 g 19.705 0.025
53657.211427 r 19.296 0.053
#53657.212260 i -99.000 0.056
53657.213094 u 20.232 0.433
53657.213927 z 19.443 0.177
53657.214760 g 19.615 0.089
53664.148968 r 19.267 0.020
53664.149801 i 19.158 0.020
53664.150635 u 20.540 0.130
53664.151468 z 19.031 0.060
53664.152301 g 19.601 0.025
53666.112569 r 19.435 0.015
53666.113402 i 19.295 0.018
53666.114236 u 20.773 0.085
53666.115069 z 19.203 0.062
53666.115902 g 19.726 0.014
53669.108207 r 19.412 0.015
53669.109040 i 19.260 0.016
53669.109874 u 20.576 0.071
53669.110707 z 19.271 0.058
53669.111540 g 19.735 0.014
53674.092442 r 19.387 0.016
53674.093275 i 19.309 0.018
53674.094109 u 20.699 0.092
53674.094942 z 19.255 0.065
53674.095775 g 19.702 0.015
53676.181947 r 19.539 0.016
53676.182780 i 19.425 0.017
53676.183614 u 20.853 0.096
53676.184447 z 19.414 0.059
53676.185280 g 19.851 0.016
#53681.145337 r -99.000 0.109
#53681.146170 i -99.000 0.133
#53681.147004 u -99.000 0.299
#53681.147837 z -99.000 0.151
#53681.148670 g -99.000 0.050
53685.104381 r 19.351 0.039
53685.105214 i 19.104 0.031
53685.106048 u 20.677 0.325
53685.106881 z 19.152 0.089
53685.107714 g 19.564 0.051
53687.142732 r 19.396 0.027
53687.143565 i 19.175 0.024
53687.144399 u 20.693 0.276
53687.145232 z 19.184 0.065
53687.146065 g 19.684 0.041
#53694.118274 r -99.000 0.032
#53694.119107 i -99.000 0.036
53694.119941 u 20.327 0.158
#53694.120774 z -99.000 0.110
#53694.121607 g -99.000 0.030
53975.172986 r 19.445 0.018
53975.173819 i 19.339 0.022
53975.174652 u 20.648 0.089
53975.175486 z 19.224 0.063
53975.176319 g 19.733 0.019
53998.148347 r 19.489 0.017
53998.149180 i 19.377 0.016
53998.150014 u 20.680 0.072
53998.150847 z 19.388 0.050
53998.151680 g 19.771 0.022
54005.185589 r 19.483 0.016
54005.186422 i 19.358 0.016
54005.187255 u 20.837 0.082
54005.188089 z 19.299 0.046
54005.188922 g 19.793 0.019
54010.133824 r 19.547 0.018
54010.134657 i 19.410 0.021
54010.135491 u 20.623 0.098
54010.136324 z 19.414 0.046
54010.137157 g 19.772 0.024
54020.132640 r 19.444 0.018
54020.133473 i 19.384 0.018
54020.134307 u 20.653 0.082
54020.135140 z 19.506 0.071
54020.135973 g 19.778 0.016
54022.181923 r 19.507 0.019
54022.182756 i 19.384 0.022
54022.183590 u 20.628 0.079
#54022.184423 z -99.000 0.070
#54022.185256 g -99.000 0.031
54030.126204 r 19.481 0.015
54030.127038 i 19.375 0.016
54030.127871 u 20.743 0.074
54030.128704 z 19.276 0.045
54030.129538 g 19.792 0.018
54034.185698 r 19.353 0.022
54034.186531 i 19.316 0.028
#54034.187364 u -99.000 0.128
54034.188198 z 19.163 0.094
54034.189031 g 19.688 0.019
54037.107442 r 19.461 0.016
54037.108276 i 19.385 0.017
54037.109109 u 20.712 0.090
54037.109942 z 19.315 0.048
54037.110776 g 19.789 0.022
54040.121928 r 19.448 0.026
54040.122762 i 19.333 0.025
54040.123595 u 20.456 0.141
54040.124428 z 19.374 0.070
54040.125262 g 19.838 0.036
54053.112720 r 19.414 0.017
54053.113553 i 19.350 0.021
54053.114387 u 20.600 0.099
54053.115220 z 19.315 0.078
54053.116053 g 19.772 0.017
54056.114385 r 19.343 0.025
#54056.115218 i -99.000 0.031
54056.116051 u 20.496 0.129
#54056.116885 z -99.000 0.109
#54056.117718 g -99.000 0.038
54057.083044 r 19.464 0.019
54057.083877 i 19.353 0.021
54057.084711 u 20.677 0.092
54057.085544 z 19.353 0.077
54057.086377 g 19.779 0.018
54062.113578 r 19.434 0.026
54062.114411 i 19.337 0.027
54062.115244 u 20.701 0.126
54062.116078 z 19.129 0.083
54062.116911 g 19.721 0.021
54068.103544 r 19.422 0.034
54068.104377 i 19.307 0.030
54068.105210 u 20.444 0.209
#54068.106044 z -99.000 0.136
54068.106877 g 19.652 0.041
54357.151863 r 19.505 0.017
54357.152696 i 19.331 0.018
54357.153530 u 20.736 0.077
54357.154363 z 19.273 0.048
54357.155196 g 19.760 0.020
54385.199691 r 19.494 0.018
54385.200525 i 19.392 0.016
54385.201358 u 20.597 0.082
54385.202191 z 19.292 0.053
54385.203025 g 19.784 0.018
54387.200187 r 19.430 0.018
54387.201020 i 19.289 0.019
54387.201853 u 20.910 0.147
54387.202687 z 19.386 0.072
54387.203520 g 19.726 0.019
54390.203210 r 19.426 0.020
54390.204043 i 19.293 0.025
54390.204876 u 20.663 0.121
54390.205710 z 19.349 0.086
54390.206543 g 19.719 0.020
54402.193375 r 19.535 0.030
54402.194208 i 19.327 0.026
54402.195042 u 20.883 0.298
54402.195875 z 19.402 0.075
54402.196708 g 19.796 0.039
