51464.173338 r 15.971 0.004
51464.174171 i 15.736 0.004
51464.175005 u 18.506 0.016
51464.175838 z 15.649 0.006
51464.176671 g 16.632 0.004
52075.346566 r 15.958 0.004
52075.347399 i 15.746 0.004
52075.348233 u 18.515 0.019
52075.349066 z 15.662 0.006
52075.349899 g 16.629 0.004
52197.155213 r 15.964 0.004
52197.156046 i 15.740 0.004
52197.156880 u 18.519 0.017
52197.157713 z 15.675 0.006
52197.158546 g 16.631 0.004
52557.193054 r 15.966 0.003
52557.193887 i 15.744 0.004
52557.194721 u 18.534 0.019
52557.195554 z 15.665 0.006
52557.196387 g 16.624 0.004
52578.089132 r 15.959 0.004
52578.089965 i 15.742 0.004
52578.090799 u 18.531 0.017
52578.091632 z 15.667 0.006
52578.092465 g 16.624 0.004
52929.119359 r 15.961 0.004
52929.120192 i 15.746 0.004
52929.121026 u 18.550 0.018
52929.121859 z 15.651 0.006
52929.122692 g 16.616 0.004
52934.099516 r 15.959 0.003
52934.100349 i 15.746 0.003
52934.101183 u 18.556 0.019
52934.102016 z 15.661 0.006
52934.102849 g 16.632 0.004
52936.095441 r 15.963 0.004
52936.096274 i 15.746 0.004
52936.097108 u 18.491 0.017
52936.097941 z 15.659 0.006
52936.098774 g 16.626 0.004
53243.280651 r 15.961 0.004
53243.281484 i 15.745 0.004
53243.282318 u 18.532 0.023
53243.283151 z 15.657 0.006
53243.283984 g 16.628 0.004
53270.159503 r 15.960 0.012
53270.160336 i 15.743 0.011
53270.161170 u 18.543 0.022
53270.162003 z 15.649 0.012
53270.162836 g 16.608 0.010
53272.209452 r 15.967 0.004
53272.210285 i 15.761 0.004
53272.211119 u 18.514 0.026
53272.211952 z 15.689 0.006
53272.212785 g 16.624 0.004
53288.136658 r 15.963 0.003
53288.137491 i 15.756 0.004
53288.138325 u 18.513 0.020
53288.139158 z 15.645 0.006
53288.139991 g 16.629 0.004
53302.132325 r 15.961 0.004
53302.133158 i 15.745 0.004
53302.133992 u 18.495 0.024
53302.134825 z 15.663 0.006
53302.135658 g 16.631 0.005
53312.087881 r 15.951 0.013
53312.088715 i 15.739 0.007
53312.089548 u 18.521 0.028
53312.090381 z 15.643 0.016
53312.091215 g 16.612 0.014
53314.089052 r 15.968 0.003
53314.089885 i 15.749 0.004
53314.090719 u 18.491 0.018
53314.091552 z 15.659 0.006
53314.092385 g 16.625 0.004
53623.183637 r 15.961 0.004
53623.184470 i 15.753 0.004
53623.185304 u 18.510 0.020
53623.186137 z 15.645 0.006
53623.186970 g 16.626 0.004
53626.169849 r 15.961 0.004
53626.170682 i 15.744 0.004
53626.171516 u 18.523 0.023
53626.172349 z 15.662 0.006
53626.173182 g 16.627 0.005
53628.154714 r 15.977 0.004
53628.155547 i 15.762 0.004
53628.156381 u 18.532 0.034
53628.157214 z 15.663 0.006
53628.158047 g 16.639 0.005
53637.156326 r 15.961 0.003
53637.157159 i 15.739 0.003
53637.157993 u 18.517 0.023
53637.158826 z 15.667 0.006
53637.159659 g 16.636 0.004
53644.148781 r 15.963 0.012
53644.149614 i 15.728 0.016
53644.150447 u 18.523 0.027
53644.151281 z 15.630 0.015
53644.152114 g 16.616 0.016
53654.183397 r 15.962 0.004
53654.184230 i 15.738 0.004
53654.185064 u 18.540 0.023
53654.185897 z 15.672 0.006
53654.186730 g 16.616 0.004
53656.130988 r 15.960 0.004
53656.131821 i 15.727 0.004
53656.132655 u 18.514 0.034
53656.133488 z 15.665 0.006
53656.134321 g 16.626 0.004
53665.122266 r 15.966 0.005
53665.123099 i 15.745 0.005
53665.123933 u 18.527 0.025
53665.124766 z 15.641 0.008
53665.125599 g 16.643 0.005
53668.133898 r 15.962 0.003
53668.134731 i 15.747 0.004
53668.135565 u 18.583 0.020
53668.136398 z 15.666 0.006
53668.137231 g 16.631 0.004
53670.138750 r 15.950 0.003
53670.139583 i 15.755 0.003
53670.140417 u 18.559 0.023
53670.141250 z 15.667 0.006
53670.142083 g 16.613 0.003
53673.106735 r 15.963 0.004
53673.107568 i 15.748 0.004
53673.108402 u 18.518 0.019
53673.109235 z 15.670 0.006
53673.110068 g 16.626 0.004
53675.103623 r 15.962 0.004
53675.104456 i 15.735 0.004
53675.105290 u 18.494 0.018
53675.106123 z 15.652 0.006
53675.106956 g 16.618 0.004
53677.124655 r 15.954 0.003
53677.125488 i 15.747 0.004
53677.126322 u 18.506 0.020
53677.127155 z 15.649 0.006
53677.127988 g 16.619 0.004
53680.111320 r 15.958 0.004
53680.112153 i 15.745 0.004
53680.112987 u 18.473 0.019
53680.113820 z 15.660 0.006
53680.114653 g 16.622 0.004
53686.178030 r 15.964 0.004
53686.178863 i 15.729 0.004
53686.179697 u 18.559 0.062
53686.180530 z 15.668 0.007
53686.181363 g 16.630 0.005
53693.113224 r 15.958 0.004
53693.114057 i 15.750 0.004
53693.114891 u 18.514 0.024
53693.115724 z 15.677 0.006
53693.116557 g 16.628 0.004
53702.108891 r 15.944 0.010
53702.109724 i 15.747 0.008
53702.110557 u 18.516 0.026
53702.111391 z 15.665 0.013
53702.112224 g 16.604 0.010
53703.118036 r 15.946 0.017
53703.118869 i 15.739 0.015
53703.119702 u 18.503 0.031
53703.120536 z 15.656 0.017
53703.121369 g 16.619 0.011
53704.096553 r 15.964 0.003
53704.097386 i 15.743 0.004
53704.098220 u 18.532 0.021
53704.099053 z 15.665 0.006
53704.099886 g 16.643 0.004
53974.184502 r 15.950 0.015
53974.185336 i 15.741 0.015
53974.186169 u 18.477 0.022
53974.187002 z 15.655 0.015
53974.187836 g 16.612 0.009
53989.192610 r 15.959 0.010
53989.193444 i 15.720 0.012
53989.194277 u 18.505 0.025
#53989.195110 z -99.000 0.012
53989.195944 g 16.630 0.011
53995.181864 r 15.954 0.012
53995.182697 i 15.744 0.011
53995.183530 u 18.513 0.024
53995.184364 z 15.653 0.011
53995.185197 g 16.618 0.016
53997.160227 r 15.943 0.016
53997.161060 i 15.720 0.017
53997.161893 u 18.526 0.026
53997.162727 z 15.663 0.014
53997.163560 g 16.639 0.012
54005.132096 r 15.957 0.010
54005.132930 i 15.745 0.011
54005.133763 u 18.544 0.022
54005.134596 z 15.643 0.013
54005.135430 g 16.617 0.010
54007.144819 r 15.946 0.010
54007.145652 i 15.726 0.011
54007.146486 u 18.514 0.025
54007.147319 z 15.650 0.012
54007.148152 g 16.622 0.009
54009.141930 r 16.526 0.058
#54009.142764 i -99.000 0.090
54009.143597 u 20.177 0.157
#54009.144430 z -99.000 0.051
54009.145264 g 17.257 0.038
54009.141931 r 16.396 0.031
#54009.142764 i -99.000 0.020
54009.143598 u 18.779 0.028
#54009.144431 z -99.000 0.052
54009.145264 g 17.320 0.042
54011.206448 r 15.949 0.009
54011.207281 i 15.705 0.011
54011.208114 u 18.515 0.026
54011.208948 z 15.638 0.014
54011.209781 g 16.642 0.013
54019.156647 r 15.946 0.007
54019.157480 i 15.709 0.010
54019.158313 u 18.486 0.023
54019.159147 z 15.663 0.014
54019.159980 g 16.612 0.009
54025.205441 r 15.955 0.011
54025.206275 i 15.743 0.012
54025.207108 u 18.500 0.030
54025.207941 z 15.651 0.020
54025.208775 g 16.625 0.015
54029.135773 r 15.938 0.007
54029.136607 i 15.731 0.009
54029.137440 u 18.520 0.019
54029.138273 z 15.651 0.013
54029.139107 g 16.624 0.008
54051.112396 r 15.964 0.015
54051.113229 i 15.752 0.019
54051.114063 u 18.562 0.059
#54051.114896 z -99.000 0.027
54051.115729 g 16.625 0.014
54356.213937 r 15.968 0.011
54356.214770 i 15.738 0.011
54356.215603 u 18.491 0.028
54356.216437 z 15.686 0.022
54356.217270 g 16.648 0.027
54358.159024 r 15.939 0.010
54358.159857 i 15.728 0.017
54358.160691 u 18.574 0.030
54358.161524 z 15.671 0.019
54358.162357 g 16.615 0.014
54373.191091 r 15.958 0.010
54373.191924 i 15.748 0.010
54373.192758 u 18.575 0.030
54373.193591 z 15.653 0.018
54373.194424 g 16.621 0.011
54381.203802 r 15.940 0.012
54381.204635 i 15.739 0.014
54381.205469 u 18.548 0.030
54381.206302 z 15.643 0.016
54381.207135 g 16.587 0.015
54382.201183 r 15.939 0.015
54382.202017 i 15.743 0.015
54382.202850 u 18.556 0.027
54382.203683 z 15.658 0.016
54382.204517 g 16.627 0.013
54383.206960 r 15.964 0.014
54383.207793 i 15.741 0.017
54383.208627 u 18.469 0.039
54383.209460 z 15.647 0.015
54383.210293 g 16.643 0.012
54386.204051 r 15.949 0.010
54386.204884 i 15.721 0.011
54386.205717 u 18.515 0.030
54386.206551 z 15.663 0.015
54386.207384 g 16.613 0.014
54388.208212 r 15.955 0.011
54388.209046 i 15.733 0.011
54388.209879 u 18.517 0.027
54388.210712 z 15.649 0.013
54388.211546 g 16.628 0.012
54403.121985 r 15.990 0.008
54403.122818 i 15.769 0.010
54403.123652 u 18.504 0.023
54403.124485 z 15.664 0.018
54403.125318 g 16.626 0.010
54406.115823 r 15.959 0.010
54406.116656 i 15.733 0.012
54406.117490 u 18.576 0.025
54406.118323 z 15.659 0.017
54406.119156 g 16.619 0.010
54412.118882 r 15.949 0.008
#54412.119715 i -99.000 0.013
54412.120549 u 18.481 0.026
#54412.121382 z -99.000 0.014
54412.122215 g 16.644 0.011
54415.156312 r 15.964 0.010
54415.157145 i 15.736 0.011
54415.157978 u 18.501 0.025
54415.158812 z 15.648 0.022
54415.159645 g 16.632 0.013
