52075.336213 r 17.296 0.006
52075.337046 i 16.607 0.005
52075.337880 u 20.866 0.104
52075.338713 z 16.381 0.009
52075.339546 g 18.831 0.012
52197.144852 r 18.167 0.009
52197.145685 i 16.590 0.005
52197.146519 u 21.433 0.119
52197.147352 z 16.659 0.011
52197.148185 g 19.034 0.012
52929.109002 r 17.979 0.008
52929.109835 i 16.888 0.006
#52929.110669 u 24.608 1.021
52929.111502 z 16.959 0.012
52929.112335 g 19.436 0.016
52936.085085 r 17.598 0.007
52936.085918 i 17.552 0.007
52936.086752 u 22.305 0.216
52936.087585 z 16.392 0.009
52936.088418 g 18.901 0.010
53243.270296 r 17.964 0.009
53243.271129 i 16.759 0.006
53243.271963 u 21.040 0.186
53243.272796 z 16.634 0.011
53243.273629 g 21.125 0.116
53302.121969 r 17.545 0.007
53302.122802 i 17.004 0.007
53302.123636 u 20.950 0.184
53302.124469 z 16.257 0.008
53302.125302 g 18.978 0.015
53623.173280 r 17.579 0.007
53623.174113 i 16.669 0.006
53623.174947 u 21.462 0.146
53623.175780 z 16.423 0.009
53623.176613 g 19.215 0.013
53626.159492 r 17.321 0.006
53626.160325 i 16.928 0.006
53626.161159 u 21.983 0.412
53626.161992 z 16.374 0.009
53626.162825 g 18.682 0.013
53644.138414 r 17.925 0.269
53644.139247 i 16.793 0.095
53644.140081 u 21.231 0.575
53644.140914 z 16.365 0.108
#53644.141747 g 20.214 1.508
53654.173041 r 17.508 0.007
53654.173874 i 17.021 0.006
#53654.174708 u 24.546 1.924
53654.175541 z 16.324 0.009
53654.176374 g 18.570 0.011
53665.111909 r 17.550 0.012
53665.112742 i 16.702 0.009
#53665.113576 u 23.312 1.173
53665.114409 z 16.331 0.022
53665.115242 g 20.861 0.132
53673.096376 r 17.329 0.006
53673.097209 i 16.835 0.006
#53673.098043 u 24.603 1.202
53673.098876 z 16.184 0.008
53673.099709 g 18.642 0.010
53675.093266 r 17.750 0.007
53675.094099 i 16.813 0.006
53675.094933 u 22.225 0.273
53675.095766 z 16.982 0.013
53675.096599 g 25.111 0.634
53680.100963 r 18.121 0.009
53680.101796 i 17.700 0.008
#53680.102630 u 24.621 1.200
53680.103463 z 16.702 0.010
53680.104296 g 19.980 0.023
53974.174163 r 17.654 0.183
53974.174997 i 16.745 0.095
53974.175830 u 22.033 0.527
53974.176663 z 16.421 0.081
53974.177497 g 19.355 0.506
53989.182250 r 17.518 0.130
53989.183083 i 16.832 0.093
53989.183916 u 21.791 0.719
53989.184750 z 16.263 0.065
53989.185583 g 18.933 0.320
53995.171493 r 17.447 0.158
53995.172326 i 16.816 0.102
53995.173160 u 21.763 0.554
53995.173993 z 16.573 0.108
#53995.174826 g 22.450 7.269
53997.149868 r 18.161 0.341
53997.150702 i 16.616 0.069
53997.151535 u 21.540 0.565
53997.152368 z 17.045 0.174
53997.153202 g 18.731 0.289
54005.121712 r 18.805 0.916
54005.122545 i 17.036 0.212
#54005.123378 u 24.748 6.032
54005.124212 z 16.333 0.125
#54005.125045 g 20.625 3.028
54007.134463 r 18.289 0.424
54007.135297 i 16.865 0.112
54007.136130 u 21.677 0.598
54007.136963 z 16.400 0.093
54007.137797 g 19.366 0.653
54009.131604 r 17.730 0.232
54009.132438 i 16.815 0.091
54009.133271 u 21.082 0.566
54009.134104 z 16.308 0.083
54009.134938 g 18.692 0.260
54011.196067 r 17.473 0.182
54011.196900 i 16.714 0.102
54011.197734 u 22.052 0.623
54011.198567 z 16.265 0.073
54011.199400 g 18.814 0.413
54019.146344 r 17.727 0.212
54019.147177 i 16.675 0.087
54019.148011 u 23.232 0.819
54019.148844 z 16.332 0.083
54019.149677 g 19.377 0.572
54025.195090 r 17.792 0.246
54025.195924 i 16.712 0.097
#54025.196757 u 99.987 99.999
54025.197590 z 16.505 0.105
54025.198424 g 19.066 0.507
54029.125415 r 17.369 0.131
54029.126249 i 16.784 0.084
#54029.127082 u 22.243 1.530
54029.127915 z 16.239 0.052
54029.128749 g 18.668 0.248
54373.180745 r 17.333 0.131
54373.181578 i 16.628 0.085
54373.182411 u 22.254 0.755
54373.183245 z 16.621 0.107
54373.184078 g 18.661 0.265
54403.111631 r 17.976 0.409
54403.112464 i 16.876 0.110
54403.113297 u 21.229 0.520
54403.114131 z 16.426 0.127
54403.114964 g 19.157 0.538
54406.105468 r 17.468 0.166
54406.106301 i 17.015 0.121
54406.107134 u 21.326 0.527
54406.107968 z 16.357 0.123
54406.108801 g 19.540 0.711
54412.108392 r 18.261 0.392
54412.109225 i 16.939 0.120
54412.110059 u 22.270 0.862
54412.110892 z 16.819 0.149
54412.111725 g 19.643 0.865
54415.145944 r 17.478 0.137
54415.146777 i 17.190 0.147
54415.147611 u 21.986 0.771
54415.148444 z 16.306 0.065
54415.149277 g 18.729 0.240
