52172.255864 r 17.855 0.008
52172.256697 i 17.799 0.009
52172.257531 u 19.322 0.034
52172.258364 z 17.644 0.021
52172.259197 g 18.321 0.009
52576.117826 r 17.993 0.008
52576.118659 i 17.769 0.009
52576.119493 u 19.457 0.032
52576.120326 z 17.699 0.022
52576.121159 g 18.398 0.009
52577.093060 r 17.663 0.007
52577.093893 i 17.564 0.008
52577.094727 u 19.396 0.031
52577.095560 z 17.241 0.015
52577.096393 g 18.224 0.008
52930.106391 r 17.917 0.007
#52930.107224 i 24.370 1.158
52930.108058 u 19.404 0.027
52930.108891 z 17.656 0.017
52930.109724 g 18.156 0.007
53625.202597 r 17.726 0.008
53625.203430 i 17.623 0.008
53625.204264 u 19.250 0.032
53625.205097 z 17.641 0.018
53625.205930 g 18.215 0.009
53655.133639 r 17.805 0.008
53655.134472 i 17.644 0.008
53655.135306 u 19.342 0.043
53655.136139 z 17.604 0.023
53655.136972 g 18.234 0.012
53666.122198 r 17.932 0.009
53666.123031 i 17.765 0.009
53666.123865 u 19.395 0.033
53666.124698 z 17.765 0.022
53666.125531 g 18.310 0.009
53669.117836 r 18.059 0.009
53669.118669 i 17.764 0.009
53669.119503 u 19.318 0.031
53669.120336 z 17.681 0.021
53669.121169 g 18.375 0.009
53681.154966 r 17.741 0.010
53681.155799 i 17.601 0.009
53681.156633 u 19.343 0.038
53681.157466 z 17.565 0.020
53681.158299 g 18.101 0.009
53687.152361 r 18.054 0.010
53687.153194 i 17.623 0.009
53687.154028 u 19.722 0.103
53687.154861 z 18.042 0.030
53687.155694 g 18.319 0.014
53697.111990 r 18.126 0.032
53697.112823 i 17.760 0.029
53697.113657 u 20.523 0.343
53697.114490 z 18.332 0.125
53697.115323 g 18.264 0.027
53705.097622 r 17.729 0.007
53705.098455 i 17.461 0.007
53705.099289 u 19.339 0.037
53705.100122 z 17.445 0.019
53705.100955 g 18.139 0.008
53996.189348 r 17.908 0.205
53996.190182 i 17.634 0.378
#53996.191015 u 24.170 5.268
53996.191848 z 17.733 0.596
53996.192682 g 18.299 0.278
53998.157988 r 18.134 0.678
53998.158821 i 17.924 0.618
53998.159654 u 19.312 0.289
53998.160488 z 17.944 0.818
53998.161321 g 18.234 0.343
54010.143447 r 17.878 0.498
54010.144281 i 17.642 0.371
54010.145114 u 19.202 0.248
54010.145947 z 17.620 0.581
54010.146781 g 18.268 0.360
54012.136298 r 17.772 0.306
54012.137132 i 17.736 0.386
54012.137965 u 19.442 0.197
54012.138798 z 17.696 0.591
54012.139632 g 18.182 0.265
54020.142272 r 17.985 0.485
54020.143106 i 17.829 0.495
54020.143939 u 19.458 0.338
54020.144772 z 17.887 0.758
54020.145606 g 18.303 0.395
54030.135829 r 17.933 0.485
54030.136662 i 17.805 0.500
54030.137495 u 19.432 0.316
54030.138329 z 17.693 0.653
54030.139162 g 18.249 0.392
54032.125099 r 17.987 0.537
54032.125932 i 18.135 0.921
54032.126765 u 19.500 0.228
54032.127599 z 17.803 0.562
54032.128432 g 18.499 0.529
54037.117071 r 18.078 0.487
54037.117904 i 18.107 0.631
54037.118738 u 19.630 0.376
54037.119571 z 17.798 0.668
54037.120404 g 19.159 0.946
54040.131561 r 17.888 0.348
54040.132394 i 17.666 0.351
54040.133228 u 19.399 0.197
54040.134061 z 17.679 0.505
54040.134894 g 18.247 0.285
#54059.118296 r 18.734 1.113
54059.119129 i 17.835 0.470
54059.119962 u 19.586 0.228
54059.120796 z 18.187 0.723
54059.121629 g 18.860 0.661
54385.209318 r 17.744 0.327
54385.210152 i 17.558 0.335
54385.210985 u 19.310 0.182
54385.211818 z 17.348 0.333
54385.212652 g 18.227 0.309
