51081.286273 r 16.356 0.004
51081.287106 i 15.782 0.003
51081.287940 u 20.328 0.075
51081.288773 z 15.481 0.006
51081.289606 g 17.713 0.006
51819.357465 r 16.349 0.005
51819.358298 i 15.773 0.004
51819.359132 u 20.562 0.077
51819.359965 z 15.466 0.006
51819.360798 g 17.707 0.006
52558.322701 r 16.365 0.004
52558.323534 i 15.795 0.004
52558.324368 u 20.570 0.089
52558.325201 z 15.454 0.006
52558.326034 g 17.692 0.005
52577.210203 r 16.358 0.004
52577.211036 i 15.793 0.004
52577.211870 u 20.372 0.059
52577.212703 z 15.477 0.006
52577.213536 g 17.709 0.005
52586.213682 r 16.354 0.006
52586.214515 i 15.792 0.006
52586.215349 u 20.328 0.060
52586.216182 z 15.485 0.010
52586.217015 g 17.715 0.007
52910.294164 r 16.352 0.005
52910.294997 i 15.789 0.005
52910.295831 u 20.327 0.055
52910.296664 z 15.482 0.006
52910.297497 g 17.713 0.006
52931.224365 r 16.363 0.004
52931.225198 i 15.783 0.004
52931.226032 u 20.437 0.068
52931.226865 z 15.454 0.006
52931.227698 g 17.735 0.005
52935.221328 r 16.355 0.005
52935.222161 i 15.790 0.005
52935.222995 u 20.474 0.064
52935.223828 z 15.482 0.006
52935.224661 g 17.720 0.006
52959.164657 r 16.365 0.005
52959.165490 i 15.786 0.006
52959.166324 u 20.369 0.055
52959.167157 z 15.463 0.006
52959.167990 g 17.742 0.006
52963.144401 r 16.368 0.006
52963.145234 i 15.786 0.006
52963.146068 u 20.469 0.055
52963.146901 z 15.477 0.007
52963.147734 g 17.721 0.006
53352.115466 r 16.355 0.005
53352.116299 i 15.795 0.005
53352.117133 u 20.367 0.056
53352.117966 z 15.484 0.006
53352.118799 g 17.808 0.006
53622.323768 r 16.367 0.004
53622.324601 i 15.803 0.004
53622.325435 u 20.148 0.074
53622.326268 z 15.476 0.006
53622.327101 g 17.718 0.005
53634.273239 r 16.368 0.004
53634.274072 i 15.780 0.004
53634.274906 u 20.277 0.163
53634.275739 z 15.476 0.006
53634.276572 g 17.726 0.008
53636.278772 r 16.365 0.007
53636.279605 i 15.800 0.007
53636.280439 u 20.258 0.155
53636.281272 z 15.443 0.008
53636.282105 g 17.713 0.008
53638.314573 r 16.361 0.005
53638.315406 i 15.803 0.005
53638.316240 u 20.358 0.069
53638.317073 z 15.485 0.006
53638.317906 g 17.735 0.006
#53640.278609 r -99.000 0.006
#53640.279442 i -99.000 0.006
53640.280276 u 20.285 0.110
53640.281109 z 15.526 0.007
53640.281942 g 17.695 0.007
53655.250779 r 16.369 0.004
53655.251612 i 15.764 0.003
53655.252446 u 20.340 0.112
#53655.253279 z -99.000 0.006
53655.254112 g 17.735 0.006
53664.275736 r 16.365 0.004
53664.276569 i 15.789 0.004
53664.277403 u 20.134 0.100
53664.278236 z 15.483 0.006
53664.279069 g 17.727 0.007
53666.239340 r 16.368 0.005
53666.240173 i 15.801 0.005
53666.241007 u 20.424 0.075
53666.241840 z 15.474 0.006
53666.242673 g 17.727 0.006
53669.234979 r 16.369 0.005
53669.235812 i 15.798 0.005
53669.236646 u 20.442 0.062
53669.237479 z 15.479 0.006
53669.238312 g 17.733 0.006
53671.319751 r 16.370 0.004
53671.320584 i 15.802 0.004
53671.321418 u 20.392 0.111
53671.322251 z 15.482 0.006
53671.323084 g 17.728 0.006
53674.219215 r 16.377 0.004
53674.220048 i 15.800 0.004
53674.220882 u 20.345 0.070
53674.221715 z 15.484 0.006
53674.222548 g 17.735 0.005
53676.308693 r 16.378 0.004
53676.309526 i 15.801 0.005
53676.310360 u 20.412 0.078
53676.311193 z 15.476 0.006
53676.312026 g 17.730 0.006
53679.280584 r 16.385 0.004
53679.281417 i 15.807 0.004
53679.282251 u 20.495 0.098
53679.283084 z 15.487 0.006
53679.283917 g 17.734 0.005
53681.272097 r 16.380 0.005
53681.272930 i 15.801 0.005
53681.273764 u 20.306 0.070
53681.274597 z 15.479 0.006
53681.275430 g 17.752 0.006
53685.231148 r 16.364 0.005
53685.231981 i 15.794 0.004
53685.232815 u 20.373 0.193
53685.233648 z 15.486 0.007
53685.234481 g 17.745 0.010
53694.245026 r 16.366 0.004
#53694.245859 i -99.000 0.004
#53694.246693 u -99.000 0.361
#53694.247526 z -99.000 0.007
53694.248359 g 17.745 0.009
53697.229121 r 16.384 0.005
53697.229954 i 15.796 0.005
53697.230788 u 20.404 0.088
53697.231621 z 15.477 0.006
53697.232454 g 17.736 0.006
53700.228079 r 16.364 0.004
53700.228912 i 15.783 0.004
53700.229746 u 20.326 0.082
53700.230579 z 15.486 0.006
53700.231412 g 17.723 0.005
53705.214749 r 16.365 0.004
53705.215582 i 15.798 0.004
53705.216416 u 20.552 0.087
53705.217249 z 15.465 0.006
53705.218082 g 17.708 0.006
53975.299760 r 16.323 0.013
53975.300593 i 15.785 0.017
53975.301427 u 20.507 0.077
53975.302260 z 15.483 0.023
53975.303093 g 17.695 0.029
53990.312567 r 16.398 0.014
53990.313400 i 15.786 0.013
53990.314234 u 20.231 0.090
53990.315067 z 15.482 0.014
53990.315900 g 17.718 0.016
53993.367606 r 16.364 0.013
53993.368439 i 15.770 0.019
53993.369272 u 20.345 0.103
#53993.370106 z -99.000 0.017
#53993.370939 g -99.000 0.015
53994.322748 r 16.358 0.017
53994.323582 i 15.794 0.018
53994.324415 u 20.409 0.056
53994.325248 z 15.478 0.017
53994.326082 g 17.705 0.022
53996.306485 r 16.346 0.019
53996.307318 i 15.764 0.015
53996.308152 u 20.303 0.063
53996.308985 z 15.463 0.023
53996.309818 g 17.737 0.018
#53998.275198 r -99.000 0.020
53998.276031 i 15.794 0.013
53998.276865 u 20.229 0.138
#53998.277698 z -99.000 0.019
53998.278531 g 17.708 0.017
54005.305353 r 16.366 0.014
54005.306186 i 15.783 0.020
54005.307020 u 20.465 0.055
54005.307853 z 15.458 0.020
54005.308686 g 17.645 0.017
54010.260729 r 16.356 0.014
54010.261562 i 15.775 0.016
54010.262395 u 20.243 0.056
54010.263229 z 15.433 0.019
54010.264062 g 17.712 0.015
54012.253484 r 16.378 0.013
54012.254317 i 15.803 0.013
54012.255150 u 20.354 0.112
54012.255984 z 15.475 0.023
54012.256817 g 17.695 0.017
54020.259409 r 16.399 0.012
54020.260242 i 15.809 0.013
#54020.261075 u -99.000 0.086
#54020.261909 z -99.000 0.012
54020.262742 g 17.727 0.016
54024.341083 r 16.346 0.011
54024.341917 i 15.763 0.018
54024.342750 u 20.093 0.091
54024.343583 z 15.481 0.017
#54024.344417 g -99.000 0.035
54028.249780 r 16.364 0.025
54028.250613 i 15.775 0.019
54028.251447 u 20.479 0.067
54028.252280 z 15.475 0.014
54028.253113 g 17.726 0.024
54030.253038 r 16.352 0.012
54030.253872 i 15.783 0.012
54030.254705 u 20.412 0.055
54030.255538 z 15.482 0.012
54030.256372 g 17.717 0.016
54035.328836 r 16.775 0.024
54035.329669 i 16.211 0.024
54035.330502 u 21.698 0.539
54035.331336 z 15.625 0.019
54035.332169 g 18.162 0.017
54037.234241 r 16.383 0.013
54037.235075 i 15.803 0.016
54037.235908 u 20.377 0.061
54037.236741 z 15.449 0.015
54037.237575 g 17.718 0.014
54040.248708 r 16.356 0.014
54040.249542 i 15.808 0.015
54040.250375 u 20.449 0.120
54040.251208 z 15.465 0.020
54040.252042 g 17.721 0.014
54049.275262 r 16.400 0.017
54049.276095 i 15.809 0.010
#54049.276929 u -99.000 0.145
54049.277762 z 15.444 0.021
54049.278595 g 17.716 0.013
54053.239531 r 16.377 0.016
54053.240364 i 15.807 0.011
54053.241197 u 20.376 0.067
54053.242031 z 15.475 0.030
54053.242864 g 17.735 0.018
54056.241272 r 16.365 0.015
54056.242105 i 15.793 0.014
54056.242938 u 20.388 0.083
54056.243772 z 15.469 0.016
#54056.244605 g -99.000 0.060
54062.240318 r 16.396 0.047
54062.241152 i 15.785 0.017
54062.241985 u 20.343 0.093
54062.242818 z 15.471 0.019
54062.243652 g 17.702 0.012
54068.221018 r 16.381 0.014
54068.221851 i 15.776 0.010
#54068.222685 u -99.000 0.135
54068.223518 z 15.477 0.017
54068.224351 g 17.723 0.015
54357.278641 r 16.358 0.019
54357.279475 i 15.781 0.017
54357.280308 u 20.327 0.060
54357.281141 z 15.395 0.018
54357.281975 g 17.796 0.023
#54362.328481 r -99.000 0.033
54362.329314 i 15.685 0.028
54362.330147 u 20.296 0.072
54362.330981 z 15.517 0.028
#54362.331814 g -99.000 0.024
54382.308646 r 16.397 0.010
54382.309479 i 15.781 0.015
54382.310313 u 20.209 0.072
54382.311146 z 15.474 0.017
54382.311979 g 17.720 0.020
54385.326462 r 16.349 0.021
54385.327296 i 15.771 0.016
#54385.328129 u -99.000 0.059
54385.328962 z 15.499 0.021
54385.329796 g 17.697 0.017
54387.327008 r 16.372 0.011
54387.327841 i 15.776 0.015
54387.328675 u 20.451 0.089
54387.329508 z 15.471 0.018
54387.330341 g 17.693 0.026
54392.321700 r 16.340 0.020
54392.322534 i 15.811 0.013
54392.323367 u 20.306 0.082
54392.324200 z 15.482 0.015
54392.325034 g 17.712 0.021
54402.320215 r 16.374 0.011
54402.321048 i 15.798 0.014
#54402.321881 u -99.000 0.173
54402.322715 z 15.470 0.012
54402.323548 g 17.707 0.012
