51081.310286 r 18.422 0.009
51081.311119 i 18.095 0.010
51081.311953 u 21.108 0.143
51081.312786 z 17.914 0.024
51081.313619 g 19.229 0.012
51819.381391 r 18.395 0.009
51819.382224 i 18.076 0.010
#51819.383058 u -99.000 0.178
51819.383891 z 17.896 0.024
51819.384724 g 19.218 0.012
52558.346630 r 18.396 0.009
52558.347463 i 18.080 0.009
52558.348297 u 21.198 0.115
52558.349130 z 17.934 0.020
52558.349963 g 19.222 0.011
52577.234134 r 18.399 0.008
52577.234967 i 18.061 0.009
52577.235801 u 21.179 0.113
52577.236634 z 17.893 0.023
52577.237467 g 19.230 0.011
52586.237610 r 18.395 0.008
52586.238443 i 18.093 0.010
52586.239277 u 21.212 0.107
52586.240110 z 17.905 0.025
52586.240943 g 19.211 0.011
52910.318093 r 18.388 0.008
52910.318926 i 18.073 0.009
52910.319760 u 21.308 0.118
52910.320593 z 17.845 0.020
52910.321426 g 19.229 0.011
52931.248295 r 18.403 0.008
52931.249128 i 18.059 0.009
52931.249962 u 21.254 0.124
52931.250795 z 17.930 0.023
52931.251628 g 19.239 0.011
52935.245259 r 18.412 0.009
52935.246092 i 18.069 0.010
52935.246926 u 21.351 0.134
52935.247759 z 17.908 0.023
52935.248592 g 19.221 0.011
52959.188588 r 18.401 0.008
52959.189421 i 18.070 0.009
52959.190255 u 21.207 0.093
52959.191088 z 17.887 0.018
52959.191921 g 19.238 0.011
52963.168332 r 18.397 0.008
52963.169165 i 18.075 0.009
52963.169999 u 21.294 0.099
#52963.170832 z -99.000 0.019
52963.171665 g 19.217 0.011
53352.139399 r 18.396 0.008
53352.140232 i 18.060 0.009
53352.141066 u 21.214 0.103
53352.141899 z 17.880 0.020
53352.142732 g 19.198 0.010
53622.347698 r 18.439 0.010
53622.348531 i 18.064 0.012
53622.349365 u 21.214 0.179
53622.350198 z 17.854 0.029
53622.351031 g 19.220 0.013
53634.297168 r 18.414 0.012
53634.298001 i 18.066 0.011
53634.298835 u 21.751 0.512
53634.299668 z 17.920 0.023
53634.300501 g 19.263 0.022
53638.338504 r 18.381 0.009
53638.339337 i 18.059 0.009
53638.340171 u 21.335 0.157
53638.341004 z 17.883 0.021
53638.341837 g 19.225 0.012
53640.302539 r 18.418 0.009
53640.303372 i 18.079 0.009
53640.304206 u 21.057 0.163
53640.305039 z 17.927 0.024
53640.305872 g 19.235 0.012
53655.274710 r 18.401 0.011
53655.275543 i 18.068 0.012
53655.276377 u 21.556 0.322
53655.277210 z 17.865 0.027
53655.278043 g 19.214 0.017
53664.299666 r 18.384 0.013
53664.300499 i 18.062 0.014
53664.301333 u 20.933 0.212
53664.302166 z 17.938 0.029
53664.302999 g 19.211 0.025
53669.258910 r 18.384 0.008
53669.259743 i 18.069 0.009
53669.260577 u 21.337 0.111
53669.261410 z 17.903 0.019
53669.262243 g 19.237 0.010
53671.343675 r 18.399 0.011
53671.344508 i 18.068 0.011
53671.345342 u 21.070 0.161
53671.346175 z 17.916 0.024
53671.347008 g 19.254 0.013
53674.243146 r 18.402 0.009
53674.243979 i 18.090 0.009
53674.244813 u 21.408 0.157
53674.245646 z 17.926 0.021
53674.246479 g 19.232 0.011
53676.332618 r 18.404 0.013
53676.333451 i 18.068 0.014
53676.334285 u 20.974 0.107
53676.335118 z 17.878 0.024
53676.335951 g 19.223 0.017
53679.304513 r 18.379 0.009
53679.305346 i 18.076 0.010
53679.306180 u 20.997 0.146
53679.307013 z 17.908 0.025
53679.307846 g 19.215 0.012
53681.296025 r 18.405 0.010
53681.296858 i 18.084 0.010
53681.297692 u 21.176 0.179
53681.298525 z 17.885 0.026
53681.299358 g 19.234 0.013
53685.255078 r 18.413 0.018
53685.255911 i 18.072 0.016
53685.256745 u 21.453 0.549
53685.257578 z 17.884 0.029
53685.258411 g 19.192 0.030
53694.268955 r 18.384 0.015
#53694.269788 i -99.000 0.014
53694.270622 u 20.796 0.317
#53694.271455 z -99.000 0.035
53694.272288 g 19.316 0.037
53697.253050 r 18.401 0.009
53697.253883 i 18.065 0.009
53697.254717 u 21.253 0.152
53697.255550 z 17.910 0.021
53697.256383 g 19.222 0.013
53700.252008 r 18.399 0.009
53700.252841 i 18.086 0.010
53700.253675 u 21.381 0.200
53700.254508 z 17.945 0.024
53700.255341 g 19.236 0.013
53705.238678 r 18.389 0.008
53705.239511 i 18.053 0.009
53705.240345 u 21.102 0.122
53705.241178 z 17.914 0.019
53705.242011 g 19.223 0.011
53975.323687 r 18.416 0.015
53975.324521 i 18.068 0.015
53975.325354 u 21.285 0.121
53975.326187 z 17.912 0.021
53975.327021 g 19.208 0.040
53990.336577 r 18.368 0.013
53990.337410 i 18.077 0.015
53990.338244 u 21.185 0.167
53990.339077 z 17.909 0.030
53990.339910 g 19.242 0.023
53994.346678 r 18.394 0.015
53994.347512 i 18.055 0.014
53994.348345 u 21.117 0.090
53994.349178 z 17.938 0.022
53994.350012 g 19.206 0.014
53996.330429 r 18.394 0.015
53996.331262 i 18.039 0.019
53996.332096 u 21.411 0.141
53996.332929 z 17.890 0.024
53996.333762 g 19.220 0.017
53998.299047 r 18.389 0.015
53998.299881 i 18.055 0.015
53998.300714 u 21.410 0.116
53998.301547 z 17.928 0.023
#53998.302381 g -99.000 0.042
54005.329292 r 18.423 0.013
54005.330126 i 18.090 0.016
54005.330959 u 21.318 0.102
54005.331792 z 17.886 0.023
54005.332626 g 19.222 0.013
54010.284574 r 18.396 0.018
54010.285408 i 18.076 0.017
54010.286241 u 21.308 0.135
54010.287074 z 17.944 0.021
54010.287908 g 19.233 0.013
54012.277420 r 18.373 0.014
54012.278253 i 18.055 0.017
54012.279086 u 21.273 0.232
54012.279920 z 17.952 0.024
54012.280753 g 19.220 0.021
54020.283418 r 18.387 0.019
54020.284252 i 18.052 0.026
54020.285085 u 21.319 0.227
54020.285918 z 17.930 0.051
54020.286752 g 19.218 0.027
54024.364942 r 18.378 0.019
54024.365776 i 18.047 0.020
54024.366609 u 21.019 0.188
54024.367442 z 17.892 0.029
54024.368276 g 19.235 0.020
54028.353282 r 18.379 0.019
54028.354115 i 18.072 0.016
#54028.354948 u -99.000 0.208
54028.355782 z 17.884 0.030
54028.356615 g 19.229 0.023
54030.276900 r 18.392 0.013
54030.277734 i 18.083 0.015
54030.278567 u 21.138 0.096
54030.279400 z 17.923 0.019
54030.280234 g 19.239 0.014
54035.352707 r 18.429 0.030
54035.353540 i 18.074 0.034
54035.354374 u 21.080 0.202
54035.355207 z 17.901 0.033
54035.356040 g 19.232 0.033
54037.258175 r 18.387 0.018
54037.259009 i 18.060 0.016
54037.259842 u 21.183 0.108
54037.260675 z 17.913 0.021
54037.261509 g 19.205 0.020
54040.272670 r 18.410 0.021
54040.273503 i 18.073 0.016
54040.274337 u 21.986 0.537
54040.275170 z 17.849 0.029
54040.276003 g 19.195 0.028
54047.303318 r 18.384 0.036
54047.304151 i 18.114 0.044
54047.304985 u 20.699 0.447
54047.305818 z 17.954 0.051
54047.306651 g 19.254 0.038
54049.299121 r 18.395 0.019
54049.299955 i 18.068 0.028
54049.300788 u 22.123 0.712
54049.301621 z 17.902 0.027
54049.302455 g 19.241 0.025
54053.263409 r 18.390 0.012
54053.264243 i 18.061 0.012
54053.265076 u 21.289 0.120
54053.265909 z 17.919 0.023
54053.266743 g 19.205 0.013
54056.265135 r 18.393 0.039
54056.265968 i 18.070 0.021
54056.266802 u 21.341 0.184
54056.267635 z 17.862 0.027
54056.268468 g 19.241 0.018
54059.259440 r 18.396 0.021
54059.260273 i 18.101 0.036
54059.261106 u 20.754 0.156
54059.261940 z 17.885 0.031
54059.262773 g 19.217 0.034
54062.264245 r 18.414 0.017
54062.265078 i 18.065 0.017
54062.265911 u 21.049 0.143
54062.266745 z 17.922 0.027
54062.267578 g 19.255 0.022
54068.244884 r 18.385 0.018
54068.245717 i 18.089 0.021
54068.246550 u 21.685 0.448
54068.247384 z 17.833 0.024
54068.248217 g 19.199 0.028
54357.302566 r 18.377 0.020
54357.303399 i 18.073 0.022
54357.304232 u 21.383 0.118
54357.305066 z 17.893 0.025
54357.305899 g 19.272 0.017
54362.352380 r 18.400 0.023
54362.353213 i 18.080 0.026
54362.354047 u 21.086 0.104
54362.354880 z 18.143 0.045
54362.355713 g 19.221 0.022
54382.332605 r 19.026 0.038
54382.333438 i 18.574 0.040
#54382.334272 u 30.241 99.999
54382.335105 z 18.432 0.063
54382.335938 g 19.984 0.047
54385.350439 r 18.398 0.013
54385.351273 i 18.065 0.018
54385.352106 u 21.118 0.103
54385.352939 z 17.907 0.020
54385.353773 g 19.226 0.024
54387.350937 r 18.390 0.020
54387.351770 i 18.056 0.016
54387.352603 u 21.152 0.172
54387.353437 z 17.902 0.027
54387.354270 g 19.224 0.020
54392.345622 r 18.426 0.021
54392.346455 i 18.068 0.025
54392.347288 u 21.097 0.176
54392.348122 z 17.891 0.029
54392.348955 g 19.231 0.017
54402.344071 r 18.400 0.029
54402.344904 i 18.094 0.017
#54402.345738 u 21.733 1.216
54402.346571 z 17.900 0.027
54402.347404 g 19.244 0.030
