51075.402198 r 17.044 0.005
51075.403031 i 16.036 0.004
51075.403865 u 20.465 0.064
51075.404698 z 15.504 0.006
51075.405531 g 18.286 0.007
51818.371839 r 17.051 0.005
51818.372672 i 16.064 0.004
51818.373506 u 20.738 0.071
51818.374339 z 15.504 0.006
51818.375172 g 18.333 0.007
52171.359954 r 17.082 0.005
52171.360787 i 16.083 0.004
52171.361621 u 20.960 0.099
52171.362454 z 15.543 0.006
52171.363287 g 18.309 0.007
52173.336221 r 17.071 0.005
52173.337054 i 16.078 0.004
52173.337888 u 20.785 0.096
52173.338721 z 15.539 0.006
52173.339554 g 18.362 0.007
52224.316402 r 17.149 0.005
52224.317235 i 16.153 0.005
52224.318069 u 21.256 0.109
52224.318902 z 15.578 0.006
52224.319735 g 18.470 0.008
52234.272862 r 17.048 0.005
52234.273695 i 16.082 0.004
52234.274529 u 20.671 0.081
52234.275362 z 15.548 0.006
52234.276195 g 18.320 0.007
52283.103591 r 17.033 0.006
52283.104424 i 16.056 0.005
52283.105258 u 20.352 0.076
52283.106091 z 15.517 0.007
52283.106924 g 18.259 0.007
52287.116712 r 17.050 0.005
52287.117545 i 16.067 0.004
52287.118379 u 20.702 0.075
52287.119212 z 15.543 0.006
52287.120045 g 18.297 0.007
52557.409769 r 17.055 0.008
52557.410602 i 16.038 0.007
52557.411436 u 20.744 0.088
52557.412269 z 15.521 0.009
52557.413102 g 18.374 0.009
52908.384336 r 17.156 0.005
52908.385169 i 16.146 0.004
52908.386003 u 21.250 0.127
52908.386836 z 15.549 0.006
52908.387669 g 18.490 0.007
52912.363776 r 17.133 0.005
52912.364609 i 16.109 0.004
52912.365443 u 20.978 0.103
52912.366276 z 15.587 0.006
52912.367109 g 18.509 0.008
52934.316242 r 17.035 0.005
52934.317075 i 16.046 0.004
52934.317909 u 20.725 0.091
52934.318742 z 15.499 0.006
52934.319575 g 18.359 0.007
52936.312168 r 17.093 0.005
52936.313001 i 16.147 0.004
52936.313835 u 21.123 0.096
52936.314668 z 15.571 0.006
52936.315501 g 18.465 0.007
53270.376253 r 17.098 0.018
53270.377086 i 16.117 0.012
53270.377920 u 20.951 0.082
53270.378753 z 15.540 0.015
53270.379586 g 18.452 0.012
53272.426166 r 17.032 0.005
53272.426999 i 16.045 0.004
53272.427833 u 20.832 0.092
53272.428666 z 15.514 0.006
53272.429499 g 18.338 0.007
53288.353381 r 17.159 0.005
53288.354214 i 16.134 0.004
53288.355048 u 21.353 0.121
53288.355881 z 15.536 0.006
53288.356714 g 18.545 0.008
53296.348123 r 17.119 0.018
53296.348956 i 16.112 0.013
#53296.349790 u -99.000 0.082
53296.350623 z 15.571 0.017
53296.351456 g 18.406 0.025
53298.397828 r 17.074 0.006
53298.398661 i 16.079 0.004
53298.399495 u 20.974 0.103
53298.400328 z 15.554 0.006
53298.401161 g 18.412 0.007
53302.349049 r 17.096 0.005
53302.349882 i 16.070 0.004
53302.350716 u 20.903 0.136
53302.351549 z 15.550 0.006
53302.352382 g 18.431 0.010
53312.304595 r 17.141 0.013
53312.305428 i 16.123 0.014
53312.306262 u 21.087 0.241
53312.307095 z 15.550 0.014
53312.307928 g 18.471 0.018
53314.305780 r 17.044 0.005
53314.306613 i 16.062 0.004
53314.307447 u 20.502 0.089
53314.308280 z 15.470 0.006
53314.309113 g 18.314 0.008
53319.293576 r 17.036 0.005
53319.294409 i 16.078 0.004
53319.295243 u 20.644 0.114
53319.296076 z 15.522 0.006
53319.296909 g 18.354 0.007
53616.410134 r 17.047 0.005
53616.410967 i 16.043 0.004
53616.411801 u 20.712 0.103
53616.412634 z 15.505 0.006
53616.413467 g 18.305 0.007
53628.371425 r 17.061 0.005
53628.372258 i 16.075 0.004
53628.373092 u 20.407 0.109
53628.373925 z 15.512 0.006
53628.374758 g 18.444 0.011
53639.418420 r 17.051 0.005
53639.419253 i 16.068 0.004
53639.420087 u 20.787 0.106
53639.420920 z 15.520 0.006
53639.421753 g 18.388 0.008
53641.417589 r 17.089 0.005
53641.418422 i 16.099 0.004
53641.419256 u 20.814 0.095
53641.420089 z 15.540 0.006
53641.420922 g 18.446 0.007
53657.376471 r 17.048 0.006
53657.377304 i 16.067 0.005
53657.378138 u 20.476 0.150
53657.378971 z 15.513 0.007
53657.379804 g 18.358 0.013
53663.361019 r 17.104 0.006
53663.361852 i 16.091 0.004
53663.362686 u 21.193 0.268
53663.363519 z 15.547 0.006
53663.364352 g 18.448 0.012
53665.338991 r 17.124 0.007
#53665.339824 i -99.000 0.007
#53665.340658 u -99.000 1.090
#53665.341491 z -99.000 0.021
53665.342324 g 18.487 0.018
53670.355471 r 17.011 0.005
53670.356304 i 16.046 0.004
#53670.357138 u -99.000 0.116
53670.357971 z 15.495 0.006
53670.358804 g 18.313 0.008
53673.323458 r 17.136 0.005
53673.324291 i 16.090 0.004
53673.325125 u 21.299 0.113
53673.325958 z 15.613 0.006
53673.326791 g 18.520 0.007
53675.320347 r 17.065 0.005
53675.321180 i 16.057 0.004
53675.322014 u 20.773 0.091
53675.322847 z 15.526 0.006
53675.323680 g 18.350 0.007
53677.341375 r 17.067 0.005
53677.342208 i 16.046 0.004
53677.343042 u 20.772 0.097
53677.343875 z 15.515 0.006
53677.344708 g 18.363 0.007
53680.328044 r 17.015 0.005
53680.328877 i 16.052 0.004
53680.329711 u 20.617 0.085
53680.330544 z 15.519 0.006
53680.331377 g 18.345 0.007
53686.327476 r 17.144 0.006
53686.328309 i 16.175 0.004
53686.329143 u 21.911 0.579
53686.329976 z 15.569 0.006
53686.330809 g 18.489 0.013
53693.329934 r 17.020 0.006
53693.330767 i 16.031 0.004
53693.331601 u 20.553 0.261
53693.332434 z 15.495 0.006
53693.333267 g 18.335 0.015
#53698.327323 r -99.000 0.010
53698.328156 i 16.022 0.012
#53698.328990 u -99.000 1.288
#53698.329823 z -99.000 0.159
#53698.330656 g -99.000 1.543
53699.350774 r 17.063 0.005
53699.351607 i 16.068 0.004
53699.352441 u 20.741 0.114
53699.353274 z 15.529 0.006
53699.354107 g 18.382 0.008
53989.409310 r 17.156 0.012
53989.410143 i 16.107 0.018
53989.410976 u 20.801 0.159
#53989.411810 z -99.000 0.013
53989.412643 g 18.482 0.013
53995.448039 r 17.147 0.012
53995.448872 i 16.155 0.016
53995.449705 u 21.342 0.127
53995.450539 z 15.607 0.016
53995.451372 g 18.493 0.036
54000.384768 r 17.098 0.017
54000.385601 i 16.126 0.016
54000.386435 u 20.660 0.083
54000.387268 z 15.543 0.014
54000.388101 g 18.484 0.023
54007.434891 r 17.142 0.015
54007.435724 i 16.103 0.027
54007.436557 u 20.778 0.087
54007.437391 z 15.577 0.020
54007.438224 g 18.487 0.017
54009.358686 r 17.115 0.019
54009.359520 i 16.109 0.013
54009.360353 u 21.040 0.085
54009.361186 z 15.536 0.015
54009.362020 g 18.461 0.029
54011.423173 r 17.102 0.015
54011.424007 i 16.127 0.018
54011.424840 u 21.147 0.089
54011.425673 z 15.584 0.014
54011.426507 g 18.539 0.023
54012.435944 r 17.115 0.025
54012.436777 i 16.099 0.020
54012.437611 u 21.067 0.115
54012.438444 z 15.561 0.021
54012.439277 g 18.424 0.031
54025.422207 r 17.081 0.022
54025.423040 i 16.082 0.009
54025.423873 u 20.775 0.097
54025.424707 z 15.543 0.014
54025.425540 g 18.417 0.018
54346.415935 r 17.132 0.016
54346.416769 i 16.111 0.014
54346.417602 u 20.889 0.159
54346.418435 z 15.559 0.018
#54346.419269 g -99.000 0.028
54348.419911 r 17.141 0.020
54348.420744 i 16.114 0.015
54348.421578 u 21.278 0.165
54348.422411 z 15.592 0.017
54348.423244 g 18.494 0.021
54355.429987 r 17.168 0.022
54355.430820 i 16.124 0.015
54355.431653 u 21.522 0.149
54355.432487 z 15.597 0.020
54355.433320 g 18.521 0.015
54358.375718 r 17.150 0.013
54358.376551 i 16.113 0.013
54358.377384 u 20.847 0.111
54358.378218 z 15.542 0.019
54358.379051 g 18.451 0.033
54365.408776 r 17.155 0.019
54365.409609 i 16.123 0.012
54365.410443 u 21.143 0.096
54365.411276 z 15.576 0.012
54365.412109 g 18.489 0.017
54381.428374 r 17.131 0.017
54381.429207 i 16.120 0.019
54381.430040 u 21.160 0.106
54381.430874 z 15.571 0.015
54381.431707 g 18.502 0.019
54384.434989 r 17.098 0.033
54384.435822 i 16.087 0.016
54384.436656 u 20.933 0.100
54384.437489 z 15.580 0.015
54384.438322 g 18.453 0.020
54386.420656 r 17.250 0.022
54386.421489 i 16.315 0.018
54386.422323 u 22.273 0.345
54386.423156 z 15.685 0.017
54386.423989 g 18.802 0.026
54388.424927 r 17.124 0.015
54388.425760 i 16.135 0.011
54388.426593 u 21.686 0.190
54388.427427 z 15.572 0.020
54388.428260 g 18.521 0.022
54392.422502 r 17.141 0.025
54392.423335 i 16.091 0.021
54392.424168 u 20.610 0.086
54392.425002 z 15.531 0.013
54392.425835 g 18.469 0.017
54403.338740 r 17.144 0.013
54403.339573 i 16.141 0.010
54403.340407 u 20.775 0.370
54403.341240 z 15.542 0.017
54403.342073 g 18.506 0.019
#54404.396281 r -99.000 0.012
54404.397114 i 16.123 0.008
54404.397948 u 21.866 0.652
#54404.398781 z -99.000 0.009
54404.399614 g 18.460 0.013
54405.394236 r 17.153 0.019
54405.395069 i 16.147 0.018
54405.395903 u 21.544 0.309
54405.396736 z 15.569 0.017
54405.397569 g 18.480 0.018
54406.332556 r 17.144 0.040
54406.333389 i 16.188 0.035
54406.334223 u 21.241 0.128
54406.335056 z 15.572 0.016
54406.335889 g 18.509 0.025
54412.358351 r 17.179 0.009
54412.359184 i 16.111 0.012
54412.360018 u 20.863 0.092
54412.360851 z 15.623 0.014
54412.361684 g 18.474 0.014
