51819.250112 r 19.348 0.014
51819.250945 i 19.407 0.022
51819.251779 u 21.139 0.114
51819.252612 z 18.884 0.045
51819.253445 g 19.706 0.016
52172.265666 r 19.118 0.012
52172.266499 i 19.212 0.018
52172.267333 u 20.701 0.076
52172.268166 z 18.949 0.046
52172.268999 g 19.495 0.013
52558.215370 r 19.105 0.014
52558.216203 i 18.982 0.019
52558.217037 u 20.618 0.087
52558.217870 z 18.982 0.060
52558.218703 g 19.497 0.014
52576.127628 r 19.123 0.013
52576.128461 i 19.099 0.022
52576.129295 u 20.427 0.091
52576.130128 z 18.966 0.055
52576.130961 g 19.477 0.012
52577.102861 r 19.107 0.013
52577.103694 i 19.175 0.022
52577.104528 u 20.470 0.062
52577.105361 z 19.069 0.059
52577.106194 g 19.518 0.013
52930.116194 r 19.164 0.012
52930.117027 i 19.088 0.015
52930.117861 u 20.607 0.057
52930.118694 z 18.936 0.037
52930.119527 g 19.496 0.012
52935.113987 r 19.062 0.014
52935.114820 i 19.941 0.045
52935.115654 u 20.576 0.093
52935.116487 z 18.867 0.054
52935.117320 g 19.591 0.016
53313.107188 r 19.107 0.017
53313.108021 i 22.017 0.324
53313.108855 u 20.403 0.076
53313.109688 z 18.882 0.055
53313.110521 g 19.467 0.014
53622.216435 r 19.114 0.016
53622.217268 i 19.087 0.023
53622.218102 u 20.565 0.096
53622.218935 z 18.956 0.055
53622.219768 g 19.526 0.017
53625.212399 r 19.185 0.013
53625.213232 i 19.478 0.021
53625.214066 u 20.424 0.060
53625.214899 z 18.984 0.038
53625.215732 g 19.503 0.015
53636.171436 r 19.191 0.013
53636.172269 i 19.092 0.016
53636.173103 u 20.641 0.071
53636.173936 z 18.968 0.040
53636.174769 g 19.496 0.014
53655.143441 r 19.084 0.018
53655.144274 i 19.278 0.027
53655.145108 u 20.850 0.182
53655.145941 z 19.401 0.081
53655.146774 g 19.549 0.025
53664.168400 r 19.164 0.016
53664.169233 i 19.074 0.019
53664.170067 u 20.594 0.122
53664.170900 z 19.023 0.050
53664.171733 g 19.628 0.023
53674.111874 r 19.119 0.012
53674.112707 i 19.093 0.017
53674.113541 u 20.474 0.059
53674.114374 z 18.902 0.039
53674.115207 g 19.494 0.013
53676.201374 r 19.183 0.013
53676.202207 i 19.216 0.018
53676.203041 u 21.216 0.120
53676.203874 z 19.141 0.046
53676.204707 g 19.670 0.015
53679.173255 r 19.286 0.019
53679.174088 i 19.127 0.023
53679.174922 u 21.287 0.208
53679.175755 z 19.552 0.091
53679.176588 g 19.469 0.016
53687.162161 r 19.166 0.021
53687.162994 i 19.098 0.023
53687.163828 u 20.288 0.162
53687.164661 z 18.927 0.049
53687.165494 g 19.799 0.042
53700.120752 r 19.102 0.015
#53700.121585 i 24.310 1.145
53700.122419 u 20.479 0.088
#53700.123252 z -99.000 0.080
#53700.124085 g -99.000 0.039
53705.107422 r 19.128 0.014
53705.108255 i 21.018 0.094
53705.109089 u 20.422 0.073
53705.109922 z 18.970 0.051
53705.110755 g 19.483 0.014
53975.192417 r 19.146 0.020
53975.193250 i 19.065 0.021
53975.194083 u 20.582 0.065
53975.194917 z 19.236 0.073
53975.195750 g 19.631 0.021
53996.199137 r 19.124 0.015
53996.199970 i 19.108 0.026
53996.200804 u 20.614 0.060
53996.201637 z 18.893 0.036
53996.202470 g 19.473 0.017
53998.167780 r 19.117 0.017
53998.168613 i 19.104 0.023
53998.169447 u 20.499 0.052
53998.170280 z 18.924 0.035
53998.171113 g 19.506 0.015
54010.153260 r 19.176 0.021
54010.154094 i 18.984 0.021
54010.154927 u 20.560 0.089
54010.155760 z 18.933 0.035
54010.156594 g 19.506 0.022
54012.146135 r 19.130 0.030
54012.146969 i 18.960 0.031
54012.147802 u 20.505 0.148
54012.148635 z 18.873 0.054
54012.149469 g 19.464 0.033
54020.152104 r 19.142 0.013
54020.152938 i 19.178 0.025
54020.153771 u 20.427 0.065
54020.154604 z 18.985 0.039
54020.155438 g 19.496 0.013
54028.142444 r 19.328 0.026
54028.143278 i 19.172 0.033
54028.144111 u 20.255 0.099
54028.144944 z 18.863 0.052
54028.145778 g 19.475 0.019
54030.145627 r 19.139 0.014
54030.146460 i 19.104 0.023
54030.147294 u 20.508 0.052
54030.148127 z 19.030 0.035
54030.148960 g 19.503 0.015
#54032.134889 r -99.000 0.018
54032.135723 i 19.199 0.064
54032.136556 u 20.435 0.063
#54032.137389 z -99.000 0.048
#54032.138223 g -99.000 0.018
#54034.205240 r -99.000 0.126
54034.206073 i 19.382 0.194
54034.206906 u 20.552 0.093
#54034.207740 z -99.000 0.070
#54034.208573 g -99.000 0.026
54037.126875 r 19.186 0.019
54037.127709 i 19.084 0.025
54037.128542 u 20.567 0.070
54037.129375 z 19.197 0.060
54037.130209 g 19.531 0.021
54040.141353 r 19.157 0.022
54040.142187 i 18.956 0.026
54040.143020 u 20.449 0.122
54040.143853 z 18.963 0.056
54040.144687 g 19.535 0.030
54050.125983 r 19.202 0.022
54050.126817 i 19.075 0.027
54050.127650 u 20.647 0.093
54050.128483 z 19.092 0.078
54050.129317 g 19.507 0.019
54053.132152 r 19.260 0.018
54053.132985 i 19.995 0.435
54053.133819 u 20.404 0.058
54053.134652 z 18.905 0.042
54053.135485 g 19.532 0.017
54056.133832 r 19.559 0.137
54056.134666 i 19.809 0.356
54056.135499 u 22.046 0.682
54056.136332 z 19.472 0.167
54056.137166 g 19.894 0.044
54057.102482 r 19.131 0.014
54057.103316 i 19.748 0.478
54057.104149 u 20.476 0.053
54057.104982 z 18.982 0.045
54057.105816 g 19.486 0.016
54059.128097 r 19.156 0.018
#54059.128930 i 99.988 99.999
54059.129764 u 20.478 0.067
54059.130597 z 18.987 0.045
54059.131430 g 19.620 0.022
54061.139149 r 19.114 0.019
54061.139982 i 20.068 0.415
54061.140816 u 20.355 0.121
54061.141649 z 18.929 0.057
54061.142482 g 19.497 0.094
54062.132992 r 19.314 0.055
#54062.133826 i 32.945 99.999
54062.134659 u 21.285 0.232
54062.135492 z 19.070 0.096
54062.136326 g 19.559 0.036
54068.122980 r 19.308 0.204
54068.123813 i 19.702 0.354
54068.124646 u 20.008 0.131
54068.125480 z 18.933 0.084
54068.126313 g 19.501 0.048
54357.171303 r 19.142 0.020
54357.172136 i 19.078 0.027
54357.172969 u 20.543 0.083
54357.173803 z 18.959 0.049
54357.174636 g 19.492 0.019
54365.169150 r 19.129 0.024
54365.169983 i 19.127 0.037
54365.170816 u 20.398 0.122
54365.171650 z 18.982 0.061
54365.172483 g 19.476 0.030
54385.219116 r 19.152 0.016
54385.219949 i 19.053 0.027
54385.220782 u 20.509 0.067
54385.221616 z 18.922 0.041
54385.222449 g 19.535 0.019
54387.219624 r 19.111 0.018
54387.220458 i 19.019 0.023
54387.221291 u 20.605 0.146
54387.222124 z 19.010 0.051
54387.222958 g 19.525 0.018
54392.214346 r 19.299 0.035
54392.215179 i 19.251 0.218
54392.216013 u 20.472 0.115
#54392.216846 z -99.000 0.091
54392.217679 g 19.541 0.029
54402.212805 r 19.199 0.028
54402.213639 i 19.123 0.030
54402.214472 u 21.084 0.335
54402.215305 z 18.976 0.044
54402.216139 g 19.595 0.036
