51075.271514 r 17.635 0.006
51075.272347 i 16.097 0.004
51075.273181 u 21.691 0.168
51075.274014 z 15.286 0.005
51075.274847 g 19.049 0.010
51464.259460 r 17.618 0.006
51464.260293 i 16.106 0.004
51464.261127 u 21.365 0.161
51464.261960 z 15.271 0.005
#51464.262793 g -99.000 0.011
52196.272056 r 17.639 0.006
52196.272889 i 16.092 0.004
52196.273723 u 21.426 0.134
52196.274556 z 15.279 0.005
52196.275389 g 19.055 0.010
52197.285164 r 17.623 0.006
52197.285997 i 16.111 0.005
52197.286831 u 21.857 0.167
52197.287664 z 15.279 0.006
52197.288497 g 19.035 0.010
52225.135322 r 17.626 0.006
52225.136155 i 16.107 0.005
52225.136989 u 21.587 0.126
52225.137822 z 15.282 0.005
52225.138655 g 19.041 0.010
52231.171107 r 17.621 0.006
52231.171940 i 16.105 0.005
52231.172774 u 21.433 0.114
52231.173607 z 15.290 0.005
52231.174440 g 19.056 0.010
52253.157280 r 18.675 0.012
52253.158113 i 16.578 0.005
52253.158947 u 21.766 0.246
52253.159780 z 17.670 0.018
52253.160613 g 19.612 0.017
52253.157280 r 18.131 0.008
52253.158113 i 17.298 0.007
#52253.158947 u 23.989 1.606
52253.159780 z 17.269 0.015
52253.160613 g 20.048 0.026
52557.279110 r 17.640 0.006
52557.279943 i 16.112 0.004
52557.280777 u 21.337 0.141
52557.281610 z 15.291 0.005
52557.282443 g 19.060 0.011
52578.175192 r 17.644 0.006
52578.176025 i 16.108 0.004
52578.176859 u 21.552 0.139
52578.177692 z 15.276 0.005
52578.178525 g 19.067 0.010
52908.253676 r 17.638 0.006
52908.254509 i 16.104 0.005
52908.255343 u 21.287 0.121
52908.256176 z 15.285 0.005
52908.257009 g 19.055 0.010
52911.267461 r 17.634 0.006
52911.268294 i 16.110 0.005
52911.269128 u 21.465 0.140
52911.269961 z 15.295 0.005
52911.270794 g 19.066 0.010
52930.144835 r 17.635 0.006
52930.145668 i 16.114 0.005
52930.146502 u 21.383 0.119
52930.147335 z 15.288 0.005
52930.148168 g 19.075 0.010
52934.185577 r 17.648 0.006
52934.186410 i 16.103 0.004
52934.187244 u 21.434 0.146
52934.188077 z 15.288 0.005
52934.188910 g 19.064 0.011
52936.181502 r 17.627 0.006
52936.182335 i 16.104 0.005
52936.183169 u 21.388 0.112
52936.184002 z 15.289 0.005
52936.184835 g 19.062 0.010
52962.107023 r 17.623 0.006
52962.107856 i 16.096 0.004
52962.108690 u 21.617 0.143
52962.109523 z 15.276 0.005
52962.110356 g 19.035 0.010
53270.245564 r 17.636 0.013
53270.246398 i 16.099 0.010
53270.247231 u 21.473 0.122
53270.248064 z 15.286 0.015
53270.248898 g 19.082 0.015
53272.295508 r 17.636 0.007
53272.296341 i 16.122 0.004
53272.297175 u 21.530 0.276
53272.298008 z 15.296 0.005
53272.298841 g 19.080 0.017
53286.264226 r 17.629 0.006
53286.265059 i 16.088 0.005
53286.265893 u 21.906 0.394
53286.266726 z 15.315 0.006
53286.267559 g 19.067 0.012
53288.222717 r 17.634 0.006
53288.223550 i 16.114 0.005
53288.224384 u 21.596 0.134
53288.225217 z 15.281 0.005
53288.226050 g 19.043 0.010
53294.250042 r 17.625 0.017
53294.250875 i 16.085 0.021
53294.251709 u 21.252 0.144
53294.252542 z 15.289 0.016
53294.253375 g 19.094 0.022
53302.218384 r 17.617 0.008
53302.219217 i 16.117 0.004
53302.220051 u 21.582 0.418
53302.220884 z 15.288 0.005
53302.221717 g 19.034 0.021
53312.173989 r 17.624 0.013
53312.174823 i 16.106 0.015
53312.175656 u 21.322 0.119
53312.176489 z 15.295 0.014
53312.177323 g 19.044 0.016
53314.175113 r 17.617 0.006
53314.175946 i 16.099 0.004
53314.176780 u 21.343 0.114
53314.177613 z 15.280 0.005
53314.178446 g 19.047 0.010
53616.279479 r 17.668 0.006
53616.280312 i 16.128 0.004
53616.281146 u 21.288 0.213
53616.281979 z 15.306 0.006
#53616.282812 g -99.000 0.021
53623.269690 r 17.663 0.006
53623.270523 i 16.134 0.004
53623.271357 u 21.206 0.157
53623.272190 z 15.296 0.005
53623.273023 g 19.098 0.012
53626.255902 r 17.676 0.007
53626.256735 i 16.137 0.005
53626.257569 u 21.469 0.197
53626.258402 z 15.306 0.005
53626.259235 g 19.138 0.014
53628.240768 r 17.684 0.007
53628.241601 i 16.128 0.004
53628.242435 u 21.320 0.325
53628.243268 z 15.308 0.005
53628.244101 g 19.118 0.022
53637.242383 r 17.661 0.006
53637.243216 i 16.120 0.004
53637.244050 u 21.130 0.181
53637.244883 z 15.303 0.005
53637.245716 g 19.073 0.015
53639.287759 r 17.644 0.010
53639.288592 i 16.105 0.009
53639.289426 u 21.592 0.156
53639.290259 z 15.287 0.008
53639.291092 g 19.090 0.014
53644.234846 r 17.653 0.016
53644.235680 i 16.103 0.019
53644.236513 u 21.681 0.160
53644.237346 z 15.291 0.015
53644.238180 g 19.096 0.016
53654.269451 r 17.637 0.006
53654.270284 i 16.114 0.005
53654.271118 u 21.939 0.216
53654.271951 z 15.302 0.006
53654.272784 g 19.086 0.010
53656.217046 r 17.620 0.008
53656.217879 i 16.113 0.004
53656.218713 u 21.288 0.432
53656.219546 z 15.291 0.005
53656.220379 g 19.001 0.025
53663.230354 r 17.627 0.007
53663.231187 i 16.102 0.005
53663.232021 u 21.004 0.152
53663.232854 z 15.283 0.006
53663.233687 g 19.026 0.014
53665.208324 r 17.663 0.055
53665.209157 i 16.090 0.023
53665.209991 u 24.186 0.504
#53665.210824 z -99.000 0.033
53665.211657 g 19.140 0.300
53668.219955 r 17.609 0.006
53668.220788 i 16.102 0.004
53668.221622 u 21.112 0.126
53668.222455 z 15.290 0.005
53668.223288 g 19.054 0.011
53670.224807 r 17.622 0.009
53670.225640 i 16.097 0.009
53670.226474 u 21.888 0.194
53670.227307 z 15.271 0.010
53670.228140 g 19.042 0.013
53673.192792 r 17.625 0.006
53673.193625 i 16.105 0.004
53673.194459 u 21.261 0.121
53673.195292 z 15.285 0.005
53673.196125 g 19.047 0.010
53675.189680 r 17.623 0.007
53675.190513 i 16.093 0.006
53675.191347 u 21.194 0.140
53675.192180 z 15.266 0.006
53675.193013 g 19.044 0.011
53677.210711 r 17.608 0.006
53677.211544 i 16.098 0.005
53677.212378 u 21.411 0.119
53677.213211 z 15.274 0.005
53677.214044 g 19.053 0.010
53680.197377 r 17.618 0.009
53680.198210 i 16.086 0.007
53680.199044 u 21.447 0.142
53680.199877 z 15.280 0.008
53680.200710 g 19.027 0.012
53693.199276 r 17.635 0.007
53693.200109 i 16.113 0.004
53693.200943 u 21.462 0.337
53693.201776 z 15.276 0.005
53693.202609 g 19.033 0.018
53702.194972 r 17.630 0.015
53702.195806 i 16.114 0.017
53702.196639 u 21.124 0.451
53702.197472 z 15.286 0.016
53702.198306 g 19.027 0.022
53704.182600 r 17.643 0.006
53704.183433 i 16.113 0.005
53704.184267 u 21.490 0.141
53704.185100 z 15.298 0.005
53704.185933 g 19.070 0.011
53974.275328 r 17.668 0.016
53974.276161 i 16.131 0.012
53974.276994 u 21.495 0.165
53974.277828 z 15.302 0.010
53974.278661 g 19.062 0.015
53989.278654 r 17.650 0.011
53989.279487 i 16.107 0.010
53989.280320 u 21.661 0.283
53989.281154 z 15.288 0.011
53989.281987 g 19.042 0.020
#53997.374653 r -99.000 0.013
53997.375486 i 16.116 0.012
53997.376320 u 21.632 0.175
#53997.377153 z -99.000 0.012
#53997.377986 g -99.000 0.017
54000.254066 r 17.636 0.019
54000.254900 i 16.103 0.013
54000.255733 u 21.416 0.151
54000.256566 z 15.273 0.014
54000.257400 g 19.059 0.019
54007.304219 r 17.634 0.011
54007.305053 i 16.112 0.012
54007.305886 u 21.766 0.187
54007.306719 z 15.291 0.013
54007.307553 g 19.047 0.015
54009.227987 r 17.611 0.012
54009.228820 i 16.095 0.012
54009.229653 u 21.573 0.158
54009.230487 z 15.270 0.015
54009.231320 g 19.043 0.017
54011.292489 r 17.624 0.012
54011.293322 i 16.097 0.012
54011.294155 u 21.213 0.176
54011.294989 z 15.282 0.011
54011.295822 g 19.020 0.021
54019.242702 r 17.630 0.009
54019.243535 i 16.087 0.011
#54019.244368 u -99.000 0.213
54019.245202 z 15.277 0.011
54019.246035 g 19.053 0.022
54025.291515 r 17.626 0.012
54025.292349 i 16.092 0.021
54025.293182 u 22.482 0.352
54025.294015 z 15.313 0.016
54025.294849 g 19.041 0.037
54029.221930 r 17.611 0.016
54029.222764 i 16.098 0.014
54029.223597 u 21.221 0.123
54029.224430 z 15.267 0.026
54029.225264 g 19.025 0.024
54348.289240 r 17.619 0.016
54348.290073 i 16.086 0.016
54348.290906 u 21.286 0.127
54348.291740 z 15.297 0.014
54348.292573 g 19.024 0.020
54358.245086 r 17.609 0.015
54358.245919 i 16.119 0.017
54358.246752 u 21.558 0.171
54358.247586 z 15.283 0.016
54358.248419 g 19.050 0.017
54365.278185 r 17.634 0.013
54365.279019 i 16.089 0.020
54365.279852 u 21.376 0.176
54365.280685 z 15.271 0.021
54365.281519 g 19.026 0.018
54373.352357 r 17.630 0.015
54373.353190 i 16.106 0.010
54373.354024 u 21.819 0.560
54373.354857 z 15.275 0.012
54373.355690 g 19.092 0.052
54381.297691 r 17.612 0.016
54381.298524 i 16.086 0.016
54381.299357 u 21.522 0.137
54381.300191 z 15.263 0.017
54381.301024 g 19.027 0.015
54386.290100 r 17.611 0.011
54386.290933 i 16.087 0.014
54386.291766 u 21.335 0.113
54386.292600 z 15.278 0.012
54386.293433 g 19.047 0.017
54388.294277 r 17.621 0.010
54388.295111 i 16.099 0.010
54388.295944 u 21.204 0.121
54388.296777 z 15.279 0.014
54388.297611 g 19.013 0.019
54403.208056 r 17.624 0.010
54403.208889 i 16.120 0.013
54403.209723 u 21.374 0.191
54403.210556 z 15.276 0.015
54403.211389 g 19.017 0.018
54405.263573 r 17.621 0.010
54405.264407 i 16.116 0.013
54405.265240 u 21.915 0.234
54405.266073 z 15.283 0.014
54405.266907 g 19.050 0.018
54406.201966 r 17.631 0.016
54406.202799 i 16.093 0.019
54406.203633 u 21.520 0.118
54406.204466 z 15.273 0.012
54406.205299 g 19.086 0.018
54412.204867 r 17.632 0.016
54412.205700 i 16.128 0.010
54412.206534 u 21.556 0.126
54412.207367 z 15.289 0.011
54412.208200 g 19.091 0.018
