52934.110843 r 17.819 0.006
52934.111676 i 17.704 0.007
52934.112510 u 18.135 0.014
52934.113343 z 17.816 0.020
#52934.114176 g -99.000 0.006
53272.220779 r 17.901 0.008
53272.221612 i 17.788 0.008
53272.222446 u 18.259 0.020
53272.223279 z 17.861 0.020
53272.224112 g 17.858 0.008
53302.143654 r 17.890 0.008
53302.144487 i 17.785 0.008
53302.145321 u 18.231 0.019
53302.146154 z 17.849 0.020
53302.146987 g 17.847 0.008
53312.099190 r 17.878 0.008
#53312.100023 i -99.000 0.010
53312.100856 u 18.224 0.016
53312.101690 z 17.839 0.025
#53312.102523 g -99.000 0.016
53314.100381 r 17.885 0.007
#53314.101214 i -99.000 0.008
53314.102048 u 18.217 0.014
53314.102881 z 17.894 0.024
53314.103714 g 17.865 0.006
53626.181175 r 17.725 0.007
53626.182008 i 17.602 0.008
53626.182842 u 18.006 0.016
53626.183675 z 17.729 0.019
53626.184508 g 17.664 0.007
53628.166040 r 17.741 0.009
53628.166873 i 17.613 0.009
53628.167707 u 18.046 0.024
53628.168540 z 17.751 0.025
53628.169373 g 17.691 0.009
53637.167654 r 17.748 0.006
53637.168487 i 17.631 0.008
53637.169321 u 18.048 0.016
53637.170154 z 17.742 0.025
53637.170987 g 17.707 0.006
53656.142314 r 17.734 0.009
53656.143147 i 17.677 0.011
53656.143981 u 18.083 0.028
53656.144814 z 17.781 0.029
53656.145647 g 17.719 0.009
53668.145225 r 17.778 0.006
53668.146058 i 17.674 0.008
53668.146892 u 18.083 0.015
53668.147725 z 17.779 0.025
53668.148558 g 17.742 0.006
53673.118060 r 17.797 0.006
53673.118893 i 17.701 0.007
53673.119727 u 18.149 0.014
53673.120560 z 17.751 0.019
53673.121393 g 17.762 0.006
53677.135981 r 17.827 0.006
53677.136814 i 17.705 0.007
53677.137648 u 18.160 0.014
53677.138481 z 17.771 0.018
53677.139314 g 17.787 0.006
#53686.189358 r -99.000 0.013
#53686.190191 i -99.000 0.013
53686.191025 u 18.182 0.044
53686.191858 z 17.820 0.036
#53686.192691 g -99.000 0.014
#53702.120402 r -99.000 0.014
53702.121236 i 17.723 0.021
#53702.122069 u -99.000 0.026
53702.122902 z 17.809 0.033
#53702.123736 g -99.000 0.013
53703.129370 r 17.868 0.010
53703.130204 i 17.763 0.013
53703.131037 u 18.220 0.021
53703.131870 z 17.859 0.029
53703.132704 g 17.834 0.010
53704.107878 r 17.810 0.006
53704.108711 i 17.722 0.008
53704.109545 u 18.168 0.015
53704.110378 z 17.803 0.021
53704.111211 g 17.811 0.006
54005.143395 r 17.909 0.013
54005.144229 i 17.830 0.014
#54005.145062 u -99.000 0.019
54005.145895 z 17.922 0.020
54005.146729 g 17.872 0.010
54007.156150 r 17.907 0.011
54007.156984 i 17.782 0.018
54007.157817 u 18.213 0.021
54007.158650 z 17.901 0.021
#54007.159484 g -99.000 0.015
54025.216857 r 17.884 0.012
54025.217691 i 17.793 0.015
54025.218524 u 18.180 0.020
54025.219357 z 17.880 0.022
54025.220191 g 17.869 0.016
#54029.147160 r -99.000 0.013
54029.147993 i 17.816 0.022
54029.148827 u 18.165 0.022
54029.149660 z 17.915 0.022
54029.150493 g 17.855 0.017
#54051.123698 r -99.000 0.057
#54051.124532 i -99.000 0.154
#54051.125365 u -99.000 0.202
#54051.126198 z -99.000 0.194
#54051.127032 g -99.000 0.085
#54356.225273 r -99.000 0.014
54356.226107 i 17.766 0.024
54356.226940 u 18.179 0.024
54356.227773 z 17.925 0.031
54356.228607 g 17.806 0.009
54358.170420 r 17.892 0.013
#54358.171254 i -99.000 0.012
54358.172087 u 18.164 0.023
54358.172920 z 17.911 0.027
54358.173754 g 17.849 0.019
54359.114528 r 17.941 0.010
54359.115361 i 17.765 0.011
54359.116195 u 18.153 0.026
54359.117028 z 17.843 0.025
54359.117861 g 17.841 0.018
#54373.202427 r -99.000 0.014
#54373.203260 i -99.000 0.017
54373.204093 u 18.199 0.022
54373.204927 z 17.847 0.025
54373.205760 g 17.836 0.016
#54381.215119 r -99.000 0.009
#54381.215952 i -99.000 0.022
54381.216786 u 18.190 0.019
54381.217619 z 17.844 0.026
#54381.218452 g -99.000 0.013
54382.212589 r 17.867 0.021
#54382.213422 i -99.000 0.024
54382.214255 u 18.197 0.023
#54382.215089 z -99.000 0.027
#54382.215922 g -99.000 0.016
54383.218253 r 17.899 0.013
#54383.219086 i -99.000 0.015
54383.219920 u 18.173 0.021
54383.220753 z 17.967 0.032
54383.221586 g 17.832 0.012
54386.215339 r 17.981 0.011
54386.216173 i 17.813 0.013
54386.217006 u 18.185 0.019
54386.217839 z 17.865 0.021
54386.218673 g 17.854 0.020
54388.219764 r 17.930 0.011
54388.220597 i 17.807 0.015
54388.221430 u 18.178 0.022
54388.222264 z 17.907 0.023
54388.223097 g 17.868 0.010
54406.127196 r 17.919 0.011
54406.128030 i 17.789 0.022
54406.128863 u 18.160 0.023
54406.129696 z 17.896 0.024
54406.130530 g 17.851 0.011
54415.167720 r 17.919 0.017
54415.168553 i 17.772 0.014
54415.169387 u 18.170 0.019
54415.170220 z 17.910 0.021
54415.171053 g 17.868 0.014
