51819.250089 r 18.996 0.014
51819.250922 i 18.634 0.015
51819.251756 u 21.866 0.219
51819.252589 z 18.426 0.034
51819.253422 g 19.909 0.020
52172.265643 r 18.942 0.012
52172.266476 i 18.579 0.013
52172.267310 u 23.145 0.602
52172.268143 z 18.385 0.032
52172.268976 g 19.895 0.018
52558.215347 r 18.985 0.014
52558.216180 i 18.606 0.015
52558.217014 u 22.214 0.349
52558.217847 z 18.367 0.037
52558.218680 g 19.906 0.019
52576.127605 r 18.987 0.012
52576.128438 i 18.609 0.015
52576.129272 u 21.558 0.241
52576.130105 z 18.424 0.036
52576.130938 g 19.930 0.017
52577.102838 r 18.996 0.013
52577.103671 i 18.679 0.015
52577.104505 u 22.022 0.230
52577.105338 z 18.379 0.035
52577.106171 g 19.949 0.018
52930.116171 r 19.093 0.011
52930.117004 i 18.760 0.012
52930.117838 u 21.835 0.147
52930.118671 z 18.585 0.029
52930.119504 g 20.029 0.016
52931.117001 r 19.009 0.011
52931.117834 i 18.657 0.012
52931.118668 u 22.258 0.236
52931.119501 z 18.465 0.029
52931.120334 g 19.951 0.017
52935.113965 r 18.990 0.014
52935.114798 i 18.618 0.015
52935.115632 u 21.825 0.283
52935.116465 z 18.420 0.038
52935.117298 g 19.926 0.020
53313.107165 r 18.989 0.016
53313.107998 i 18.604 0.017
53313.108832 u 21.865 0.272
53313.109665 z 18.470 0.041
53313.110498 g 19.944 0.021
53622.216412 r 18.995 0.015
53622.217245 i 18.643 0.016
53622.218079 u 22.353 0.458
53622.218912 z 18.427 0.037
53622.219745 g 19.968 0.024
53625.212376 r 19.008 0.012
53625.213209 i 18.676 0.013
53625.214043 u 22.120 0.252
53625.214876 z 18.442 0.027
53625.215709 g 19.935 0.022
53634.165881 r 18.961 0.021
53634.166714 i 18.610 0.021
#53634.167548 u 24.966 4.163
53634.168381 z 18.357 0.052
53634.169214 g 19.950 0.062
53636.171413 r 19.007 0.012
53636.172246 i 18.655 0.013
53636.173080 u 22.462 0.330
53636.173913 z 18.401 0.028
53636.174746 g 19.955 0.020
53655.143418 r 18.991 0.018
53655.144251 i 18.666 0.017
53655.145085 u 21.792 0.450
53655.145918 z 18.486 0.040
53655.146751 g 19.927 0.036
53664.168377 r 18.981 0.015
53664.169210 i 18.601 0.014
53664.170044 u 21.621 0.323
53664.170877 z 18.371 0.032
53664.171710 g 19.862 0.031
53666.131978 r 19.034 0.012
53666.132811 i 18.693 0.013
53666.133645 u 22.208 0.216
53666.134478 z 18.479 0.032
53666.135311 g 19.947 0.016
53669.127616 r 18.995 0.011
53669.128449 i 18.627 0.013
53669.129283 u 22.211 0.233
53669.130116 z 18.419 0.029
53669.130949 g 19.927 0.016
53674.111851 r 19.026 0.012
53674.112684 i 18.677 0.013
53674.113518 u 21.727 0.157
53674.114351 z 18.438 0.028
53674.115184 g 19.965 0.017
53676.201351 r 18.979 0.012
53676.202184 i 18.620 0.013
53676.203018 u 22.100 0.252
53676.203851 z 18.450 0.030
53676.204684 g 19.931 0.018
53679.173232 r 18.946 0.015
53679.174065 i 18.607 0.016
53679.174899 u 21.318 0.225
53679.175732 z 18.337 0.035
53679.176565 g 19.942 0.024
53685.123788 r 18.953 0.023
53685.124621 i 18.576 0.019
53685.125455 u 21.375 0.428
53685.126288 z 18.417 0.041
53685.127121 g 19.890 0.055
53687.162137 r 18.979 0.020
53687.162970 i 18.683 0.019
53687.163804 u 22.120 0.901
53687.164637 z 18.470 0.036
53687.165470 g 19.842 0.047
53694.137679 r 19.017 0.027
53694.138512 i 18.593 0.025
53694.139346 u 22.191 0.833
53694.140179 z 18.573 0.069
53694.141012 g 19.958 0.054
53697.121768 r 19.109 0.078
53697.122601 i 18.691 0.057
#53697.123435 u 22.636 1.173
53697.124268 z 18.468 0.173
53697.125101 g 19.925 0.117
53700.120729 r 18.976 0.015
53700.121562 i 18.622 0.018
53700.122396 u 22.809 0.633
#53700.123229 z -99.000 0.050
#53700.124062 g -99.000 0.060
53705.107399 r 19.007 0.013
53705.108232 i 18.604 0.014
53705.109066 u 21.968 0.263
53705.109899 z 18.429 0.034
53705.110732 g 19.924 0.020
53975.192394 r 19.100 0.018
53975.193227 i 18.722 0.015
53975.194060 u 22.291 0.248
53975.194894 z 18.532 0.032
53975.195727 g 19.984 0.018
53996.199114 r 19.091 0.015
53996.199948 i 18.708 0.015
53996.200781 u 21.635 0.134
53996.201614 z 18.513 0.029
53996.202448 g 20.025 0.020
53998.167746 r 19.093 0.016
53998.168579 i 18.747 0.017
53998.169412 u 22.114 0.187
53998.170246 z 18.535 0.028
53998.171079 g 20.019 0.020
54010.153237 r 19.075 0.019
54010.154071 i 18.753 0.017
54010.154904 u 22.209 0.362
54010.155737 z 18.599 0.029
54010.156571 g 20.045 0.031
54012.146112 r 19.062 0.029
54012.146946 i 18.769 0.029
54012.147779 u 21.946 0.545
54012.148612 z 18.685 0.047
54012.149446 g 20.096 0.057
54020.152081 r 19.096 0.013
54020.152915 i 18.730 0.015
54020.153748 u 22.710 0.331
54020.154581 z 18.504 0.028
54020.155415 g 20.038 0.017
#54022.201355 r -99.000 0.015
54022.202188 i 18.728 0.024
54022.203021 u 22.711 0.881
54022.203855 z 18.558 0.051
#54022.204688 g -99.000 0.025
54028.142421 r 19.082 0.019
54028.143255 i 18.741 0.023
54028.144088 u 22.923 0.664
54028.144921 z 18.437 0.035
54028.145755 g 19.988 0.022
54030.145604 r 19.109 0.013
54030.146437 i 18.753 0.014
54030.147271 u 22.100 0.179
54030.148104 z 18.588 0.027
54030.148937 g 19.998 0.017
#54032.134866 r -99.000 0.018
54032.135700 i 18.745 0.016
54032.136533 u 22.166 0.251
#54032.137366 z -99.000 0.039
#54032.138200 g -99.000 0.022
54037.126852 r 19.107 0.017
54037.127686 i 18.760 0.016
54037.128519 u 22.065 0.245
54037.129352 z 18.546 0.029
54037.130186 g 19.998 0.025
54050.125960 r 19.109 0.020
54050.126794 i 18.685 0.018
54050.127627 u 21.620 0.186
54050.128460 z 18.528 0.041
54050.129294 g 20.001 0.022
54053.132129 r 19.084 0.014
54053.132962 i 18.708 0.016
54053.133796 u 21.754 0.173
54053.134629 z 18.558 0.032
54053.135462 g 20.002 0.020
54056.133809 r 19.056 0.021
54056.134643 i 18.705 0.021
54056.135476 u 21.681 0.362
54056.136309 z 18.462 0.056
54056.137143 g 19.974 0.033
54059.128074 r 19.043 0.016
54059.128907 i 18.716 0.018
54059.129741 u 21.696 0.196
54059.130574 z 18.492 0.031
54059.131407 g 19.968 0.022
54061.139126 r 19.067 0.017
54061.139959 i 18.707 0.019
54061.140792 u 21.996 0.255
54061.141626 z 18.557 0.044
54061.142459 g 19.958 0.028
54062.132969 r 19.002 0.022
54062.133802 i 18.669 0.024
54062.134636 u 22.082 0.501
54062.135469 z 18.404 0.049
54062.136302 g 19.963 0.032
54068.122956 r 19.049 0.028
54068.123790 i 18.635 0.026
#54068.124623 u 99.992 99.999
54068.125456 z 18.437 0.052
54068.126290 g 20.068 0.073
54357.171280 r 19.046 0.019
54357.172113 i 18.716 0.020
54357.172946 u 22.510 0.302
54357.173780 z 18.529 0.041
54357.174613 g 20.002 0.021
54365.169127 r 19.053 0.022
54365.169960 i 18.668 0.022
54365.170794 u 21.713 0.375
54365.171627 z 18.463 0.040
54365.172460 g 20.019 0.041
54385.219093 r 19.067 0.015
54385.219926 i 18.704 0.020
54385.220759 u 22.078 0.227
54385.221593 z 18.496 0.029
54385.222426 g 20.010 0.021
54387.219601 r 19.064 0.017
54387.220434 i 18.704 0.016
54387.221268 u 21.564 0.193
54387.222101 z 18.604 0.033
54387.222934 g 19.999 0.021
54392.214323 r 19.105 0.022
54392.215156 i 18.733 0.022
54392.215990 u 22.550 0.699
#54392.216823 z -99.000 0.047
54392.217656 g 19.980 0.030
54402.212782 r 19.089 0.024
54402.213616 i 18.734 0.018
#54402.214449 u 24.483 6.166
54402.215282 z 18.552 0.032
54402.216116 g 19.981 0.042
