51081.398052 r 17.698 0.006
51081.398885 i 17.776 0.008
51081.399719 u 19.001 0.024
51081.400552 z 17.756 0.019
51081.401385 g 17.657 0.005
51819.469197 r 17.857 0.007
51819.470030 i 17.855 0.009
51819.470864 u 19.078 0.033
51819.471697 z 17.898 0.022
51819.472530 g 17.884 0.006
51875.212999 r 17.580 0.005
51875.213832 i 17.663 0.007
51875.214666 u 18.780 0.019
51875.215499 z 17.714 0.019
51875.216332 g 17.523 0.005
52225.293875 r 17.939 0.007
52225.294708 i 17.936 0.008
52225.295542 u 19.166 0.024
52225.296375 z 17.987 0.020
52225.297208 g 17.976 0.006
52288.128298 r 17.651 0.006
52288.129131 i 17.706 0.007
52288.129965 u 18.925 0.022
52288.130798 z 17.763 0.017
52288.131631 g 17.599 0.005
52551.401584 r 17.660 0.006
52551.402417 i 17.745 0.008
52551.403251 u 18.882 0.021
52551.404084 z 17.790 0.018
52551.404917 g 17.620 0.005
52558.434458 r 18.040 0.007
52558.435291 i 18.011 0.009
52558.436125 u 19.267 0.026
52558.436958 z 17.960 0.020
52558.437791 g 18.141 0.007
52578.306067 r 18.031 0.007
52578.306900 i 18.024 0.009
52578.307734 u 19.287 0.026
52578.308567 z 18.020 0.021
52578.309400 g 18.112 0.006
52585.269047 r 17.718 0.006
52585.269880 i 17.758 0.008
52585.270714 u 18.853 0.019
52585.271547 z 17.703 0.019
52585.272380 g 17.629 0.005
52909.435680 r 17.978 0.007
52909.436513 i 17.957 0.008
52909.437347 u 19.290 0.027
52909.438180 z 17.932 0.020
52909.439013 g 18.063 0.006
52910.405923 r 17.707 0.006
52910.406756 i 17.755 0.008
52910.407590 u 18.896 0.022
52910.408423 z 17.773 0.019
52910.409256 g 17.606 0.005
52935.333094 r 17.967 0.007
52935.333927 i 17.957 0.009
52935.334761 u 19.360 0.030
52935.335594 z 17.930 0.023
52935.336427 g 18.075 0.006
52963.256170 r 18.005 0.007
52963.257003 i 17.996 0.009
52963.257837 u 19.268 0.024
52963.258670 z 17.963 0.018
52963.259503 g 18.115 0.007
52971.247086 r 17.815 0.006
52971.247919 i 17.855 0.008
52971.248753 u 19.160 0.030
52971.249586 z 17.870 0.021
52971.250419 g 17.836 0.006
53351.178476 r 17.966 0.007
53351.179309 i 17.978 0.009
53351.180143 u 19.186 0.026
53351.180976 z 17.925 0.023
53351.181809 g 17.986 0.006
53622.435524 r 17.991 0.007
53622.436357 i 17.964 0.009
53622.437191 u 19.297 0.027
53622.438024 z 18.000 0.021
53622.438857 g 18.069 0.007
53627.392623 r 17.985 0.007
53627.393456 i 17.984 0.008
53627.394290 u 19.212 0.026
53627.395123 z 17.985 0.019
53627.395956 g 18.048 0.006
53634.384996 r 17.581 0.007
53634.385829 i 17.676 0.009
53634.386663 u 18.750 0.034
53634.387496 z 17.721 0.018
53634.388329 g 17.513 0.007
53638.426332 r 17.595 0.006
53638.427165 i 17.679 0.008
53638.427999 u 18.802 0.023
53638.428832 z 17.665 0.017
53638.429665 g 17.536 0.006
53640.390368 r 17.612 0.006
53640.391201 i 17.680 0.008
53640.392035 u 18.830 0.024
53640.392868 z 17.711 0.018
53640.393701 g 17.488 0.005
53643.432843 r 17.961 0.007
53643.433676 i 17.970 0.009
53643.434510 u 19.263 0.032
53643.435343 z 17.970 0.022
#53643.436176 g -99.000 0.006
53646.451776 r 17.607 0.010
53646.452609 i 17.703 0.014
53646.453443 u 18.746 0.036
53646.454276 z 17.710 0.026
53646.455109 g 17.508 0.006
53663.452193 r 17.577 0.007
53663.453026 i 17.676 0.009
53663.453860 u 18.799 0.046
53663.454693 z 17.711 0.019
53663.455526 g 17.532 0.008
53664.387498 r 17.812 0.008
53664.388331 i 17.831 0.009
#53664.389165 u -99.000 0.039
53664.389998 z 17.833 0.021
53664.390831 g 17.846 0.008
53665.452126 r 17.570 0.007
53665.452959 i 17.658 0.008
53665.453793 u 18.771 0.035
53665.454626 z 17.721 0.021
53665.455459 g 17.484 0.006
53668.440743 r 17.882 0.008
53668.441576 i 17.907 0.010
53668.442410 u 19.248 0.053
53668.443243 z 17.921 0.027
53668.444076 g 17.941 0.007
#53669.346742 r -99.000 0.014
53669.347575 i 18.009 0.012
#53669.348409 u -99.000 0.044
53669.349242 z 18.106 0.113
53669.350075 g 18.091 0.007
53670.446715 r 17.861 0.007
53670.447548 i 17.884 0.009
53670.448382 u 19.130 0.035
53670.449215 z 17.829 0.021
53670.450048 g 17.913 0.007
53671.431492 r 17.916 0.007
53671.432325 i 17.914 0.009
53671.433159 u 19.166 0.033
53671.433992 z 17.800 0.019
53671.434825 g 17.915 0.007
53674.330980 r 17.698 0.006
53674.331813 i 17.745 0.008
53674.332647 u 18.872 0.024
53674.333480 z 17.761 0.019
53674.334313 g 17.574 0.005
53676.420434 r 17.647 0.007
53676.421267 i 17.710 0.009
53676.422101 u 18.858 0.031
53676.422934 z 17.788 0.020
53676.423767 g 17.588 0.006
53679.392338 r 17.941 0.007
53679.393171 i 17.943 0.010
53679.394005 u 19.244 0.032
53679.394838 z 17.927 0.026
53679.395671 g 18.033 0.006
53681.383851 r 17.868 0.007
53681.384684 i 17.882 0.008
53681.385518 u 19.207 0.029
53681.386351 z 17.895 0.018
53681.387184 g 17.913 0.007
53684.345348 r 18.024 0.009
53684.346181 i 18.019 0.013
53684.347015 u 19.321 0.042
53684.347848 z 18.021 0.037
53684.348681 g 18.089 0.009
53687.286661 r 17.612 0.009
53687.287494 i 17.705 0.011
53687.288328 u 18.897 0.045
53687.289161 z 17.737 0.022
53687.289994 g 17.533 0.008
53694.356802 r 17.945 0.009
53694.357635 i 17.917 0.010
53694.358469 u 19.269 0.057
53694.359302 z 17.970 0.024
53694.360135 g 18.019 0.009
53697.340876 r 17.798 0.007
53697.341709 i 17.819 0.008
53697.342543 u 18.976 0.030
53697.343376 z 17.839 0.019
53697.344209 g 17.735 0.006
53700.339833 r 17.757 0.006
53700.340666 i 17.809 0.009
53700.341500 u 19.079 0.029
53700.342333 z 17.783 0.022
53700.343166 g 17.780 0.006
53705.326504 r 18.033 0.007
53705.327337 i 18.030 0.009
53705.328171 u 19.309 0.036
53705.329004 z 18.014 0.023
53705.329837 g 18.137 0.007
53975.411565 r 17.797 0.020
53975.412398 i 17.806 0.023
53975.413231 u 19.027 0.025
53975.414065 z 17.837 0.023
53975.414898 g 17.768 0.013
53994.434564 r 17.870 0.014
53994.435397 i 17.867 0.014
53994.436231 u 19.171 0.023
53994.437064 z 17.888 0.023
53994.437897 g 17.919 0.022
53996.418238 r 17.774 0.020
53996.419072 i 17.818 0.015
53996.419905 u 19.114 0.026
53996.420738 z 17.812 0.027
53996.421572 g 17.792 0.016
54005.431420 r 18.017 0.014
54005.432254 i 18.008 0.015
54005.433087 u 19.345 0.029
54005.433920 z 18.034 0.027
54005.434754 g 18.144 0.014
54009.445235 r 17.999 0.015
54009.446069 i 17.987 0.020
54009.446902 u 19.361 0.028
54009.447735 z 18.024 0.023
54009.448569 g 18.145 0.014
54010.372350 r 17.951 0.010
54010.373183 i 17.940 0.012
54010.374017 u 19.197 0.024
54010.374850 z 17.947 0.022
54010.375683 g 17.988 0.014
54012.365201 r 18.074 0.013
54012.366034 i 18.010 0.018
54012.366867 u 19.327 0.031
54012.367701 z 17.982 0.026
54012.368534 g 18.143 0.016
54020.403237 r 18.010 0.013
54020.404071 i 18.021 0.014
54020.404904 u 19.347 0.045
54020.405737 z 17.986 0.023
#54020.406571 g -99.000 0.034
54024.452779 r 18.001 0.012
54024.453613 i 18.021 0.014
54024.454446 u 19.274 0.038
54024.455279 z 18.002 0.027
54024.456113 g 18.096 0.011
54028.441061 r 18.027 0.023
54028.441894 i 18.013 0.017
54028.442728 u 19.267 0.034
54028.443561 z 17.987 0.030
54028.444394 g 18.165 0.023
54030.396507 r 17.869 0.014
54030.397341 i 17.876 0.015
54030.398174 u 19.156 0.029
54030.399007 z 17.831 0.023
54030.399841 g 17.907 0.018
54035.440475 r 17.593 0.016
54035.441308 i 17.688 0.017
54035.442141 u 18.910 0.044
54035.442975 z 17.747 0.035
54035.443808 g 17.528 0.014
54037.345980 r 18.018 0.019
54037.346813 i 17.987 0.020
54037.347647 u 19.293 0.025
54037.348480 z 17.970 0.023
54037.349313 g 18.079 0.029
54040.360533 r 17.578 0.013
54040.361367 i 17.654 0.014
54040.362200 u 18.808 0.022
54040.363033 z 17.597 0.024
54040.363867 g 17.497 0.014
54041.395975 r 18.051 0.014
54041.396808 i 18.025 0.014
54041.397642 u 19.328 0.040
54041.398475 z 17.995 0.027
54041.399308 g 18.157 0.015
54047.391034 r 17.921 0.017
54047.391867 i 17.934 0.028
54047.392700 u 19.139 0.104
#54047.393534 z -99.000 0.037
54047.394367 g 18.025 0.018
54049.386913 r 17.853 0.013
54049.387747 i 17.883 0.016
54049.388580 u 19.100 0.043
54049.389413 z 17.883 0.021
54049.390247 g 17.912 0.015
54050.347087 r 18.030 0.018
54050.347921 i 17.966 0.024
54050.348754 u 19.281 0.055
54050.349587 z 17.942 0.043
54050.350421 g 18.105 0.023
#54053.366578 r -99.000 0.010
54053.367412 i 17.752 0.015
54053.368245 u 19.066 0.028
#54053.369078 z -99.000 0.029
#54053.369912 g -99.000 0.014
54056.352916 r 18.055 0.012
54056.353749 i 18.004 0.015
54056.354582 u 19.321 0.033
54056.355416 z 18.064 0.030
54056.356249 g 18.133 0.017
54059.347192 r 17.585 0.033
54059.348025 i 17.690 0.019
54059.348859 u 18.761 0.029
54059.349692 z 17.708 0.024
54059.350525 g 17.512 0.020
54061.358282 r 17.629 0.020
54061.359115 i 17.674 0.021
54061.359949 u 18.787 0.033
54061.360782 z 17.711 0.025
54061.361615 g 17.513 0.024
54062.352086 r 17.916 0.013
54062.352919 i 17.907 0.021
54062.353752 u 19.268 0.030
54062.354586 z 17.947 0.020
54062.355419 g 18.021 0.019
54064.348523 r 17.853 0.014
54064.349356 i 17.880 0.014
54064.350190 u 19.173 0.028
54064.351023 z 17.862 0.020
54064.351856 g 17.932 0.015
#54068.332677 r -99.000 0.042
54068.333510 i 17.787 0.015
54068.334344 u 19.005 0.046
54068.335177 z 17.839 0.049
54068.336010 g 17.719 0.020
54357.390422 r 17.865 0.015
54357.391256 i 17.891 0.015
54357.392089 u 19.062 0.027
54357.392922 z 17.885 0.023
54357.393756 g 17.872 0.015
54362.440204 r 17.862 0.013
54362.441037 i 17.861 0.016
54362.441870 u 19.150 0.026
54362.442704 z 17.872 0.021
54362.443537 g 17.910 0.011
54376.435288 r 17.564 0.015
54376.436122 i 17.640 0.015
54376.436955 u 18.788 0.024
54376.437788 z 17.675 0.020
54376.438622 g 17.506 0.009
54382.420469 r 17.847 0.018
54382.421302 i 17.885 0.021
54382.422136 u 19.142 0.028
54382.422969 z 17.893 0.026
54382.423802 g 17.846 0.019
54385.438212 r 17.817 0.010
54385.439045 i 17.812 0.016
54385.439878 u 19.101 0.026
54385.440712 z 17.869 0.020
54385.441545 g 17.828 0.019
54387.438725 r 17.770 0.016
54387.439558 i 17.872 0.029
54387.440391 u 19.014 0.036
54387.441225 z 17.839 0.024
54387.442058 g 17.798 0.018
#54390.431194 r -99.000 0.022
#54390.432027 i -99.000 0.032
#54390.432861 u -99.000 0.670
#54390.433694 z -99.000 0.077
#54390.434527 g -99.000 0.014
54391.439542 r 17.676 0.021
54391.440376 i 17.744 0.021
54391.441209 u 18.914 0.037
54391.442042 z 17.716 0.028
54391.442876 g 17.657 0.016
54402.431866 r 17.856 0.014
54402.432699 i 17.847 0.018
54402.433532 u 19.343 0.085
54402.434366 z 17.897 0.022
54402.435199 g 17.936 0.022
