52197.162160 r 17.963 0.007
52197.162993 i 17.243 0.006
52197.163827 u 21.992 0.179
52197.164660 z 16.796 0.010
52197.165493 g 19.302 0.011
52231.092004 r 18.451 0.009
52231.092837 i 17.228 0.007
52231.093671 u 21.887 0.152
52231.094504 z 16.777 0.010
52231.095337 g 19.405 0.012
52557.200007 r 17.972 0.007
52557.200840 i 17.210 0.006
52557.201674 u 21.788 0.182
52557.202507 z 16.796 0.010
52557.203340 g 19.379 0.012
52578.096084 r 17.937 0.007
52578.096917 i 17.204 0.006
52578.097751 u 21.929 0.164
52578.098584 z 16.816 0.010
52578.099417 g 19.280 0.011
52929.126313 r 17.921 0.006
52929.127146 i 17.205 0.006
52929.127980 u 22.097 0.244
52929.128813 z 16.797 0.010
52929.129646 g 19.247 0.011
52934.106469 r 17.924 0.007
52934.107302 i 17.193 0.006
52934.108136 u 22.189 0.266
52934.108969 z 16.792 0.010
52934.109802 g 19.303 0.012
53272.216405 r 17.943 0.008
53272.217238 i 17.201 0.006
53272.218072 u 22.130 0.508
53272.218905 z 16.789 0.010
53272.219738 g 19.241 0.020
53288.143611 r 17.936 0.007
53288.144444 i 17.226 0.006
53288.145278 u 21.756 0.183
53288.146111 z 16.806 0.010
53288.146944 g 19.253 0.011
53302.139278 r 17.953 0.008
53302.140111 i 17.242 0.007
53302.140945 u 21.543 0.290
53302.141778 z 16.798 0.010
53302.142611 g 19.275 0.019
53312.094834 r 17.922 0.009
53312.095667 i 17.196 0.010
53312.096500 u 22.110 0.315
53312.097334 z 16.817 0.017
53312.098167 g 19.278 0.015
53314.096005 r 17.953 0.007
53314.096838 i 17.191 0.006
53314.097672 u 22.171 0.258
53314.098505 z 16.801 0.010
53314.099338 g 19.275 0.012
53626.176800 r 17.926 0.008
53626.177633 i 17.185 0.007
53626.178467 u 21.980 0.378
53626.179300 z 16.789 0.010
53626.180133 g 19.295 0.018
53628.161666 r 17.960 0.011
53628.162499 i 17.209 0.007
53628.163333 u 21.608 0.590
53628.164166 z 16.782 0.013
53628.164999 g 19.360 0.037
53637.163280 r 17.922 0.007
53637.164113 i 17.194 0.006
53637.164947 u 22.215 0.379
53637.165780 z 16.813 0.012
53637.166613 g 19.260 0.013
53644.155746 r 17.927 0.011
53644.156579 i 17.191 0.019
53644.157413 u 21.963 0.178
53644.158246 z 16.795 0.019
53644.159079 g 19.245 0.017
53654.190350 r 17.970 0.007
53654.191183 i 17.224 0.007
53654.192017 u 21.952 0.297
53654.192850 z 16.786 0.010
53654.193683 g 19.328 0.016
53656.137941 r 17.928 0.011
53656.138774 i 17.224 0.008
#53656.139608 u 24.884 4.195
53656.140441 z 16.795 0.013
53656.141274 g 19.257 0.031
53665.129218 r 17.960 0.009
53665.130051 i 17.212 0.008
53665.130885 u 22.357 0.470
53665.131718 z 16.786 0.014
53665.132551 g 19.304 0.019
53673.113685 r 17.926 0.007
53673.114518 i 17.189 0.006
53673.115352 u 22.182 0.247
53673.116185 z 16.788 0.010
53673.117018 g 19.299 0.012
53675.110575 r 17.963 0.007
53675.111408 i 17.189 0.006
53675.112242 u 22.069 0.207
53675.113075 z 16.790 0.010
53675.113908 g 19.274 0.011
53677.131606 r 18.018 0.007
53677.132439 i 17.295 0.006
53677.133273 u 21.816 0.170
53677.134106 z 16.790 0.010
53677.134939 g 19.605 0.015
53704.103504 r 17.920 0.007
53704.104337 i 17.203 0.006
53704.105171 u 21.784 0.231
53704.106004 z 16.801 0.010
53704.106837 g 19.253 0.013
53974.191476 r 17.923 0.012
53974.192310 i 17.199 0.013
53974.193143 u 21.834 0.127
53974.193976 z 16.788 0.016
53974.194810 g 19.268 0.013
53989.199547 r 17.927 0.015
53989.200380 i 17.185 0.012
53989.201214 u 21.807 0.239
53989.202047 z 16.786 0.014
53989.202880 g 19.291 0.019
53995.188806 r 17.921 0.011
53995.189639 i 17.209 0.013
53995.190472 u 22.086 0.173
53995.191306 z 16.801 0.014
53995.192139 g 19.260 0.013
53997.167181 r 17.944 0.013
53997.168014 i 17.200 0.016
53997.168848 u 21.624 0.150
53997.169681 z 16.775 0.018
53997.170514 g 19.276 0.014
54005.139050 r 17.913 0.012
54005.139883 i 17.188 0.010
54005.140716 u 21.886 0.157
54005.141550 z 16.767 0.015
54005.142383 g 19.242 0.021
54009.148881 r 17.926 0.016
54009.149714 i 17.175 0.013
54009.150548 u 22.097 0.276
54009.151381 z 16.773 0.014
54009.152214 g 19.264 0.016
54011.213372 r 17.917 0.012
54011.214205 i 17.210 0.014
54011.215038 u 21.879 0.331
54011.215872 z 16.787 0.013
54011.216705 g 19.265 0.022
54019.163584 r 17.909 0.012
54019.164418 i 17.200 0.012
54019.165251 u 21.860 0.193
54019.166084 z 16.775 0.014
54019.166918 g 19.261 0.015
54025.212405 r 17.919 0.012
54025.213239 i 17.173 0.013
54025.214072 u 21.987 0.237
54025.214905 z 16.789 0.018
54025.215739 g 19.245 0.017
54029.142739 r 17.914 0.010
54029.143572 i 17.176 0.017
54029.144406 u 21.902 0.162
54029.145239 z 16.767 0.014
54029.146072 g 19.255 0.014
#54051.119428 r -99.000 0.111
54051.120261 i 17.160 0.104
#54051.121095 u -99.000 99.999
#54051.121928 z -99.000 0.277
#54051.122761 g -99.000 0.177
54356.220894 r 17.981 0.021
54356.221728 i 17.200 0.014
54356.222561 u 22.024 0.268
54356.223394 z 16.782 0.020
54356.224228 g 19.280 0.016
54358.165963 r 17.919 0.017
54358.166796 i 17.194 0.015
54358.167630 u 21.789 0.205
54358.168463 z 16.767 0.017
54358.169296 g 19.363 0.022
54359.110139 r 17.915 0.012
54359.110972 i 17.212 0.011
54359.111806 u 22.036 0.253
54359.112639 z 16.799 0.016
54359.113472 g 19.255 0.019
54373.198050 r 17.898 0.014
54373.198884 i 17.199 0.013
54373.199717 u 21.389 0.238
54373.200550 z 16.766 0.017
54373.201384 g 19.265 0.023
54383.213903 r 17.927 0.016
54383.214736 i 17.200 0.016
54383.215570 u 22.151 0.522
54383.216403 z 16.799 0.019
54383.217236 g 19.245 0.026
54386.210928 r 17.945 0.012
54386.211761 i 17.198 0.011
54386.212595 u 21.716 0.145
54386.213428 z 16.803 0.023
54386.214261 g 19.248 0.018
54388.215173 r 17.920 0.014
54388.216007 i 17.152 0.014
54388.216840 u 21.531 0.183
54388.217673 z 16.787 0.016
54388.218507 g 19.235 0.016
54403.128942 r 17.935 0.013
54403.129776 i 17.210 0.009
54403.130609 u 21.584 0.114
54403.131442 z 16.770 0.017
54403.132276 g 19.315 0.019
54412.125714 r 17.942 0.010
54412.126547 i 17.198 0.012
54412.127381 u 21.956 0.192
54412.128214 z 16.768 0.019
54412.129047 g 19.224 0.023
54415.163271 r 17.907 0.011
54415.164104 i 17.167 0.014
54415.164937 u 21.843 0.195
54415.165771 z 16.788 0.016
54415.166604 g 19.255 0.018
