51081.382346 r 19.314 0.014
51081.383179 i 19.303 0.018
51081.384013 u 19.683 0.035
51081.384846 z 19.447 0.073
#51081.385679 g -99.000 0.013
51819.453528 r 19.591 0.020
51819.454361 i 19.632 0.029
51819.455195 u 19.916 0.059
51819.456028 z 19.723 0.126
#51819.456861 g -99.000 0.018
51875.197299 r 19.639 0.018
51875.198132 i 19.560 0.022
51875.198966 u 20.060 0.042
51875.199799 z 19.765 0.102
51875.200632 g 19.840 0.016
52225.278170 r 19.559 0.015
52225.279003 i 19.485 0.018
52225.279837 u 19.893 0.037
52225.280670 z 19.682 0.071
52225.281503 g 19.750 0.014
52288.112592 r 19.597 0.019
52288.113425 i 19.515 0.022
52288.114259 u 19.983 0.045
52288.115092 z 19.705 0.085
52288.115925 g 19.769 0.016
52551.385881 r 19.522 0.015
52551.386714 i 19.424 0.018
52551.387548 u 19.686 0.035
52551.388381 z 19.683 0.082
52551.389214 g 19.623 0.013
52558.418755 r 19.478 0.014
52558.419588 i 19.451 0.018
52558.420422 u 19.707 0.035
52558.421255 z 19.670 0.077
52558.422088 g 19.592 0.013
52576.251807 r 19.472 0.016
52576.252640 i 19.457 0.019
52576.253474 u 19.666 0.034
52576.254307 z 19.627 0.081
52576.255140 g 19.543 0.013
52578.290362 r 19.486 0.016
52578.291195 i 19.431 0.019
52578.292029 u 19.635 0.035
52578.292862 z 19.626 0.083
52578.293695 g 19.560 0.013
52585.253342 r 19.437 0.015
52585.254175 i 19.426 0.022
52585.255009 u 19.668 0.033
52585.255842 z 19.602 0.099
52585.256675 g 19.591 0.012
52909.419978 r 19.480 0.014
52909.420811 i 19.440 0.017
52909.421645 u 19.715 0.034
52909.422478 z 19.552 0.063
52909.423311 g 19.595 0.013
52910.390218 r 19.511 0.016
52910.391051 i 19.425 0.020
52910.391885 u 19.656 0.038
52910.392718 z 19.594 0.079
52910.393551 g 19.579 0.014
52935.317388 r 19.458 0.017
52935.318221 i 19.453 0.022
52935.319055 u 19.655 0.038
52935.319888 z 19.454 0.082
52935.320721 g 19.558 0.014
52963.240466 r 19.496 0.014
52963.241299 i 19.462 0.017
52963.242133 u 19.756 0.032
52963.242966 z 19.614 0.059
52963.243799 g 19.629 0.013
52971.231381 r 19.484 0.016
52971.232214 i 19.397 0.021
52971.233048 u 19.740 0.045
52971.233881 z 19.331 0.084
#52971.234714 g -99.000 0.017
53351.162767 r 19.707 0.019
53351.163600 i 19.653 0.026
53351.164434 u 19.969 0.047
53351.165267 z 19.651 0.090
53351.166100 g 19.919 0.016
53622.419821 r 19.642 0.016
53622.420654 i 19.579 0.020
53622.421488 u 19.921 0.041
53622.422321 z 19.588 0.069
53622.423154 g 19.785 0.014
53634.369293 r 19.601 0.032
53634.370126 i 19.553 0.031
53634.370960 u 19.919 0.102
53634.371793 z 19.712 0.106
53634.372626 g 19.836 0.045
53638.410629 r 19.681 0.017
53638.411462 i 19.558 0.020
53638.412296 u 19.925 0.048
53638.413129 z 19.677 0.077
53638.413962 g 19.845 0.018
53640.374665 r 19.646 0.018
53640.375498 i 19.618 0.022
53640.376332 u 19.966 0.049
53640.377165 z 19.730 0.088
53640.377998 g 19.845 0.018
53646.436073 r 19.675 0.019
53646.436906 i 19.586 0.023
53646.437740 u 19.819 0.052
53646.438573 z 19.688 0.119
53646.439406 g 19.813 0.023
53655.346838 r 19.654 0.017
53655.347671 i 19.582 0.022
53655.348505 u 19.900 0.046
53655.349338 z 19.514 0.072
53655.350171 g 19.817 0.015
53663.436482 r 19.638 0.029
53663.437315 i 19.569 0.030
53663.438149 u 20.036 0.135
53663.438982 z 19.718 0.105
53663.439815 g 19.758 0.042
53664.371794 r 19.774 0.050
53664.372627 i 19.653 0.053
53664.373461 u 19.875 0.105
53664.374294 z 19.805 0.179
53664.375127 g 19.699 0.043
53665.436429 r 19.560 0.023
53665.437262 i 19.556 0.027
53665.438096 u 20.138 0.103
53665.438929 z 19.525 0.092
53665.439762 g 19.801 0.027
53668.425033 r 19.703 0.031
53668.425866 i 19.463 0.034
53668.426700 u 19.677 0.077
53668.427533 z 19.610 0.127
53668.428366 g 19.692 0.026
#53669.331039 r -99.000 0.037
53669.331872 i 19.596 0.037
#53669.332706 u -99.000 0.139
#53669.333539 z -99.000 0.223
53669.334372 g 19.831 0.037
53670.431005 r 19.573 0.025
53670.431838 i 19.524 0.029
53670.432672 u 19.920 0.080
53670.433505 z 19.542 0.100
53670.434338 g 19.865 0.025
53671.415792 r 19.615 0.020
53671.416625 i 19.573 0.025
53671.417459 u 19.892 0.058
53671.418292 z 19.765 0.106
53671.419125 g 19.798 0.020
53674.315276 r 19.634 0.021
53674.316109 i 19.537 0.028
53674.316943 u 19.958 0.056
53674.317776 z 19.525 0.104
53674.318609 g 19.820 0.018
#53676.404735 r -99.000 0.028
#53676.405568 i -99.000 0.037
53676.406402 u 20.016 0.092
#53676.407235 z -99.000 0.133
#53676.408068 g -99.000 0.022
53679.376635 r 19.656 0.022
53679.377468 i 19.519 0.027
53679.378302 u 19.917 0.056
53679.379135 z 19.444 0.096
53679.379968 g 19.802 0.018
53681.368149 r 19.632 0.018
53681.368982 i 19.554 0.023
53681.369816 u 19.987 0.063
53681.370649 z 19.570 0.084
53681.371482 g 19.763 0.016
#53684.329644 r -99.000 0.105
#53684.330477 i -99.000 0.296
53684.331311 u 21.022 0.753
53684.332144 z 19.644 0.501
53684.332977 g 19.868 0.074
53694.341095 r 19.563 0.032
53694.341928 i 19.460 0.035
53694.342762 u 20.086 0.149
53694.343595 z 19.599 0.118
53694.344428 g 19.808 0.039
53697.325174 r 19.547 0.019
53697.326007 i 19.544 0.022
53697.326841 u 19.856 0.058
53697.327674 z 19.585 0.080
53697.328507 g 19.782 0.020
53700.324131 r 19.559 0.021
53700.324964 i 19.459 0.029
53700.325798 u 19.831 0.053
53700.326631 z 19.509 0.099
53700.327464 g 19.760 0.016
53705.310801 r 19.570 0.020
53705.311634 i 19.477 0.024
53705.312468 u 19.854 0.053
53705.313301 z 19.461 0.085
53705.314134 g 19.840 0.018
53975.395846 r 19.689 0.025
53975.396679 i 19.640 0.031
53975.397512 u 20.043 0.045
53975.398346 z 19.706 0.092
53975.399179 g 19.878 0.026
53993.407985 r 19.664 0.017
53993.408819 i 19.593 0.019
53993.409652 u 19.839 0.041
53993.410485 z 19.548 0.085
#53993.411319 g -99.000 0.031
53994.418874 r 19.640 0.022
53994.419707 i 19.587 0.025
53994.420541 u 19.992 0.042
53994.421374 z 19.846 0.082
53994.422207 g 19.793 0.032
53996.402532 r 19.659 0.018
53996.403365 i 19.536 0.022
53996.404199 u 19.937 0.039
53996.405032 z 19.665 0.079
53996.405865 g 19.834 0.031
54005.415698 r 19.605 0.018
54005.416532 i 19.542 0.026
54005.417365 u 19.801 0.035
54005.418198 z 19.578 0.058
54005.419032 g 19.744 0.023
54010.356665 r 19.566 0.018
54010.357498 i 19.580 0.032
54010.358331 u 19.761 0.033
54010.359165 z 19.677 0.053
54010.359998 g 19.741 0.022
54012.349509 r 19.610 0.023
54012.350343 i 19.590 0.027
54012.351176 u 19.830 0.062
54012.352009 z 19.482 0.071
54012.352843 g 19.755 0.028
54020.355554 r 19.636 0.038
54020.356388 i 19.525 0.034
54020.357221 u 19.780 0.057
54020.358054 z 19.626 0.089
54020.358888 g 19.651 0.023
54024.437057 r 19.557 0.024
54024.437890 i 19.491 0.022
54024.438724 u 19.741 0.052
54024.439557 z 19.568 0.077
54024.440390 g 19.747 0.025
54028.425387 r 19.511 0.024
54028.426220 i 19.504 0.036
54028.427053 u 19.698 0.068
54028.427887 z 19.510 0.117
54028.428720 g 19.852 0.035
54030.380801 r 19.579 0.016
54030.381635 i 19.527 0.025
54030.382468 u 19.729 0.036
54030.383301 z 19.755 0.080
54030.384135 g 19.698 0.026
54035.424787 r 19.478 0.028
54035.425620 i 19.501 0.028
54035.426453 u 19.781 0.057
54035.427287 z 19.493 0.094
54035.428120 g 19.761 0.031
54037.330270 r 19.585 0.019
54037.331103 i 19.488 0.018
54037.331937 u 19.753 0.033
54037.332770 z 19.493 0.054
54037.333603 g 19.656 0.022
54040.344747 r 19.586 0.026
54040.345580 i 19.483 0.029
54040.346414 u 19.808 0.045
54040.347247 z 19.644 0.086
54040.348080 g 19.639 0.028
54049.371247 r 19.504 0.022
54049.372080 i 19.473 0.025
54049.372913 u 19.742 0.070
54049.373747 z 19.531 0.087
54049.374580 g 19.625 0.028
54053.351176 r 19.485 0.030
#54053.352009 i -99.000 0.031
54053.352842 u 19.732 0.044
#54053.353676 z -99.000 0.086
#54053.354509 g -99.000 0.024
54056.337267 r 19.487 0.021
54056.338100 i 19.484 0.027
54056.338933 u 19.789 0.046
54056.339767 z 19.513 0.091
54056.340600 g 19.575 0.024
54059.331568 r 19.518 0.023
54059.332401 i 19.445 0.029
54059.333235 u 19.863 0.049
54059.334068 z 19.692 0.115
54059.334901 g 19.598 0.021
54061.342595 r 19.596 0.036
54061.343428 i 19.563 0.052
54061.344261 u 19.702 0.091
54061.345095 z 19.629 0.146
54061.345928 g 19.744 0.030
54062.336371 r 19.510 0.023
54062.337204 i 19.478 0.027
54062.338037 u 19.821 0.042
54062.338871 z 19.681 0.089
54062.339704 g 19.595 0.021
54064.332855 r 19.522 0.020
54064.333688 i 19.546 0.024
54064.334521 u 19.821 0.045
54064.335355 z 19.461 0.072
54064.336188 g 19.721 0.023
54357.374701 r 19.601 0.037
54357.375534 i 19.613 0.033
54357.376367 u 19.912 0.045
54357.377201 z 19.770 0.072
54357.378034 g 19.850 0.019
54362.424491 r 19.663 0.028
54362.425325 i 19.608 0.022
54362.426158 u 19.999 0.038
54362.426991 z 19.537 0.062
54362.427825 g 19.849 0.021
54376.419578 r 19.699 0.024
54376.420412 i 19.624 0.030
54376.421245 u 20.055 0.053
54376.422078 z 19.668 0.071
54376.422912 g 19.936 0.026
54382.404772 r 19.665 0.032
54382.405605 i 19.587 0.036
54382.406439 u 20.058 0.055
54382.407272 z 19.883 0.123
54382.408105 g 19.939 0.023
54385.422514 r 19.711 0.024
54385.423347 i 19.691 0.022
#54385.424180 u -99.000 0.051
54385.425014 z 19.703 0.071
54385.425847 g 19.955 0.023
54387.423033 r 19.804 0.028
54387.423866 i 19.823 0.041
54387.424700 u 20.176 0.076
54387.425533 z 19.631 0.117
54387.426366 g 20.029 0.045
54390.415486 r 19.804 0.030
54390.416320 i 19.581 0.037
54390.417153 u 20.198 0.125
#54390.417986 z -99.000 0.344
54390.418820 g 20.031 0.028
54402.416182 r 19.706 0.030
54402.417016 i 19.616 0.031
54402.417849 u 20.109 0.127
#54402.418682 z -99.000 0.085
54402.419516 g 19.959 0.047
