51819.231395 r 19.373 0.014
51819.232228 i 19.029 0.015
51819.233062 u 22.639 0.378
51819.233895 z 18.780 0.040
51819.234728 g 20.316 0.025
52172.246961 r 19.376 0.014
52172.247794 i 19.024 0.015
52172.248628 u 22.572 0.322
52172.249461 z 18.846 0.041
52172.250294 g 20.333 0.024
52558.196667 r 19.383 0.014
52558.197500 i 18.996 0.018
52558.198334 u 22.154 0.317
52558.199167 z 18.852 0.054
#52558.200000 g -99.000 0.051
52576.108925 r 19.358 0.016
52576.109758 i 18.970 0.017
52576.110592 u 23.581 0.766
52576.111425 z 18.826 0.050
52576.112258 g 20.360 0.028
52577.084157 r 19.400 0.016
52577.084990 i 19.027 0.016
52577.085824 u 22.010 0.215
52577.086657 z 18.803 0.048
52577.087490 g 20.360 0.026
52930.097489 r 19.376 0.014
52930.098322 i 19.009 0.014
52930.099156 u 22.346 0.252
52930.099989 z 18.765 0.035
52930.100822 g 20.392 0.024
52931.098318 r 19.386 0.014
52931.099151 i 18.976 0.015
52931.099985 u 23.198 0.534
52931.100818 z 18.822 0.039
52931.101651 g 20.372 0.027
52935.095283 r 19.382 0.016
52935.096116 i 18.987 0.018
52935.096950 u 22.516 0.328
52935.097783 z 18.816 0.049
52935.098616 g 20.348 0.030
53313.088482 r 19.427 0.019
53313.089315 i 19.099 0.023
53313.090149 u 22.344 0.410
53313.090982 z 18.811 0.058
53313.091815 g 20.486 0.039
53622.197730 r 19.438 0.019
53622.198563 i 18.964 0.019
#53622.199397 u 23.735 1.391
53622.200230 z 18.773 0.062
53622.201063 g 20.376 0.040
53625.193694 r 19.404 0.015
53625.194527 i 19.024 0.015
53625.195361 u 22.788 0.464
53625.196194 z 18.787 0.035
53625.197027 g 20.358 0.030
53634.147199 r 19.558 0.036
53634.148032 i 19.104 0.028
#53634.148866 u -99.000 0.577
53634.149699 z 18.846 0.069
53634.150532 g 21.020 0.137
53636.152730 r 19.375 0.014
53636.153563 i 19.044 0.015
53636.154397 u 22.715 0.372
53636.155230 z 18.743 0.037
53636.156063 g 20.347 0.026
53645.212400 r 19.338 0.019
53645.213233 i 18.970 0.027
#53645.214067 u -99.000 1.185
#53645.214900 z -99.000 0.536
#53645.215733 g -99.000 0.696
53655.124736 r 19.404 0.019
53655.125569 i 18.961 0.017
53655.126403 u 21.903 0.335
53655.127236 z 18.804 0.041
53655.128069 g 20.316 0.040
53657.212155 r 19.533 0.071
53657.212988 i 18.927 0.051
#53657.213822 u 21.898 1.432
53657.214655 z 18.858 0.111
53657.215488 g 20.480 0.172
53664.149696 r 19.391 0.018
53664.150529 i 19.026 0.017
53664.151363 u 23.149 0.942
53664.152196 z 18.742 0.042
53664.153029 g 20.252 0.040
53666.113295 r 19.396 0.014
53666.114128 i 19.002 0.016
53666.114962 u 22.747 0.359
53666.115795 z 18.778 0.041
53666.116628 g 20.342 0.022
53669.108934 r 19.380 0.014
53669.109767 i 18.975 0.014
53669.110601 u 22.351 0.252
53669.111434 z 18.782 0.038
53669.112267 g 20.372 0.023
53674.093169 r 19.390 0.015
53674.094002 i 19.029 0.016
53674.094836 u 22.148 0.254
53674.095669 z 18.798 0.039
53674.096502 g 20.361 0.025
53676.182675 r 19.378 0.014
53676.183508 i 19.006 0.014
53676.184342 u 22.402 0.292
53676.185175 z 18.778 0.035
53676.186008 g 20.360 0.024
#53681.146064 r -99.000 0.120
#53681.146897 i -99.000 0.051
#53681.147731 u 22.747 1.009
53681.148564 z 18.679 0.125
#53681.149397 g -99.000 0.110
53685.105109 r 19.359 0.035
53685.105942 i 18.937 0.029
53685.106776 u 21.209 0.406
53685.107609 z 18.762 0.063
53685.108442 g 20.354 0.100
53687.143459 r 19.390 0.026
53687.144292 i 18.982 0.019
#53687.145126 u 23.159 1.933
53687.145959 z 18.897 0.048
53687.146792 g 20.308 0.069
53694.119001 r 19.558 0.036
53694.119834 i 19.166 0.036
#53694.120668 u 24.807 2.940
53694.121501 z 18.892 0.104
53694.122334 g 20.572 0.073
53700.102051 r 19.373 0.016
53700.102884 i 18.973 0.017
53700.103718 u 22.466 0.380
53700.104551 z 18.763 0.046
53700.105384 g 20.387 0.033
53705.088720 r 19.395 0.018
53705.089553 i 19.008 0.018
#53705.090387 u 24.268 1.336
53705.091220 z 18.860 0.048
53705.092053 g 20.407 0.030
53975.173715 r 19.388 0.018
53975.174548 i 18.989 0.024
53975.175382 u 22.419 0.300
53975.176215 z 18.699 0.041
53975.177048 g 20.320 0.027
53996.180434 r 19.381 0.016
53996.181267 i 18.981 0.016
53996.182100 u 22.369 0.547
53996.182934 z 18.756 0.035
53996.183767 g 20.360 0.026
53998.149065 r 19.387 0.014
53998.149899 i 18.969 0.017
#53998.150732 u 24.288 1.353
53998.151565 z 18.811 0.036
53998.152399 g 20.349 0.024
54005.186321 r 19.391 0.013
54005.187155 i 19.015 0.015
54005.187988 u 22.808 1.000
54005.188821 z 18.765 0.032
54005.189655 g 20.399 0.025
54010.134547 r 19.382 0.017
54010.135380 i 19.012 0.020
54010.136213 u 22.655 1.000
54010.137047 z 18.768 0.034
54010.137880 g 20.431 0.044
54012.127387 r 19.393 0.026
54012.128221 i 18.996 0.022
54012.129054 u 21.331 0.397
54012.129887 z 18.767 0.039
54012.130721 g 20.452 0.065
54020.133369 r 19.370 0.014
54020.134202 i 19.004 0.017
#54020.135036 u 23.180 1.467
54020.135869 z 18.727 0.038
54020.136702 g 20.358 0.023
54022.182647 r 19.377 0.022
54022.183481 i 18.959 0.018
54022.184314 u 22.230 0.240
54022.185147 z 18.733 0.066
#54022.185981 g -99.000 0.057
54028.123746 r 19.397 0.021
54028.124579 i 18.983 0.020
54028.125413 u 22.136 0.653
54028.126246 z 18.759 0.048
54028.127079 g 20.355 0.031
54030.126949 r 19.373 0.013
54030.127783 i 19.021 0.017
54030.128616 u 22.406 0.247
54030.129449 z 18.763 0.031
54030.130283 g 20.400 0.024
54032.116195 r 19.412 0.029
54032.117029 i 19.028 0.029
54032.117862 u 23.003 0.456
54032.118695 z 18.864 0.048
54032.119529 g 20.334 0.030
54034.186428 r 19.528 0.213
54034.187261 i 19.051 0.029
#54034.188094 u 23.291 1.239
#54034.188928 z -99.000 0.073
54034.189761 g 20.473 0.287
54037.108166 r 19.415 0.015
54037.108999 i 19.020 0.018
54037.109833 u 22.672 0.495
54037.110666 z 18.802 0.034
54037.111499 g 20.314 0.030
54040.122654 r 19.379 0.023
54040.123488 i 19.031 0.021
#54040.124321 u 22.814 2.021
54040.125154 z 18.886 0.048
54040.125988 g 20.427 0.066
54050.107281 r 19.403 0.018
54050.108115 i 18.987 0.020
54050.108948 u 22.500 0.262
54050.109781 z 18.702 0.044
54050.110615 g 20.412 0.031
54053.113442 r 19.409 0.019
54053.114275 i 19.025 0.021
54053.115109 u 22.054 0.438
54053.115942 z 18.724 0.048
54053.116775 g 20.397 0.265
54056.115126 r 19.535 0.139
54056.115959 i 19.025 0.048
#54056.116792 u -99.000 1.000
#54056.117626 z -99.000 0.075
54056.118459 g 20.920 0.346
54057.083766 r 19.353 0.021
54057.084599 i 18.982 0.022
54057.085433 u 22.830 1.000
54057.086266 z 18.870 0.054
54057.087099 g 20.366 0.030
54059.109401 r 19.383 0.019
54059.110235 i 18.982 0.020
54059.111068 u 22.079 0.208
54059.111901 z 18.932 0.060
#54059.112735 g -99.000 0.075
54061.120449 r 19.389 0.026
54061.121282 i 18.999 0.029
54061.122116 u 23.540 0.872
54061.122949 z 18.634 0.054
54061.123782 g 20.543 0.064
54062.114304 r 19.496 0.083
54062.115137 i 19.022 0.024
54062.115970 u 22.967 0.595
54062.116804 z 18.865 0.070
54062.117637 g 20.596 0.365
54068.104275 r 19.370 0.036
54068.105108 i 19.061 0.026
#54068.105941 u 23.237 3.043
54068.106775 z 18.725 0.062
54068.107608 g 20.528 0.094
54357.152588 r 19.414 0.018
54357.153422 i 19.017 0.015
54357.154255 u 22.656 0.356
54357.155088 z 18.830 0.039
#54357.155922 g -99.000 0.027
54365.150444 r 19.354 0.024
54365.151277 i 19.032 0.021
54365.152110 u 22.760 0.772
54365.152944 z 18.869 0.051
54365.153777 g 20.386 0.057
54385.200416 r 19.409 0.018
54385.201249 i 19.005 0.018
#54385.202082 u 24.324 2.055
54385.202916 z 18.755 0.034
54385.203749 g 20.339 0.028
54387.200941 r 19.403 0.019
54387.201774 i 19.050 0.023
#54387.202607 u 24.860 4.304
54387.203441 z 18.881 0.051
54387.204274 g 20.363 0.035
54390.203937 r 19.462 0.032
54390.204770 i 18.989 0.020
#54390.205603 u 99.985 99.999
54390.206437 z 18.868 0.058
54390.207270 g 20.562 0.047
54392.195647 r 19.565 0.160
54392.196480 i 18.978 0.038
54392.197313 u 23.107 0.688
54392.198147 z 18.826 0.054
54392.198980 g 20.857 0.543
54402.194101 r 19.373 0.026
54402.194934 i 19.016 0.023
54402.195768 u 22.051 0.655
54402.196601 z 18.757 0.046
54402.197434 g 20.355 0.063
