51819.252292 r 17.635 0.006
51819.253125 i 17.495 0.007
51819.253959 u 18.964 0.026
51819.254792 z 17.431 0.017
51819.255625 g 17.939 0.006
52172.267879 r 17.642 0.006
52172.268712 i 17.505 0.007
52172.269546 u 18.972 0.025
52172.270379 z 17.465 0.016
52172.271212 g 17.986 0.007
52558.217566 r 17.552 0.006
52558.218399 i 17.608 0.008
52558.219233 u 18.876 0.024
52558.220066 z 17.343 0.016
52558.220899 g 17.898 0.006
52576.129824 r 17.681 0.007
52576.130657 i 17.792 0.009
52576.131491 u 18.976 0.023
52576.132324 z 17.431 0.017
52576.133157 g 18.006 0.006
52577.105057 r 17.790 0.007
52577.105890 i 17.596 0.008
52577.106724 u 18.968 0.023
52577.107557 z 17.509 0.020
52577.108390 g 18.013 0.006
52930.118390 r 17.653 0.006
52930.119223 i 17.505 0.007
52930.120057 u 18.995 0.022
52930.120890 z 17.466 0.015
52930.121723 g 18.010 0.006
52931.119220 r 17.629 0.006
52931.120053 i 17.515 0.007
52931.120887 u 18.981 0.022
52931.121720 z 17.508 0.016
52931.122553 g 17.995 0.006
52935.116184 r 17.563 0.006
52935.117017 i 17.512 0.008
52935.117851 u 18.905 0.028
52935.118684 z 17.373 0.019
52935.119517 g 17.863 0.006
53313.109384 r 17.661 0.006
53313.110217 i 17.606 0.008
53313.111051 u 18.885 0.027
53313.111884 z 17.518 0.021
53313.112717 g 18.004 0.006
53622.218632 r 17.600 0.006
53622.219465 i 17.563 0.008
53622.220299 u 18.929 0.031
53622.221132 z 17.561 0.024
53622.221965 g 18.047 0.007
53625.214596 r 17.677 0.007
53625.215429 i 17.519 0.007
53625.216263 u 19.056 0.026
53625.217096 z 17.459 0.016
53625.217929 g 18.037 0.007
53636.173633 r 17.663 0.007
53636.174466 i 17.534 0.007
53636.175300 u 18.954 0.025
53636.176133 z 17.488 0.017
53636.176966 g 18.019 0.007
53655.145639 r 17.783 0.008
53655.146472 i 17.505 0.008
53655.147306 u 18.981 0.039
53655.148139 z 17.544 0.021
53655.148972 g 18.074 0.009
53664.170598 r 17.679 0.007
53664.171431 i 17.465 0.007
53664.172265 u 18.934 0.033
53664.173098 z 17.537 0.018
53664.173931 g 18.062 0.008
53666.134199 r 17.714 0.006
53666.135032 i 18.311 0.012
53666.135866 u 18.978 0.023
53666.136699 z 17.530 0.017
53666.137532 g 17.992 0.006
53669.129835 r 17.676 0.006
53669.130668 i 17.519 0.007
53669.131502 u 18.974 0.023
53669.132335 z 17.496 0.016
53669.133168 g 17.990 0.006
53674.114072 r 17.646 0.006
53674.114905 i 17.570 0.007
53674.115739 u 18.967 0.024
53674.116572 z 17.513 0.018
53674.117405 g 17.991 0.006
53676.203570 r 17.706 0.007
53676.204403 i 17.630 0.008
53676.205237 u 18.958 0.028
53676.206070 z 17.524 0.017
53676.206903 g 18.013 0.006
53679.175451 r 17.863 0.009
53679.176284 i 17.657 0.009
53679.177118 u 18.957 0.033
53679.177951 z 17.770 0.026
53679.178784 g 18.105 0.008
#53681.166962 r -99.000 0.020
#53681.167795 i -99.000 0.013
53681.168629 u 17.756 0.038
#53681.169462 z -99.000 0.018
#53681.170295 g -99.000 0.007
53685.126007 r 17.700 0.009
53685.126840 i 17.498 0.009
53685.127674 u 19.059 0.050
53685.128507 z 17.491 0.022
53685.129340 g 18.062 0.012
53687.164356 r 17.745 0.009
53687.165189 i 17.532 0.008
53687.166023 u 18.965 0.055
53687.166856 z 17.571 0.021
53687.167689 g 18.071 0.011
#53697.123987 r -99.000 0.028
#53697.124820 i -99.000 0.032
53697.125654 u 19.116 0.253
53697.126487 z 18.324 0.278
#53697.127320 g -99.000 0.031
53700.122950 r 17.710 0.007
#53700.123783 i -99.000 0.032
53700.124617 u 18.934 0.030
53700.125450 z 15.757 0.020
53700.126283 g 17.950 0.006
53705.109619 r 17.648 0.006
53705.110452 i 17.594 0.008
53705.111286 u 18.941 0.029
53705.112119 z 17.640 0.021
53705.112952 g 18.026 0.007
53975.194616 r 17.703 0.145
53975.195449 i 17.509 0.188
53975.196282 u 18.974 0.030
53975.197116 z 17.503 0.211
53975.197949 g 17.968 0.070
53996.201338 r 17.677 0.141
53996.202171 i 17.524 0.188
53996.203004 u 18.986 0.029
53996.203838 z 17.479 0.201
53996.204671 g 17.985 0.078
53998.169966 r 17.682 0.150
53998.170799 i 17.535 0.191
53998.171632 u 18.950 0.028
53998.172466 z 17.439 0.199
53998.173299 g 18.008 0.076
54010.155448 r 17.644 0.148
54010.156281 i 17.549 0.199
54010.157115 u 18.991 0.030
54010.157948 z 17.447 0.188
54010.158781 g 18.029 0.082
54012.148294 r 17.699 0.153
54012.149127 i 17.559 0.206
54012.149961 u 19.051 0.048
54012.150794 z 17.592 0.224
54012.151627 g 18.034 0.082
54020.154271 r 17.654 0.122
54020.155104 i 17.515 0.152
54020.155937 u 18.924 0.026
54020.156771 z 17.452 0.162
54020.157604 g 17.996 0.059
54022.203557 r 17.674 0.128
54022.204391 i 17.494 0.162
#54022.205224 u -99.000 0.040
#54022.206057 z -99.000 0.189
#54022.206891 g -99.000 0.072
54028.144643 r 17.744 0.123
54028.145476 i 17.503 0.150
54028.146309 u 18.978 0.034
54028.147143 z 17.622 0.218
54028.147976 g 18.045 0.066
54030.147838 r 17.642 0.142
54030.148672 i 17.590 0.195
54030.149505 u 18.969 0.029
54030.150338 z 17.493 0.219
54030.151172 g 18.015 0.090
54032.137472 r 17.636 0.095
#54032.138305 i -99.000 0.148
54032.139138 u 19.030 0.035
#54032.139972 z -99.000 0.199
#54032.140805 g -99.000 0.052
54034.207329 r 17.568 0.104
54034.208162 i 17.908 0.220
54034.208995 u 18.858 0.037
54034.209829 z 17.627 0.198
54034.210662 g 18.227 0.082
54037.129071 r 17.777 0.164
54037.129904 i 17.491 0.141
54037.130737 u 18.973 0.035
54037.131571 z 17.482 0.243
54037.132404 g 17.986 0.068
54040.143555 r 17.695 0.119
54040.144388 i 17.503 0.150
54040.145222 u 18.890 0.046
54040.146055 z 17.443 0.174
54040.146888 g 18.014 0.069
54050.128188 r 17.659 0.095
54050.129022 i 17.686 0.175
54050.129855 u 18.932 0.032
54050.130688 z 17.469 0.156
54050.131522 g 17.976 0.050
54053.134334 r 17.622 0.112
54053.135168 i 17.505 0.160
54053.136001 u 18.937 0.029
54053.136834 z 17.456 0.175
54053.137668 g 17.987 0.055
54056.136022 r 17.795 0.110
54056.136856 i 17.754 0.142
54056.137689 u 18.987 0.048
54056.138522 z 17.525 0.169
54056.139356 g 18.127 0.067
54057.104667 r 17.782 0.144
54057.105500 i 17.553 0.160
54057.106333 u 18.952 0.029
54057.107167 z 17.524 0.223
54057.108000 g 18.026 0.074
54059.130291 r 17.713 0.121
54059.131124 i 17.511 0.136
54059.131957 u 18.965 0.033
54059.132791 z 17.616 0.242
54059.133624 g 18.035 0.058
54061.141344 r 17.816 0.135
54061.142177 i 17.533 0.166
54061.143010 u 18.933 0.038
#54061.143844 z -99.000 0.292
54061.144677 g 18.008 0.058
54062.135204 r 18.043 0.154
54062.136037 i 17.597 0.139
54062.136871 u 18.974 0.048
54062.137704 z 17.909 0.268
54062.138537 g 18.090 0.063
54068.125164 r 18.088 0.174
54068.125998 i 17.540 0.148
54068.126831 u 19.076 0.078
#54068.127664 z -99.000 0.218
54068.128498 g 18.734 0.140
54357.173489 r 17.638 0.102
54357.174323 i 17.676 0.123
54357.175156 u 18.967 0.029
54357.175989 z 17.461 0.164
54357.176823 g 18.027 0.047
54365.171363 r 17.679 0.104
54365.172197 i 17.770 0.176
54365.173030 u 18.914 0.043
54365.173863 z 17.451 0.158
54365.174697 g 17.982 0.056
54385.221322 r 17.621 0.142
54385.222155 i 17.474 0.173
54385.222989 u 18.967 0.029
54385.223822 z 17.447 0.258
54385.224655 g 18.023 0.088
54387.221811 r 17.674 0.125
54387.222645 i 17.659 0.182
54387.223478 u 18.923 0.034
54387.224311 z 17.470 0.155
54387.225145 g 17.982 0.056
54392.216543 r 17.864 0.127
54392.217377 i 17.566 0.162
#54392.218210 u -99.000 0.063
54392.219043 z 17.592 0.179
#54392.219877 g -99.000 0.089
54402.214994 r 17.638 0.143
54402.215828 i 17.486 0.177
54402.216661 u 18.960 0.051
54402.217494 z 17.570 0.231
54402.218328 g 18.039 0.081
