51464.184473 r 18.123 0.007
51464.185306 i 17.943 0.008
51464.186140 u 21.616 0.148
51464.186973 z 17.439 0.016
51464.187806 g 19.006 0.010
52197.166336 r 18.279 0.008
52197.167169 i 17.800 0.008
52197.168003 u 21.394 0.110
52197.168836 z 17.585 0.016
52197.169669 g 19.104 0.011
52197.210201 r 18.232 0.008
52197.211034 i 17.816 0.008
52197.211868 u 21.210 0.099
52197.212701 z 17.619 0.016
52197.213534 g 19.113 0.011
52231.096181 r 18.214 0.008
52231.097014 i 17.811 0.008
52231.097848 u 21.654 0.130
52231.098681 z 17.637 0.016
52231.099514 g 19.085 0.011
52557.204185 r 18.113 0.007
52557.205018 i 17.858 0.008
52557.205852 u 21.104 0.112
52557.206685 z 17.515 0.017
52557.207518 g 19.203 0.012
52578.100262 r 18.176 0.008
52578.101095 i 17.789 0.008
52578.101929 u 21.263 0.098
52578.102762 z 17.567 0.016
52578.103595 g 19.146 0.011
52929.130490 r 18.240 0.008
52929.131323 i 17.790 0.008
#52929.132157 u 24.620 1.304
52929.132990 z 17.568 0.018
52929.133823 g 19.261 0.014
52934.110647 r 18.064 0.007
52934.111480 i 17.812 0.008
#52934.112314 u 24.598 1.341
52934.113147 z 17.528 0.017
52934.113980 g 19.156 0.013
52936.106573 r 18.176 0.008
52936.107406 i 17.795 0.008
52936.108240 u 21.482 0.113
52936.109073 z 17.537 0.015
52936.109906 g 19.146 0.011
53243.291782 r 18.238 0.009
53243.292615 i 17.796 0.008
53243.293449 u 22.023 0.328
53243.294282 z 17.584 0.015
53243.295115 g 19.068 0.016
53270.170632 r 18.186 0.075
53270.171466 i 17.770 0.055
53270.172299 u 21.370 0.330
53270.173132 z 17.538 0.044
53270.173966 g 19.029 0.143
53272.220582 r 18.042 0.009
53272.221415 i 17.718 0.009
53272.222249 u 21.025 0.215
53272.223082 z 17.421 0.016
53272.223915 g 19.080 0.020
53288.147788 r 18.057 0.007
53288.148621 i 17.712 0.008
53288.149455 u 21.862 0.215
53288.150288 z 17.561 0.016
53288.151121 g 18.975 0.010
53302.143457 r 18.200 0.009
53302.144290 i 17.832 0.009
53302.145124 u 21.883 0.388
53302.145957 z 17.534 0.015
53302.146790 g 19.150 0.018
53312.098990 r 18.186 0.072
53312.099823 i 17.811 0.052
53312.100657 u 21.952 0.675
53312.101490 z 17.931 0.093
53312.102323 g 19.002 0.123
53314.100184 r 18.238 0.008
53314.101017 i 17.760 0.008
53314.101851 u 21.575 0.159
53314.102684 z 17.552 0.018
53314.103517 g 19.167 0.012
53623.194765 r 18.245 0.008
53623.195598 i 17.792 0.008
53623.196432 u 21.967 0.223
53623.197265 z 17.583 0.016
53623.198098 g 19.249 0.014
53626.180978 r 18.262 0.009
53626.181811 i 17.739 0.008
53626.182645 u 21.604 0.250
53626.183478 z 17.573 0.016
53626.184311 g 19.130 0.016
53628.165843 r 18.400 0.015
53628.166676 i 17.728 0.011
53628.167510 u 20.437 0.191
53628.168343 z 17.715 0.025
53628.169176 g 19.177 0.028
53637.167457 r 18.327 0.009
53637.168290 i 17.858 0.009
#53637.169124 u 24.560 1.548
53637.169957 z 17.532 0.020
53637.170790 g 19.072 0.012
53644.159908 r 18.213 0.114
53644.160742 i 17.822 0.089
53644.161575 u 21.389 0.156
53644.162408 z 17.558 0.077
53644.163242 g 19.105 0.225
53654.194527 r 18.126 0.009
53654.195360 i 17.722 0.009
53654.196194 u 21.830 0.326
53654.197027 z 17.600 0.020
53654.197860 g 19.646 0.029
53665.133396 r 18.210 0.014
#53665.134229 i -99.000 0.016
53665.135063 u 21.891 0.541
#53665.135896 z -99.000 0.042
53665.136729 g 19.235 0.023
53668.145028 r 18.189 0.009
53668.145861 i 17.725 0.009
53668.146695 u 21.745 0.260
53668.147528 z 17.564 0.021
53668.148361 g 19.086 0.012
53670.149881 r 18.241 0.008
53670.150714 i 17.755 0.008
53670.151548 u 21.432 0.134
53670.152381 z 17.525 0.016
53670.153214 g 19.093 0.012
53673.117864 r 18.184 0.008
53673.118697 i 17.809 0.008
53673.119531 u 21.237 0.117
53673.120364 z 17.765 0.019
53673.121197 g 19.029 0.011
53675.114753 r 18.083 0.007
53675.115586 i 17.716 0.008
53675.116420 u 21.535 0.152
53675.117253 z 17.583 0.017
53675.118086 g 18.997 0.010
53677.135785 r 18.185 0.008
53677.136618 i 17.911 0.008
53677.137452 u 21.281 0.115
53677.138285 z 17.533 0.014
53677.139118 g 19.147 0.011
53680.122450 r 18.031 0.007
53680.123283 i 17.656 0.008
53680.124117 u 21.056 0.112
53680.124950 z 17.542 0.016
53680.125783 g 19.127 0.012
53693.124352 r 18.137 0.009
53693.125185 i 17.826 0.009
53693.126019 u 21.428 0.247
53693.126852 z 17.555 0.016
53693.127685 g 19.077 0.017
53704.107680 r 18.216 0.008
53704.108513 i 17.786 0.008
53704.109347 u 21.858 0.219
53704.110180 z 18.003 0.022
53704.111013 g 18.970 0.011
53974.195640 r 18.216 0.124
53974.196474 i 17.780 0.079
53974.197307 u 21.455 0.240
53974.198140 z 17.565 0.070
53974.198974 g 19.158 0.234
53989.203718 r 18.202 0.144
53989.204552 i 17.780 0.076
53989.205385 u 21.796 0.288
53989.206218 z 17.544 0.078
53989.207052 g 19.113 0.216
53995.192976 r 18.196 0.097
53995.193809 i 17.908 0.086
53995.194643 u 21.154 0.386
53995.195476 z 17.626 0.074
53995.196309 g 19.213 0.220
53997.171350 r 18.176 0.091
53997.172184 i 17.779 0.068
53997.173017 u 21.698 0.484
53997.173850 z 17.614 0.065
53997.174684 g 19.230 0.206
54005.143209 r 18.166 0.092
54005.144042 i 17.797 0.072
#54005.144876 u 24.006 1.991
54005.145709 z 17.596 0.082
54005.146542 g 19.441 0.286
54007.155959 r 18.303 0.094
54007.156792 i 17.815 0.056
54007.157625 u 21.371 0.226
54007.158459 z 17.530 0.051
54007.159292 g 19.273 0.149
54009.153059 r 18.170 0.086
54009.153892 i 17.781 0.067
54009.154725 u 22.703 0.633
54009.155559 z 17.618 0.080
54009.156392 g 19.097 0.207
54011.217556 r 18.229 0.127
54011.218389 i 17.791 0.085
54011.219223 u 21.522 0.258
54011.220056 z 17.565 0.096
54011.220889 g 19.109 0.247
54019.167769 r 18.176 0.094
54019.168602 i 17.772 0.069
54019.169435 u 21.572 0.288
54019.170269 z 17.576 0.158
54019.171102 g 19.115 0.226
54025.216578 r 18.339 0.086
54025.217411 i 17.770 0.058
54025.218244 u 21.377 0.320
54025.219078 z 17.550 0.048
54025.219911 g 19.318 0.183
54029.146903 r 18.177 0.086
54029.147736 i 17.789 0.070
54029.148569 u 21.525 0.504
54029.149403 z 17.550 0.074
54029.150236 g 19.143 0.246
54356.225070 r 18.490 0.129
54356.225904 i 17.929 0.080
54356.226737 u 21.483 0.688
54356.227570 z 17.788 0.084
54356.228404 g 19.668 0.300
#54358.170130 r -99.000 0.082
54358.170964 i 18.069 0.099
#54358.171797 u 99.976 99.999
54358.172630 z 17.567 0.057
54358.173464 g 19.425 0.275
54359.114313 r 18.207 0.099
54359.115147 i 17.752 0.069
#54359.115980 u 99.998 99.999
54359.116813 z 17.584 0.079
54359.117647 g 19.601 0.331
54373.202225 r 18.330 0.087
54373.203058 i 17.798 0.059
54373.203892 u 21.381 0.235
54373.204725 z 17.536 0.047
54373.205558 g 19.098 0.145
54381.214923 r 18.484 0.123
54381.215757 i 18.022 0.080
54381.216590 u 20.835 0.214
54381.217423 z 17.583 0.062
54381.218257 g 19.213 0.170
54382.212322 r 18.257 0.087
54382.213155 i 17.892 0.068
54382.213988 u 21.812 0.442
54382.214822 z 17.507 0.045
54382.215655 g 19.265 0.177
#54383.218054 r -99.000 0.099
54383.218887 i 17.852 0.083
54383.219721 u 21.351 0.414
54383.220554 z 17.572 0.071
54383.221387 g 19.037 0.176
54386.215074 r 18.140 0.088
54386.215908 i 17.786 0.070
54386.216741 u 21.636 0.518
54386.217574 z 17.589 0.062
54386.218408 g 19.095 0.191
54388.219347 r 18.170 0.089
54388.220180 i 17.843 0.066
54388.221013 u 22.560 0.759
54388.221847 z 17.573 0.070
54388.222680 g 19.049 0.186
54403.133117 r 18.205 0.113
54403.133950 i 17.793 0.076
54403.134783 u 21.310 0.162
54403.135617 z 17.601 0.085
54403.136450 g 19.305 0.314
54406.126949 r 18.170 0.100
54406.127782 i 17.795 0.080
54406.128616 u 21.761 0.442
54406.129449 z 17.543 0.069
54406.130282 g 19.197 0.223
54412.129881 r 18.160 0.073
54412.130715 i 17.971 0.058
54412.131548 u 21.354 0.364
54412.132381 z 17.535 0.048
54412.133215 g 19.062 0.150
54415.167443 r 18.163 0.072
54415.168277 i 17.786 0.065
54415.169110 u 21.190 0.367
54415.169943 z 17.550 0.058
54415.170777 g 19.133 0.163
