52576.117013 r 18.601 0.010
52576.117846 i 18.212 0.010
52576.118680 u 21.793 0.190
52576.119513 z 17.995 0.027
52576.120346 g 19.473 0.013
52577.092247 r 18.474 0.009
52577.093080 i 18.080 0.009
52577.093914 u 21.382 0.144
52577.094747 z 17.891 0.026
52577.095580 g 19.408 0.012
52930.105578 r 18.512 0.009
52930.106411 i 18.235 0.009
52930.107245 u 21.479 0.123
52930.108078 z 17.908 0.021
52930.108911 g 19.426 0.011
52931.106408 r 18.419 0.008
52931.107241 i 18.089 0.009
52931.108075 u 21.461 0.147
52931.108908 z 17.887 0.023
52931.109741 g 19.382 0.012
52935.103373 r 18.577 0.010
52935.104206 i 18.271 0.010
52935.105040 u 21.463 0.159
52935.105873 z 17.895 0.027
#52935.106706 g -99.000 0.030
53622.205818 r 18.583 0.013
53622.206651 i 18.352 0.014
53622.207485 u 21.405 0.234
53622.208318 z 17.994 0.036
53622.209151 g 19.615 0.019
53625.201784 r 18.590 0.010
53625.202617 i 18.176 0.009
53625.203451 u 21.476 0.146
53625.204284 z 17.965 0.022
53625.205117 g 19.439 0.014
53655.132825 r 18.467 0.010
53655.133658 i 18.130 0.010
53655.134492 u 21.373 0.232
53655.135325 z 17.924 0.025
53655.136158 g 19.331 0.021
53664.157785 r 18.578 0.011
53664.158618 i 18.281 0.010
53664.159452 u 21.554 0.280
53664.160285 z 17.933 0.027
53664.161118 g 19.626 0.022
53666.121385 r 18.492 0.009
53666.122218 i 18.143 0.009
53666.123052 u 21.326 0.111
53666.123885 z 17.959 0.024
53666.124718 g 19.433 0.011
53669.117024 r 18.535 0.009
53669.117857 i 18.239 0.009
53669.118691 u 21.530 0.126
53669.119524 z 18.019 0.023
53669.120357 g 19.479 0.012
53674.101258 r 18.556 0.010
53674.102091 i 18.263 0.010
53674.102925 u 21.359 0.171
53674.103758 z 17.980 0.033
53674.104591 g 19.717 0.018
53679.162641 r 18.649 0.011
53679.163474 i 18.254 0.011
53679.164308 u 21.730 0.295
53679.165141 z 17.973 0.029
53679.165974 g 19.547 0.015
53681.154152 r 18.540 0.015
53681.154985 i 18.259 0.013
53681.155819 u 21.501 0.206
53681.156652 z 17.934 0.025
53681.157485 g 19.484 0.015
53685.113196 r 18.481 0.014
53685.114029 i 18.115 0.012
#53685.114863 u 22.626 1.424
53685.115696 z 17.941 0.033
53685.116529 g 19.439 0.030
53694.127088 r 18.754 0.022
53694.127921 i 18.082 0.020
53694.128755 u 22.191 0.946
53694.129588 z 18.461 0.090
53694.130421 g 19.259 0.038
53697.111177 r 18.363 0.039
#53697.112010 i -99.000 0.033
#53697.112844 u -99.000 1.208
#53697.113677 z -99.000 0.119
53697.114510 g 19.314 0.043
#53700.110137 r -99.000 0.015
#53700.110970 i -99.000 0.038
#53700.111804 u -99.000 0.236
53700.112637 z 17.905 0.029
#53700.113470 g -99.000 0.037
53705.096808 r 18.530 0.010
53705.097641 i 18.154 0.010
53705.098475 u 21.588 0.206
53705.099308 z 17.904 0.027
53705.100141 g 19.541 0.015
53975.181801 r 18.517 0.041
53975.182634 i 18.172 0.030
53975.183467 u 21.124 0.131
53975.184301 z 17.988 0.034
53975.185134 g 19.438 0.036
53996.188554 r 18.495 0.016
53996.189387 i 18.149 0.015
53996.190220 u 21.328 0.121
53996.191054 z 17.925 0.024
53996.191887 g 19.458 0.018
54012.135480 r 18.581 0.026
54012.136313 i 18.157 0.015
54012.137146 u 21.788 0.815
54012.137980 z 17.964 0.025
54012.138813 g 19.393 0.028
54022.190738 r 18.515 0.028
#54022.191571 i -99.000 0.036
#54022.192404 u -99.000 99.999
#54022.193238 z -99.000 0.036
#54022.194071 g -99.000 0.039
54028.131831 r 18.493 0.090
54028.132665 i 18.119 0.033
54028.133498 u 21.293 0.195
54028.134331 z 18.038 0.044
54028.135165 g 19.355 0.068
#54032.124301 r -99.000 0.022
54032.125134 i 18.137 0.019
54032.125967 u 21.094 0.156
#54032.126801 z -99.000 0.031
#54032.127634 g -99.000 0.019
#54034.194513 r -99.000 0.050
54034.195346 i 18.203 0.044
54034.196180 u 21.303 0.150
#54034.197013 z -99.000 0.047
#54034.197846 g -99.000 0.086
54050.115397 r 18.555 0.026
54050.116231 i 18.166 0.029
54050.117064 u 21.530 0.200
54050.117897 z 17.938 0.029
54050.118731 g 19.465 0.020
#54057.091856 r -99.000 0.018
54057.092690 i 18.149 0.016
54057.093523 u 21.050 0.101
54057.094356 z 17.922 0.028
#54057.095190 g -99.000 0.018
54061.128531 r 18.661 0.068
54061.129365 i 18.245 0.056
54061.130198 u 21.274 0.186
54061.131031 z 18.168 0.047
54061.131865 g 19.526 0.158
54068.112384 r 18.701 0.047
54068.113217 i 18.222 0.210
54068.114051 u 21.330 0.525
#54068.114884 z -99.000 0.105
54068.115717 g 19.517 0.132
54365.158533 r 18.572 0.022
54365.159366 i 18.227 0.024
54365.160200 u 21.337 0.277
54365.161033 z 17.969 0.041
54365.161866 g 19.543 0.043
54385.208508 r 18.565 0.021
54385.209341 i 18.121 0.019
54385.210175 u 21.371 0.141
54385.211008 z 17.944 0.028
54385.211841 g 19.421 0.023
54387.209010 r 18.614 0.025
54387.209843 i 18.235 0.032
54387.210676 u 21.740 0.274
54387.211510 z 17.948 0.033
54387.212343 g 19.535 0.029
54392.203748 r 18.610 0.086
54392.204581 i 18.472 0.179
54392.205414 u 22.067 0.691
54392.206248 z 17.991 0.064
54392.207081 g 19.363 0.375
