51075.398279 r 20.029 0.023
51075.399112 i 19.756 0.029
51075.399946 u 20.624 0.064
51075.400779 z 19.587 0.114
51075.401612 g 20.112 0.019
51818.367943 r 19.933 0.020
51818.368776 i 19.611 0.022
51818.369610 u 20.472 0.059
51818.370443 z 19.580 0.086
51818.371276 g 19.988 0.017
52170.418921 r 19.786 0.018
52170.419754 i 19.533 0.021
52170.420588 u 20.245 0.053
52170.421421 z 19.401 0.078
52170.422254 g 19.865 0.016
52173.332321 r 19.757 0.021
52173.333154 i 19.553 0.025
52173.333988 u 20.273 0.062
52173.334821 z 19.531 0.105
52173.335654 g 19.828 0.016
52224.312446 r 19.734 0.017
52224.313279 i 19.482 0.019
52224.314113 u 20.196 0.051
52224.314946 z 19.647 0.086
52224.315779 g 19.771 0.015
52234.268948 r 19.738 0.018
52234.269781 i 19.503 0.020
52234.270615 u 20.242 0.058
52234.271448 z 19.538 0.083
52234.272281 g 19.786 0.016
52261.232304 r 19.699 0.017
52261.233137 i 19.469 0.020
52261.233971 u 20.183 0.055
52261.234804 z 19.360 0.067
52261.235637 g 19.760 0.015
52283.099676 r 19.728 0.025
52283.100509 i 19.435 0.024
52283.101343 u 20.377 0.070
52283.102176 z 19.497 0.119
52283.103009 g 19.794 0.018
52287.112798 r 19.711 0.019
52287.113631 i 19.492 0.020
52287.114465 u 20.383 0.057
52287.115298 z 19.529 0.083
52287.116131 g 19.811 0.015
52552.431496 r 19.666 0.023
52552.432329 i 19.427 0.025
52552.433163 u 20.105 0.065
52552.433996 z 19.289 0.089
52552.434829 g 19.676 0.016
52557.405855 r 19.642 0.018
52557.406688 i 19.439 0.022
52557.407522 u 20.054 0.050
52557.408355 z 19.460 0.088
52557.409188 g 19.680 0.015
52908.380423 r 19.791 0.018
52908.381256 i 19.557 0.021
52908.382090 u 20.293 0.058
52908.382923 z 19.531 0.089
52908.383756 g 19.842 0.015
52912.359862 r 19.788 0.018
52912.360695 i 19.580 0.020
52912.361529 u 20.324 0.061
52912.362362 z 19.544 0.083
52912.363195 g 19.826 0.016
52934.312328 r 19.793 0.021
52934.313161 i 19.546 0.024
52934.313995 u 20.260 0.061
52934.314828 z 19.429 0.093
52934.315661 g 19.807 0.016
52936.308254 r 19.834 0.019
52936.309087 i 19.573 0.021
52936.309921 u 20.172 0.048
52936.310754 z 19.518 0.078
52936.311587 g 19.814 0.014
53270.372342 r 19.832 0.020
53270.373176 i 19.552 0.019
53270.374009 u 20.179 0.048
53270.374842 z 19.491 0.068
53270.375676 g 19.839 0.025
53272.422252 r 19.794 0.020
53272.423085 i 19.506 0.021
53272.423919 u 20.202 0.057
53272.424752 z 19.400 0.075
53272.425585 g 19.798 0.015
53286.390974 r 19.755 0.019
53286.391807 i 19.505 0.021
53286.392641 u 20.196 0.061
53286.393474 z 19.406 0.074
53286.394307 g 19.734 0.016
53288.349465 r 19.760 0.017
53288.350298 i 19.518 0.018
53288.351132 u 20.181 0.050
53288.351965 z 19.527 0.072
53288.352798 g 19.740 0.014
53294.397139 r 19.783 0.022
53294.397972 i 19.469 0.023
53294.398806 u 20.204 0.061
53294.399639 z 19.520 0.087
53294.400472 g 19.716 0.014
53296.344141 r 19.720 0.025
53296.344975 i 19.462 0.024
53296.345808 u 20.121 0.054
53296.346641 z 19.629 0.104
53296.347475 g 19.708 0.018
53298.393914 r 19.687 0.024
53298.394747 i 19.506 0.027
53298.395581 u 19.977 0.054
53298.396414 z 19.338 0.093
53298.397247 g 19.739 0.016
53302.345133 r 19.725 0.024
53302.345966 i 19.503 0.022
53302.346800 u 20.202 0.075
53302.347633 z 19.464 0.072
53302.348466 g 19.752 0.022
53312.300693 r 19.701 0.032
53312.301526 i 19.486 0.034
53312.302359 u 20.129 0.098
53312.303193 z 19.321 0.098
53312.304026 g 19.732 0.027
53314.301865 r 19.669 0.021
53314.302698 i 19.435 0.022
53314.303532 u 20.198 0.067
53314.304365 z 19.482 0.096
53314.305198 g 19.644 0.017
53319.289661 r 19.666 0.023
53319.290494 i 19.428 0.025
53319.291328 u 20.019 0.059
53319.292161 z 19.244 0.094
53319.292994 g 19.662 0.018
53616.406219 r 20.379 0.034
53616.407052 i 19.972 0.036
53616.407886 u 21.194 0.172
53616.408719 z 19.710 0.132
53616.409552 g 20.492 0.029
53628.367510 r 20.288 0.043
53628.368343 i 19.921 0.038
53628.369177 u 20.894 0.165
53628.370010 z 19.683 0.129
53628.370843 g 20.297 0.043
53637.369128 r 20.239 0.045
53637.369961 i 19.866 0.041
53637.370795 u 20.934 0.183
53637.371628 z 19.997 0.200
53637.372461 g 20.744 0.108
53639.414505 r 20.336 0.028
53639.415338 i 19.971 0.027
53639.416172 u 20.828 0.102
53639.417005 z 19.762 0.094
53639.417838 g 20.451 0.027
53641.413671 r 20.324 0.027
53641.414504 i 19.991 0.028
53641.415338 u 21.190 0.134
53641.416171 z 19.977 0.142
53641.417004 g 20.466 0.026
53665.335076 r 20.333 0.044
53665.335909 i 19.896 0.036
53665.336743 u 20.792 0.168
53665.337576 z 19.940 0.175
53665.338409 g 20.294 0.070
53666.427191 r 20.281 0.040
53666.428024 i 19.948 0.035
53666.428858 u 20.906 0.198
#53666.429691 z -99.000 0.157
#53666.430524 g -99.000 0.084
53668.346704 r 20.172 0.037
53668.347537 i 19.769 0.037
53668.348371 u 21.122 0.191
53668.349204 z 19.732 0.134
53668.350037 g 20.296 0.031
53669.434321 r 20.234 0.046
53669.435154 i 19.804 0.036
53669.435988 u 21.154 0.268
53669.436821 z 19.733 0.135
53669.437654 g 20.378 0.043
53670.351556 r 20.312 0.036
53670.352389 i 19.885 0.037
53670.353223 u 21.231 0.179
53670.354056 z 19.903 0.159
53670.354889 g 20.359 0.029
53673.319544 r 20.370 0.026
53673.320377 i 19.939 0.025
53673.321211 u 20.878 0.093
53673.322044 z 19.750 0.086
53673.322877 g 20.466 0.022
53675.316431 r 20.339 0.030
53675.317264 i 19.987 0.032
53675.318098 u 21.104 0.116
53675.318931 z 20.037 0.131
53675.319764 g 20.432 0.022
53677.337462 r 20.342 0.025
53677.338295 i 20.022 0.025
53677.339129 u 21.029 0.099
53677.339962 z 19.849 0.087
53677.340795 g 20.437 0.021
53680.324128 r 20.273 0.030
53680.324961 i 19.988 0.032
53680.325795 u 21.147 0.122
53680.326628 z 20.002 0.126
53680.327461 g 20.365 0.023
53683.382683 r 20.436 0.041
53683.383516 i 19.970 0.038
53683.384350 u 20.931 0.126
53683.385183 z 19.903 0.154
53683.386016 g 20.363 0.023
53686.323560 r 20.133 0.068
53686.324393 i 19.774 0.046
53686.325227 u 20.639 0.231
53686.326060 z 19.775 0.160
53686.326893 g 20.375 0.075
53687.380947 r 20.293 0.216
53687.381780 i 20.489 0.305
#53687.382614 u 22.027 2.539
53687.383447 z 20.146 0.458
53687.384280 g 20.461 0.202
53693.326020 r 20.199 0.058
53693.326853 i 19.830 0.046
53693.327687 u 20.746 0.317
53693.328520 z 19.836 0.175
53693.329353 g 20.162 0.070
53704.309342 r 20.269 0.033
53704.310175 i 19.899 0.038
53704.311009 u 21.196 0.152
53704.311842 z 19.906 0.159
53704.312675 g 20.294 0.024
53989.405464 r 20.314 0.046
53989.406297 i 20.024 0.038
53989.407131 u 21.313 0.258
53989.407964 z 19.972 0.103
53989.408797 g 20.443 0.050
53995.444191 r 20.301 0.023
53995.445025 i 19.943 0.025
53995.445858 u 20.965 0.081
53995.446691 z 19.884 0.080
53995.447525 g 20.437 0.023
54000.380921 r 20.230 0.029
54000.381755 i 19.870 0.031
54000.382588 u 21.118 0.132
54000.383421 z 19.607 0.110
54000.384255 g 20.427 0.032
54007.430962 r 20.341 0.027
54007.431795 i 19.980 0.032
54007.432628 u 21.202 0.123
54007.433462 z 19.820 0.091
54007.434295 g 20.401 0.023
54009.354839 r 20.322 0.026
54009.355672 i 19.960 0.025
54009.356505 u 21.056 0.084
54009.357339 z 19.858 0.078
54009.358172 g 20.413 0.020
54011.419219 r 20.296 0.023
54011.420053 i 19.966 0.025
54011.420886 u 21.110 0.079
54011.421719 z 19.901 0.075
54011.422553 g 20.419 0.021
54025.418266 r 20.323 0.034
54025.419100 i 19.965 0.033
54025.419933 u 21.183 0.150
54025.420766 z 19.732 0.110
54025.421600 g 20.420 0.031
54346.411997 r 20.000 0.035
54346.412830 i 19.672 0.032
54346.413664 u 20.770 0.152
54346.414497 z 19.462 0.073
54346.415330 g 20.047 0.035
54348.415979 r 19.945 0.026
54348.416812 i 19.646 0.029
54348.417646 u 20.403 0.086
54348.418479 z 19.372 0.085
54348.419312 g 20.017 0.030
54355.426139 r 19.938 0.023
54355.426973 i 19.689 0.025
#54355.427806 u -99.000 0.061
54355.428639 z 19.553 0.068
54355.429473 g 20.044 0.024
54358.371793 r 19.952 0.027
54358.372627 i 19.673 0.033
54358.373460 u 20.634 0.097
54358.374293 z 19.494 0.101
54358.375127 g 20.064 0.028
54365.404993 r 19.997 0.019
54365.405826 i 19.711 0.021
54365.406659 u 20.559 0.057
54365.407493 z 19.442 0.063
54365.408326 g 20.037 0.021
54381.424528 r 19.997 0.020
54381.425361 i 19.698 0.025
54381.426194 u 20.594 0.063
54381.427028 z 19.628 0.066
54381.427861 g 20.057 0.018
54384.431072 r 19.975 0.027
54384.431905 i 19.787 0.027
54384.432739 u 20.674 0.080
54384.433572 z 19.545 0.074
54384.434405 g 20.079 0.020
54386.416741 r 19.993 0.024
54386.417574 i 19.743 0.025
54386.418408 u 20.631 0.077
54386.419241 z 19.615 0.073
54386.420074 g 20.065 0.027
54388.421082 r 20.011 0.022
54388.421915 i 19.723 0.023
54388.422749 u 20.568 0.075
54388.423582 z 19.698 0.088
54388.424415 g 20.048 0.027
54392.418656 r 19.956 0.032
54392.419489 i 19.709 0.029
54392.420323 u 20.567 0.091
54392.421156 z 19.541 0.097
54392.421989 g 20.086 0.025
54404.392341 r 19.830 0.103
54404.393174 i 19.678 0.042
54404.394007 u 20.785 0.245
54404.394841 z 19.338 0.331
#54404.395674 g -99.000 0.157
54405.390318 r 20.022 0.024
54405.391151 i 19.717 0.026
54405.391984 u 20.857 0.135
54405.392818 z 19.644 0.090
54405.393651 g 20.080 0.031
54406.328626 r 20.004 0.026
54406.329460 i 19.696 0.026
54406.330293 u 20.555 0.068
54406.331126 z 19.625 0.064
54406.331960 g 20.071 0.034
54412.354390 r 20.019 0.024
54412.355223 i 19.728 0.025
54412.356057 u 20.751 0.082
54412.356890 z 19.682 0.080
54412.357723 g 20.060 0.027
