51819.230883 r 16.224 0.004
51819.231716 i 15.998 0.004
51819.232550 u 18.429 0.018
51819.233383 z 15.891 0.007
51819.234216 g 16.864 0.005
52172.246461 r 16.236 0.004
52172.247294 i 15.996 0.004
52172.248128 u 18.428 0.018
52172.248961 z 15.880 0.007
52172.249794 g 16.847 0.005
52558.196164 r 16.228 0.004
52558.196997 i 15.998 0.004
52558.197831 u 18.400 0.019
52558.198664 z 15.886 0.007
52558.199497 g 16.834 0.004
52576.108422 r 16.228 0.005
52576.109255 i 15.995 0.005
52576.110089 u 18.426 0.017
52576.110922 z 15.881 0.008
52576.111755 g 16.846 0.005
52577.083656 r 16.224 0.004
52577.084489 i 15.998 0.004
52577.085323 u 18.450 0.017
52577.086156 z 15.889 0.007
52577.086989 g 16.840 0.004
52930.096988 r 16.226 0.004
52930.097821 i 15.988 0.004
52930.098655 u 18.419 0.017
52930.099488 z 15.885 0.006
52930.100321 g 16.850 0.004
52931.097817 r 16.229 0.004
52931.098650 i 15.996 0.004
52931.099484 u 18.401 0.016
52931.100317 z 15.881 0.006
52931.101150 g 16.844 0.004
52935.094782 r 16.229 0.004
52935.095615 i 15.999 0.004
52935.096449 u 18.426 0.018
52935.097282 z 15.901 0.007
52935.098115 g 16.856 0.004
53313.087984 r 16.227 0.004
53313.088817 i 15.979 0.004
53313.089651 u 18.487 0.021
53313.090484 z 15.891 0.007
53313.091317 g 16.863 0.004
53622.197232 r 16.231 0.003
53622.198065 i 15.992 0.004
53622.198899 u 18.423 0.022
53622.199732 z 15.875 0.007
53622.200565 g 16.847 0.004
53625.193196 r 16.228 0.005
53625.194029 i 15.996 0.005
53625.194863 u 18.419 0.018
53625.195696 z 15.888 0.007
53625.196529 g 16.852 0.005
#53634.146701 r -99.000 0.004
53634.147534 i 15.993 0.004
53634.148368 u 18.506 0.031
#53634.149201 z -99.000 0.007
#53634.150034 g -99.000 0.005
53636.152233 r 16.230 0.004
53636.153066 i 15.991 0.004
53636.153900 u 18.451 0.018
53636.154733 z 15.884 0.007
53636.155566 g 16.850 0.004
#53645.211899 r -99.000 0.004
53645.212732 i 16.008 0.005
53645.213566 u 18.382 0.027
#53645.214399 z -99.000 0.021
#53645.215232 g -99.000 0.014
53655.124236 r 16.228 0.004
53655.125069 i 15.998 0.004
53655.125903 u 18.478 0.023
53655.126736 z 15.888 0.007
53655.127569 g 16.850 0.005
53657.211654 r 16.226 0.005
53657.212487 i 15.983 0.005
#53657.213321 u -99.000 0.076
53657.214154 z 15.886 0.009
53657.214987 g 16.820 0.007
53664.149195 r 16.229 0.004
53664.150028 i 15.996 0.004
53664.150862 u 18.407 0.021
53664.151695 z 15.901 0.007
53664.152528 g 16.850 0.004
53666.112795 r 16.234 0.004
53666.113628 i 15.988 0.004
53666.114462 u 18.426 0.017
53666.115295 z 15.885 0.007
53666.116128 g 16.851 0.005
53669.108435 r 16.225 0.004
53669.109268 i 15.991 0.004
53669.110102 u 18.417 0.017
53669.110935 z 15.890 0.007
53669.111768 g 16.850 0.004
53674.092669 r 16.228 0.004
53674.093502 i 15.992 0.004
53674.094336 u 18.437 0.018
53674.095169 z 15.898 0.007
53674.096002 g 16.852 0.004
53676.182160 r 16.233 0.004
53676.182993 i 15.982 0.004
53676.183827 u 18.433 0.019
53676.184660 z 15.895 0.007
53676.185493 g 16.855 0.005
53681.145563 r 16.261 0.011
#53681.146396 i -99.000 0.011
53681.147230 u 18.314 0.045
#53681.148063 z -99.000 0.015
53681.148896 g 16.864 0.007
53685.104608 r 16.218 0.004
53685.105441 i 15.990 0.004
53685.106275 u 18.449 0.038
53685.107108 z 15.883 0.007
53685.107941 g 16.829 0.005
53687.142958 r 16.223 0.004
53687.143791 i 16.002 0.004
53687.144625 u 18.457 0.034
53687.145458 z 15.907 0.007
53687.146291 g 16.845 0.005
53694.118501 r 16.244 0.004
53694.119334 i 15.991 0.004
53694.120168 u 18.441 0.031
#53694.121001 z -99.000 0.009
53694.121834 g 16.843 0.004
53697.102588 r 16.244 0.009
#53697.103421 i -99.000 0.009
53697.104255 u 18.397 0.067
#53697.105088 z -99.000 0.017
53697.105921 g 16.878 0.007
53700.101549 r 16.184 0.004
53700.102382 i 15.993 0.004
53700.103216 u 18.419 0.020
53700.104049 z 15.882 0.007
53700.104882 g 16.848 0.004
53705.088220 r 16.225 0.004
53705.089053 i 15.982 0.004
53705.089887 u 18.448 0.020
53705.090720 z 15.869 0.007
53705.091553 g 16.847 0.004
53975.173217 r 16.216 0.012
53975.174050 i 15.975 0.013
53975.174883 u 18.438 0.026
53975.175717 z 15.880 0.015
53975.176550 g 16.848 0.012
53996.179933 r 16.209 0.009
53996.180766 i 15.989 0.010
53996.181599 u 18.451 0.020
53996.182433 z 15.885 0.014
53996.183266 g 16.832 0.011
53998.148564 r 16.223 0.010
53998.149397 i 15.996 0.007
53998.150230 u 18.426 0.021
53998.151064 z 15.879 0.011
53998.151897 g 16.859 0.011
54005.185827 r 16.222 0.011
54005.186660 i 15.982 0.010
54005.187493 u 18.439 0.021
54005.188327 z 15.886 0.013
54005.189160 g 16.849 0.008
54010.134043 r 16.221 0.007
54010.134876 i 16.003 0.010
54010.135710 u 18.449 0.022
#54010.136543 z -99.000 0.013
54010.137376 g 16.862 0.012
54012.126887 r 16.207 0.012
54012.127721 i 15.985 0.010
54012.128554 u 18.490 0.030
54012.129387 z 15.873 0.012
54012.130221 g 16.848 0.011
54020.132874 r 16.229 0.012
54020.133707 i 16.009 0.010
54020.134540 u 18.419 0.020
54020.135374 z 15.879 0.015
54020.136207 g 16.848 0.011
54022.182150 r 16.213 0.009
54022.182984 i 15.967 0.009
54022.183817 u 18.448 0.021
54022.184650 z 15.899 0.012
#54022.185484 g -99.000 0.015
54028.123234 r 16.188 0.013
54028.124068 i 15.983 0.011
54028.124901 u 18.387 0.024
54028.125734 z 15.880 0.013
54028.126568 g 16.861 0.015
54030.126428 r 16.216 0.006
54030.127261 i 15.965 0.008
54030.128094 u 18.395 0.021
54030.128928 z 15.863 0.010
54030.129761 g 16.842 0.009
54032.115685 r 16.218 0.010
#54032.116518 i -99.000 0.011
54032.117352 u 18.371 0.027
#54032.118185 z -99.000 0.018
54032.119018 g 16.868 0.009
54034.185930 r 16.214 0.008
54034.186764 i 15.967 0.009
54034.187597 u 18.444 0.025
54034.188430 z 15.886 0.012
54034.189264 g 16.849 0.009
54037.107665 r 16.666 0.034
#54037.108498 i -99.000 0.001
54037.109332 u 19.448 0.082
54037.110165 z 16.531 0.048
54037.110998 g 17.050 0.016
54037.107666 r 16.803 0.075
#54037.108499 i -99.000 0.073
54037.109332 u 18.865 0.043
54037.110166 z 16.344 0.060
54037.110999 g 18.716 0.418
54040.122155 r 16.230 0.011
54040.122989 i 15.976 0.009
54040.123822 u 18.407 0.029
54040.124655 z 15.880 0.014
54040.125489 g 16.848 0.013
54050.106793 r 16.226 0.010
54050.107627 i 15.980 0.012
54050.108460 u 18.400 0.025
54050.109293 z 15.889 0.015
54050.110127 g 16.864 0.016
54053.112941 r 16.223 0.008
54053.113774 i 15.982 0.009
54053.114608 u 18.436 0.028
54053.115441 z 15.869 0.015
54053.116274 g 16.850 0.011
54056.114611 r 16.234 0.015
54056.115444 i 15.950 0.021
54056.116278 u 18.371 0.061
#54056.117111 z -99.000 0.087
54056.117944 g 16.871 0.021
54057.083284 r 16.207 0.010
54057.084117 i 15.973 0.011
54057.084950 u 18.450 0.022
54057.085784 z 15.878 0.017
54057.086617 g 16.848 0.013
54059.108902 r 16.207 0.007
54059.109735 i 15.974 0.014
54059.110568 u 18.385 0.027
54059.111402 z 15.889 0.018
54059.112235 g 16.829 0.020
54061.119945 r 16.227 0.019
54061.120778 i 16.007 0.013
54061.121612 u 18.453 0.030
#54061.122445 z -99.000 0.026
#54061.123278 g -99.000 0.023
54062.113795 r 16.195 0.031
54062.114628 i 15.997 0.016
54062.115462 u 18.468 0.026
54062.116295 z 15.903 0.018
54062.117128 g 16.860 0.016
54068.103772 r 16.220 0.008
54068.104605 i 15.990 0.010
54068.105438 u 18.505 0.040
54068.106272 z 15.848 0.032
54068.107105 g 16.832 0.010
54357.152095 r 16.203 0.016
54357.152928 i 15.993 0.011
54357.153762 u 18.443 0.021
54357.154595 z 15.895 0.014
54357.155428 g 16.851 0.012
54365.149948 r 16.215 0.014
54365.150781 i 15.995 0.012
54365.151615 u 18.386 0.026
54365.152448 z 15.881 0.014
54365.153281 g 16.851 0.014
54385.199909 r 16.202 0.018
54385.200743 i 15.982 0.015
54385.201576 u 18.431 0.034
54385.202409 z 15.845 0.019
54385.203243 g 16.835 0.018
54387.200414 r 16.202 0.008
54387.201248 i 15.981 0.009
54387.202081 u 18.414 0.026
54387.202914 z 15.877 0.015
54387.203748 g 16.841 0.009
54390.203427 r 16.221 0.012
54390.204260 i 16.008 0.012
54390.205094 u 18.455 0.027
54390.205927 z 15.902 0.014
54390.206760 g 16.855 0.010
54392.195156 r 16.203 0.013
54392.195990 i 16.006 0.012
54392.196823 u 18.415 0.033
54392.197656 z 15.889 0.013
54392.198490 g 16.850 0.025
54402.193601 r 16.235 0.015
54402.194435 i 15.997 0.012
54402.195268 u 18.433 0.036
54402.196101 z 15.882 0.019
54402.196935 g 16.817 0.017
