51075.411074 r 19.791 0.020
51075.411907 i 19.767 0.027
51075.412741 u 20.142 0.047
51075.413574 z 19.703 0.100
51075.414407 g 20.058 0.018
51818.380764 r 19.560 0.016
51818.381597 i 19.625 0.021
51818.382431 u 19.939 0.044
51818.383264 z 19.534 0.069
51818.384097 g 19.793 0.016
52170.431738 r 19.641 0.017
52170.432571 i 19.638 0.022
52170.433405 u 20.016 0.050
52170.434238 z 19.769 0.084
52170.435071 g 19.879 0.016
52171.368859 r 19.615 0.018
52171.369692 i 19.614 0.020
52171.370526 u 20.081 0.053
52171.371359 z 19.604 0.068
52171.372192 g 19.871 0.016
52173.345093 r 19.595 0.019
52173.345926 i 19.583 0.025
52173.346760 u 20.026 0.054
52173.347593 z 19.538 0.084
52173.348426 g 19.816 0.017
52224.325250 r 19.631 0.017
52224.326083 i 19.629 0.020
52224.326917 u 20.055 0.049
52224.327750 z 19.542 0.068
52224.328583 g 19.847 0.016
52234.281741 r 19.709 0.020
52234.282574 i 19.679 0.023
52234.283408 u 20.077 0.059
52234.284241 z 19.462 0.070
#52234.285074 g -99.000 0.019
52261.245095 r 19.767 0.017
52261.245928 i 19.748 0.020
#52261.246762 u -99.000 0.058
52261.247595 z 19.528 0.061
52261.248428 g 20.048 0.018
52283.112467 r 19.816 0.028
52283.113300 i 19.754 0.034
52283.114134 u 20.415 0.083
52283.114967 z 19.587 0.098
52283.115800 g 20.121 0.023
52287.125590 r 19.851 0.020
52287.126423 i 19.823 0.024
52287.127257 u 20.343 0.060
52287.128090 z 19.722 0.076
52287.128923 g 20.154 0.019
52552.444286 r 19.704 0.021
52552.445119 i 19.711 0.025
52552.445953 u 20.322 0.066
52552.446786 z 19.540 0.084
52552.447619 g 19.999 0.019
52557.418645 r 19.740 0.020
52557.419478 i 19.732 0.024
52557.420312 u 20.220 0.058
52557.421145 z 19.683 0.088
52557.421978 g 20.025 0.017
52908.393212 r 19.969 0.023
52908.394045 i 20.008 0.031
52908.394879 u 20.722 0.091
52908.395712 z 19.977 0.109
52908.396545 g 20.323 0.025
52912.372651 r 19.907 0.021
52912.373484 i 19.969 0.026
52912.374318 u 20.588 0.080
52912.375151 z 19.900 0.088
52912.375984 g 20.253 0.022
52934.325117 r 19.936 0.023
52934.325950 i 19.977 0.031
52934.326784 u 20.399 0.071
52934.327617 z 20.024 0.118
52934.328450 g 20.286 0.022
52936.321045 r 19.964 0.021
52936.321878 i 19.998 0.028
52936.322712 u 20.572 0.070
52936.323545 z 19.952 0.095
52936.324378 g 20.265 0.019
53270.385098 r 19.812 0.026
53270.385932 i 19.887 0.027
53270.386765 u 20.232 0.050
53270.387598 z 19.634 0.056
53270.388432 g 20.105 0.023
53272.435043 r 19.789 0.019
53272.435876 i 19.805 0.023
53272.436710 u 20.399 0.075
53272.437543 z 19.695 0.081
53272.438376 g 20.087 0.019
53286.403764 r 19.811 0.020
53286.404597 i 19.880 0.025
53286.405431 u 20.350 0.074
53286.406264 z 19.904 0.096
53286.407097 g 20.151 0.022
53288.362257 r 19.869 0.019
53288.363090 i 19.918 0.024
53288.363924 u 20.436 0.067
53288.364757 z 19.691 0.071
53288.365590 g 20.142 0.019
53296.356944 r 19.826 0.026
53296.357777 i 19.854 0.035
53296.358611 u 20.462 0.079
53296.359444 z 19.837 0.105
53296.360277 g 20.151 0.031
53298.406705 r 19.823 0.022
53298.407538 i 19.852 0.027
53298.408372 u 20.390 0.072
53298.409205 z 19.723 0.107
53298.410038 g 20.155 0.021
53302.357925 r 19.819 0.024
53302.358758 i 19.843 0.026
53302.359592 u 20.563 0.101
53302.360425 z 19.715 0.074
53302.361258 g 20.167 0.035
53312.313503 r 19.851 0.033
53312.314336 i 19.887 0.044
53312.315169 u 20.540 0.146
53312.316003 z 19.730 0.110
53312.316836 g 20.127 0.034
53314.314656 r 19.819 0.024
53314.315489 i 19.772 0.028
53314.316323 u 20.408 0.088
53314.317156 z 19.783 0.102
53314.317989 g 20.152 0.025
53319.302452 r 19.910 0.025
53319.303285 i 19.865 0.028
#53319.304119 u -99.000 0.085
53319.304952 z 19.806 0.100
53319.305785 g 20.122 0.023
53616.419007 r 19.755 0.021
53616.419840 i 19.835 0.032
53616.420674 u 20.427 0.090
53616.421507 z 19.675 0.093
53616.422340 g 20.061 0.020
#53626.395436 r -99.000 0.022
#53626.396269 i -99.000 0.077
#53626.397103 u -99.000 0.204
53626.397936 z 19.672 0.111
#53626.398769 g -99.000 0.021
53628.380299 r 19.756 0.027
53628.381132 i 19.767 0.033
53628.381966 u 20.269 0.089
53628.382799 z 19.774 0.109
53628.383632 g 20.009 0.032
53639.427296 r 19.782 0.020
53639.428129 i 19.768 0.022
53639.428963 u 20.106 0.060
53639.429796 z 19.755 0.078
53639.430629 g 20.053 0.023
53641.426461 r 19.750 0.019
53641.427294 i 19.767 0.023
53641.428128 u 20.192 0.069
53641.428961 z 19.677 0.078
53641.429794 g 20.061 0.020
53657.385346 r 19.725 0.037
53657.386179 i 19.750 0.040
53657.387013 u 20.206 0.119
#53657.387846 z -99.000 0.141
53657.388679 g 20.002 0.040
53663.369894 r 19.808 0.031
53663.370727 i 19.703 0.029
53663.371561 u 20.210 0.126
53663.372394 z 19.643 0.086
53663.373227 g 20.044 0.044
53665.347865 r 19.758 0.025
53665.348698 i 19.764 0.026
53665.349532 u 20.306 0.105
53665.350365 z 19.646 0.075
53665.351198 g 20.027 0.028
53666.439981 r 19.760 0.026
53666.440814 i 19.779 0.027
53666.441648 u 20.197 0.109
53666.442481 z 19.656 0.082
53666.443314 g 20.090 0.033
53668.359495 r 19.755 0.025
53668.360328 i 19.747 0.032
53668.361162 u 20.162 0.088
53668.361995 z 19.645 0.106
53668.362828 g 20.012 0.028
53669.447109 r 19.732 0.028
53669.447942 i 19.680 0.029
53669.448776 u 20.322 0.122
53669.449609 z 19.595 0.098
53669.450442 g 20.028 0.028
53670.364347 r 19.778 0.022
53670.365180 i 19.757 0.027
53670.366014 u 20.230 0.078
53670.366847 z 19.575 0.084
53670.367680 g 20.068 0.024
53673.332334 r 19.801 0.018
53673.333167 i 19.804 0.021
53673.334001 u 20.150 0.056
53673.334834 z 19.705 0.063
53673.335667 g 20.043 0.017
53675.329222 r 19.788 0.020
53675.330055 i 19.854 0.025
53675.330889 u 20.320 0.063
53675.331722 z 19.839 0.092
53675.332555 g 20.038 0.018
53677.350251 r 19.761 0.018
53677.351084 i 19.753 0.019
53677.351918 u 20.225 0.057
53677.352751 z 19.651 0.060
53677.353584 g 20.030 0.017
53680.336919 r 19.772 0.019
53680.337752 i 19.826 0.024
53680.338586 u 20.290 0.059
53680.339419 z 19.671 0.070
53680.340252 g 20.003 0.017
53683.395473 r 19.809 0.024
53683.396306 i 19.817 0.032
53683.397140 u 20.321 0.082
53683.397973 z 19.816 0.159
53683.398806 g 20.051 0.022
53686.336351 r 19.803 0.035
53686.337184 i 19.817 0.037
53686.338018 u 20.209 0.154
53686.338851 z 19.642 0.090
53686.339684 g 20.064 0.048
53687.393738 r 19.778 0.093
53687.394571 i 19.691 0.079
#53687.395405 u -99.000 1.280
#53687.396238 z -99.000 0.308
53687.397071 g 20.236 0.179
53693.338811 r 19.658 0.034
53693.339644 i 19.684 0.036
53693.340478 u 20.109 0.161
53693.341311 z 19.640 0.104
53693.342144 g 19.973 0.056
53699.359650 r 19.800 0.022
53699.360483 i 19.768 0.023
53699.361317 u 20.373 0.094
53699.362150 z 19.548 0.069
53699.362983 g 20.071 0.025
53704.322131 r 19.773 0.021
53704.322964 i 19.773 0.026
53704.323798 u 20.338 0.076
53704.324631 z 19.650 0.093
53704.325464 g 20.063 0.020
53989.418221 r 19.935 0.030
53989.419054 i 20.040 0.037
53989.419888 u 20.637 0.147
53989.420721 z 19.862 0.074
53989.421554 g 20.338 0.050
53997.441821 r 19.984 0.021
53997.442654 i 19.963 0.021
#53997.443488 u -99.000 0.060
53997.444321 z 19.737 0.058
53997.445154 g 20.259 0.035
54000.393627 r 19.960 0.027
54000.394460 i 19.945 0.031
54000.395293 u 20.502 0.073
54000.396127 z 19.701 0.073
#54000.396960 g -99.000 0.024
54007.443765 r 19.975 0.033
54007.444598 i 19.939 0.036
54007.445431 u 20.425 0.101
54007.446265 z 19.809 0.112
54007.447098 g 20.172 0.046
54009.367544 r 19.955 0.022
54009.368377 i 19.981 0.021
54009.369211 u 20.432 0.051
54009.370044 z 19.866 0.057
54009.370877 g 20.239 0.028
54011.432022 r 19.953 0.019
54011.432855 i 19.977 0.027
54011.433689 u 20.564 0.058
54011.434522 z 19.921 0.069
54011.435355 g 20.216 0.024
54012.444822 r 19.938 0.025
54012.445655 i 19.926 0.027
54012.446488 u 20.623 0.080
54012.447322 z 19.787 0.084
54012.448155 g 20.214 0.025
54025.431024 r 19.867 0.025
54025.431858 i 19.876 0.028
54025.432691 u 20.231 0.068
54025.433524 z 19.857 0.096
54025.434358 g 20.179 0.035
54346.424801 r 19.683 0.029
54346.425634 i 19.676 0.026
54346.426467 u 20.012 0.079
54346.427301 z 19.601 0.059
54346.428134 g 19.973 0.039
54348.428779 r 19.720 0.028
54348.429612 i 19.715 0.036
54348.430445 u 20.062 0.061
54348.431279 z 19.630 0.064
54348.432112 g 19.986 0.025
54358.384625 r 19.797 0.037
54358.385458 i 19.668 0.057
54358.386292 u 20.203 0.062
54358.387125 z 19.576 0.077
54358.387958 g 19.973 0.032
54365.417705 r 19.661 0.020
54365.418538 i 19.736 0.019
54365.419372 u 20.256 0.047
54365.420205 z 19.721 0.064
54365.421038 g 20.016 0.023
54381.437234 r 19.752 0.025
54381.438067 i 19.752 0.021
54381.438901 u 20.362 0.060
54381.439734 z 19.674 0.064
54381.440567 g 20.038 0.023
54384.443935 r 19.786 0.025
54384.444768 i 19.694 0.027
54384.445602 u 20.340 0.075
54384.446435 z 19.606 0.080
54384.447268 g 20.152 0.022
54386.429530 r 19.761 0.022
54386.430364 i 19.745 0.025
54386.431197 u 20.394 0.072
54386.432030 z 19.802 0.068
54386.432864 g 20.105 0.030
54388.433840 r 19.756 0.018
54388.434674 i 19.788 0.021
#54388.435507 u -99.000 0.059
54388.436340 z 19.634 0.059
54388.437174 g 20.107 0.033
54392.431361 r 19.757 0.029
54392.432195 i 19.723 0.044
54392.433028 u 20.196 0.075
54392.433861 z 19.677 0.070
#54392.434695 g -99.000 0.027
54403.347647 r 19.769 0.025
54403.348481 i 19.783 0.028
#54403.349314 u -99.000 0.148
54403.350147 z 19.879 0.153
54403.350981 g 20.077 0.063
#54404.405192 r -99.000 1.985
54404.406025 i 19.656 0.215
#54404.406858 u 21.764 1.735
#54404.407692 z -99.000 0.301
#54404.408525 g -99.000 0.124
54406.341512 r 19.797 0.023
54406.342345 i 19.756 0.023
#54406.343179 u -99.000 0.058
54406.344012 z 19.799 0.059
54406.344845 g 20.126 0.024
54409.346271 r 19.790 0.021
54409.347105 i 19.805 0.025
54409.347938 u 20.338 0.056
54409.348771 z 19.780 0.068
54409.349605 g 20.131 0.026
54412.367211 r 19.846 0.021
54412.368044 i 19.797 0.025
54412.368877 u 20.379 0.065
54412.369711 z 19.822 0.078
54412.370544 g 20.114 0.023
