51464.186931 r 19.375 0.016
51464.187764 i 19.121 0.017
51464.188598 u 21.073 0.111
51464.189431 z 19.393 0.072
51464.190264 g 19.587 0.015
51819.253906 r 19.278 0.014
51819.254739 i 19.211 0.018
51819.255573 u 20.855 0.103
51819.256406 z 19.188 0.063
51819.257239 g 19.533 0.015
52197.212666 r 19.458 0.015
52197.213499 i 19.273 0.016
52197.214333 u 20.994 0.109
52197.215166 z 19.368 0.058
52197.215999 g 19.691 0.015
52231.098650 r 19.413 0.015
52231.099483 i 19.304 0.016
52231.100317 u 20.846 0.085
52231.101150 z 19.276 0.053
52231.101983 g 19.511 0.012
52557.206654 r 19.315 0.016
52557.207487 i 19.112 0.017
52557.208321 u 21.194 0.161
52557.209154 z 19.207 0.068
52557.209987 g 20.136 0.025
52578.102732 r 19.333 0.015
52578.103565 i 19.228 0.016
52578.104399 u 20.682 0.078
52578.105232 z 19.399 0.070
52578.106065 g 19.657 0.015
52929.132959 r 19.521 0.018
52929.133792 i 19.069 0.016
52929.134626 u 21.056 0.119
52929.135459 z 19.623 0.084
52929.136292 g 19.965 0.019
52934.113115 r 19.352 0.016
52934.113948 i 19.235 0.019
52934.114782 u 20.655 0.093
52934.115615 z 19.215 0.060
52934.116448 g 20.066 0.024
52936.109041 r 19.463 0.015
52936.109874 i 19.187 0.015
52936.110708 u 20.618 0.073
52936.111541 z 19.182 0.053
52936.112374 g 19.752 0.016
53243.294250 r 19.255 0.017
53243.295083 i 19.235 0.019
53243.295917 u 21.183 0.208
53243.296750 z 19.192 0.054
53243.297583 g 19.642 0.025
53272.223051 r 19.338 0.020
53272.223884 i 19.188 0.019
53272.224718 u 21.367 0.344
53272.225551 z 19.549 0.090
53272.226384 g 19.695 0.030
53288.150256 r 19.285 0.014
53288.151089 i 19.191 0.015
53288.151923 u 20.952 0.109
53288.152756 z 19.428 0.063
53288.153589 g 19.599 0.014
53302.145925 r 19.465 0.022
53302.146758 i 19.293 0.020
53302.147592 u 20.771 0.187
53302.148425 z 19.251 0.061
53302.149258 g 19.751 0.031
53314.102653 r 19.277 0.016
53314.103486 i 19.252 0.019
53314.104320 u 20.938 0.108
53314.105153 z 19.271 0.069
53314.105986 g 19.714 0.016
53623.197234 r 19.349 0.015
53623.198067 i 19.381 0.018
53623.198901 u 20.690 0.097
53623.199734 z 19.405 0.067
53623.200567 g 19.629 0.016
53626.183445 r 19.573 0.023
53626.184278 i 19.204 0.018
53626.185112 u 20.779 0.141
53626.185945 z 19.264 0.058
53626.186778 g 19.673 0.025
53644.162374 r 19.344 0.134
53644.163208 i 19.285 0.145
53644.164041 u 21.148 0.209
53644.164874 z 19.321 0.142
53644.165708 g 19.844 0.170
53654.196996 r 19.472 0.022
53654.197829 i 19.223 0.023
53654.198663 u 21.153 0.235
53654.199496 z 19.620 0.138
53654.200329 g 19.876 0.032
53665.135865 r 19.388 0.044
53665.136698 i 19.300 0.044
53665.137532 u 20.711 0.195
53665.138365 z 19.367 0.115
53665.139198 g 19.745 0.023
53670.152349 r 19.327 0.015
53670.153182 i 19.217 0.017
53670.154016 u 20.897 0.107
53670.154849 z 19.208 0.060
53670.155682 g 19.673 0.015
53673.120332 r 19.360 0.016
53673.121165 i 19.284 0.018
53673.121999 u 21.066 0.124
53673.122832 z 19.228 0.061
53673.123665 g 19.673 0.016
53675.117221 r 19.287 0.015
53675.118054 i 19.126 0.016
53675.118888 u 20.964 0.118
53675.119721 z 19.285 0.068
53675.120554 g 19.893 0.018
53676.205191 r 19.322 0.015
53676.206024 i 19.232 0.017
53676.206858 u 20.753 0.089
53676.207691 z 19.307 0.057
53676.208524 g 19.703 0.015
53677.138253 r 19.329 0.015
53677.139086 i 19.211 0.016
53677.139920 u 21.294 0.151
53677.140753 z 19.218 0.059
53677.141586 g 19.693 0.017
53680.124919 r 19.288 0.015
53680.125752 i 19.220 0.017
53680.126586 u 21.382 0.172
53680.127419 z 19.289 0.057
53680.128252 g 19.512 0.015
53693.126821 r 19.292 0.020
53693.127654 i 19.192 0.018
53693.128488 u 20.993 0.190
53693.129321 z 19.218 0.064
53693.130154 g 19.955 0.040
53974.198112 r 19.477 0.142
53974.198946 i 19.252 0.123
53974.199779 u 20.696 0.165
53974.200612 z 19.309 0.103
53974.201446 g 19.728 0.137
53989.206193 r 19.391 0.143
53989.207026 i 19.248 0.137
53989.207859 u 21.048 0.209
53989.208693 z 19.426 0.220
53989.209526 g 19.637 0.151
53995.195443 r 19.382 0.113
53995.196277 i 19.323 0.127
53995.197110 u 21.367 0.372
53995.197943 z 19.666 0.207
53995.198777 g 20.479 0.282
54005.145672 r 19.324 0.116
54005.146506 i 19.279 0.114
54005.147339 u 21.030 0.244
54005.148172 z 19.471 0.190
54005.149006 g 19.655 0.114
54007.158428 r 19.534 0.153
54007.159261 i 19.313 0.126
54007.160094 u 21.156 0.381
54007.160928 z 19.373 0.168
54007.161761 g 20.294 0.243
54009.155532 r 19.344 0.103
54009.156365 i 19.243 0.120
54009.157198 u 20.992 0.185
54009.158032 z 19.154 0.117
54009.158865 g 19.576 0.100
54010.157096 r 19.310 0.134
54010.157930 i 19.316 0.150
54010.158763 u 20.711 0.201
54010.159596 z 19.307 0.101
54010.160430 g 19.826 0.146
54011.220026 r 19.309 0.148
54011.220860 i 19.373 0.166
54011.221693 u 21.070 0.351
54011.222526 z 19.417 0.134
54011.223360 g 19.680 0.157
54019.170233 r 19.456 0.134
54019.171067 i 19.258 0.140
54019.171900 u 20.901 0.199
54019.172733 z 19.308 0.170
54019.173567 g 19.571 0.122
54029.149378 r 19.366 0.147
54029.150211 i 19.299 0.146
54029.151044 u 20.849 0.174
54029.151878 z 19.261 0.114
54029.152711 g 19.798 0.179
54030.149450 r 19.299 0.129
54030.150284 i 19.199 0.144
54030.151117 u 20.878 0.225
54030.151950 z 19.410 0.139
54030.152784 g 19.798 0.165
54032.138715 r 19.310 0.114
#54032.139548 i -99.000 0.151
54032.140381 u 22.006 0.817
#54032.141215 z -99.000 0.134
#54032.142048 g -99.000 0.149
54373.204703 r 19.385 0.129
54373.205536 i 19.245 0.120
54373.206370 u 20.934 0.221
54373.207203 z 19.306 0.142
54373.208036 g 20.579 0.348
54386.217544 r 19.284 0.116
54386.218378 i 19.206 0.121
54386.219211 u 21.116 0.169
54386.220044 z 19.497 0.151
54386.220878 g 19.741 0.135
54388.221823 r 19.700 0.153
54388.222656 i 19.288 0.099
54388.223490 u 20.892 0.245
54388.224323 z 19.294 0.139
54388.225156 g 20.465 0.256
54403.135604 r 19.400 0.136
54403.136438 i 19.247 0.122
54403.137271 u 21.428 0.365
54403.138104 z 19.472 0.211
54403.138938 g 19.591 0.126
54406.129422 r 19.466 0.133
54406.130255 i 19.219 0.094
54406.131088 u 20.819 0.181
54406.131922 z 19.159 0.103
54406.132755 g 19.562 0.101
54412.132358 r 19.383 0.125
54412.133191 i 19.230 0.097
54412.134025 u 20.613 0.135
54412.134858 z 19.367 0.140
54412.135691 g 20.053 0.199
