51819.241525 r 19.168 0.014
51819.242358 i 18.906 0.016
51819.243192 u 22.674 0.405
51819.244025 z 18.689 0.037
51819.244858 g 20.297 0.023
52172.257103 r 19.224 0.013
52172.257936 i 18.860 0.014
52172.258770 u 22.419 0.294
52172.259603 z 18.763 0.036
52172.260436 g 20.121 0.021
52576.119063 r 19.347 0.016
52576.119896 i 19.011 0.018
52576.120730 u 23.091 0.478
52576.121563 z 18.721 0.040
52576.122396 g 20.252 0.023
52577.094296 r 19.352 0.016
52577.095129 i 18.882 0.016
52577.095963 u 23.460 0.637
52577.096796 z 18.578 0.039
52577.097629 g 20.383 0.028
52930.107627 r 19.205 0.012
52930.108460 i 18.862 0.013
52930.109294 u 22.446 0.233
52930.110127 z 18.712 0.031
52930.110960 g 20.155 0.019
52931.108457 r 19.283 0.014
52931.109290 i 18.860 0.014
52931.110124 u 22.420 0.279
52931.110957 z 18.650 0.034
52931.111790 g 20.268 0.023
52935.105422 r 19.433 0.018
#52935.106255 i -99.000 0.019
#52935.107089 u -99.000 0.617
52935.107922 z 18.844 0.055
52935.108755 g 20.429 0.031
53625.203833 r 19.199 0.013
53625.204666 i 18.834 0.014
53625.205500 u 23.103 0.483
53625.206333 z 18.653 0.029
53625.207166 g 20.208 0.025
53636.162871 r 19.244 0.014
53636.163704 i 18.818 0.014
53636.164538 u 22.745 0.404
53636.165371 z 18.649 0.033
53636.166204 g 20.137 0.022
53655.134875 r 19.175 0.017
53655.135708 i 18.886 0.018
#53655.136542 u 24.698 2.727
53655.137375 z 18.868 0.054
53655.138208 g 20.828 0.085
53664.159834 r 19.365 0.019
53664.160667 i 18.816 0.016
#53664.161501 u 24.156 2.064
53664.162334 z 18.755 0.044
53664.163167 g 20.272 0.040
53666.123434 r 19.113 0.012
53666.124267 i 18.727 0.013
53666.125101 u 22.407 0.230
53666.125934 z 18.508 0.031
53666.126767 g 20.075 0.018
53669.119073 r 19.215 0.013
53669.119906 i 18.857 0.014
53669.120740 u 24.352 0.777
53669.121573 z 18.559 0.029
53669.122406 g 20.211 0.019
53674.103308 r 19.286 0.017
53674.104141 i 19.037 0.023
53674.104975 u 22.111 0.218
53674.105808 z 18.772 0.036
53674.106641 g 20.258 0.022
53676.192810 r 19.193 0.013
53676.193643 i 18.944 0.015
53676.194477 u 23.097 0.518
53676.195310 z 18.595 0.030
53676.196143 g 20.129 0.021
53681.156201 r 19.364 0.019
53681.157034 i 18.861 0.019
53681.157868 u 22.263 0.309
53681.158701 z 18.676 0.035
53681.159534 g 20.250 0.026
53685.115246 r 19.167 0.030
53685.116079 i 18.812 0.024
#53685.116913 u 25.798 1.868
53685.117746 z 18.648 0.043
53685.118579 g 20.206 0.066
53687.153596 r 19.259 0.023
53687.154429 i 18.844 0.019
#53687.155263 u 23.986 3.758
53687.156096 z 18.731 0.042
53687.156929 g 20.303 0.070
#53697.113225 r -99.000 0.113
53697.114058 i 18.852 0.060
53697.114892 u 23.100 0.827
#53697.115725 z -99.000 0.139
53697.116558 g 20.408 0.116
53705.098857 r 19.501 0.019
53705.099690 i 18.899 0.017
#53705.100524 u 24.265 1.323
53705.101357 z 18.708 0.041
53705.102190 g 20.336 0.030
53975.183860 r 19.196 0.108
53975.184693 i 18.849 0.084
#53975.185527 u 25.089 3.981
53975.186360 z 18.840 0.101
53975.187193 g 20.510 0.268
53996.190603 r 19.281 0.128
53996.191436 i 18.796 0.079
#53996.192269 u 24.403 1.893
53996.193103 z 18.658 0.082
53996.193936 g 20.399 0.296
53998.159204 r 19.207 0.129
53998.160038 i 18.812 0.088
53998.160871 u 23.113 0.396
53998.161704 z 18.635 0.100
53998.162538 g 20.139 0.229
54010.144688 r 19.194 0.142
54010.145521 i 18.812 0.103
#54010.146354 u 99.990 99.999
54010.147188 z 18.619 0.098
54010.148021 g 20.286 0.219
54012.137530 r 19.272 0.112
54012.138363 i 18.795 0.081
#54012.139196 u 23.026 1.124
54012.140030 z 18.689 0.081
54012.140863 g 20.304 0.196
54020.143502 r 19.198 0.085
54020.144336 i 18.829 0.071
54020.145169 u 22.569 0.425
54020.146002 z 18.639 0.063
54020.146836 g 20.147 0.185
#54022.192800 r -99.000 0.114
54022.193633 i 18.692 0.077
#54022.194466 u -99.000 0.484
54022.195300 z 18.490 0.198
#54022.196133 g -99.000 0.157
54030.137069 r 19.226 0.087
54030.137903 i 18.808 0.069
#54030.138736 u 24.548 2.031
54030.139569 z 18.620 0.063
54030.140403 g 20.084 0.153
54037.118305 r 19.148 0.106
54037.119138 i 18.902 0.104
54037.119972 u 22.026 0.376
54037.120805 z 18.690 0.104
54037.121638 g 20.297 0.271
54040.132784 r 19.264 0.083
54040.133618 i 18.830 0.064
#54040.134451 u 99.994 99.999
54040.135284 z 18.710 0.070
54040.136118 g 20.286 0.177
54050.117431 r 19.204 0.078
54050.118264 i 18.882 0.066
54050.119098 u 22.999 0.568
54050.119931 z 18.718 0.062
54050.120764 g 20.487 0.190
54053.123580 r 19.231 0.111
54053.124413 i 18.887 0.091
54053.125246 u 22.956 0.759
54053.126080 z 18.718 0.094
54053.126913 g 20.790 0.377
54057.093902 r 19.308 0.089
54057.094736 i 18.769 0.063
54057.095569 u 22.364 0.452
54057.096402 z 18.610 0.063
54057.097236 g 20.008 0.123
54059.119538 r 19.318 0.125
54059.120372 i 18.835 0.088
54059.121205 u 22.462 0.570
54059.122038 z 18.594 0.077
54059.122872 g 20.036 0.166
54061.130579 r 19.359 0.112
54061.131413 i 18.860 0.076
#54061.132246 u 99.993 99.999
54061.133079 z 18.689 0.079
54061.133913 g 20.094 0.150
54357.162729 r 19.197 0.119
54357.163562 i 18.729 0.070
#54357.164395 u 99.990 99.999
54357.165229 z 18.694 0.080
54357.166062 g 20.155 0.200
54365.160585 r 19.214 0.096
54365.161418 i 19.063 0.099
#54365.162251 u 99.996 99.999
54365.163085 z 18.832 0.118
54365.163918 g 20.269 0.181
54385.210557 r 19.158 0.071
54385.211390 i 18.812 0.067
#54385.212223 u 100.002 99.999
54385.213057 z 18.643 0.059
54385.213890 g 20.014 0.116
#54402.204243 r -99.000 0.149
#54402.205077 i -99.000 0.095
#54402.205910 u 100.009 99.999
54402.206743 z 18.706 0.090
54402.207577 g 20.696 0.330
