51081.394277 r 19.390 0.016
51081.395110 i 19.441 0.025
51081.395944 u 20.568 0.074
51081.396777 z 19.403 0.065
51081.397610 g 19.445 0.014
51819.465378 r 19.341 0.018
51819.466211 i 19.395 0.026
51819.467045 u 20.514 0.090
51819.467878 z 19.453 0.079
#51819.468711 g -99.000 0.014
51875.209257 r 19.314 0.015
51875.210090 i 19.315 0.020
51875.210924 u 20.357 0.059
51875.211757 z 19.431 0.071
51875.212590 g 19.347 0.013
52225.290080 r 19.277 0.013
52225.290913 i 19.288 0.019
52225.291747 u 20.377 0.055
52225.292580 z 19.448 0.059
52225.293413 g 19.325 0.012
52288.124503 r 19.270 0.014
52288.125336 i 19.309 0.020
52288.126170 u 20.310 0.054
52288.127003 z 19.439 0.058
52288.127836 g 19.296 0.012
52551.397790 r 19.329 0.014
52551.398623 i 19.370 0.021
52551.399457 u 20.348 0.054
52551.400290 z 19.328 0.055
52551.401123 g 19.330 0.012
52558.430664 r 19.523 0.015
52558.431497 i 19.570 0.021
#52558.432331 u -99.000 0.058
52558.433164 z 19.749 0.117
52558.433997 g 19.529 0.013
52578.302273 r 19.482 0.015
52578.303106 i 19.545 0.023
52578.303940 u 20.594 0.064
52578.304773 z 19.706 0.076
52578.305606 g 19.504 0.013
52585.265252 r 19.324 0.014
52585.266085 i 19.342 0.021
52585.266919 u 20.426 0.053
52585.267752 z 19.264 0.065
52585.268585 g 19.318 0.011
52909.431885 r 19.238 0.013
52909.432718 i 19.308 0.019
52909.433552 u 20.248 0.049
52909.434385 z 19.305 0.052
52909.435218 g 19.248 0.011
52910.402130 r 19.397 0.015
52910.402963 i 19.440 0.023
52910.403797 u 20.591 0.075
52910.404630 z 19.455 0.062
52910.405463 g 19.428 0.013
52935.329299 r 19.439 0.017
52935.330132 i 19.510 0.031
52935.330966 u 20.413 0.068
52935.331799 z 19.541 0.082
52935.332632 g 19.420 0.013
52963.252376 r 19.523 0.016
52963.253209 i 19.544 0.023
52963.254043 u 20.453 0.051
52963.254876 z 19.597 0.063
52963.255709 g 19.536 0.013
52971.243292 r 19.323 0.016
52971.244125 i 19.307 0.023
52971.244959 u 20.306 0.063
52971.245792 z 19.366 0.062
52971.246625 g 19.328 0.015
53351.174680 r 19.242 0.014
53351.175513 i 19.282 0.021
53351.176347 u 20.243 0.053
53351.177180 z 19.326 0.068
53351.178013 g 19.274 0.012
53622.431731 r 19.250 0.013
53622.432564 i 19.306 0.020
53622.433398 u 20.323 0.050
53622.434231 z 19.351 0.053
53622.435064 g 19.288 0.011
53627.388828 r 19.542 0.015
53627.389661 i 19.567 0.022
53627.390495 u 20.684 0.070
53627.391328 z 19.647 0.063
53627.392161 g 19.530 0.013
53634.381202 r 19.322 0.025
53634.382035 i 19.315 0.028
53634.382869 u 20.282 0.133
53634.383702 z 19.310 0.064
53634.384535 g 19.272 0.028
53638.422538 r 19.234 0.014
53638.423371 i 19.279 0.019
53638.424205 u 20.260 0.062
53638.425038 z 19.354 0.056
53638.425871 g 19.231 0.013
53640.386574 r 19.393 0.015
53640.387407 i 19.487 0.023
53640.388241 u 20.590 0.076
53640.389074 z 19.558 0.071
53640.389907 g 19.438 0.014
53646.447982 r 19.548 0.029
53646.448815 i 19.514 0.047
53646.449649 u 20.654 0.180
53646.450482 z 19.448 0.169
53646.451315 g 19.549 0.029
53655.358748 r 19.514 0.016
53655.359581 i 19.564 0.024
53655.360415 u 20.790 0.078
53655.361248 z 19.475 0.063
53655.362081 g 19.521 0.013
53657.266727 r 19.182 0.037
53657.267560 i 19.244 0.052
53657.268394 u 26.086 0.652
#53657.269227 z -99.000 0.167
53657.270060 g 19.202 0.042
53663.448399 r 19.591 0.031
53663.449232 i 19.533 0.033
53663.450066 u 20.331 0.171
53663.450899 z 19.627 0.084
53663.451732 g 19.525 0.031
53664.383703 r 19.278 0.022
53664.384536 i 19.273 0.024
53664.385370 u 20.210 0.090
53664.386203 z 19.254 0.058
53664.387036 g 19.303 0.020
53665.448332 r 19.390 0.022
53665.449165 i 19.483 0.029
53665.449999 u 20.722 0.163
53665.450832 z 19.546 0.088
53665.451665 g 19.479 0.022
53668.436949 r 19.246 0.021
53668.437782 i 19.273 0.031
53668.438616 u 20.272 0.124
53668.439449 z 19.231 0.081
53668.440282 g 19.258 0.019
53669.342948 r 19.520 0.022
53669.343781 i 19.545 0.040
53669.344615 u 20.503 0.109
53669.345448 z 19.528 0.098
#53669.346281 g -99.000 0.023
53670.442921 r 19.248 0.018
53670.443754 i 19.321 0.025
53670.444588 u 20.347 0.102
53670.445421 z 19.357 0.071
53670.446254 g 19.248 0.015
53671.427699 r 19.359 0.017
53671.428532 i 19.382 0.023
53671.429366 u 20.414 0.088
53671.430199 z 19.439 0.065
53671.431032 g 19.403 0.015
53674.327185 r 19.257 0.015
53674.328018 i 19.279 0.023
53674.328852 u 20.284 0.068
53674.329685 z 19.392 0.071
53674.330518 g 19.304 0.013
53676.416642 r 19.511 0.018
53676.417475 i 19.560 0.025
#53676.418309 u -99.000 0.089
53676.419142 z 19.585 0.070
53676.419975 g 19.543 0.016
53679.388543 r 19.245 0.017
53679.389376 i 19.321 0.027
53679.390210 u 20.285 0.072
53679.391043 z 19.259 0.080
53679.391876 g 19.291 0.013
53681.380057 r 19.246 0.014
53681.380890 i 19.257 0.017
53681.381724 u 20.307 0.060
53681.382557 z 19.341 0.048
53681.383390 g 19.244 0.011
53684.341553 r 19.454 0.032
53684.342386 i 19.588 0.044
53684.343220 u 20.397 0.098
#53684.344053 z -99.000 0.119
#53684.344886 g -99.000 0.019
53687.282867 r 19.238 0.029
53687.283700 i 19.362 0.039
53687.284534 u 20.212 0.148
53687.285367 z 19.155 0.081
53687.286200 g 19.245 0.033
53694.353005 r 19.243 0.020
53694.353838 i 19.286 0.027
53694.354672 u 20.225 0.149
53694.355505 z 19.422 0.077
53694.356338 g 19.224 0.023
53697.337082 r 19.523 0.018
53697.337915 i 19.527 0.025
53697.338749 u 20.550 0.094
53697.339582 z 19.480 0.064
53697.340415 g 19.504 0.017
53700.336038 r 19.456 0.019
53700.336871 i 19.505 0.029
53700.337705 u 20.541 0.089
53700.338538 z 19.491 0.097
53700.339371 g 19.527 0.015
53705.322710 r 19.219 0.016
53705.323543 i 19.276 0.023
53705.324377 u 20.336 0.078
53705.325210 z 19.215 0.060
53705.326043 g 19.232 0.013
53975.407701 r 19.439 0.022
53975.408534 i 19.433 0.025
53975.409368 u 20.517 0.064
53975.410201 z 19.599 0.070
53975.411034 g 19.396 0.040
53994.430700 r 19.295 0.017
53994.431534 i 19.305 0.020
53994.432367 u 20.501 0.055
53994.433200 z 19.369 0.049
53994.434034 g 19.351 0.026
53996.414509 r 19.271 0.016
53996.415342 i 19.322 0.020
53996.416176 u 20.321 0.065
53996.417009 z 19.369 0.049
53996.417842 g 19.259 0.020
54005.427602 r 19.505 0.018
54005.428435 i 19.537 0.021
54005.429268 u 20.600 0.063
54005.430102 z 19.543 0.056
54005.430935 g 19.527 0.023
54009.441427 r 19.354 0.016
54009.442260 i 19.392 0.023
54009.443093 u 20.448 0.053
54009.443927 z 19.448 0.051
54009.444760 g 19.347 0.023
54010.368564 r 19.375 0.015
54010.369398 i 19.430 0.020
54010.370231 u 20.503 0.047
54010.371064 z 19.448 0.045
54010.371898 g 19.391 0.014
54012.361428 r 19.502 0.023
54012.362261 i 19.549 0.026
54012.363094 u 20.589 0.096
54012.363928 z 19.495 0.064
54012.364761 g 19.554 0.027
54020.399467 r 19.347 0.020
54020.400300 i 19.410 0.026
54020.401133 u 20.324 0.090
54020.401967 z 19.485 0.066
54020.402800 g 19.383 0.019
54024.449101 r 19.346 0.022
54024.449934 i 19.442 0.026
54024.450768 u 20.443 0.086
54024.451601 z 19.518 0.069
54024.452434 g 19.391 0.022
54028.437273 r 19.236 0.025
54028.438106 i 19.325 0.022
54028.438939 u 20.494 0.082
54028.439773 z 19.269 0.057
#54028.440606 g -99.000 0.021
54030.392692 r 19.498 0.018
54030.393525 i 19.566 0.025
54030.394359 u 20.647 0.067
54030.395192 z 19.609 0.066
54030.396025 g 19.578 0.020
54035.436742 r 19.524 0.035
54035.437576 i 19.547 0.031
54035.438409 u 20.585 0.097
54035.439242 z 19.484 0.084
54035.440076 g 19.590 0.018
54037.342190 r 19.276 0.017
54037.343023 i 19.346 0.020
54037.343857 u 20.443 0.052
54037.344690 z 19.437 0.043
54037.345523 g 19.306 0.015
54040.356671 r 19.437 0.019
54040.357504 i 19.482 0.023
54040.358337 u 20.588 0.069
54040.359171 z 19.537 0.064
54040.360004 g 19.452 0.020
54041.392230 r 19.311 0.023
54041.393063 i 19.386 0.026
54041.393896 u 20.375 0.088
54041.394730 z 19.416 0.061
54041.395563 g 19.338 0.024
54047.387319 r 19.559 0.054
54047.388153 i 19.646 0.067
54047.388986 u 20.286 0.304
54047.389819 z 19.379 0.110
54047.390653 g 19.564 0.059
54049.383119 r 19.369 0.022
54049.383952 i 19.352 0.027
54049.384786 u 20.431 0.141
54049.385619 z 19.493 0.082
54049.386452 g 19.397 0.027
#54053.362764 r -99.000 0.018
54053.363598 i 19.357 0.024
54053.364431 u 20.517 0.072
#54053.365264 z -99.000 0.067
#54053.366098 g -99.000 0.018
54056.349114 r 19.523 0.023
54056.349947 i 19.587 0.030
54056.350781 u 20.486 0.070
54056.351614 z 19.723 0.090
54056.352447 g 19.550 0.018
54059.343416 r 19.462 0.020
54059.344250 i 19.463 0.028
54059.345083 u 20.490 0.079
54059.345916 z 19.444 0.091
54059.346750 g 19.492 0.020
54061.354478 r 19.369 0.026
54061.355312 i 19.401 0.034
54061.356145 u 20.266 0.109
54061.356978 z 19.699 0.130
54061.357812 g 19.433 0.019
54062.348333 r 19.266 0.019
54062.349167 i 19.374 0.021
54062.350000 u 20.448 0.059
54062.350833 z 19.358 0.059
54062.351667 g 19.345 0.016
54064.344733 r 19.285 0.016
54064.345566 i 19.311 0.022
54064.346399 u 20.310 0.063
54064.347233 z 19.405 0.058
54064.348066 g 19.287 0.020
#54068.328905 r -99.000 0.055
54068.329739 i 19.515 0.043
54068.330572 u 20.574 0.128
54068.331405 z 19.362 0.129
#54068.332239 g -99.000 0.090
54357.386599 r 19.505 0.021
54357.387432 i 19.541 0.020
54357.388265 u 20.684 0.060
54357.389099 z 19.509 0.049
54357.389932 g 19.541 0.019
54362.436415 r 19.539 0.014
54362.437248 i 19.537 0.024
54362.438082 u 20.616 0.052
54362.438915 z 19.523 0.051
54362.439748 g 19.555 0.022
54376.431542 r 19.506 0.019
54376.432375 i 19.554 0.023
54376.433208 u 20.558 0.077
54376.434042 z 19.426 0.053
54376.434875 g 19.528 0.019
54382.416638 r 19.273 0.031
54382.417471 i 19.283 0.031
54382.418305 u 20.210 0.062
54382.419138 z 19.359 0.073
54382.419971 g 19.267 0.040
54385.434437 r 19.284 0.015
54385.435271 i 19.348 0.021
54385.436104 u 20.337 0.054
54385.436937 z 19.409 0.048
54385.437771 g 19.311 0.016
54387.434920 r 19.299 0.047
54387.435753 i 19.347 0.032
54387.436587 u 20.342 0.094
54387.437420 z 19.425 0.079
54387.438253 g 19.415 0.022
54390.427523 r 19.566 0.036
54390.428356 i 19.613 0.044
54390.429189 u 20.520 0.092
54390.430023 z 19.837 0.193
#54390.430856 g -99.000 0.042
54391.435748 r 19.529 0.029
54391.436581 i 19.594 0.045
54391.437414 u 20.484 0.141
54391.438248 z 19.624 0.145
54391.439081 g 19.529 0.043
54402.428107 r 19.423 0.027
54402.428940 i 19.380 0.030
54402.429773 u 20.394 0.284
54402.430607 z 19.470 0.071
54402.431440 g 19.408 0.032
