51081.387206 r 18.681 0.010
51081.388039 i 18.876 0.015
#51081.388873 u -99.000 0.027
51081.389706 z 18.593 0.034
51081.390539 g 18.599 0.008
51819.458346 r 18.160 0.009
51819.459179 i 18.374 0.012
51819.460013 u 18.383 0.019
51819.460846 z 18.243 0.033
51819.461679 g 18.145 0.007
51875.202189 r 18.225 0.008
51875.203022 i 18.385 0.010
51875.203856 u 18.425 0.015
51875.204689 z 18.279 0.028
51875.205522 g 18.192 0.007
52225.283022 r 18.341 0.008
52225.283855 i 18.469 0.011
52225.284689 u 18.575 0.016
52225.285522 z 18.301 0.027
52225.286355 g 18.267 0.007
52288.117443 r 18.473 0.009
52288.118276 i 18.625 0.012
52288.119110 u 18.770 0.019
52288.119943 z 18.445 0.028
52288.120776 g 18.414 0.008
52551.390732 r 18.181 0.007
52551.391565 i 18.370 0.010
52551.392399 u 18.371 0.015
52551.393232 z 18.270 0.025
52551.394065 g 18.098 0.007
52558.423608 r 18.193 0.008
52558.424441 i 18.374 0.010
52558.425275 u 18.399 0.016
52558.426108 z 18.271 0.024
52558.426941 g 18.142 0.007
52578.295215 r 18.198 0.008
52578.296048 i 18.348 0.010
52578.296882 u 18.380 0.015
52578.297715 z 18.267 0.026
52578.298548 g 18.152 0.007
52585.258194 r 18.206 0.008
52585.259027 i 18.365 0.011
52585.259861 u 18.415 0.014
52585.260694 z 18.272 0.031
52585.261527 g 18.132 0.007
52909.424830 r 18.074 0.007
52909.425663 i 18.222 0.009
52909.426497 u 18.176 0.014
52909.427330 z 18.156 0.022
52909.428163 g 17.989 0.006
52910.395070 r 18.085 0.007
52910.395903 i 18.240 0.010
52910.396737 u 18.217 0.014
52910.397570 z 18.143 0.023
52910.398403 g 18.003 0.006
52935.322240 r 18.109 0.008
52935.323073 i 18.278 0.011
52935.323907 u 18.240 0.015
52935.324740 z 18.196 0.029
52935.325573 g 18.039 0.007
52963.245318 r 18.170 0.008
52963.246151 i 18.305 0.009
52963.246985 u 18.345 0.014
52963.247818 z 18.240 0.022
52963.248651 g 18.112 0.007
52971.236233 r 18.206 0.010
52971.237066 i 18.392 0.014
52971.237900 u 18.408 0.018
52971.238733 z 18.254 0.029
#52971.239566 g -99.000 0.007
53351.167620 r 18.432 0.009
53351.168453 i 18.552 0.012
53351.169287 u 18.696 0.019
53351.170120 z 18.489 0.034
53351.170953 g 18.373 0.007
53634.374143 r 18.299 0.012
53634.374976 i 18.454 0.014
53634.375810 u 18.529 0.031
53634.376643 z 18.313 0.029
53634.377476 g 18.242 0.011
53638.415480 r 18.299 0.008
53638.416313 i 18.450 0.011
53638.417147 u 18.540 0.020
53638.417980 z 18.286 0.026
53638.418813 g 18.226 0.008
53640.379515 r 18.296 0.008
53640.380348 i 18.437 0.011
53640.381182 u 18.499 0.018
53640.382015 z 18.292 0.025
53640.382848 g 18.224 0.007
53655.351689 r 18.267 0.008
53655.352522 i 18.409 0.011
53655.353356 u 18.465 0.018
53655.354189 z 18.304 0.028
53655.355022 g 18.186 0.007
53663.441344 r 18.259 0.011
53663.442177 i 18.438 0.014
#53663.443011 u -99.000 0.037
53663.443844 z 18.291 0.030
53663.444677 g 18.140 0.012
53664.376645 r 18.266 0.013
53664.377478 i 18.409 0.017
53664.378312 u 18.469 0.028
53664.379145 z 18.259 0.036
53664.379978 g 18.185 0.011
53665.441277 r 18.243 0.010
53665.442110 i 18.429 0.013
53665.442944 u 18.499 0.028
53665.443777 z 18.295 0.033
53665.444610 g 18.187 0.010
53668.429905 r 18.229 0.009
53668.430738 i 18.375 0.013
53668.431572 u 18.467 0.025
53668.432405 z 18.245 0.039
53668.433238 g 18.168 0.009
53669.335890 r 18.229 0.009
53669.336723 i 18.370 0.012
#53669.337557 u -99.000 0.022
53669.338390 z 18.294 0.057
#53669.339223 g -99.000 0.011
53670.435868 r 18.215 0.009
53670.436701 i 18.370 0.012
53670.437535 u 18.488 0.024
53670.438368 z 18.243 0.029
53670.439201 g 18.165 0.008
53671.420643 r 18.210 0.009
53671.421476 i 18.391 0.012
53671.422310 u 18.470 0.023
53671.423143 z 18.230 0.030
53671.423976 g 18.167 0.008
53674.320126 r 18.216 0.009
53674.320959 i 18.364 0.013
53674.321793 u 18.443 0.019
53674.322626 z 18.235 0.031
53674.323459 g 18.154 0.007
53676.409586 r 18.194 0.009
53676.410419 i 18.369 0.013
53676.411253 u 18.487 0.022
53676.412086 z 18.270 0.028
53676.412919 g 18.184 0.008
53679.381487 r 18.202 0.009
53679.382320 i 18.382 0.013
53679.383154 u 18.492 0.020
53679.383987 z 18.216 0.031
53679.384820 g 18.151 0.007
53681.373000 r 18.222 0.009
53681.373833 i 18.386 0.014
53681.374667 u 18.449 0.022
53681.375500 z 18.249 0.030
53681.376333 g 18.170 0.008
#53684.334496 r -99.000 0.031
53684.335329 i 18.285 0.055
53684.336163 u 18.494 0.076
#53684.336996 z -99.000 0.179
53684.337829 g 18.112 0.023
53687.275808 r 18.230 0.013
53687.276641 i 18.370 0.016
53687.277475 u 18.489 0.037
53687.278308 z 18.236 0.036
#53687.279141 g -99.000 0.014
53694.345948 r 18.222 0.011
53694.346781 i 18.393 0.014
53694.347615 u 18.541 0.035
53694.348448 z 18.291 0.033
53694.349281 g 18.189 0.010
53697.330025 r 18.244 0.008
53697.330858 i 18.375 0.011
53697.331692 u 18.479 0.020
53697.332525 z 18.260 0.026
53697.333358 g 18.184 0.008
53700.328982 r 18.241 0.009
53700.329815 i 18.389 0.012
53700.330649 u 18.507 0.020
53700.331482 z 18.271 0.033
53700.332315 g 18.193 0.007
53705.315652 r 18.244 0.008
53705.316485 i 18.409 0.011
53705.317319 u 18.513 0.020
53705.318152 z 18.241 0.033
53705.318985 g 18.175 0.007
53975.400689 r 18.169 0.018
53975.401523 i 18.334 0.017
53975.402356 u 18.415 0.022
53975.403189 z 18.207 0.030
53975.404023 g 18.108 0.029
53994.423645 r 18.155 0.016
53994.424478 i 18.327 0.015
53994.425311 u 18.370 0.023
53994.426145 z 18.190 0.021
53994.426978 g 18.064 0.014
53996.407437 r 18.134 0.012
53996.408270 i 18.293 0.017
#53996.409103 u -99.000 0.016
53996.409937 z 18.208 0.028
53996.410770 g 18.071 0.020
54005.420545 r 18.142 0.015
54005.421378 i 18.319 0.015
54005.422211 u 18.355 0.018
54005.423045 z 18.187 0.019
54005.423878 g 18.114 0.016
54009.434372 r 18.141 0.014
54009.435205 i 18.332 0.017
54009.436038 u 18.513 0.019
54009.436872 z 18.204 0.031
54009.437705 g 18.102 0.022
54010.361514 r 18.160 0.014
54010.362347 i 18.317 0.019
54010.363180 u 18.353 0.014
54010.364014 z 18.225 0.025
54010.364847 g 18.105 0.021
54012.354360 r 18.165 0.013
54012.355193 i 18.336 0.013
54012.356027 u 18.386 0.022
54012.356860 z 18.203 0.026
54012.357693 g 18.090 0.016
54020.360371 r 18.145 0.022
54020.361205 i 18.316 0.025
54020.362038 u 18.310 0.023
54020.362871 z 18.164 0.037
54020.363705 g 18.119 0.027
54024.441952 r 18.157 0.016
54024.442786 i 18.325 0.019
54024.443619 u 18.394 0.018
54024.444452 z 18.237 0.031
54024.445286 g 18.118 0.022
54028.430212 r 18.192 0.031
54028.431045 i 18.311 0.013
54028.431879 u 18.390 0.025
54028.432712 z 18.198 0.035
54028.433545 g 18.112 0.018
54030.385660 r 18.160 0.016
54030.386494 i 18.334 0.022
54030.387327 u 18.449 0.018
54030.388160 z 18.219 0.026
54030.388994 g 18.142 0.021
54035.429676 r 18.184 0.023
54035.430509 i 18.315 0.019
54035.431342 u 18.469 0.019
54035.432176 z 18.185 0.036
54035.433009 g 18.158 0.022
54037.335124 r 18.191 0.019
54037.335957 i 18.335 0.022
54037.336790 u 18.413 0.018
54037.337624 z 18.234 0.023
54037.338457 g 18.147 0.023
54040.349635 r 18.177 0.014
54040.350468 i 18.362 0.016
54040.351301 u 18.425 0.020
54040.352135 z 18.224 0.026
54040.352968 g 18.165 0.015
54047.380182 r 18.225 0.029
54047.381015 i 18.332 0.027
#54047.381849 u -99.000 0.090
54047.382682 z 18.225 0.051
54047.383515 g 18.153 0.020
54049.376063 r 18.187 0.013
54049.376897 i 18.356 0.020
54049.377730 u 18.437 0.025
54049.378563 z 18.237 0.030
54049.379397 g 18.175 0.012
54053.355775 r 18.183 0.013
54053.356608 i 18.360 0.016
54053.357441 u 18.490 0.020
#54053.358275 z -99.000 0.034
54053.359108 g 18.168 0.019
54056.342084 r 18.192 0.019
54056.342917 i 18.372 0.017
54056.343750 u 18.433 0.019
54056.344584 z 18.215 0.028
54056.345417 g 18.154 0.016
54059.336383 r 18.190 0.015
54059.337217 i 18.375 0.019
54059.338050 u 18.453 0.035
54059.338883 z 18.300 0.031
54059.339717 g 18.152 0.031
54061.347434 r 18.182 0.020
54061.348267 i 18.372 0.021
54061.349101 u 18.450 0.023
54061.349934 z 18.216 0.057
54061.350767 g 18.162 0.035
54062.341303 r 18.184 0.014
54062.342136 i 18.382 0.018
54062.342970 u 18.529 0.026
54062.343803 z 18.246 0.028
54062.344636 g 18.180 0.014
54064.337671 r 18.197 0.014
54064.338504 i 18.358 0.022
54064.339338 u 18.494 0.024
54064.340171 z 18.232 0.028
54064.341004 g 18.184 0.027
54068.321828 r 18.169 0.028
54068.322661 i 18.291 0.028
#54068.323494 u -99.000 0.059
54068.324328 z 18.155 0.051
54068.325161 g 18.117 0.024
54357.379615 r 18.258 0.015
54357.380448 i 18.394 0.016
54357.381282 u 18.477 0.018
54357.382115 z 18.247 0.030
54357.382948 g 18.225 0.019
54362.429386 r 18.236 0.018
54362.430220 i 18.396 0.021
54362.431053 u 18.578 0.019
54362.431886 z 18.299 0.027
54362.432720 g 18.237 0.019
54376.424476 r 18.272 0.015
54376.425309 i 18.452 0.023
54376.426142 u 18.548 0.063
54376.426976 z 18.249 0.024
54376.427809 g 18.238 0.021
54382.409563 r 18.287 0.027
54382.410397 i 18.439 0.018
#54382.411230 u -99.000 0.036
54382.412063 z 18.256 0.033
54382.412897 g 18.281 0.013
54385.427404 r 18.306 0.014
54385.428237 i 18.475 0.022
54385.429071 u 18.620 0.019
54385.429904 z 18.346 0.027
54385.430737 g 18.293 0.021
54387.427871 r 18.333 0.017
54387.428704 i 18.486 0.024
54387.429538 u 18.584 0.027
54387.430371 z 18.265 0.031
54387.431204 g 18.287 0.024
54390.420302 r 18.308 0.009
#54390.421136 i -99.000 0.015
54390.421969 u 18.949 0.102
#54390.422802 z -99.000 99.999
#54390.423636 g -99.000 0.561
54391.428689 r 18.317 0.014
54391.429523 i 18.506 0.027
54391.430356 u 18.626 0.026
54391.431189 z 18.225 0.049
#54391.432023 g -99.000 0.013
54402.421018 r 18.305 0.017
54402.421851 i 18.486 0.019
54402.422684 u 18.600 0.038
54402.423518 z 18.367 0.033
#54402.424351 g -99.000 0.014
