51819.249833 r 18.093 0.008
51819.250666 i 17.805 0.008
51819.251500 u 20.898 0.094
51819.252333 z 17.636 0.019
51819.253166 g 18.868 0.010
52172.265410 r 18.083 0.007
52172.266243 i 17.793 0.008
52172.267077 u 20.717 0.074
52172.267910 z 17.696 0.020
52172.268743 g 18.868 0.009
52558.215107 r 18.084 0.007
52558.215940 i 17.818 0.008
52558.216774 u 20.860 0.103
52558.217607 z 17.618 0.021
52558.218440 g 18.876 0.010
52576.127364 r 18.071 0.007
52576.128197 i 17.814 0.008
52576.129031 u 20.854 0.127
52576.129864 z 17.659 0.024
52576.130697 g 18.866 0.009
52577.102598 r 18.094 0.007
52577.103431 i 17.776 0.008
52577.104265 u 20.933 0.092
52577.105098 z 17.634 0.021
52577.105931 g 18.869 0.009
52930.115929 r 18.088 0.007
52930.116762 i 17.805 0.008
52930.117596 u 20.780 0.068
52930.118429 z 17.650 0.016
52930.119262 g 18.859 0.009
52931.116760 r 18.081 0.007
52931.117593 i 17.808 0.008
52931.118427 u 20.885 0.076
52931.119260 z 17.686 0.017
52931.120093 g 18.881 0.009
52935.113724 r 18.094 0.008
52935.114557 i 17.816 0.008
52935.115391 u 20.760 0.105
52935.116224 z 17.619 0.022
52935.117057 g 18.886 0.010
53313.106925 r 18.085 0.008
53313.107758 i 17.805 0.009
53313.108592 u 21.049 0.134
53313.109425 z 17.637 0.022
53313.110258 g 18.839 0.009
53622.216172 r 18.089 0.008
53622.217005 i 17.779 0.008
53622.217839 u 20.887 0.132
53622.218672 z 17.617 0.021
53622.219505 g 18.848 0.010
53625.212136 r 18.085 0.008
53625.212969 i 17.808 0.008
53625.213803 u 20.734 0.079
53625.214636 z 17.637 0.016
53625.215469 g 18.862 0.011
53634.165641 r 18.104 0.011
53634.166474 i 17.795 0.010
53634.167308 u 21.735 0.650
53634.168141 z 17.658 0.030
53634.168974 g 18.880 0.024
53636.171173 r 18.084 0.007
53636.172006 i 17.810 0.008
53636.172840 u 20.897 0.087
53636.173673 z 17.639 0.017
53636.174506 g 18.860 0.010
53655.143179 r 18.091 0.009
53655.144012 i 17.817 0.009
53655.144846 u 20.739 0.173
53655.145679 z 17.619 0.021
53655.146512 g 18.886 0.015
53664.168138 r 18.094 0.008
53664.168971 i 17.810 0.008
53664.169805 u 20.816 0.141
53664.170638 z 17.606 0.018
53664.171471 g 18.884 0.013
53666.131736 r 18.086 0.008
53666.132569 i 17.808 0.008
53666.133403 u 20.936 0.078
53666.134236 z 17.650 0.018
53666.135069 g 18.874 0.009
53669.127376 r 18.093 0.007
53669.128209 i 17.799 0.008
53669.129043 u 20.899 0.079
53669.129876 z 17.619 0.017
53669.130709 g 18.884 0.009
53674.111613 r 18.078 0.007
53674.112446 i 17.808 0.008
53674.113280 u 20.999 0.089
53674.114113 z 17.649 0.017
53674.114946 g 18.850 0.009
53676.201113 r 18.072 0.008
53676.201946 i 17.802 0.008
53676.202780 u 20.988 0.099
53676.203613 z 17.668 0.018
53676.204446 g 18.861 0.010
53679.172993 r 18.089 0.008
53679.173826 i 17.802 0.009
53679.174660 u 20.709 0.132
53679.175493 z 17.643 0.021
53679.176326 g 18.881 0.011
#53681.164504 r -99.000 0.064
#53681.165337 i -99.000 0.025
53681.166171 u 21.836 0.878
53681.167004 z 17.455 0.058
53681.167837 g 18.794 0.015
53685.123549 r 18.088 0.011
53685.124382 i 17.808 0.010
#53685.125216 u -99.000 0.205
53685.126049 z 17.636 0.021
53685.126882 g 18.873 0.020
53687.161899 r 18.089 0.010
53687.162732 i 17.795 0.009
53687.163566 u 21.030 0.320
53687.164399 z 17.693 0.022
53687.165232 g 18.864 0.020
53694.137441 r 18.108 0.013
53694.138274 i 17.839 0.012
53694.139108 u 21.978 0.670
53694.139941 z 17.660 0.034
53694.140774 g 18.831 0.019
53697.121529 r 18.085 0.030
53697.122362 i 17.739 0.026
#53697.123196 u -99.000 0.422
#53697.124029 z -99.000 0.076
#53697.124862 g -99.000 0.042
53700.120490 r 18.089 0.008
53700.121323 i 17.775 0.009
53700.122157 u 20.835 0.109
#53700.122990 z -99.000 0.029
#53700.123823 g -99.000 0.101
53705.107159 r 18.088 0.007
53705.107992 i 17.789 0.008
53705.108826 u 20.685 0.090
53705.109659 z 17.643 0.020
53705.110492 g 18.861 0.010
53975.192179 r 18.087 0.012
53975.193012 i 17.807 0.013
53975.193846 u 20.706 0.069
53975.194679 z 17.613 0.021
53975.195512 g 18.858 0.014
53996.198881 r 18.087 0.015
53996.199714 i 17.777 0.015
53996.200547 u 20.844 0.073
53996.201381 z 17.675 0.023
53996.202214 g 18.872 0.016
53998.167528 r 18.086 0.010
53998.168362 i 17.809 0.013
53998.169195 u 20.778 0.064
53998.170028 z 17.649 0.023
53998.170862 g 18.869 0.015
54010.152988 r 18.087 0.013
54010.153821 i 17.787 0.011
54010.154654 u 20.885 0.112
54010.155488 z 17.604 0.018
54010.156321 g 18.845 0.015
54012.145842 r 18.068 0.017
54012.146675 i 17.800 0.014
54012.147508 u 21.322 0.304
54012.148342 z 17.624 0.025
54012.149175 g 18.845 0.021
54020.151827 r 18.072 0.010
54020.152660 i 17.796 0.012
54020.153493 u 21.018 0.082
54020.154327 z 17.640 0.021
54020.155160 g 18.854 0.011
54022.201089 r 18.065 0.016
54022.201922 i 17.786 0.016
54022.202755 u 21.031 0.223
54022.203589 z 17.637 0.030
#54022.204422 g -99.000 0.017
54028.142190 r 18.108 0.018
54028.143023 i 17.799 0.017
54028.143857 u 20.752 0.095
54028.144690 z 17.669 0.024
54028.145523 g 18.854 0.015
54030.145376 r 18.070 0.009
54030.146209 i 17.794 0.014
54030.147042 u 20.796 0.065
54030.147876 z 17.640 0.019
54030.148709 g 18.876 0.014
54032.134778 r 18.074 0.016
#54032.135611 i -99.000 0.015
54032.136445 u 20.814 0.085
#54032.137278 z -99.000 0.022
#54032.138111 g -99.000 0.014
54034.204855 r 18.075 0.010
#54034.205688 i -99.000 0.013
54034.206522 u 20.650 0.107
#54034.207355 z -99.000 0.027
#54034.208188 g -99.000 0.014
54037.126611 r 18.079 0.011
54037.127445 i 17.795 0.015
54037.128278 u 20.955 0.095
54037.129111 z 17.641 0.023
54037.129945 g 18.872 0.017
54040.141139 r 18.066 0.014
54040.141972 i 17.782 0.017
54040.142805 u 21.208 0.254
54040.143639 z 17.633 0.022
54040.144472 g 18.836 0.021
54050.125722 r 18.080 0.011
54050.126555 i 17.799 0.013
54050.127388 u 20.926 0.106
54050.128222 z 17.671 0.033
54050.129055 g 18.869 0.013
54053.131902 r 18.062 0.010
54053.132735 i 17.811 0.012
54053.133569 u 20.804 0.080
54053.134402 z 17.625 0.021
54053.135235 g 18.853 0.016
54056.133563 r 19.911 0.161
54056.134397 i 18.439 0.037
#54056.135230 u 29.309 99.999
54056.136063 z 18.180 0.055
54056.136897 g 19.518 0.053
54057.102205 r 18.065 0.009
54057.103039 i 17.805 0.013
54057.103872 u 20.876 0.080
54057.104705 z 17.672 0.024
54057.105539 g 18.886 0.014
54059.127836 r 18.076 0.012
54059.128670 i 17.782 0.013
54059.129503 u 20.744 0.091
54059.130336 z 17.667 0.025
54059.131170 g 18.857 0.016
54061.138891 r 18.072 0.014
54061.139724 i 17.802 0.014
54061.140557 u 20.619 0.085
54061.141391 z 17.662 0.027
54061.142224 g 18.878 0.017
54062.132730 r 18.069 0.016
54062.133563 i 17.795 0.014
54062.134396 u 21.055 0.211
54062.135230 z 17.704 0.035
54062.136063 g 18.868 0.021
54068.122739 r 18.106 0.017
54068.123573 i 17.793 0.016
54068.124406 u 20.890 0.371
54068.125239 z 17.681 0.031
54068.126073 g 18.777 0.028
54357.171042 r 18.095 0.019
54357.171875 i 17.833 0.020
54357.172708 u 20.782 0.076
54357.173542 z 17.657 0.024
54357.174375 g 18.883 0.026
54365.168924 r 18.064 0.019
54365.169757 i 17.830 0.018
54365.170591 u 21.007 0.203
54365.171424 z 17.684 0.029
54365.172257 g 18.871 0.021
54385.218887 r 18.075 0.014
54385.219720 i 17.806 0.012
54385.220553 u 20.737 0.082
54385.221387 z 17.659 0.024
54385.222220 g 18.862 0.014
54387.219357 r 18.084 0.012
54387.220191 i 17.804 0.012
54387.221024 u 20.810 0.108
54387.221857 z 17.626 0.022
54387.222691 g 18.861 0.013
54392.214082 r 18.054 0.021
54392.214916 i 17.808 0.029
54392.215749 u 20.743 0.148
#54392.216582 z -99.000 0.032
54392.217416 g 18.875 0.032
54402.212542 r 18.082 0.018
54402.213375 i 17.818 0.016
54402.214209 u 20.629 0.188
54402.215042 z 17.679 0.024
54402.215875 g 18.842 0.022
