52075.341326 r 16.241 0.004
52075.342159 i 15.989 0.005
52075.342993 u 18.175 0.016
52075.343826 z 15.863 0.007
52075.344659 g 16.835 0.005
52197.149973 r 16.221 0.005
52197.150806 i 15.977 0.005
52197.151640 u 18.176 0.014
52197.152473 z 15.854 0.007
52197.153306 g 16.820 0.004
52557.187821 r 16.086 0.003
52557.188654 i 15.869 0.004
52557.189488 u 17.995 0.014
52557.190321 z 15.729 0.007
52557.191154 g 16.695 0.004
52578.083898 r 16.106 0.004
52578.084731 i 15.865 0.005
52578.085565 u 18.057 0.014
52578.086398 z 15.749 0.007
52578.087231 g 16.699 0.004
52929.114125 r 16.167 0.004
52929.114958 i 15.923 0.005
52929.115792 u 18.067 0.014
52929.116625 z 15.785 0.007
52929.117458 g 16.743 0.004
52934.094282 r 16.042 0.004
52934.095115 i 15.811 0.004
52934.095949 u 17.924 0.013
52934.096782 z 15.683 0.006
52934.097615 g 16.610 0.004
52936.090208 r 16.127 0.005
52936.091041 i 15.886 0.005
52936.091875 u 18.018 0.013
52936.092708 z 15.762 0.007
52936.093541 g 16.701 0.005
53243.275418 r 16.052 0.004
53243.276251 i 15.807 0.004
53243.277085 u 17.944 0.016
53243.277918 z 15.673 0.007
53243.278751 g 16.622 0.004
53270.154270 r 16.130 0.014
53270.155104 i 15.900 0.010
53270.155937 u 18.065 0.026
53270.156770 z 15.799 0.016
53270.157604 g 16.715 0.011
53272.204220 r 16.214 0.004
53272.205053 i 15.976 0.004
53272.205887 u 18.110 0.020
53272.206720 z 15.840 0.007
53272.207553 g 16.795 0.005
53288.131423 r 16.127 0.004
53288.132256 i 15.883 0.004
53288.133090 u 18.056 0.016
53288.133923 z 15.737 0.007
53288.134756 g 16.712 0.004
53302.127091 r 16.144 0.005
53302.127924 i 15.894 0.005
53302.128758 u 18.042 0.018
53302.129591 z 15.774 0.007
53302.130424 g 16.723 0.005
53312.082632 r 16.175 0.008
53312.083466 i 15.912 0.011
53312.084299 u 18.110 0.018
53312.085132 z 15.810 0.013
53312.085966 g 16.771 0.009
53314.083818 r 16.090 0.004
53314.084651 i 15.858 0.004
53314.085485 u 18.026 0.014
53314.086318 z 15.737 0.007
53314.087151 g 16.672 0.004
53623.178402 r 16.217 0.005
53623.179235 i 15.964 0.005
53623.180069 u 18.140 0.016
53623.180902 z 15.838 0.007
53623.181735 g 16.792 0.005
53626.164614 r 16.074 0.005
53626.165447 i 15.836 0.005
53626.166281 u 17.992 0.017
53626.167114 z 15.718 0.007
53626.167947 g 16.658 0.005
53628.149480 r 16.099 0.004
53628.150313 i 15.852 0.004
53628.151147 u 18.004 0.025
53628.151980 z 15.725 0.007
53628.152813 g 16.665 0.005
53637.151091 r 16.059 0.003
53637.151924 i 15.821 0.004
53637.152758 u 17.967 0.016
53637.153591 z 15.695 0.007
53637.154424 g 16.632 0.004
53644.143534 r 16.056 0.010
53644.144367 i 15.812 0.013
53644.145201 u 17.961 0.020
53644.146034 z 15.716 0.015
53644.146867 g 16.636 0.012
53654.178162 r 16.153 0.004
53654.178995 i 15.915 0.005
53654.179829 u 18.087 0.017
53654.180662 z 15.785 0.007
53654.181495 g 16.751 0.005
53656.125753 r 16.127 0.004
53656.126586 i 15.889 0.004
53656.127420 u 18.048 0.024
53656.128253 z 15.770 0.007
53656.129086 g 16.704 0.005
53665.117031 r 16.143 0.007
53665.117864 i 15.886 0.007
53665.118698 u 18.039 0.030
53665.119531 z 15.764 0.014
53665.120364 g 16.704 0.006
53668.128663 r 16.196 0.004
53668.129496 i 15.955 0.004
53668.130330 u 18.163 0.017
53668.131163 z 15.828 0.007
53668.131996 g 16.771 0.004
53670.133516 r 16.144 0.004
53670.134349 i 15.905 0.004
53670.135183 u 18.048 0.016
53670.136016 z 15.790 0.007
53670.136849 g 16.736 0.004
53673.101499 r 16.109 0.004
53673.102332 i 15.858 0.005
53673.103166 u 18.005 0.014
53673.103999 z 15.733 0.007
53673.104832 g 16.669 0.004
53675.098388 r 16.201 0.004
53675.099221 i 15.960 0.004
53675.100055 u 18.138 0.016
53675.100888 z 15.823 0.007
53675.101721 g 16.803 0.004
53677.119420 r 16.201 0.004
53677.120253 i 15.959 0.004
53677.121087 u 18.142 0.016
53677.121920 z 15.837 0.007
53677.122753 g 16.783 0.004
53680.106085 r 16.037 0.004
53680.106918 i 15.815 0.005
53680.107752 u 17.950 0.014
53680.108585 z 15.697 0.007
53680.109418 g 16.615 0.004
53686.172800 r 16.057 0.004
53686.173633 i 15.839 0.004
53686.174467 u 17.930 0.035
53686.175300 z 15.701 0.008
53686.176133 g 16.656 0.005
53693.107989 r 16.140 0.004
53693.108822 i 15.902 0.004
53693.109656 u 18.083 0.022
53693.110489 z 15.783 0.007
53693.111322 g 16.729 0.004
53702.103670 r 16.115 0.013
53702.104504 i 15.880 0.007
53702.105337 u 18.076 0.021
53702.106170 z 15.729 0.015
53702.107004 g 16.690 0.008
53703.112815 r 16.129 0.016
53703.113648 i 15.900 0.008
53703.114482 u 18.056 0.024
53703.115315 z 15.761 0.013
53703.116148 g 16.695 0.012
53704.091318 r 16.199 0.004
53704.092151 i 15.945 0.004
53704.092985 u 18.114 0.018
53704.093818 z 15.827 0.007
53704.094651 g 16.793 0.004
53974.179267 r 16.048 0.009
53974.180100 i 15.818 0.014
53974.180934 u 17.953 0.020
53974.181767 z 15.702 0.019
53974.182600 g 16.613 0.016
53989.187354 r 16.146 0.009
53989.188187 i 15.924 0.012
53989.189020 u 18.098 0.023
53989.189854 z 15.806 0.021
53989.190687 g 16.751 0.010
53995.176611 r 16.141 0.011
53995.177444 i 15.884 0.012
53995.178278 u 18.071 0.017
53995.179111 z 15.767 0.013
53995.179944 g 16.711 0.013
53997.155029 r 16.120 0.014
53997.155863 i 15.883 0.008
53997.156696 u 18.040 0.028
53997.157529 z 15.757 0.018
53997.158363 g 16.735 0.010
54005.126836 r 16.108 0.006
54005.127669 i 15.870 0.008
54005.128503 u 18.057 0.017
54005.129336 z 15.752 0.012
54005.130169 g 16.713 0.009
54007.139583 r 16.064 0.012
54007.140417 i 15.823 0.009
54007.141250 u 17.994 0.017
54007.142083 z 15.699 0.016
54007.142917 g 16.644 0.010
54009.136707 r 16.033 0.011
54009.137541 i 15.812 0.010
54009.138374 u 17.941 0.019
54009.139207 z 15.653 0.024
54009.140041 g 16.612 0.010
54011.201202 r 16.064 0.010
54011.202035 i 15.847 0.019
54011.202868 u 17.987 0.022
54011.203702 z 15.711 0.018
54011.204535 g 16.653 0.012
54019.151395 r 16.040 0.007
54019.152228 i 15.792 0.008
54019.153062 u 18.005 0.020
54019.153895 z 15.667 0.013
54019.154728 g 16.629 0.010
54025.200222 r 16.145 0.009
54025.201056 i 15.886 0.016
54025.201889 u 18.085 0.022
54025.202722 z 15.783 0.013
54025.203556 g 16.720 0.013
54029.130536 r 16.085 0.008
54029.131370 i 15.832 0.010
54029.132203 u 18.003 0.017
54029.133036 z 15.717 0.016
54029.133870 g 16.668 0.012
54051.107118 r 16.117 0.016
54051.107952 i 15.900 0.015
54051.108785 u 18.041 0.028
54051.109618 z 15.763 0.019
54051.110452 g 16.711 0.018
54356.208710 r 16.043 0.016
54356.209544 i 15.814 0.017
54356.210377 u 17.954 0.018
54356.211210 z 15.724 0.015
54356.212044 g 16.627 0.010
54358.153772 r 16.198 0.013
54358.154606 i 15.966 0.011
54358.155439 u 18.138 0.025
54358.156272 z 15.814 0.018
54358.157106 g 16.798 0.012
54373.185865 r 16.100 0.010
54373.186698 i 15.866 0.013
54373.187531 u 18.045 0.021
54373.188365 z 15.755 0.016
54373.189198 g 16.672 0.021
54381.198567 r 16.200 0.011
54381.199400 i 15.923 0.012
54381.200233 u 18.155 0.025
54381.201067 z 15.838 0.014
54381.201900 g 16.794 0.012
54382.195951 r 16.163 0.010
54382.196784 i 15.943 0.016
54382.197617 u 18.078 0.026
54382.198451 z 15.808 0.023
54382.199284 g 16.766 0.014
54383.201694 r 16.113 0.011
54383.202527 i 15.865 0.011
54383.203361 u 18.027 0.023
#54383.204194 z -99.000 0.023
54383.205027 g 16.705 0.021
54386.198716 r 16.071 0.010
54386.199549 i 15.817 0.012
54386.200382 u 18.004 0.019
54386.201216 z 15.691 0.016
54386.202049 g 16.629 0.012
54388.202982 r 16.136 0.009
54388.203816 i 15.870 0.010
54388.204649 u 18.033 0.025
54388.205482 z 15.758 0.017
54388.206316 g 16.712 0.014
54403.116755 r 16.353 0.010
54403.117588 i 15.961 0.015
54403.118421 u 18.167 0.019
54403.119255 z 15.843 0.017
54403.120088 g 16.794 0.011
54406.110586 r 16.094 0.010
54406.111419 i 15.834 0.012
54406.112253 u 18.029 0.021
54406.113086 z 15.747 0.018
54406.113919 g 16.676 0.013
54412.113514 r 16.172 0.012
54412.114347 i 15.952 0.009
54412.115180 u 18.108 0.023
54412.116014 z 15.826 0.019
54412.116847 g 16.766 0.009
54415.151071 r 16.198 0.008
54415.151905 i 15.950 0.009
54415.152738 u 18.143 0.029
54415.153571 z 15.815 0.012
54415.154405 g 16.794 0.012
