51819.247488 r 19.765 0.019
51819.248321 i 19.669 0.023
51819.249155 u 20.654 0.077
51819.249988 z 19.309 0.062
51819.250821 g 20.218 0.021
52172.263068 r 19.876 0.020
52172.263901 i 19.738 0.024
52172.264735 u 20.533 0.068
52172.265568 z 19.374 0.068
52172.266401 g 20.233 0.021
52558.212772 r 19.650 0.021
52558.213605 i 19.517 0.024
52558.214439 u 20.180 0.060
52558.215272 z 19.346 0.081
52558.216105 g 19.947 0.020
52576.125028 r 19.611 0.019
52576.125861 i 19.560 0.029
52576.126695 u 20.114 0.053
52576.127528 z 19.467 0.078
#52576.128361 g -99.000 0.018
52577.100261 r 19.659 0.021
52577.101094 i 19.552 0.025
52577.101928 u 20.110 0.048
52577.102761 z 19.259 0.075
52577.103594 g 19.948 0.018
52930.113592 r 19.736 0.016
52930.114425 i 19.640 0.019
52930.115259 u 20.331 0.048
52930.116092 z 19.290 0.051
52930.116925 g 20.069 0.017
52931.114423 r 19.723 0.017
52931.115256 i 19.665 0.022
52931.116090 u 20.221 0.047
52931.116923 z 19.316 0.054
52931.117756 g 20.093 0.018
52935.111387 r 19.758 0.023
52935.112220 i 19.648 0.029
52935.113054 u 20.237 0.068
52935.113887 z 19.288 0.082
52935.114720 g 20.088 0.022
53313.104588 r 20.024 0.034
53313.105421 i 19.884 0.046
53313.106255 u 20.702 0.108
53313.107088 z 19.433 0.116
53313.107921 g 20.422 0.030
53622.213835 r 19.862 0.027
53622.214668 i 19.766 0.036
53622.215502 u 20.488 0.088
53622.216335 z 19.461 0.110
53622.217168 g 20.285 0.029
53625.209800 r 19.904 0.021
53625.210633 i 19.661 0.022
53625.211467 u 20.499 0.067
53625.212300 z 19.447 0.057
53625.213133 g 20.257 0.026
53634.163304 r 19.957 0.052
53634.164137 i 19.793 0.051
53634.164971 u 21.012 0.352
53634.165804 z 19.389 0.111
53634.166637 g 20.357 0.072
53636.168836 r 19.872 0.019
53636.169669 i 19.729 0.023
53636.170503 u 20.504 0.065
53636.171336 z 19.448 0.059
53636.172169 g 20.310 0.024
53655.140842 r 19.866 0.037
53655.141675 i 19.797 0.044
53655.142509 u 20.578 0.175
53655.143342 z 19.542 0.110
53655.144175 g 20.238 0.046
53664.165801 r 19.900 0.028
53664.166634 i 19.812 0.031
53664.167468 u 20.537 0.117
53664.168301 z 19.433 0.076
53664.169134 g 20.273 0.038
53666.129402 r 19.903 0.019
53666.130235 i 19.752 0.023
53666.131069 u 20.565 0.060
53666.131902 z 19.522 0.070
53666.132735 g 20.309 0.018
53669.125039 r 19.860 0.018
53669.125872 i 19.761 0.023
53669.126706 u 20.565 0.060
53669.127539 z 19.435 0.066
53669.128372 g 20.264 0.019
53674.109275 r 19.895 0.021
53674.110108 i 19.757 0.024
53674.110942 u 20.557 0.064
53674.111775 z 19.481 0.064
53674.112608 g 20.284 0.020
53676.198776 r 19.871 0.020
53676.199609 i 19.777 0.027
53676.200443 u 20.586 0.076
53676.201276 z 19.491 0.068
53676.202109 g 20.278 0.021
53679.170657 r 19.920 0.028
53679.171490 i 19.710 0.030
53679.172324 u 20.526 0.095
53679.173157 z 19.256 0.081
53679.173990 g 20.246 0.028
53681.162167 r 19.919 0.026
53681.163000 i 19.816 0.038
#53681.163834 u -99.000 0.150
#53681.164667 z -99.000 0.429
53681.165500 g 20.260 0.117
53685.121212 r 19.917 0.052
53685.122045 i 19.483 0.042
53685.122879 u 20.604 0.199
53685.123712 z 19.477 0.099
53685.124545 g 20.245 0.066
53687.159562 r 19.941 0.042
53687.160395 i 19.795 0.038
53687.161229 u 20.525 0.201
53687.162062 z 19.438 0.077
53687.162895 g 20.451 0.079
53694.135104 r 19.850 0.049
53694.135937 i 19.831 0.067
53694.136771 u 20.606 0.199
53694.137604 z 19.419 0.175
53694.138437 g 20.210 0.063
53697.119191 r 19.659 0.125
53697.120024 i 19.684 0.117
53697.120858 u 19.877 0.225
53697.121691 z 18.771 0.229
53697.122524 g 20.104 0.098
53700.118154 r 19.872 0.028
53700.118987 i 19.829 0.039
53700.119821 u 20.578 0.104
53700.120654 z 19.387 0.094
53700.121487 g 20.246 0.028
53705.104822 r 19.919 0.025
53705.105655 i 19.764 0.027
53705.106489 u 20.630 0.083
53705.107322 z 19.317 0.072
53705.108155 g 20.254 0.024
53975.189818 r 19.843 0.020
53975.190652 i 19.724 0.025
53975.191485 u 20.591 0.069
53975.192318 z 19.323 0.060
53975.193152 g 20.249 0.023
53996.196544 r 19.899 0.019
53996.197377 i 19.756 0.021
53996.198211 u 20.610 0.061
53996.199044 z 19.606 0.061
53996.199877 g 20.272 0.020
53998.165184 r 19.903 0.017
53998.166018 i 19.927 0.033
53998.166851 u 20.558 0.058
53998.167684 z 19.426 0.051
53998.168518 g 20.229 0.019
54010.150646 r 19.891 0.023
54010.151480 i 20.023 0.049
54010.152313 u 20.599 0.083
54010.153146 z 19.524 0.053
54010.153980 g 20.289 0.032
54012.143489 r 19.881 0.052
54012.144323 i 19.676 0.056
54012.145156 u 20.517 0.172
54012.145989 z 19.425 0.099
54012.146823 g 20.292 0.068
54020.149482 r 19.859 0.017
54020.150316 i 19.751 0.021
54020.151149 u 20.702 0.064
54020.151982 z 19.400 0.055
54020.152816 g 20.253 0.018
54022.198755 r 19.843 0.027
54022.199589 i 19.742 0.040
#54022.200422 u -99.000 0.108
54022.201255 z 19.337 0.073
#54022.202089 g -99.000 0.033
54028.139853 r 19.878 0.027
54028.140687 i 19.736 0.032
54028.141520 u 20.490 0.084
54028.142353 z 19.301 0.080
54028.143187 g 20.138 0.025
54030.143030 r 19.877 0.017
54030.143863 i 19.739 0.024
54030.144697 u 20.516 0.054
54030.145530 z 19.475 0.050
54030.146363 g 20.198 0.020
54032.132293 r 19.866 0.024
#54032.133127 i -99.000 0.025
54032.133960 u 20.542 0.074
#54032.134793 z -99.000 0.069
#54032.135627 g -99.000 0.022
54034.202556 r 19.810 0.026
#54034.203389 i -99.000 0.051
#54034.204222 u -99.000 0.123
#54034.205056 z -99.000 0.107
#54034.205889 g -99.000 0.025
54037.124272 r 19.862 0.035
54037.125105 i 19.716 0.037
54037.125938 u 20.535 0.080
54037.126772 z 19.499 0.071
54037.127605 g 20.243 0.026
54040.138759 r 19.807 0.032
54040.139592 i 19.760 0.035
54040.140425 u 20.445 0.137
54040.141259 z 19.459 0.083
54040.142092 g 20.151 0.049
54050.123394 r 19.870 0.023
54050.124227 i 19.708 0.026
54050.125061 u 20.435 0.072
54050.125894 z 19.502 0.085
54050.126727 g 20.155 0.023
54053.129538 r 19.879 0.024
54053.130372 i 19.754 0.035
54053.131205 u 20.492 0.063
54053.132038 z 19.497 0.070
54053.132872 g 20.206 0.021
#54056.131220 r -99.000 0.044
#54056.132053 i -99.000 0.093
54056.132886 u 20.613 0.140
54056.133720 z 19.396 0.109
54056.134553 g 20.164 0.029
54057.099887 r 19.853 0.023
54057.100720 i 19.750 0.029
54057.101553 u 20.559 0.063
54057.102387 z 19.417 0.068
54057.103220 g 20.159 0.023
54059.125512 r 19.848 0.022
54059.126345 i 19.727 0.025
54059.127178 u 20.448 0.070
54059.128012 z 19.540 0.079
54059.128845 g 20.201 0.026
54061.136546 r 19.849 0.027
54061.137379 i 19.775 0.038
54061.138213 u 20.500 0.082
54061.139046 z 19.375 0.084
54061.139879 g 20.136 0.031
54062.130399 r 19.803 0.032
54062.131233 i 19.661 0.044
54062.132066 u 20.547 0.135
54062.132899 z 19.591 0.147
54062.133733 g 20.157 0.041
54068.120411 r 19.797 0.061
54068.121244 i 19.801 0.077
54068.122078 u 20.273 0.203
54068.122911 z 19.178 0.107
54068.123744 g 20.149 0.073
54357.168691 r 19.886 0.030
54357.169525 i 19.831 0.027
54357.170358 u 20.559 0.065
#54357.171191 z -99.000 0.065
54357.172025 g 20.239 0.023
54365.166554 r 19.927 0.036
54365.167387 i 19.769 0.037
54365.168220 u 20.410 0.126
54365.169054 z 19.527 0.098
54365.169887 g 20.261 0.055
54385.216529 r 19.906 0.021
54385.217363 i 19.816 0.025
54385.218196 u 20.578 0.071
54385.219029 z 19.532 0.055
54385.219863 g 20.314 0.022
54387.217016 r 19.897 0.023
54387.217849 i 19.790 0.029
54387.218683 u 20.731 0.101
54387.219516 z 19.444 0.079
54387.220349 g 20.271 0.023
54392.211753 r 19.895 0.035
54392.212586 i 19.842 0.038
54392.213419 u 20.591 0.110
54392.214253 z 19.462 0.094
54392.215086 g 20.290 0.038
54402.210209 r 19.914 0.037
54402.211042 i 19.951 0.059
54402.211876 u 20.611 0.258
54402.212709 z 19.540 0.091
54402.213542 g 20.434 0.063
