51464.187568 r 17.600 0.006
51464.188401 i 16.866 0.005
51464.189235 u 21.980 0.231
51464.190068 z 16.560 0.009
51464.190901 g 18.923 0.009
52197.213296 r 17.590 0.006
52197.214129 i 16.901 0.006
52197.214963 u 21.763 0.188
52197.215796 z 16.485 0.008
52197.216629 g 18.987 0.010
52557.207284 r 17.556 0.006
52557.208117 i 16.989 0.005
52557.208951 u 21.844 0.244
52557.209784 z 16.542 0.009
52557.210617 g 19.069 0.011
52578.103361 r 17.570 0.006
52578.104194 i 16.869 0.006
52578.105028 u 21.855 0.197
52578.105861 z 16.477 0.008
52578.106694 g 18.995 0.009
52929.133588 r 17.539 0.006
52929.134421 i 16.927 0.005
52929.135255 u 21.603 0.183
52929.136088 z 16.447 0.008
52929.136921 g 18.919 0.009
52934.113744 r 17.423 0.005
52934.114577 i 16.720 0.005
52934.115411 u 21.659 0.233
52934.116244 z 16.289 0.008
52934.117077 g 18.855 0.010
52936.109670 r 17.673 0.007
52936.110503 i 16.922 0.006
52936.111337 u 21.783 0.177
52936.112170 z 16.476 0.008
52936.113003 g 18.985 0.009
53243.294879 r 17.529 0.006
53243.295712 i 16.962 0.005
53243.296546 u 21.746 0.313
53243.297379 z 16.513 0.009
53243.298212 g 18.964 0.014
53270.173737 r 17.559 0.013
53270.174570 i 16.877 0.011
53270.175404 u 21.671 0.241
53270.176237 z 16.496 0.017
53270.177070 g 18.941 0.021
53272.223680 r 17.612 0.007
53272.224513 i 16.903 0.005
#53272.225347 u 23.799 2.736
53272.226180 z 16.578 0.009
53272.227013 g 18.995 0.017
53288.150884 r 17.576 0.006
53288.151717 i 16.863 0.005
53288.152551 u 21.716 0.194
53288.153384 z 16.481 0.008
53288.154217 g 18.987 0.010
53302.146554 r 17.632 0.007
53302.147387 i 16.929 0.006
53302.148221 u 21.281 0.289
53302.149054 z 16.486 0.009
53302.149887 g 19.003 0.017
53312.102083 r 17.509 0.022
53312.102916 i 16.782 0.011
53312.103749 u 21.835 0.310
53312.104583 z 16.393 0.013
53312.105416 g 18.922 0.014
53314.103281 r 17.585 0.006
53314.104114 i 16.843 0.005
53314.104948 u 21.952 0.239
53314.105781 z 16.503 0.009
53314.106614 g 18.973 0.009
53623.197863 r 17.639 0.007
53623.198696 i 16.943 0.006
53623.199530 u 21.706 0.219
53623.200363 z 16.510 0.009
53623.201196 g 18.948 0.010
53626.184074 r 17.601 0.007
53626.184907 i 16.953 0.006
53626.185741 u 21.947 0.393
53626.186574 z 16.552 0.009
53626.187407 g 19.030 0.015
53628.168941 r 17.439 0.008
53628.169774 i 16.726 0.005
53628.170608 u 20.882 0.303
53628.171441 z 16.333 0.009
53628.172274 g 18.824 0.024
53637.170554 r 17.420 0.006
53637.171387 i 16.703 0.005
53637.172221 u 21.489 0.270
53637.173054 z 16.295 0.009
53637.173887 g 18.873 0.011
53644.162997 r 17.571 0.012
53644.163830 i 16.885 0.016
53644.164663 u 21.437 0.134
53644.165497 z 16.483 0.018
53644.166330 g 18.977 0.015
53654.197624 r 17.457 0.006
53654.198457 i 16.740 0.005
53654.199291 u 21.312 0.286
53654.200124 z 16.342 0.009
53654.200957 g 18.877 0.015
53656.145216 r 17.434 0.008
53656.146049 i 16.692 0.005
53656.146883 u 20.940 0.353
53656.147716 z 16.283 0.009
53656.148549 g 18.816 0.022
53665.136494 r 17.580 0.011
53665.137327 i 16.889 0.008
53665.138161 u 21.567 0.372
53665.138994 z 16.513 0.012
53665.139827 g 19.008 0.013
53668.148125 r 17.436 0.006
53668.148958 i 16.718 0.005
53668.149792 u 21.927 0.325
53668.150625 z 16.253 0.009
53668.151458 g 18.836 0.010
53670.152978 r 17.635 0.006
53670.153811 i 16.895 0.005
53670.154645 u 21.578 0.170
53670.155478 z 16.481 0.009
53670.156311 g 18.955 0.009
53673.120960 r 17.543 0.006
53673.121793 i 16.857 0.005
53673.122627 u 22.419 0.382
53673.123460 z 16.501 0.009
53673.124293 g 18.962 0.010
53675.117850 r 17.564 0.006
53675.118683 i 16.934 0.005
53675.119517 u 22.334 0.350
53675.120350 z 16.502 0.009
53675.121183 g 19.035 0.010
53677.138881 r 17.502 0.006
53677.139714 i 16.916 0.005
53677.140548 u 21.723 0.223
53677.141381 z 16.388 0.008
53677.142214 g 18.930 0.010
53680.125548 r 17.639 0.006
53680.126381 i 16.909 0.005
53680.127215 u 21.721 0.199
53680.128048 z 16.530 0.008
53680.128881 g 18.971 0.010
53686.192257 r 17.424 0.011
53686.193090 i 16.691 0.006
53686.193924 u 21.127 0.709
53686.194757 z 16.268 0.011
53686.195590 g 18.833 0.032
53693.127450 r 17.605 0.007
53693.128283 i 16.868 0.005
53693.129117 u 22.318 0.666
53693.129950 z 16.447 0.008
53693.130783 g 18.965 0.017
53702.123160 r 17.463 0.016
53702.123994 i 16.758 0.013
53702.124827 u 21.701 0.402
53702.125660 z 16.368 0.015
53702.126494 g 18.904 0.026
53703.132255 r 17.485 0.014
53703.133088 i 16.793 0.009
53703.133921 u 21.584 0.304
53703.134755 z 16.387 0.017
53703.135588 g 18.880 0.015
53704.110777 r 17.445 0.006
53704.111610 i 16.715 0.005
53704.112444 u 21.865 0.325
53704.113277 z 16.281 0.008
53704.114110 g 18.823 0.010
53974.198739 r 17.542 0.011
53974.199573 i 16.881 0.015
53974.200406 u 21.975 0.201
53974.201239 z 16.499 0.020
53974.202073 g 18.957 0.017
53989.206826 r 17.613 0.015
53989.207659 i 16.890 0.021
53989.208492 u 21.745 0.261
53989.209326 z 16.520 0.022
53989.210159 g 18.958 0.020
53995.196079 r 17.548 0.012
53995.196912 i 16.832 0.012
53995.197745 u 21.522 0.176
53995.198579 z 16.421 0.014
53995.199412 g 18.921 0.017
53997.174447 r 17.582 0.016
53997.175280 i 16.871 0.015
53997.176114 u 21.729 0.194
53997.176947 z 16.521 0.020
53997.177780 g 18.967 0.015
54005.146302 r 17.561 0.016
54005.147135 i 16.861 0.012
54005.147968 u 21.650 0.201
54005.148802 z 16.488 0.017
54005.149635 g 18.951 0.015
54007.159124 r 17.576 0.013
54007.159958 i 16.889 0.015
54007.160791 u 21.973 0.286
54007.161624 z 16.486 0.017
54007.162458 g 18.954 0.015
54009.156157 r 17.569 0.015
54009.156990 i 16.867 0.018
54009.157824 u 22.160 0.345
54009.158657 z 16.488 0.020
54009.159490 g 19.002 0.016
54011.220650 r 17.674 0.019
54011.221483 i 16.896 0.026
54011.222317 u 21.453 0.264
54011.223150 z 16.482 0.024
54011.223983 g 18.947 0.020
54019.170864 r 17.580 0.014
54019.171697 i 16.893 0.017
54019.172530 u 21.605 0.194
54019.173364 z 16.485 0.015
54019.174197 g 18.969 0.017
54025.219744 r 17.538 0.014
54025.220578 i 16.839 0.009
54025.221411 u 21.329 0.182
54025.222244 z 16.442 0.017
54025.223078 g 18.916 0.014
54029.149999 r 17.580 0.011
54029.150833 i 16.930 0.016
54029.151666 u 21.587 0.153
54029.152499 z 16.497 0.020
54029.153333 g 18.978 0.017
54358.173241 r 17.520 0.012
54358.174075 i 16.805 0.021
54358.174908 u 21.335 0.274
54358.175741 z 16.403 0.018
54358.176575 g 18.893 0.016
54359.117417 r 17.537 0.013
54359.118250 i 16.804 0.023
54359.119083 u 21.814 0.278
54359.119917 z 16.438 0.018
54359.120750 g 18.912 0.019
54373.205319 r 17.562 0.016
54373.206153 i 16.860 0.017
54373.206986 u 21.850 0.362
54373.207819 z 16.482 0.017
54373.208653 g 18.949 0.016
54381.218019 r 17.536 0.017
54381.218852 i 16.813 0.016
54381.219685 u 21.812 0.321
54381.220519 z 16.369 0.019
54381.221352 g 18.955 0.028
54383.221153 r 17.552 0.013
54383.221987 i 16.840 0.014
54383.222820 u 22.059 0.500
54383.223653 z 16.432 0.019
54383.224487 g 18.928 0.017
54386.218178 r 17.565 0.014
54386.219011 i 16.907 0.015
54386.219845 u 21.668 0.237
54386.220678 z 16.463 0.023
54386.221511 g 18.991 0.019
54388.222446 r 17.538 0.011
54388.223280 i 16.839 0.018
54388.224113 u 21.394 0.201
54388.224946 z 16.443 0.019
54388.225780 g 18.919 0.016
54403.136224 r 17.542 0.013
54403.137057 i 16.913 0.019
54403.137891 u 21.684 0.167
54403.138724 z 16.507 0.019
54403.139557 g 18.984 0.019
54406.130044 r 17.576 0.018
54406.130878 i 16.971 0.021
54406.131711 u 21.874 0.214
54406.132544 z 16.548 0.024
54406.133378 g 18.986 0.018
54412.132977 r 17.588 0.014
54412.133811 i 16.977 0.019
54412.134644 u 21.772 0.195
54412.135477 z 16.551 0.021
54412.136311 g 19.021 0.017
