52197.145164 r 19.112 0.012
52197.145997 i 18.829 0.015
52197.146831 u 21.795 0.171
52197.147664 z 18.568 0.036
52197.148497 g 20.168 0.019
52936.085402 r 20.109 0.025
52936.086235 i 19.561 0.026
52936.087069 u 24.630 0.933
52936.087902 z 18.746 0.042
52936.088735 g 20.911 0.032
53243.270610 r 19.170 0.018
53243.271443 i 18.913 0.020
53243.272277 u 22.117 0.471
53243.273110 z 18.697 0.044
53243.273943 g 20.100 0.038
53270.149482 r 19.254 0.032
53270.150315 i 18.888 0.027
53270.151149 u 21.555 0.253
53270.151982 z 18.464 0.039
53270.152815 g 21.440 0.341
53288.126617 r 19.201 0.014
53288.127450 i 18.923 0.017
53288.128284 u 22.433 0.426
53288.129117 z 18.601 0.041
53288.129950 g 20.281 0.024
53312.077816 r 19.230 0.022
53312.078649 i 18.858 0.026
53312.079483 u 21.482 0.188
53312.080316 z 19.048 0.107
53312.081149 g 20.188 0.029
53623.173596 r 19.296 0.015
53623.174429 i 18.856 0.014
53623.175263 u 21.798 0.204
53623.176096 z 18.697 0.040
53623.176929 g 20.290 0.024
53628.144676 r 19.121 0.026
53628.145509 i 18.758 0.024
#53628.146343 u 24.524 4.789
53628.147176 z 18.516 0.052
53628.148009 g 20.108 0.062
53668.123859 r 19.256 0.017
53668.124692 i 18.798 0.019
53668.125526 u 21.670 0.237
53668.126359 z 18.745 0.059
53668.127192 g 20.145 0.021
53670.128712 r 19.270 0.018
53670.129545 i 18.876 0.019
53670.130379 u 21.676 0.254
53670.131212 z 18.611 0.046
53670.132045 g 20.090 0.019
53673.096693 r 19.317 0.015
53673.097526 i 18.947 0.018
53673.098360 u 22.552 0.401
53673.099193 z 18.652 0.044
53673.100026 g 20.176 0.020
53675.093582 r 19.264 0.016
53675.094415 i 18.817 0.016
53675.095249 u 21.806 0.216
53675.096082 z 18.672 0.046
53675.096915 g 20.296 0.023
53677.114614 r 19.329 0.017
53677.115447 i 18.843 0.016
53677.116281 u 22.765 0.566
53677.117114 z 18.791 0.043
53677.117947 g 20.301 0.023
53703.108017 r 19.336 0.037
53703.108850 i 19.052 0.053
53703.109684 u 20.786 0.188
53703.110517 z 18.605 0.058
53703.111350 g 20.192 0.036
53995.171812 r 19.306 0.020
53995.172645 i 18.932 0.021
53995.173478 u 21.687 0.159
#53995.174312 z 99.990 99.999
53995.175145 g 21.107 0.138
53997.150178 r 18.992 0.019
#53997.151012 i -99.000 0.020
53997.151845 u 21.458 0.171
53997.152678 z 18.498 0.046
53997.153512 g 20.059 0.030
54007.134786 r 19.233 0.027
54007.135619 i 18.860 0.025
54007.136452 u 21.945 0.244
54007.137286 z 18.586 0.044
54007.138119 g 20.170 0.027
54011.196382 r 19.167 0.022
54011.197215 i 18.829 0.024
54011.198048 u 21.686 0.300
54011.198882 z 18.659 0.039
54011.199715 g 20.142 0.039
54025.195406 r 19.302 0.020
54025.196240 i 18.875 0.021
#54025.197073 u 99.993 99.999
54025.197906 z 18.838 0.061
54025.198740 g 21.269 0.174
54051.102330 r 19.259 0.066
54051.103163 i 18.751 0.041
#54051.103996 u 21.986 1.255
54051.104830 z 18.586 0.061
54051.105663 g 20.292 0.033
54356.203900 r 19.211 0.017
54356.204734 i 18.913 0.024
54356.205567 u 22.027 0.223
54356.206400 z 18.569 0.036
54356.207234 g 20.087 0.018
54381.193759 r 19.137 0.020
54381.194592 i 18.759 0.027
54381.195426 u 21.219 0.183
54381.196259 z 18.933 0.088
54381.197092 g 20.067 0.026
54383.196885 r 19.335 0.022
54383.197719 i 18.831 0.020
54383.198552 u 21.871 0.233
54383.199385 z 19.919 0.323
54383.200219 g 20.473 0.041
54403.111946 r 19.291 0.019
54403.112780 i 18.873 0.019
54403.113613 u 21.916 0.193
54403.114446 z 18.653 0.037
54403.115280 g 20.074 0.018
54406.105779 r 19.389 0.032
54406.106613 i 18.868 0.024
54406.107446 u 21.954 0.205
54406.108279 z 18.877 0.072
54406.109113 g 20.225 0.025
54412.108895 r 19.160 0.018
#54412.109729 i -99.000 0.021
54412.110562 u 21.805 0.208
#54412.111395 z -99.000 0.039
54412.112229 g 20.123 0.022
54415.146265 r 19.241 0.018
54415.147099 i 18.896 0.023
54415.147932 u 21.466 0.151
54415.148765 z 18.611 0.036
54415.149599 g 20.092 0.019
