52172.244441 r 16.748 0.005
52172.245274 i 16.596 0.006
52172.246108 u 18.473 0.017
52172.246941 z 16.523 0.010
52172.247774 g 17.210 0.005
52197.143758 r 16.764 0.005
52197.144591 i 16.583 0.006
52197.145425 u 18.481 0.016
52197.146258 z 16.529 0.009
52197.147091 g 17.210 0.005
52557.181601 r 16.766 0.004
52557.182434 i 16.593 0.005
52557.183268 u 18.364 0.020
52557.184101 z 16.572 0.010
52557.184934 g 17.229 0.004
52576.106389 r 16.752 0.004
52576.107222 i 16.595 0.005
52576.108056 u 18.443 0.016
52576.108889 z 16.516 0.009
52576.109722 g 17.189 0.004
#52578.077677 r -99.000 0.004
#52578.078510 i -99.000 0.005
52578.079344 u 18.567 0.019
52578.080177 z 16.556 0.011
#52578.081010 g -99.000 0.004
52929.107904 r 16.782 0.005
52929.108737 i 16.600 0.005
52929.109571 u 18.539 0.017
52929.110404 z 16.530 0.009
52929.111237 g 17.237 0.005
52930.094955 r 16.783 0.005
52930.095788 i 16.621 0.005
52930.096622 u 18.449 0.016
52930.097455 z 16.543 0.009
52930.098288 g 17.287 0.005
52934.088062 r 16.762 0.005
52934.088895 i 16.600 0.005
52934.089729 u 18.501 0.018
52934.090562 z 16.537 0.009
52934.091395 g 17.201 0.004
52936.083987 r 16.756 0.005
52936.084820 i 16.594 0.006
52936.085654 u 18.513 0.016
52936.086487 z 16.529 0.009
52936.087320 g 17.213 0.005
53243.269197 r 16.758 0.005
53243.270030 i 16.603 0.005
53243.270864 u 18.480 0.023
53243.271697 z 16.534 0.009
53243.272530 g 17.201 0.005
53270.148050 r 16.768 0.012
53270.148883 i 16.579 0.013
53270.149717 u 18.464 0.021
53270.150550 z 16.522 0.028
53270.151383 g 17.216 0.012
53272.197999 r 16.763 0.005
53272.198832 i 16.603 0.005
53272.199666 u 18.476 0.028
53272.200499 z 16.518 0.009
53272.201332 g 17.228 0.006
53288.125202 r 16.755 0.004
53288.126035 i 16.603 0.005
53288.126869 u 18.464 0.018
53288.127702 z 16.513 0.009
53288.128535 g 17.181 0.004
53302.120871 r 16.773 0.006
53302.121704 i 16.589 0.006
53302.122538 u 18.524 0.024
53302.123371 z 16.526 0.009
53302.124204 g 17.199 0.006
53312.076400 r 16.758 0.009
53312.077234 i 16.591 0.011
53312.078067 u 18.448 0.021
53312.078900 z 16.521 0.015
53312.079734 g 17.211 0.009
53314.077598 r 16.767 0.005
53314.078431 i 16.601 0.005
53314.079265 u 18.539 0.018
53314.080098 z 16.535 0.010
53314.080931 g 17.220 0.005
53622.195198 r 16.754 0.004
53622.196031 i 16.596 0.004
53622.196865 u 18.411 0.020
53622.197698 z 16.575 0.010
53622.198531 g 17.212 0.004
53623.172182 r 16.769 0.005
53623.173015 i 16.596 0.005
53623.173849 u 18.476 0.018
53623.174682 z 16.525 0.009
53623.175515 g 17.194 0.005
53625.191161 r 16.762 0.006
53625.191994 i 16.617 0.006
53625.192828 u 18.410 0.017
53625.193661 z 16.528 0.009
53625.194494 g 17.213 0.006
53626.158394 r 16.762 0.005
53626.159227 i 16.600 0.006
53626.160061 u 18.555 0.023
53626.160894 z 16.516 0.009
53626.161727 g 17.208 0.006
53628.143261 r 16.749 0.005
53628.144094 i 16.618 0.005
53628.144928 u 18.464 0.033
53628.145761 z 16.534 0.010
53628.146594 g 17.208 0.006
53634.144667 r 16.764 0.004
#53634.145500 i -99.000 0.005
53634.146334 u 18.577 0.038
53634.147167 z 16.518 0.011
53634.148000 g 17.221 0.006
53637.144873 r 16.760 0.004
53637.145706 i 16.608 0.005
53637.146540 u 18.469 0.021
53637.147373 z 16.548 0.011
53637.148206 g 17.212 0.005
53644.137317 r 16.752 0.008
53644.138151 i 16.522 0.017
53644.138984 u 18.471 0.022
53644.139817 z 16.517 0.023
53644.140651 g 17.207 0.011
53654.171944 r 16.762 0.005
53654.172777 i 16.613 0.005
53654.173611 u 18.459 0.021
53654.174444 z 16.529 0.010
53654.175277 g 17.212 0.005
53655.122202 r 16.764 0.005
53655.123035 i 16.611 0.005
53655.123869 u 18.434 0.024
53655.124702 z 16.553 0.010
53655.125535 g 17.201 0.005
53656.119535 r 16.769 0.005
53656.120368 i 16.601 0.005
53656.121202 u 18.515 0.033
53656.122035 z 16.520 0.011
53656.122868 g 17.211 0.006
53657.209623 r 16.883 0.007
53657.210456 i 16.639 0.006
53657.211290 u 18.675 0.071
53657.212123 z 16.578 0.016
53657.212956 g 17.375 0.013
53665.110812 r 16.767 0.007
53665.111645 i 16.605 0.008
53665.112479 u 18.464 0.036
53665.113312 z 16.527 0.020
53665.114145 g 17.226 0.008
53668.122446 r 16.759 0.004
53668.123279 i 16.606 0.005
53668.124113 u 18.491 0.019
53668.124946 z 16.530 0.011
53668.125779 g 17.205 0.004
53670.127299 r 16.762 0.004
53670.128132 i 16.597 0.005
53670.128966 u 18.456 0.020
53670.129799 z 16.493 0.010
53670.130632 g 17.196 0.004
53673.095279 r 16.756 0.004
53673.096112 i 16.602 0.005
53673.096946 u 18.471 0.018
53673.097779 z 16.526 0.009
53673.098612 g 17.210 0.005
53674.090636 r 16.956 0.005
53674.091469 i 16.736 0.006
53674.092303 u 18.459 0.017
53674.093136 z 16.626 0.010
53674.093969 g 17.535 0.006
53675.092168 r 16.753 0.004
53675.093001 i 16.595 0.005
53675.093835 u 18.426 0.017
53675.094668 z 16.512 0.009
53675.095501 g 17.195 0.004
53677.113202 r 16.753 0.004
53677.114035 i 16.593 0.005
53677.114869 u 18.456 0.018
53677.115702 z 16.516 0.009
53677.116535 g 17.207 0.004
53680.099866 r 16.766 0.005
53680.100699 i 16.601 0.005
53680.101533 u 18.482 0.018
53680.102366 z 16.512 0.009
53680.103199 g 17.185 0.005
53681.143531 r 16.741 0.010
53681.144364 i 16.602 0.011
53681.145198 u 18.445 0.060
53681.146031 z 16.572 0.037
#53681.146864 g -99.000 0.009
53693.101772 r 16.752 0.004
53693.102605 i 16.607 0.005
53693.103439 u 18.483 0.026
53693.104272 z 16.515 0.010
53693.105105 g 17.214 0.005
#53694.116470 r -99.000 0.005
#53694.117303 i -99.000 0.005
53694.118137 u 18.458 0.031
53694.118970 z 16.552 0.014
53694.119803 g 17.219 0.005
53697.100556 r 16.743 0.011
53697.101389 i 16.610 0.011
53697.102223 u 18.491 0.070
53697.103056 z 16.540 0.037
53697.103889 g 17.207 0.012
53700.099517 r 16.906 0.005
53700.100350 i 16.703 0.005
53700.101184 u 18.479 0.021
53700.102017 z 16.609 0.010
53700.102850 g 17.419 0.005
53702.097483 r 16.746 0.011
53702.098316 i 16.602 0.018
53702.099150 u 18.516 0.026
53702.099983 z 16.504 0.015
53702.100816 g 17.211 0.009
53703.106580 r 16.761 0.014
53703.107413 i 16.619 0.013
53703.108246 u 18.531 0.037
53703.109080 z 16.542 0.027
53703.109913 g 17.216 0.016
53704.085100 r 16.768 0.004
53704.085933 i 16.604 0.005
53704.086767 u 18.521 0.021
53704.087600 z 16.517 0.009
53704.088433 g 17.223 0.004
53974.173051 r 16.754 0.015
53974.173884 i 16.614 0.013
53974.174718 u 18.502 0.021
53974.175551 z 16.508 0.018
53974.176384 g 17.213 0.009
53975.171184 r 16.791 0.012
53975.172018 i 16.614 0.015
53975.172851 u 18.465 0.023
53975.173684 z 16.557 0.020
53975.174518 g 17.212 0.015
53989.181139 r 16.757 0.012
53989.181972 i 16.589 0.013
53989.182805 u 18.526 0.020
53989.183639 z 16.534 0.018
53989.184472 g 17.213 0.018
53995.170451 r 16.765 0.009
53995.171284 i 16.615 0.009
53995.172118 u 18.477 0.018
53995.172951 z 16.505 0.016
53995.173784 g 17.214 0.011
53996.177905 r 16.739 0.008
53996.178738 i 16.584 0.009
53996.179571 u 18.425 0.018
53996.180405 z 16.517 0.015
53996.181238 g 17.189 0.009
53997.148767 r 16.774 0.017
53997.149601 i 16.599 0.012
53997.150434 u 18.460 0.020
53997.151267 z 16.516 0.016
53997.152101 g 17.202 0.009
54005.120614 r 16.764 0.007
54005.121447 i 16.586 0.013
54005.122281 u 18.461 0.022
54005.123114 z 16.521 0.016
54005.123947 g 17.230 0.009
54005.183786 r 16.751 0.009
54005.184619 i 16.609 0.008
54005.185452 u 18.396 0.018
54005.186286 z 16.529 0.015
54005.187119 g 17.205 0.010
54007.133370 r 16.745 0.009
54007.134204 i 16.593 0.008
54007.135037 u 18.466 0.021
54007.135870 z 16.507 0.014
54007.136704 g 17.217 0.008
54009.130476 r 16.772 0.009
54009.131310 i 16.623 0.014
54009.132143 u 18.465 0.022
54009.132976 z 16.548 0.017
54009.133810 g 17.197 0.009
54011.194967 r 16.768 0.011
54011.195801 i 16.642 0.023
54011.196634 u 18.457 0.027
54011.197467 z 16.541 0.020
54011.198301 g 17.213 0.014
54019.145175 r 16.751 0.007
54019.146008 i 16.606 0.009
54019.146842 u 18.454 0.017
54019.147675 z 16.526 0.014
54019.148508 g 17.204 0.011
54020.130832 r 16.762 0.010
54020.131665 i 16.600 0.008
54020.132498 u 18.452 0.021
54020.133332 z 16.513 0.018
54020.134165 g 17.211 0.009
54022.180144 r 16.785 0.009
#54022.180977 i -99.000 0.015
54022.181810 u 18.391 0.024
54022.182644 z 16.513 0.015
#54022.183477 g -99.000 0.010
54025.193988 r 16.756 0.008
54025.194821 i 16.597 0.009
54025.195654 u 18.454 0.021
54025.196488 z 16.526 0.014
54025.197321 g 17.231 0.013
54028.121212 r 16.721 0.012
54028.122045 i 16.587 0.014
54028.122878 u 18.432 0.024
54028.123712 z 16.551 0.016
54028.124545 g 17.196 0.009
54029.124318 r 16.760 0.009
54029.125151 i 16.595 0.010
54029.125984 u 18.444 0.021
54029.126818 z 16.549 0.017
54029.127651 g 17.218 0.012
54040.120126 r 18.241 0.013
54040.120959 i 18.979 1.000
54040.121793 u 19.130 0.041
54040.122626 z 19.158 0.062
54040.123459 g 18.936 0.015
54051.100900 r 16.787 0.033
#54051.101734 i -99.000 0.019
#54051.102567 u -99.000 0.036
54051.103400 z 16.518 0.023
54051.104234 g 17.220 0.012
54057.081237 r 16.762 0.011
54057.082071 i 16.593 0.009
54057.082904 u 18.422 0.020
54057.083737 z 16.524 0.015
54057.084571 g 17.180 0.010
54059.106862 r 16.773 0.011
54059.107695 i 16.590 0.010
54059.108529 u 18.399 0.022
54059.109362 z 16.514 0.017
54059.110195 g 17.217 0.011
54061.117917 r 16.748 0.018
54061.118750 i 16.619 0.019
54061.119583 u 18.501 0.028
54061.120417 z 16.510 0.017
54061.121250 g 17.190 0.013
54062.111758 r 16.747 0.014
54062.112591 i 16.592 0.019
54062.113424 u 18.492 0.030
54062.114258 z 16.528 0.026
54062.115091 g 17.194 0.013
54356.202484 r 16.795 0.012
54356.203317 i 16.626 0.016
54356.204150 u 18.416 0.019
54356.204984 z 16.547 0.021
54356.205817 g 17.219 0.013
54357.150066 r 16.760 0.014
54357.150899 i 16.592 0.012
54357.151732 u 18.430 0.022
54357.152566 z 16.487 0.014
54357.153399 g 17.208 0.012
54358.147545 r 16.761 0.015
#54358.148378 i -99.000 0.017
54358.149211 u 18.410 0.023
54358.150045 z 16.549 0.016
#54358.150878 g -99.000 0.023
54365.147915 r 16.755 0.015
54365.148748 i 16.602 0.014
54365.149582 u 18.498 0.028
54365.150415 z 16.537 0.019
54365.151248 g 17.208 0.014
54373.179641 r 16.776 0.015
54373.180474 i 16.601 0.011
54373.181308 u 18.430 0.023
54373.182141 z 16.538 0.016
54373.182974 g 17.193 0.012
54381.192338 r 16.749 0.019
54381.193172 i 16.655 0.017
54381.194005 u 18.446 0.022
54381.194838 z 16.495 0.020
54381.195672 g 17.185 0.010
54382.189729 r 16.759 0.013
54382.190563 i 16.597 0.021
54382.191396 u 18.612 0.030
54382.192229 z 16.536 0.022
54382.193063 g 17.199 0.015
54383.195474 r 16.757 0.014
54383.196307 i 16.601 0.009
54383.197140 u 18.410 0.019
54383.197974 z 16.502 0.016
54383.198807 g 17.207 0.015
54386.192490 r 16.765 0.010
54386.193323 i 16.599 0.011
54386.194157 u 18.446 0.022
54386.194990 z 16.548 0.016
54386.195823 g 17.199 0.012
54387.198387 r 16.778 0.009
54387.199220 i 16.600 0.010
54387.200054 u 18.414 0.025
54387.200887 z 16.505 0.016
54387.201720 g 17.202 0.010
54388.196806 r 16.762 0.009
54388.197639 i 16.593 0.010
54388.198473 u 18.458 0.021
54388.199306 z 16.514 0.016
54388.200139 g 17.194 0.010
54402.191566 r 16.762 0.011
54402.192399 i 16.595 0.012
54402.193233 u 18.412 0.036
54402.194066 z 16.556 0.027
54402.194899 g 17.207 0.012
54403.110533 r 16.774 0.009
54403.111366 i 16.591 0.011
54403.112200 u 18.461 0.021
54403.113033 z 16.532 0.014
54403.113866 g 17.235 0.013
54406.104363 r 16.758 0.016
54406.105196 i 16.608 0.009
54406.106030 u 18.480 0.019
54406.106863 z 16.518 0.016
54406.107696 g 17.210 0.009
54412.107336 r 16.749 0.010
54412.108170 i 16.594 0.013
54412.109003 u 18.456 0.023
54412.109836 z 16.506 0.015
54412.110670 g 17.215 0.012
54415.144850 r 16.769 0.008
54415.145683 i 16.655 0.010
54415.146516 u 18.440 0.021
54415.147350 z 16.544 0.018
54415.148183 g 17.232 0.011
