51819.239362 r 18.955 0.012
51819.240195 i 18.716 0.013
51819.241029 u 21.114 0.122
51819.241862 z 18.629 0.039
51819.242695 g 19.595 0.017
52172.254933 r 18.956 0.011
52172.255766 i 18.696 0.012
52172.256600 u 20.703 0.070
52172.257433 z 18.598 0.034
52172.258266 g 19.580 0.015
52558.204639 r 18.973 0.014
52558.205472 i 18.753 0.021
#52558.206306 u 22.925 1.047
52558.207139 z 18.690 0.083
52558.207972 g 19.601 0.023
52576.116896 r 18.953 0.012
52576.117729 i 18.722 0.015
52576.118563 u 20.858 0.083
52576.119396 z 18.616 0.041
52576.120229 g 19.590 0.015
52577.092129 r 18.942 0.012
52577.092962 i 18.703 0.014
52577.093796 u 21.032 0.094
52577.094629 z 18.567 0.039
52577.095462 g 19.608 0.015
52930.105460 r 18.951 0.010
52930.106293 i 18.700 0.012
52930.107127 u 21.028 0.109
52930.107960 z 18.564 0.029
52930.108793 g 19.590 0.014
52931.106289 r 18.960 0.011
52931.107122 i 18.706 0.012
52931.107956 u 20.691 0.069
52931.108789 z 18.595 0.033
52931.109622 g 19.603 0.015
52935.103256 r 18.953 0.012
52935.104089 i 18.732 0.014
52935.104923 u 21.000 0.097
52935.105756 z 18.566 0.041
#52935.106589 g -99.000 0.021
53313.096455 r 19.025 0.021
53313.097288 i 18.740 0.018
53313.098122 u 20.830 0.120
53313.098955 z 18.554 0.054
53313.099788 g 19.639 0.021
53622.205701 r 18.970 0.015
53622.206534 i 18.748 0.018
53622.207368 u 20.776 0.116
53622.208201 z 18.589 0.049
53622.209034 g 19.632 0.022
53625.201665 r 18.943 0.012
53625.202498 i 18.693 0.012
53625.203332 u 20.817 0.083
53625.204165 z 18.555 0.029
53625.204998 g 19.591 0.017
53634.155171 r 18.948 0.021
#53634.156004 i -99.000 0.028
53634.156838 u 21.110 0.301
53634.157671 z 18.593 0.049
#53634.158504 g -99.000 0.039
53636.160702 r 18.938 0.011
53636.161535 i 18.720 0.014
53636.162369 u 21.106 0.111
53636.163202 z 18.629 0.032
53636.164035 g 19.627 0.015
53655.132707 r 18.931 0.014
53655.133540 i 18.703 0.014
53655.134374 u 21.313 0.216
53655.135207 z 18.585 0.038
#53655.136040 g -99.000 0.026
53664.157667 r 18.950 0.016
53664.158500 i 18.708 0.016
53664.159334 u 21.017 0.171
53664.160167 z 18.632 0.042
53664.161000 g 19.593 0.024
53666.121267 r 18.940 0.011
53666.122100 i 18.711 0.013
53666.122934 u 20.944 0.075
53666.123767 z 18.494 0.033
53666.124600 g 19.596 0.013
53669.116906 r 18.958 0.011
53669.117739 i 18.707 0.013
53669.118573 u 20.959 0.077
53669.119406 z 18.559 0.033
53669.120239 g 19.601 0.014
53674.101141 r 18.937 0.012
53674.101974 i 18.728 0.015
53674.102808 u 20.813 0.092
53674.103641 z 18.573 0.046
#53674.104474 g -99.000 0.019
53676.190645 r 18.956 0.011
53676.191478 i 18.700 0.012
53676.192312 u 20.929 0.087
53676.193145 z 18.554 0.030
53676.193978 g 19.597 0.015
53679.162525 r 18.954 0.014
53679.163358 i 18.731 0.015
53679.164192 u 21.211 0.160
53679.165025 z 18.521 0.037
53679.165858 g 19.582 0.017
53681.154036 r 18.937 0.019
53681.154869 i 18.674 0.018
53681.155703 u 20.911 0.106
53681.156536 z 18.637 0.037
53681.157369 g 19.594 0.018
53685.113080 r 18.979 0.021
53685.113913 i 18.706 0.021
53685.114747 u 20.901 0.301
53685.115580 z 18.584 0.051
53685.116413 g 19.555 0.037
53687.151430 r 18.999 0.020
53687.152263 i 18.697 0.015
53687.153097 u 20.679 0.247
53687.153930 z 18.590 0.039
53687.154763 g 19.537 0.036
53694.126972 r 19.687 0.044
#53694.127805 i -99.000 0.046
#53694.128639 u 24.600 3.193
#53694.129472 z -99.000 0.178
53694.130305 g 20.341 0.071
53697.111059 r 18.922 0.066
53697.111892 i 18.538 0.056
53697.112726 u 20.381 0.326
53697.113559 z 18.425 0.189
53697.114392 g 19.486 0.066
#53700.110021 r -99.000 0.016
#53700.110854 i -99.000 0.036
#53700.111688 u -99.000 0.230
53700.112521 z 18.449 0.040
#53700.113354 g -99.000 0.028
53705.096691 r 18.924 0.014
53705.097524 i 18.704 0.016
53705.098358 u 21.013 0.111
53705.099191 z 18.551 0.040
53705.100024 g 19.573 0.018
53975.181685 r 18.921 0.015
53975.182519 i 18.694 0.018
53975.183352 u 21.006 0.098
53975.184185 z 18.576 0.043
53975.185019 g 19.599 0.018
53996.188404 r 18.950 0.014
53996.189238 i 18.686 0.017
53996.190071 u 21.277 0.116
53996.190904 z 18.571 0.029
53996.191738 g 19.627 0.017
53998.157041 r 18.950 0.016
53998.157875 i 18.682 0.018
53998.158708 u 21.159 0.132
53998.159541 z 18.567 0.033
53998.160375 g 19.597 0.019
54010.142516 r 18.970 0.014
54010.143349 i 18.710 0.016
54010.144182 u 20.942 0.118
54010.145016 z 18.573 0.029
54010.145849 g 19.581 0.023
54012.135383 r 18.952 0.022
54012.136216 i 18.678 0.022
54012.137050 u 20.473 0.221
54012.137883 z 18.594 0.043
54012.138716 g 19.628 0.037
54020.141445 r 18.954 0.012
54020.142278 i 18.682 0.013
54020.143111 u 20.867 0.138
54020.143945 z 18.588 0.031
54020.144778 g 19.576 0.019
54022.190619 r 18.934 0.019
54022.191452 i 18.741 0.025
54022.192286 u 20.710 0.196
54022.193119 z 18.560 0.048
#54022.193952 g -99.000 0.025
54028.131714 r 18.980 0.016
54028.132547 i 18.680 0.018
54028.133381 u 20.881 0.103
54028.134214 z 18.531 0.040
54028.135047 g 19.612 0.019
54030.134903 r 18.970 0.012
54030.135736 i 18.681 0.015
54030.136570 u 20.881 0.070
54030.137403 z 18.599 0.030
54030.138236 g 19.598 0.017
54032.124161 r 18.948 0.017
54032.124995 i 18.712 0.020
54032.125828 u 20.918 0.124
54032.126661 z 18.597 0.045
54032.127495 g 19.599 0.023
54034.194390 r 18.954 0.017
54034.195223 i 18.706 0.019
54034.196057 u 20.960 0.213
#54034.196890 z -99.000 0.048
54034.197723 g 19.622 0.021
54037.116138 r 18.940 0.015
54037.116972 i 18.757 0.023
54037.117805 u 20.834 0.118
54037.118638 z 18.545 0.032
54037.119472 g 19.599 0.022
54040.130639 r 18.960 0.020
54040.131473 i 18.663 0.018
54040.132306 u 21.009 0.251
54040.133139 z 18.562 0.041
54040.133973 g 19.559 0.034
54050.115250 r 18.919 0.015
54050.116083 i 18.687 0.019
54050.116917 u 20.891 0.088
54050.117750 z 18.685 0.047
54050.118583 g 19.574 0.019
54053.121434 r 18.937 0.013
54053.122268 i 18.697 0.017
54053.123101 u 20.827 0.148
54053.123934 z 18.585 0.040
54053.124768 g 19.601 0.018
#54056.123146 r -99.000 0.023
54056.123980 i 18.706 0.028
54056.124813 u 20.787 0.145
54056.125646 z 18.458 0.063
54056.126480 g 19.569 0.033
54057.091824 r 18.946 0.018
54057.092658 i 18.695 0.018
54057.093491 u 20.946 0.089
54057.094324 z 18.626 0.040
54057.095158 g 19.585 0.018
54059.117365 r 18.974 0.015
54059.118199 i 18.686 0.014
54059.119032 u 20.860 0.087
54059.119865 z 18.602 0.035
54059.120699 g 19.607 0.020
54061.128436 r 18.920 0.017
54061.129270 i 18.670 0.019
54061.130103 u 20.768 0.103
54061.130936 z 18.517 0.044
#54061.131770 g -99.000 0.025
54062.122299 r 18.958 0.018
54062.123132 i 18.710 0.021
54062.123965 u 21.690 0.182
54062.124799 z 18.589 0.059
#54062.125632 g -99.000 0.025
54068.112251 r 18.923 0.040
54068.113085 i 18.741 0.026
54068.113918 u 21.581 0.464
#54068.114751 z -99.000 0.068
54068.115585 g 19.510 0.041
54357.160560 r 18.971 0.019
54357.161394 i 18.663 0.020
54357.162227 u 20.858 0.085
54357.163060 z 18.591 0.036
54357.163894 g 19.607 0.018
54365.158413 r 18.967 0.017
54365.159246 i 18.700 0.026
54365.160080 u 21.083 0.205
54365.160913 z 18.624 0.046
54365.161746 g 19.627 0.030
54385.208385 r 18.974 0.014
54385.209218 i 18.707 0.020
54385.210052 u 20.868 0.087
54385.210885 z 18.458 0.030
54385.211718 g 19.603 0.018
54387.208928 r 18.949 0.015
54387.209761 i 18.707 0.016
54387.210594 u 21.019 0.133
54387.211428 z 18.553 0.043
54387.212261 g 19.595 0.020
54392.203616 r 18.963 0.019
54392.204449 i 18.703 0.071
#54392.205282 u -99.000 0.135
54392.206116 z 18.604 0.051
54392.206949 g 19.669 0.030
54402.202077 r 18.937 0.022
54402.202911 i 18.677 0.021
54402.203744 u 20.865 0.277
54402.204577 z 18.553 0.041
#54402.205411 g -99.000 0.064
