51819.248822 r 19.437 0.015
51819.249655 i 19.246 0.016
51819.250489 u 20.968 0.118
51819.251322 z 19.181 0.056
51819.252155 g 19.901 0.018
52172.264405 r 19.437 0.015
52172.265238 i 19.204 0.016
52172.266072 u 21.122 0.120
52172.266905 z 19.182 0.054
52172.267738 g 19.862 0.017
52558.214098 r 19.402 0.017
52558.214931 i 19.259 0.020
52558.215765 u 21.568 0.247
52558.216598 z 19.124 0.061
52558.217431 g 19.903 0.021
52576.126355 r 19.513 0.022
52576.127188 i 19.202 0.017
52576.128022 u 20.874 0.097
52576.128855 z 19.834 0.169
52576.129688 g 19.978 0.024
52577.101588 r 19.617 0.020
52577.102421 i 19.193 0.019
52577.103255 u 21.008 0.112
52577.104088 z 19.143 0.067
52577.104921 g 19.895 0.018
52930.114919 r 19.427 0.014
52930.115752 i 19.200 0.014
52930.116586 u 21.040 0.093
52930.117419 z 19.054 0.040
52930.118252 g 19.899 0.015
52931.115749 r 19.479 0.015
52931.116582 i 19.201 0.015
52931.117416 u 20.999 0.095
52931.118249 z 19.088 0.044
52931.119082 g 19.870 0.016
52935.112713 r 19.263 0.020
52935.113546 i 18.998 0.020
52935.114380 u 21.293 0.221
52935.115213 z 18.973 0.074
52935.116046 g 19.727 0.021
53313.105915 r 19.422 0.022
53313.106748 i 19.253 0.025
53313.107582 u 22.072 0.418
53313.108415 z 19.500 0.115
53313.109248 g 19.866 0.021
53622.215160 r 19.499 0.019
53622.215993 i 19.379 0.027
53622.216827 u 22.247 0.500
53622.217660 z 19.304 0.081
53622.218493 g 19.983 0.022
53625.211124 r 19.386 0.015
53625.211957 i 19.234 0.015
53625.212791 u 20.892 0.101
53625.213624 z 19.179 0.044
53625.214457 g 19.840 0.019
53636.170161 r 19.426 0.015
53636.170994 i 19.261 0.015
53636.171828 u 21.194 0.128
53636.172661 z 19.149 0.044
53636.173494 g 19.914 0.018
53655.142167 r 19.468 0.030
53655.143000 i 19.339 0.026
53655.143834 u 21.022 0.229
53655.144667 z 19.168 0.072
53655.145500 g 20.035 0.039
53664.167125 r 19.410 0.022
53664.167958 i 19.142 0.018
53664.168792 u 20.987 0.202
53664.169625 z 19.048 0.057
53664.170458 g 19.884 0.032
53666.130726 r 19.505 0.015
53666.131559 i 19.219 0.016
53666.132393 u 21.070 0.099
53666.133226 z 19.201 0.054
53666.134059 g 19.863 0.015
53669.126365 r 19.407 0.014
53669.127198 i 19.209 0.015
53669.128032 u 21.026 0.099
53669.128865 z 19.130 0.049
53669.129698 g 19.869 0.015
53674.110600 r 19.470 0.015
53674.111433 i 19.242 0.015
53674.112267 u 21.143 0.112
53674.113100 z 19.132 0.047
53674.113933 g 19.889 0.016
53676.200101 r 19.411 0.015
53676.200934 i 19.235 0.016
53676.201768 u 21.069 0.123
53676.202601 z 19.095 0.046
53676.203434 g 19.889 0.017
53679.171982 r 19.469 0.019
53679.172815 i 19.264 0.021
53679.173649 u 21.068 0.191
53679.174482 z 19.398 0.094
53679.175315 g 19.999 0.025
53681.163493 r 19.424 0.029
#53681.164326 i -99.000 0.125
#53681.165160 u -99.000 0.376
53681.165993 z 18.930 0.200
53681.166826 g 19.957 0.068
53685.122537 r 19.392 0.031
53685.123370 i 19.194 0.026
53685.124204 u 21.397 0.430
53685.125037 z 19.174 0.067
53685.125870 g 19.846 0.052
53687.160888 r 19.359 0.027
53687.161721 i 19.194 0.021
53687.162555 u 20.752 0.310
53687.163388 z 19.156 0.062
53687.164221 g 19.897 0.053
53697.120517 r 19.359 0.084
53697.121350 i 19.220 0.089
53697.122184 u 20.881 0.552
53697.123017 z 18.904 0.241
53697.123850 g 19.714 0.092
53700.119479 r 19.411 0.021
53700.120312 i 19.237 0.021
53700.121146 u 21.208 0.197
53700.121979 z 19.035 0.067
53700.122812 g 19.913 0.022
53705.106148 r 19.431 0.016
53705.106981 i 19.199 0.017
53705.107815 u 21.150 0.144
53705.108648 z 19.244 0.065
53705.109481 g 19.955 0.021
53975.191161 r 19.436 0.170
53975.191994 i 19.202 0.029
53975.192828 u 21.144 0.328
53975.193661 z 19.116 0.051
53975.194494 g 19.841 0.132
53996.197884 r 19.469 0.051
53996.198717 i 19.217 0.030
#53996.199550 u 22.515 1.675
53996.200384 z 19.190 0.045
53996.201217 g 19.849 0.047
53998.166504 r 19.431 0.192
53998.167337 i 19.216 0.023
53998.168171 u 21.065 0.128
53998.169004 z 19.146 0.043
53998.169837 g 19.885 0.222
54010.151975 r 19.496 0.025
54010.152808 i 19.213 0.020
54010.153641 u 21.035 0.150
54010.154475 z 19.101 0.044
54010.155308 g 19.864 0.027
54012.144817 r 19.384 0.042
54012.145650 i 19.198 0.034
54012.146484 u 21.315 0.400
54012.147317 z 18.944 0.058
54012.148150 g 19.847 0.045
54020.150799 r 19.375 0.018
54020.151632 i 19.235 0.037
54020.152466 u 21.007 0.097
54020.153299 z 19.229 0.048
54020.154132 g 19.856 0.025
54022.200083 r 19.408 0.148
54022.200916 i 19.258 0.032
54022.201749 u 21.665 0.323
#54022.202583 z -99.000 0.116
54022.203416 g 19.894 0.050
54028.141180 r 19.441 0.191
54028.142013 i 19.259 0.155
54028.142847 u 21.182 0.270
54028.143680 z 19.294 0.089
54028.144513 g 19.960 0.231
54030.144352 r 19.403 0.018
54030.145185 i 19.225 0.016
54030.146018 u 21.042 0.091
54030.146852 z 19.161 0.040
54030.147685 g 19.873 0.019
54032.133638 r 19.479 0.040
54032.134472 i 19.260 0.027
54032.135305 u 21.189 0.133
54032.136138 z 19.127 0.053
54032.136972 g 19.921 0.025
54034.203848 r 19.530 0.218
54034.204681 i 19.317 0.146
54034.205515 u 21.140 0.283
54034.206348 z 19.405 0.215
54034.207181 g 19.920 0.193
54037.125600 r 19.407 0.057
54037.126433 i 19.179 0.021
54037.127266 u 20.997 0.123
54037.128100 z 19.234 0.052
54037.128933 g 19.870 0.026
54040.140092 r 19.473 0.239
54040.140925 i 19.183 0.028
54040.141758 u 21.119 0.442
54040.142592 z 19.176 0.063
54040.143425 g 19.936 0.300
54050.124716 r 19.489 0.049
54050.125549 i 19.249 0.032
54050.126382 u 21.348 0.173
54050.127216 z 19.239 0.075
54050.128049 g 19.976 0.054
54053.130863 r 19.420 0.081
54053.131696 i 19.235 0.019
54053.132529 u 21.105 0.123
54053.133363 z 19.159 0.058
54053.134196 g 19.941 0.040
54056.132541 r 19.515 0.172
54056.133374 i 19.308 0.193
54056.134207 u 21.581 0.803
54056.135041 z 19.220 0.215
54056.135874 g 20.046 0.261
54057.101207 r 19.428 0.203
54057.102040 i 19.198 0.020
54057.102873 u 21.284 0.181
54057.103707 z 19.197 0.060
54057.104540 g 19.888 0.031
54059.126828 r 19.386 0.055
54059.127661 i 19.228 0.027
54059.128494 u 21.425 0.168
54059.129328 z 19.161 0.061
54059.130161 g 19.966 0.030
54061.137872 r 19.480 0.078
54061.138706 i 19.220 0.079
54061.139539 u 21.423 0.157
54061.140372 z 19.125 0.069
54061.141206 g 19.940 0.092
54062.131731 r 19.713 0.263
54062.132564 i 19.262 0.183
#54062.133397 u 22.066 1.397
54062.134231 z 19.849 0.354
54062.135064 g 20.373 0.326
54357.170050 r 19.418 0.033
54357.170883 i 19.181 0.098
54357.171717 u 21.153 0.107
54357.172550 z 19.115 0.049
54357.173383 g 19.867 0.025
54365.167881 r 19.492 0.125
54365.168714 i 19.271 0.193
54365.169547 u 21.394 0.381
54365.170381 z 19.341 0.117
54365.171214 g 20.038 0.233
54385.217847 r 19.423 0.053
54385.218680 i 19.243 0.021
54385.219514 u 21.040 0.134
54385.220347 z 19.175 0.059
54385.221180 g 19.869 0.042
54387.218348 r 19.435 0.188
54387.219181 i 19.245 0.137
54387.220014 u 21.045 0.250
54387.220848 z 19.120 0.098
54387.221681 g 19.948 0.224
54392.213077 r 19.441 0.175
54392.213910 i 19.322 0.189
54392.214743 u 20.773 0.221
54392.215577 z 19.185 0.135
54392.216410 g 20.018 0.197
54402.211552 r 19.527 0.050
54402.212385 i 19.315 0.069
54402.213219 u 21.385 1.000
54402.214052 z 19.170 0.059
54402.214885 g 19.833 0.136
