51819.253889 r 19.013 0.012
51819.254722 i 18.863 0.016
51819.255556 u 19.335 0.033
51819.256389 z 18.631 0.040
51819.257222 g 19.156 0.011
52172.269467 r 18.870 0.011
52172.270300 i 18.728 0.013
52172.271134 u 19.218 0.027
52172.271967 z 18.487 0.032
52172.272800 g 19.025 0.010
52558.219162 r 18.744 0.010
52558.219995 i 18.607 0.012
52558.220829 u 19.045 0.026
52558.221662 z 18.366 0.032
52558.222495 g 18.823 0.009
52576.131419 r 18.724 0.010
52576.132252 i 18.626 0.014
52576.133086 u 19.055 0.025
52576.133919 z 18.366 0.035
52576.134752 g 18.829 0.009
52577.106654 r 18.737 0.011
52577.107487 i 18.586 0.014
52577.108321 u 19.052 0.024
52577.109154 z 18.467 0.040
52577.109987 g 18.838 0.009
52930.119986 r 18.818 0.010
52930.120819 i 18.685 0.012
52930.121653 u 19.111 0.023
52930.122486 z 18.522 0.032
52930.123319 g 18.933 0.009
52931.120816 r 18.812 0.010
52931.121649 i 18.687 0.012
52931.122483 u 19.121 0.024
52931.123316 z 18.530 0.034
52931.124149 g 18.942 0.009
52935.117781 r 18.835 0.012
52935.118614 i 18.716 0.015
52935.119448 u 19.131 0.029
52935.120281 z 18.575 0.043
52935.121114 g 18.926 0.009
53313.110980 r 18.927 0.013
53313.111813 i 18.777 0.017
53313.112647 u 19.247 0.033
53313.113480 z 18.637 0.048
53313.114313 g 19.064 0.010
53622.220228 r 18.895 0.013
53622.221061 i 18.753 0.017
53622.221895 u 19.239 0.038
53622.222728 z 18.563 0.045
53622.223561 g 19.013 0.012
53625.216193 r 18.903 0.011
53625.217026 i 18.746 0.013
53625.217860 u 19.245 0.029
53625.218693 z 18.497 0.031
53625.219526 g 19.011 0.011
53634.169698 r 18.876 0.021
53634.170531 i 18.734 0.022
53634.171365 u 19.267 0.082
53634.172198 z 18.511 0.061
53634.173031 g 19.005 0.031
53636.175230 r 18.758 0.030
53636.176063 i 18.660 0.014
53636.176897 u 19.108 0.030
53636.177730 z 18.384 0.035
53636.178563 g 18.953 0.011
53655.147235 r 18.848 0.016
53655.148068 i 18.723 0.018
53655.148902 u 19.122 0.046
53655.149735 z 18.562 0.051
53655.150568 g 18.966 0.015
53664.172194 r 18.873 0.014
53664.173027 i 18.729 0.016
53664.173861 u 19.054 0.036
53664.174694 z 18.500 0.037
53664.175527 g 18.985 0.015
53666.135792 r 18.874 0.011
53666.136625 i 18.733 0.014
53666.137459 u 19.198 0.025
53666.138292 z 18.440 0.034
53666.139125 g 18.942 0.009
53669.131432 r 18.876 0.011
53669.132265 i 18.728 0.013
53669.133099 u 19.195 0.026
53669.133932 z 18.494 0.032
53669.134765 g 18.969 0.009
53674.115669 r 18.862 0.011
53674.116502 i 18.716 0.014
53674.117336 u 19.140 0.026
53674.118169 z 18.540 0.035
53674.119002 g 18.956 0.009
53676.205167 r 18.843 0.011
53676.206000 i 18.713 0.014
53676.206834 u 19.144 0.030
53676.207667 z 18.529 0.032
53676.208500 g 18.959 0.009
53679.177048 r 18.855 0.013
53679.177881 i 18.749 0.016
53679.178715 u 19.137 0.035
53679.179548 z 18.489 0.039
53679.180381 g 18.972 0.011
53681.168559 r 18.844 0.020
53681.169392 i 18.722 0.017
53681.170226 u 19.088 0.030
53681.171059 z 18.486 0.035
53681.171892 g 18.992 0.011
53685.127604 r 18.860 0.022
53685.128437 i 18.752 0.025
53685.129271 u 19.228 0.068
53685.130104 z 18.486 0.054
53685.130937 g 18.967 0.024
53687.165952 r 18.856 0.018
53687.166785 i 18.742 0.021
53687.167619 u 19.178 0.068
53687.168452 z 18.571 0.046
53687.169285 g 18.987 0.030
53694.141494 r 18.816 0.026
53694.142327 i 18.669 0.030
53694.143161 u 19.165 0.069
53694.143994 z 18.546 0.080
53694.144827 g 18.894 0.023
#53697.125584 r -99.000 0.108
53697.126417 i 18.525 0.131
53697.127251 u 18.944 0.211
53697.128084 z 18.444 0.295
53697.128917 g 18.914 0.076
53700.124545 r 18.861 0.014
53700.125378 i 18.657 0.016
53700.126212 u 19.077 0.032
53700.127045 z 18.460 0.041
53700.127878 g 18.953 0.010
53705.111214 r 18.854 0.012
53705.112047 i 18.705 0.015
53705.112881 u 19.186 0.033
53705.113714 z 18.535 0.040
53705.114547 g 18.949 0.010
53975.196213 r 19.012 0.015
53975.197047 i 18.806 0.018
53975.197880 u 19.503 0.034
53975.198713 z 18.652 0.041
53975.199547 g 19.177 0.015
53996.202932 r 19.002 0.015
53996.203765 i 18.850 0.015
53996.204598 u 19.421 0.036
53996.205432 z 18.568 0.032
53996.206265 g 19.214 0.016
53998.171575 r 19.015 0.014
53998.172409 i 18.826 0.018
53998.173242 u 19.462 0.030
53998.174075 z 18.580 0.034
53998.174909 g 19.201 0.013
54010.157048 r 18.989 0.016
54010.157881 i 18.871 0.020
54010.158714 u 19.421 0.042
54010.159548 z 18.557 0.036
54010.160381 g 19.226 0.017
54012.149881 r 19.000 0.027
54012.150714 i 18.863 0.030
54012.151547 u 19.500 0.068
54012.152381 z 18.726 0.073
54012.153214 g 19.252 0.028
54020.155867 r 19.035 0.013
54020.156701 i 18.859 0.017
54020.157534 u 19.437 0.033
54020.158367 z 18.616 0.038
54020.159201 g 19.244 0.015
54022.205180 r 19.026 0.021
54022.206013 i 18.849 0.021
54022.206847 u 19.430 0.044
54022.207680 z 18.595 0.042
54022.208513 g 19.275 0.016
54028.146246 r 19.040 0.018
54028.147080 i 18.868 0.019
54028.147913 u 19.585 0.048
54028.148746 z 18.634 0.048
54028.149580 g 19.240 0.019
54030.149419 r 19.031 0.013
54030.150253 i 18.833 0.017
54030.151086 u 19.379 0.032
54030.151919 z 18.538 0.031
54030.152753 g 19.246 0.015
54032.138707 r 18.980 0.019
#54032.139540 i -99.000 0.024
54032.140373 u 19.466 0.047
#54032.141207 z -99.000 0.057
54032.142040 g 19.246 0.018
54034.208957 r 19.030 0.019
54034.209790 i 18.854 0.023
54034.210624 u 19.502 0.056
54034.211457 z 18.489 0.057
54034.212290 g 19.221 0.017
54037.130660 r 19.017 0.016
54037.131493 i 18.818 0.019
54037.132327 u 19.413 0.037
54037.133160 z 18.604 0.035
54037.133993 g 19.247 0.018
54040.145147 r 19.041 0.022
54040.145981 i 18.863 0.026
54040.146814 u 19.352 0.055
54040.147647 z 18.512 0.043
54040.148481 g 19.201 0.025
54050.129781 r 19.030 0.018
54050.130614 i 18.907 0.024
54050.131447 u 19.402 0.039
54050.132281 z 18.669 0.049
54050.133114 g 19.165 0.017
54053.135929 r 19.018 0.015
54053.136762 i 18.817 0.016
54053.137596 u 19.398 0.035
54053.138429 z 18.595 0.041
54053.139262 g 19.205 0.015
54056.137617 r 19.019 0.023
54056.138450 i 18.814 0.026
54056.139283 u 19.356 0.053
#54056.140117 z -99.000 0.063
54056.140950 g 19.147 0.022
54057.106261 r 18.981 0.016
54057.107095 i 18.845 0.020
54057.107928 u 19.367 0.035
54057.108761 z 18.686 0.041
54057.109595 g 19.213 0.017
54059.131891 r 18.993 0.018
54059.132724 i 18.875 0.020
54059.133558 u 19.427 0.041
54059.134391 z 18.713 0.042
54059.135224 g 19.171 0.019
54061.142939 r 18.997 0.023
#54061.143772 i -99.000 0.030
54061.144606 u 19.375 0.048
54061.145439 z 18.563 0.047
54061.146272 g 19.174 0.017
54062.136797 r 18.985 0.023
54062.137631 i 18.867 0.024
54062.138464 u 19.291 0.046
54062.139297 z 18.660 0.057
54062.140131 g 19.172 0.020
54068.126786 r 18.952 0.028
54068.127619 i 18.816 0.060
54068.128452 u 19.381 0.113
54068.129286 z 18.526 0.069
54068.130119 g 19.191 0.041
54357.175114 r 18.889 0.019
54357.175947 i 18.736 0.018
54357.176781 u 19.269 0.029
54357.177614 z 18.576 0.035
54357.178447 g 18.994 0.016
54365.172954 r 18.881 0.021
54365.173788 i 18.747 0.021
54365.174621 u 19.267 0.048
54365.175454 z 18.578 0.045
54365.176288 g 19.006 0.022
54385.222925 r 18.922 0.014
54385.223758 i 18.756 0.018
54385.224591 u 19.252 0.041
54385.225425 z 18.595 0.037
54385.226258 g 19.025 0.017
54387.223472 r 18.899 0.017
54387.224305 i 18.782 0.018
54387.225139 u 19.331 0.043
54387.225972 z 18.641 0.040
54387.226805 g 19.023 0.017
54392.218225 r 18.908 0.018
54392.219058 i 18.777 0.039
54392.219891 u 19.247 0.054
54392.220725 z 18.571 0.041
54392.221558 g 19.008 0.024
54402.216590 r 18.908 0.021
54402.217423 i 18.810 0.024
54402.218256 u 19.272 0.062
54402.219090 z 18.576 0.040
54402.219923 g 19.071 0.021
