51081.323073 r 16.385 0.004
51081.323906 i 16.234 0.005
51081.324740 u 18.052 0.014
51081.325573 z 16.172 0.008
51081.326406 g 16.822 0.005
51819.394217 r 16.390 0.004
51819.395050 i 16.248 0.004
51819.395884 u 18.068 0.016
51819.396717 z 16.184 0.008
51819.397550 g 16.818 0.004
52558.359503 r 16.399 0.004
52558.360336 i 16.248 0.004
52558.361170 u 18.050 0.015
52558.362003 z 16.170 0.008
52558.362836 g 16.825 0.004
52577.247009 r 16.392 0.004
52577.247842 i 16.238 0.004
52577.248676 u 18.054 0.014
52577.249509 z 16.196 0.007
52577.250342 g 16.818 0.004
52586.250486 r 16.395 0.004
52586.251319 i 16.255 0.005
52586.252153 u 18.072 0.014
52586.252986 z 16.181 0.008
52586.253819 g 16.811 0.004
52910.330966 r 16.383 0.007
52910.331799 i 16.244 0.007
52910.332633 u 18.039 0.015
52910.333466 z 16.177 0.009
52910.334299 g 16.828 0.008
52931.261170 r 16.393 0.004
52931.262003 i 16.246 0.004
#52931.262837 u -99.000 0.014
52931.263670 z 16.172 0.007
52931.264503 g 16.819 0.004
52935.258134 r 16.397 0.004
52935.258967 i 16.243 0.004
52935.259801 u 18.054 0.014
52935.260634 z 16.164 0.008
52935.261467 g 16.821 0.004
52959.201463 r 16.388 0.005
52959.202296 i 16.247 0.005
52959.203130 u 18.077 0.013
52959.203963 z 16.203 0.007
52959.204796 g 16.822 0.005
52963.181207 r 16.390 0.005
52963.182040 i 16.240 0.005
52963.182874 u 18.052 0.013
#52963.183707 z -99.000 0.007
52963.184540 g 16.824 0.005
53352.152274 r 16.393 0.004
53352.153107 i 16.260 0.004
53352.153941 u 18.099 0.015
53352.154774 z 16.206 0.008
53352.155607 g 16.829 0.004
53622.360572 r 16.381 0.004
53622.361405 i 16.242 0.004
53622.362239 u 18.036 0.017
53622.363072 z 16.179 0.008
53622.363905 g 16.823 0.004
53634.310042 r 16.400 0.004
53634.310875 i 16.245 0.004
53634.311709 u 18.085 0.027
53634.312542 z 16.187 0.008
53634.313375 g 16.817 0.005
53638.351377 r 16.398 0.004
53638.352210 i 16.242 0.004
53638.353044 u 18.030 0.016
53638.353877 z 16.191 0.008
53638.354710 g 16.818 0.004
53640.315413 r 16.390 0.004
53640.316246 i 16.245 0.004
53640.317080 u 18.052 0.016
53640.317913 z 16.210 0.008
53640.318746 g 16.816 0.004
53655.287584 r 16.400 0.004
53655.288417 i 16.236 0.004
53655.289251 u 18.048 0.016
53655.290084 z 16.159 0.008
53655.290917 g 16.818 0.004
53664.312541 r 16.394 0.004
53664.313374 i 16.248 0.005
53664.314208 u 18.053 0.020
53664.315041 z 16.185 0.008
53664.315874 g 16.817 0.005
53669.271785 r 16.399 0.005
53669.272618 i 16.245 0.005
#53669.273452 u -99.000 0.015
53669.274285 z 16.172 0.008
53669.275118 g 16.819 0.005
53671.356547 r 16.385 0.004
53671.357380 i 16.251 0.005
53671.358214 u 18.062 0.018
53671.359047 z 16.198 0.008
53671.359880 g 16.818 0.005
53674.256021 r 16.393 0.004
53674.256854 i 16.241 0.004
53674.257688 u 18.078 0.015
53674.258521 z 16.185 0.008
53674.259354 g 16.817 0.004
53676.345491 r 16.386 0.004
53676.346324 i 16.247 0.004
53676.347158 u 18.033 0.017
53676.347991 z 16.202 0.008
53676.348824 g 16.821 0.005
53679.317386 r 16.399 0.004
53679.318219 i 16.247 0.004
53679.319053 u 18.061 0.017
53679.319886 z 16.181 0.008
53679.320719 g 16.820 0.004
53681.308898 r 16.398 0.006
53681.309731 i 16.262 0.006
53681.310565 u 18.055 0.022
53681.311398 z 16.190 0.011
53681.312231 g 16.835 0.005
53685.267952 r 16.402 0.004
53685.268785 i 16.246 0.005
53685.269619 u 18.091 0.024
53685.270452 z 16.188 0.008
53685.271285 g 16.824 0.005
53694.281827 r 16.386 0.004
#53694.282660 i -99.000 0.005
53694.283494 u 18.076 0.031
53694.284327 z 16.179 0.010
53694.285160 g 16.803 0.005
53697.265924 r 16.394 0.004
53697.266757 i 16.244 0.005
53697.267591 u 18.022 0.017
53697.268424 z 16.185 0.008
53697.269257 g 16.827 0.005
53700.264882 r 16.402 0.004
53700.265715 i 16.248 0.004
53700.266549 u 18.059 0.020
53700.267382 z 16.173 0.009
53700.268215 g 16.832 0.004
53705.251551 r 16.395 0.004
53705.252384 i 16.251 0.004
53705.253218 u 18.056 0.016
53705.254051 z 16.188 0.007
53705.254884 g 16.821 0.004
53975.336556 r 16.385 0.011
53975.337389 i 16.251 0.013
53975.338223 u 18.021 0.015
53975.339056 z 16.189 0.016
53975.339889 g 16.830 0.041
53990.349368 r 17.067 0.068
53990.350201 i 17.827 0.323
#53990.351035 u 21.204 1.061
53990.351868 z 18.115 0.315
53990.352701 g 18.044 0.113
53990.349369 r 16.839 0.036
53990.350202 i 16.480 0.019
53990.351035 u 18.091 0.021
53990.351869 z 16.372 0.019
53990.352702 g 17.161 0.022
53994.359550 r 16.392 0.010
53994.360383 i 16.230 0.012
53994.361216 u 18.055 0.024
53994.362050 z 16.180 0.020
53994.362883 g 16.821 0.011
53996.343341 r 16.359 0.020
53996.344174 i 16.242 0.021
53996.345008 u 18.039 0.035
53996.345841 z 16.194 0.016
53996.346674 g 16.818 0.015
54010.297396 r 16.379 0.014
54010.298229 i 16.229 0.015
54010.299062 u 18.061 0.019
54010.299896 z 16.143 0.013
54010.300729 g 16.823 0.013
54012.290296 r 16.371 0.011
54012.291130 i 16.248 0.010
54012.291963 u 18.053 0.021
54012.292796 z 16.167 0.013
54012.293630 g 16.831 0.014
54020.296234 r 16.404 0.014
54020.297067 i 16.242 0.009
54020.297901 u 18.052 0.023
54020.298734 z 16.200 0.015
54020.299567 g 16.828 0.014
54024.377851 r 16.381 0.031
54024.378684 i 16.237 0.013
54024.379518 u 18.051 0.020
54024.380351 z 16.180 0.014
54024.381184 g 16.836 0.016
54028.366124 r 16.384 0.015
54028.366957 i 16.240 0.019
54028.367790 u 18.018 0.025
54028.368624 z 16.179 0.026
54028.369457 g 16.851 0.032
54030.289796 r 16.384 0.012
54030.290629 i 16.264 0.013
54030.291463 u 18.081 0.018
54030.292296 z 16.195 0.020
54030.293129 g 16.833 0.016
54035.365527 r 16.376 0.014
54035.366360 i 16.258 0.014
54035.367194 u 18.047 0.023
54035.368027 z 16.189 0.016
54035.368860 g 16.833 0.015
54037.271020 r 16.377 0.010
54037.271853 i 16.246 0.010
54037.272686 u 18.046 0.031
54037.273520 z 16.188 0.017
54037.274353 g 16.818 0.017
54040.285511 r 16.389 0.011
54040.286344 i 16.247 0.006
54040.287177 u 18.028 0.024
54040.288011 z 16.183 0.017
54040.288844 g 16.823 0.016
54049.312065 r 16.383 0.008
54049.312898 i 16.259 0.013
#54049.313732 u -99.000 0.032
54049.314565 z 16.157 0.016
54049.315398 g 16.806 0.021
54053.276288 r 16.385 0.012
54053.277121 i 16.238 0.014
54053.277955 u 18.052 0.039
54053.278788 z 16.179 0.016
54053.279621 g 16.846 0.015
54056.277948 r 16.396 0.016
54056.278781 i 16.319 0.056
54056.279615 u 18.055 0.056
54056.280448 z 16.170 0.027
54056.281281 g 16.855 0.022
54059.272231 r 16.356 0.031
54059.273064 i 16.237 0.023
54059.273897 u 18.042 0.021
54059.274731 z 16.193 0.014
54059.275564 g 16.855 0.025
54061.283344 r 16.409 0.014
54061.284177 i 16.258 0.014
54061.285011 u 18.052 0.017
54061.285844 z 16.185 0.023
54061.286677 g 16.812 0.016
54062.277119 r 16.390 0.016
54062.277953 i 16.244 0.015
54062.278786 u 18.052 0.040
54062.279619 z 16.193 0.016
54062.280453 g 16.836 0.016
54068.257700 r 16.414 0.015
54068.258534 i 16.243 0.013
54068.259367 u 18.072 0.023
54068.260200 z 16.188 0.017
54068.261034 g 16.801 0.013
54357.315455 r 16.414 0.020
54357.316289 i 16.203 0.025
54357.317122 u 18.067 0.024
54357.317955 z 16.202 0.016
54357.318789 g 16.834 0.019
54359.347147 r 16.382 0.015
54359.347981 i 16.239 0.014
54359.348814 u 18.051 0.026
54359.349647 z 16.210 0.019
54359.350481 g 16.844 0.025
54362.365312 r 16.411 0.018
54362.366146 i 16.242 0.012
#54362.366979 u -99.000 0.021
54362.367812 z 16.192 0.019
54362.368646 g 16.823 0.017
54376.360387 r 16.393 0.019
54376.361221 i 16.253 0.011
54376.362054 u 18.048 0.020
54376.362887 z 16.183 0.016
54376.363721 g 16.823 0.014
54382.345496 r 16.377 0.025
54382.346329 i 16.250 0.014
54382.347163 u 18.068 0.025
54382.347996 z 16.199 0.015
54382.348829 g 16.822 0.026
54385.363250 r 16.378 0.017
54385.364084 i 16.249 0.015
54385.364917 u 18.010 0.016
54385.365750 z 16.194 0.019
54385.366584 g 16.835 0.034
54387.363778 r 16.375 0.019
54387.364612 i 16.258 0.012
54387.365445 u 18.016 0.028
54387.366278 z 16.171 0.019
54387.367112 g 16.805 0.015
54390.356197 r 16.390 0.010
54390.357031 i 16.217 0.029
#54390.357864 u -99.000 0.214
#54390.358697 z -99.000 0.012
#54390.359531 g -99.000 0.018
54391.364668 r 16.397 0.024
54391.365501 i 16.268 0.015
54391.366334 u 18.017 0.020
54391.367168 z 16.204 0.024
54391.368001 g 16.818 0.018
54392.358507 r 16.362 0.024
54392.359340 i 16.246 0.012
54392.360174 u 18.088 0.020
54392.361007 z 16.193 0.013
54392.361840 g 16.797 0.024
54402.357091 r 16.397 0.010
54402.357925 i 16.242 0.018
54402.358758 u 18.066 0.047
54402.359591 z 16.185 0.018
54402.360425 g 16.812 0.020
