51464.174814 r 18.588 0.009
51464.175647 i 17.914 0.008
51464.176481 u 22.166 0.234
51464.177314 z 17.567 0.019
51464.178147 g 19.912 0.017
52075.348035 r 18.607 0.009
52075.348868 i 17.928 0.008
52075.349702 u 23.281 0.664
52075.350535 z 17.553 0.016
52075.351368 g 19.926 0.019
52197.156689 r 18.606 0.009
52197.157522 i 17.939 0.008
52197.158356 u 22.169 0.212
52197.159189 z 17.565 0.017
52197.160022 g 19.928 0.016
52557.194536 r 18.610 0.009
52557.195369 i 17.922 0.008
52557.196203 u 22.031 0.250
52557.197036 z 17.545 0.019
52557.197869 g 19.870 0.017
52578.090613 r 18.603 0.009
52578.091446 i 17.911 0.008
52578.092280 u 22.946 0.438
52578.093113 z 17.542 0.016
52578.093946 g 19.935 0.016
52929.120840 r 18.606 0.009
52929.121673 i 17.926 0.008
52929.122507 u 22.583 0.341
52929.123340 z 17.581 0.017
52929.124173 g 19.967 0.018
52936.096923 r 18.603 0.009
52936.097756 i 17.933 0.008
52936.098590 u 22.722 0.280
52936.099423 z 17.539 0.016
52936.100256 g 19.925 0.015
53243.282134 r 18.604 0.011
53243.282967 i 17.937 0.009
#53243.283801 u 24.060 1.723
53243.284634 z 17.577 0.017
53243.285467 g 19.937 0.030
53270.160988 r 18.605 0.016
53270.161821 i 17.932 0.012
53270.162655 u 21.923 0.283
53270.163488 z 17.565 0.020
53270.164321 g 19.972 0.024
53272.210933 r 18.577 0.013
53272.211766 i 17.927 0.009
#53272.212600 u 23.543 1.965
53272.213433 z 17.539 0.017
53272.214266 g 19.928 0.037
53288.138137 r 18.581 0.009
53288.138970 i 17.934 0.008
53288.139804 u 22.465 0.381
53288.140637 z 17.549 0.017
53288.141470 g 19.916 0.018
53302.133806 r 18.604 0.012
53302.134639 i 17.948 0.009
53302.135473 u 22.514 0.696
53302.136306 z 17.551 0.016
53302.137139 g 19.872 0.031
53312.089338 r 18.579 0.012
53312.090171 i 17.924 0.014
53312.091005 u 21.544 0.181
53312.091838 z 17.522 0.024
53312.092671 g 19.914 0.021
53314.090533 r 18.582 0.010
53314.091366 i 17.920 0.008
53314.092200 u 22.872 0.519
53314.093033 z 17.562 0.019
53314.093866 g 19.925 0.017
53623.185118 r 18.608 0.010
53623.185951 i 17.927 0.008
53623.186785 u 21.973 0.213
53623.187618 z 17.557 0.017
53623.188451 g 19.940 0.018
53626.171330 r 18.592 0.011
53626.172163 i 17.937 0.009
53626.172997 u 21.629 0.265
53626.173830 z 17.552 0.017
53626.174663 g 19.905 0.028
53628.156195 r 18.588 0.016
53628.157028 i 17.926 0.011
#53628.157862 u 24.210 3.783
53628.158695 z 17.512 0.020
53628.159528 g 19.862 0.048
53637.157807 r 18.589 0.011
53637.158640 i 17.897 0.009
53637.159474 u 21.955 0.331
53637.160307 z 17.532 0.021
53637.161140 g 19.927 0.021
53644.150257 r 18.592 0.012
53644.151090 i 17.943 0.012
53644.151924 u 22.252 0.248
53644.152757 z 17.575 0.024
53644.153590 g 19.934 0.022
53654.184879 r 18.602 0.011
53654.185712 i 17.945 0.009
53654.186546 u 22.316 0.467
53654.187379 z 17.599 0.023
#53654.188212 g -99.000 0.040
53656.132469 r 18.587 0.017
53656.133302 i 17.928 0.011
#53656.134136 u 23.951 3.575
53656.134969 z 17.584 0.025
53656.135802 g 19.899 0.050
53665.123747 r 18.608 0.013
53665.124580 i 17.941 0.011
53665.125414 u 23.002 0.670
53665.126247 z 17.589 0.024
53665.127080 g 19.924 0.025
53668.135379 r 18.606 0.010
53668.136212 i 17.934 0.009
53668.137046 u 22.262 0.322
53668.137879 z 17.557 0.021
53668.138712 g 19.934 0.018
53670.140232 r 18.632 0.011
53670.141065 i 17.932 0.010
53670.141899 u 22.761 0.652
53670.142732 z 17.582 0.024
53670.143565 g 19.937 0.021
53673.108216 r 18.590 0.010
53673.109049 i 17.935 0.008
53673.109883 u 22.258 0.275
53673.110716 z 17.596 0.018
53673.111549 g 19.918 0.016
53675.105104 r 18.596 0.010
53675.105937 i 17.950 0.008
53675.106771 u 22.548 0.335
53675.107604 z 17.521 0.017
53675.108437 g 19.946 0.016
53677.126136 r 18.605 0.010
53677.126969 i 17.935 0.008
53677.127803 u 22.304 0.272
53677.128636 z 17.562 0.016
53677.129469 g 19.955 0.016
53680.112802 r 18.601 0.010
53680.113635 i 17.919 0.008
53680.114469 u 22.500 0.386
53680.115302 z 17.549 0.017
53680.116135 g 19.933 0.018
53686.179513 r 18.574 0.021
53686.180346 i 17.913 0.015
53686.181180 u 20.736 0.449
53686.182013 z 17.511 0.030
53686.182846 g 19.984 0.088
53693.114705 r 18.618 0.012
53693.115538 i 17.927 0.009
53693.116372 u 22.051 0.414
53693.117205 z 17.588 0.018
53693.118038 g 19.889 0.031
53702.110385 r 18.603 0.013
53702.111219 i 17.927 0.012
53702.112052 u 22.439 0.543
53702.112885 z 17.517 0.024
53702.113719 g 19.910 0.023
53703.119519 r 19.312 0.045
53703.120352 i 18.253 0.024
#53703.121186 u 22.900 1.196
53703.122019 z 17.843 0.036
53703.122852 g 21.450 0.157
53704.098032 r 18.601 0.010
53704.098865 i 17.894 0.008
53704.099699 u 22.139 0.300
53704.100532 z 17.562 0.018
53704.101365 g 19.910 0.018
53974.185987 r 18.604 0.014
53974.186820 i 17.937 0.012
53974.187654 u 23.223 0.513
53974.188487 z 17.570 0.021
53974.189320 g 19.929 0.017
53989.194077 r 18.600 0.012
53989.194910 i 17.943 0.013
53989.195744 u 22.114 0.290
53989.196577 z 17.593 0.022
53989.197410 g 19.911 0.023
53995.183326 r 18.609 0.013
53995.184160 i 17.929 0.012
53995.184993 u 22.249 0.243
53995.185826 z 17.538 0.018
53995.186660 g 19.911 0.017
53997.161700 r 18.625 0.014
53997.162533 i 17.945 0.017
53997.163366 u 22.950 0.617
53997.164200 z 17.537 0.035
53997.165033 g 19.949 0.020
54005.133561 r 18.601 0.009
54005.134394 i 17.933 0.010
54005.135227 u 22.486 0.279
54005.136061 z 17.563 0.020
54005.136894 g 19.926 0.016
54007.146299 r 18.616 0.013
54007.147132 i 17.945 0.012
54007.147966 u 22.764 0.442
54007.148799 z 17.579 0.022
54007.149632 g 19.933 0.024
54009.143410 r 18.626 0.014
54009.144243 i 17.927 0.019
54009.145076 u 22.548 0.460
54009.145910 z 17.534 0.021
54009.146743 g 19.954 0.023
54011.207915 r 18.633 0.016
54011.208748 i 17.988 0.022
#54011.209581 u 25.209 7.168
54011.210415 z 17.627 0.028
54011.211248 g 19.952 0.033
54019.158109 r 18.613 0.016
54019.158942 i 17.946 0.011
54019.159775 u 22.322 0.295
54019.160609 z 17.580 0.017
54019.161442 g 19.948 0.020
54025.206939 r 18.617 0.018
54025.207772 i 17.906 0.021
54025.208605 u 22.691 0.516
54025.209439 z 17.563 0.020
54025.210272 g 19.924 0.020
54029.137269 r 18.607 0.010
54029.138102 i 17.926 0.016
54029.138936 u 22.610 0.300
54029.139769 z 17.563 0.017
54029.140602 g 19.901 0.017
54051.113849 r 18.674 0.050
54051.114682 i 17.942 0.042
#54051.115515 u -99.000 1.161
#54051.116349 z -99.000 0.106
54051.117182 g 19.870 0.108
54356.215432 r 18.589 0.013
54356.216265 i 17.913 0.019
54356.217098 u 22.607 0.469
54356.217932 z 17.574 0.025
54356.218765 g 19.972 0.021
54358.160482 r 18.600 0.011
54358.161315 i 17.945 0.023
54358.162148 u 22.817 0.587
54358.162982 z 17.534 0.020
54358.163815 g 19.906 0.025
54373.192576 r 18.617 0.015
54373.193409 i 17.939 0.026
54373.194242 u 22.191 0.504
54373.195076 z 17.535 0.022
54373.195909 g 19.932 0.035
54381.205280 r 18.614 0.018
54381.206113 i 17.924 0.014
#54381.206946 u 99.990 99.999
54381.207780 z 17.549 0.026
54381.208613 g 19.915 0.017
54382.202666 r 18.603 0.014
54382.203500 i 17.927 0.013
54382.204333 u 22.892 0.864
54382.205166 z 17.541 0.023
54382.206000 g 19.953 0.019
54383.208411 r 18.595 0.012
54383.209244 i 17.910 0.015
54383.210077 u 22.411 0.461
54383.210911 z 17.541 0.027
54383.211744 g 19.947 0.026
54386.205450 r 18.608 0.012
54386.206283 i 17.956 0.013
54386.207117 u 22.310 0.250
54386.207950 z 17.549 0.020
54386.208783 g 19.938 0.018
54388.209694 r 18.611 0.015
54388.210528 i 17.914 0.012
54388.211361 u 22.594 0.460
54388.212194 z 17.518 0.021
54388.213028 g 19.923 0.021
54403.123469 r 18.605 0.012
54403.124302 i 17.959 0.018
54403.125135 u 22.625 0.276
54403.125969 z 17.564 0.018
54403.126802 g 19.916 0.017
54406.117305 r 18.628 0.014
54406.118138 i 17.945 0.014
54406.118971 u 22.247 0.222
54406.119805 z 17.555 0.021
54406.120638 g 19.886 0.019
54412.120231 r 18.593 0.014
54412.121064 i 17.931 0.011
54412.121897 u 23.098 0.538
54412.122731 z 17.584 0.018
54412.123564 g 19.938 0.018
54415.157789 r 18.609 0.010
54415.158623 i 17.947 0.013
54415.159456 u 21.958 0.195
54415.160289 z 17.576 0.019
54415.161123 g 19.942 0.020
