51819.244756 r 18.571 0.009
51819.245589 i 17.529 0.007
51819.246423 u 23.327 0.692
51819.247256 z 16.985 0.012
51819.248089 g 19.992 0.018
52172.260327 r 18.615 0.009
52172.261160 i 17.581 0.007
52172.261994 u 22.824 0.415
52172.262827 z 17.002 0.012
52172.263660 g 20.047 0.018
52558.210034 r 18.690 0.012
52558.210867 i 17.611 0.007
52558.211701 u 22.007 0.272
52558.212534 z 17.014 0.013
52558.213367 g 20.162 0.021
52576.122291 r 18.600 0.009
52576.123124 i 17.537 0.007
52576.123958 u 22.690 0.403
52576.124791 z 16.995 0.012
52576.125624 g 20.007 0.021
52577.097523 r 18.563 0.010
52577.098356 i 17.568 0.007
52577.099190 u 22.930 0.472
52577.100023 z 16.982 0.013
52577.100856 g 20.098 0.019
52930.110854 r 18.554 0.009
52930.111687 i 17.531 0.007
52930.112521 u 22.260 0.207
52930.113354 z 16.984 0.011
52930.114187 g 19.968 0.015
52931.111685 r 18.576 0.009
52931.112518 i 17.527 0.007
52931.113352 u 22.890 0.390
52931.114185 z 16.989 0.011
52931.115018 g 20.071 0.018
52935.108649 r 18.612 0.010
52935.109482 i 17.569 0.007
52935.110316 u 23.109 0.771
52935.111149 z 17.067 0.014
52935.111982 g 20.182 0.025
53313.101850 r 18.735 0.012
53313.102683 i 17.618 0.008
#53313.103517 u 24.831 1.800
53313.104350 z 17.013 0.016
53313.105183 g 20.605 0.042
53622.211098 r 18.606 0.011
53622.211931 i 17.575 0.008
#53622.212765 u 23.711 1.512
53622.213598 z 17.054 0.016
53622.214431 g 20.214 0.028
53625.207062 r 18.566 0.010
53625.207895 i 17.523 0.007
53625.208729 u 22.297 0.316
53625.209562 z 16.990 0.011
53625.210395 g 19.972 0.020
53634.160567 r 18.779 0.021
53634.161400 i 17.706 0.013
#53634.162234 u 22.666 1.363
53634.163067 z 17.138 0.018
53634.163900 g 20.442 0.082
53636.166098 r 18.598 0.009
53636.166931 i 17.718 0.007
53636.167765 u 22.314 0.276
53636.168598 z 17.006 0.012
53636.169431 g 19.970 0.018
53655.138104 r 18.672 0.013
53655.138937 i 17.543 0.007
53655.139771 u 21.777 0.431
53655.140604 z 16.999 0.014
53655.141437 g 20.092 0.042
53664.163063 r 18.644 0.011
53664.163896 i 17.602 0.007
53664.164730 u 21.870 0.372
53664.165563 z 17.030 0.012
53664.166396 g 20.168 0.035
53666.126664 r 18.636 0.010
53666.127497 i 17.568 0.008
53666.128331 u 22.703 0.302
53666.129164 z 17.024 0.012
53666.129997 g 20.015 0.016
53676.196038 r 18.554 0.009
53676.196871 i 17.429 0.007
53676.197705 u 22.349 0.289
53676.198538 z 16.986 0.011
53676.199371 g 20.265 0.021
53679.167919 r 18.635 0.011
53679.168752 i 17.573 0.007
53679.169586 u 21.728 0.268
53679.170419 z 17.022 0.013
53679.171252 g 20.159 0.025
53681.159432 r 18.579 0.010
53681.160265 i 17.589 0.008
53681.161099 u 22.207 0.313
53681.161932 z 16.976 0.012
53681.162765 g 19.999 0.025
53685.118474 r 18.648 0.016
53685.119307 i 17.586 0.008
53685.120141 u 21.286 0.342
53685.120974 z 16.990 0.014
53685.121807 g 19.962 0.053
53694.132366 r 18.795 0.021
53694.133199 i 17.656 0.011
#53694.134033 u 22.412 1.008
53694.134866 z 17.003 0.019
53694.135699 g 20.376 0.071
53697.116454 r 18.551 0.040
53697.117287 i 17.541 0.021
#53697.118121 u 22.425 1.322
#53697.118954 z -99.000 0.044
53697.119787 g 20.004 0.071
53705.102085 r 18.566 0.010
53705.102918 i 17.549 0.007
53705.103752 u 22.771 0.499
53705.104585 z 17.002 0.012
53705.105418 g 20.117 0.021
53975.187078 r 18.570 0.014
53975.187912 i 17.512 0.013
53975.188745 u 22.464 0.359
53975.189578 z 17.009 0.018
53975.190412 g 20.172 0.033
53996.193798 r 18.568 0.011
53996.194631 i 17.582 0.012
53996.195465 u 22.963 0.436
53996.196298 z 17.005 0.016
53996.197131 g 20.087 0.021
53998.162446 r 18.553 0.011
53998.163279 i 17.607 0.017
53998.164112 u 22.566 0.271
53998.164946 z 17.006 0.017
53998.165779 g 20.218 0.058
54010.147909 r 18.596 0.015
54010.148742 i 17.559 0.018
54010.149576 u 22.781 0.650
54010.150409 z 16.992 0.024
54010.151242 g 19.983 0.026
54012.140795 r 18.546 0.016
54012.141629 i 17.494 0.019
#54012.142462 u 22.963 1.560
54012.143295 z 17.017 0.020
54012.144129 g 20.001 0.062
54020.146748 r 18.587 0.043
54020.147581 i 17.584 0.014
54020.148415 u 22.357 0.334
54020.149248 z 17.013 0.018
54020.150081 g 20.023 0.105
54022.196018 r 18.575 0.046
#54022.196851 i -99.000 0.022
54022.197684 u 21.539 0.244
54022.198518 z 17.027 0.018
#54022.199351 g -99.000 0.052
54028.137106 r 18.696 0.028
54028.137940 i 17.503 0.038
54028.138773 u 21.658 0.201
54028.139606 z 17.005 0.023
54028.140440 g 19.989 0.065
54037.121552 r 18.581 0.015
54037.122385 i 17.546 0.016
#54037.123218 u 23.392 1.072
54037.124052 z 16.998 0.018
54037.124885 g 19.879 0.032
54040.136053 r 18.565 0.017
54040.136886 i 17.547 0.012
#54040.137719 u 23.581 2.266
54040.138553 z 16.997 0.017
54040.139386 g 20.001 0.044
54053.126804 r 18.580 0.016
54053.127637 i 17.556 0.012
54053.128470 u 23.067 0.689
54053.129304 z 16.975 0.018
54053.130137 g 20.105 0.029
54056.128484 r 18.617 0.049
#54056.129317 i -99.000 0.047
54056.130150 u 22.159 0.568
54056.130984 z 16.996 0.030
#54056.131817 g -99.000 0.310
54059.122789 r 18.598 0.015
54059.123622 i 17.552 0.015
54059.124456 u 21.975 0.285
54059.125289 z 17.007 0.017
54059.126122 g 20.043 0.026
54061.133817 r 18.596 0.019
54061.134651 i 17.545 0.019
54061.135484 u 22.689 0.406
54061.136317 z 17.001 0.018
54061.137151 g 20.191 0.036
54062.127679 r 18.913 0.038
54062.128512 i 17.663 0.019
#54062.129345 u 30.109 99.999
54062.130179 z 17.137 0.025
#54062.131012 g 32.559 99.999
#54068.117654 r -99.000 0.045
54068.118488 i 17.653 0.021
54068.119321 u 21.288 0.469
54068.120154 z 17.139 0.028
54068.120988 g 20.155 0.101
54365.163830 r 18.626 0.022
54365.164663 i 17.596 0.017
#54365.165496 u 99.989 99.999
54365.166330 z 17.024 0.020
54365.167163 g 20.104 0.054
54385.213807 r 18.622 0.014
54385.214641 i 17.531 0.014
54385.215474 u 22.364 0.324
54385.216307 z 16.984 0.025
54385.217141 g 20.060 0.027
54387.214304 r 18.651 0.016
54387.215137 i 17.519 0.013
54387.215971 u 21.995 0.312
54387.216804 z 17.006 0.019
54387.217637 g 20.252 0.034
54402.207467 r 18.566 0.020
54402.208301 i 17.564 0.016
#54402.209134 u 22.894 5.485
54402.209967 z 16.995 0.020
54402.210801 g 19.935 0.047
