51819.233303 r 20.682 0.037
51819.234136 i 20.712 0.055
51819.234970 u 21.223 0.112
51819.235803 z 20.072 0.123
51819.236636 g 20.925 0.042
52172.248877 r 20.696 0.036
52172.249710 i 20.571 0.045
52172.250544 u 21.273 0.110
52172.251377 z 20.167 0.120
52172.252210 g 20.837 0.036
52558.198583 r 20.416 0.043
52558.199416 i 20.352 0.052
52558.200250 u 21.150 0.189
52558.201083 z 20.127 0.201
52558.201916 g 20.688 0.054
52576.110840 r 20.457 0.037
52576.111673 i 20.397 0.057
52576.112507 u 20.992 0.100
52576.113340 z 20.271 0.180
52576.114173 g 20.624 0.034
52577.086074 r 20.426 0.037
52577.086907 i 20.454 0.059
52577.087741 u 20.837 0.082
52577.088574 z 19.951 0.140
52577.089407 g 20.644 0.034
52930.099404 r 20.306 0.027
52930.100237 i 20.264 0.035
52930.101071 u 20.777 0.070
52930.101904 z 20.156 0.106
52930.102737 g 20.461 0.025
52931.100234 r 20.257 0.028
52931.101067 i 20.245 0.040
52931.101901 u 20.855 0.082
52931.102734 z 19.963 0.107
52931.103567 g 20.478 0.028
52935.097199 r 20.295 0.031
52935.098032 i 20.397 0.060
52935.098866 u 20.674 0.084
52935.099699 z 20.291 0.160
52935.100532 g 20.443 0.033
53313.090398 r 20.398 0.052
53313.091231 i 20.222 0.067
53313.092065 u 20.748 0.106
53313.092898 z 20.359 0.260
53313.093731 g 20.575 0.044
53622.199645 r 20.253 0.043
53622.200478 i 20.198 0.059
53622.201312 u 20.983 0.155
53622.202145 z 19.666 0.115
53622.202978 g 20.326 0.038
53625.195610 r 20.198 0.027
53625.196443 i 20.252 0.036
53625.197277 u 20.737 0.081
53625.198110 z 20.323 0.119
53625.198943 g 20.434 0.032
53634.149115 r 20.181 0.055
53634.149948 i 20.128 0.073
53634.150782 u 21.493 0.423
53634.151615 z 20.333 0.267
53634.152448 g 20.624 0.110
53636.154647 r 20.302 0.026
53636.155480 i 20.300 0.039
53636.156314 u 20.811 0.086
53636.157147 z 20.013 0.105
53636.157980 g 20.509 0.028
53655.126652 r 20.252 0.035
53655.127485 i 20.282 0.044
53655.128319 u 20.852 0.135
53655.129152 z 19.921 0.117
53655.129985 g 20.466 0.049
53657.214070 r 20.288 0.132
53657.214903 i 20.534 0.176
53657.215737 u 21.126 0.698
53657.216570 z 19.598 0.195
53657.217403 g 20.375 0.175
53664.151611 r 20.169 0.033
53664.152444 i 20.116 0.041
53664.153278 u 20.657 0.125
53664.154111 z 20.037 0.131
53664.154944 g 20.325 0.047
53666.115211 r 20.197 0.025
53666.116044 i 20.189 0.036
53666.116878 u 20.703 0.065
53666.117711 z 20.085 0.124
53666.118544 g 20.366 0.023
53669.110849 r 20.204 0.024
53669.111682 i 20.166 0.034
53669.112516 u 20.753 0.068
53669.113349 z 20.059 0.105
53669.114182 g 20.366 0.023
53674.095085 r 20.179 0.029
53674.095918 i 20.242 0.039
53674.096752 u 20.530 0.063
53674.097585 z 19.941 0.103
53674.098418 g 20.374 0.026
53676.184590 r 20.181 0.024
53676.185423 i 20.208 0.033
53676.186257 u 20.632 0.069
53676.187090 z 20.100 0.113
53676.187923 g 20.369 0.025
53685.107024 r 20.010 0.065
53685.107857 i 20.052 0.090
53685.108691 u 20.156 0.191
53685.109524 z 19.947 0.207
53685.110357 g 20.269 0.100
53687.145375 r 20.230 0.048
53687.146208 i 20.181 0.051
53687.147042 u 21.189 0.371
53687.147875 z 20.028 0.132
53687.148708 g 20.429 0.073
53700.103966 r 20.164 0.029
53700.104799 i 20.213 0.047
53700.105633 u 20.669 0.093
53700.106466 z 19.878 0.133
#53700.107299 g -99.000 0.051
53705.090635 r 20.139 0.030
53705.091468 i 20.239 0.046
53705.092302 u 20.588 0.075
53705.093135 z 19.878 0.115
53705.093968 g 20.319 0.029
53975.175629 r 20.140 0.026
53975.176462 i 20.257 0.044
53975.177296 u 20.663 0.072
53975.178129 z 20.309 0.169
53975.178962 g 20.368 0.027
53996.182355 r 20.148 0.024
53996.183189 i 20.152 0.031
53996.184022 u 20.504 0.055
53996.184855 z 20.006 0.088
53996.185689 g 20.274 0.023
53998.150999 r 20.183 0.022
53998.151832 i 20.181 0.032
53998.152665 u 20.465 0.051
53998.153499 z 19.940 0.083
53998.154332 g 20.289 0.025
54005.188341 r 20.167 0.021
54005.189175 i 20.233 0.030
54005.190008 u 20.644 0.059
54005.190841 z 20.159 0.109
54005.191675 g 20.308 0.025
54010.136477 r 20.212 0.029
54010.137310 i 20.217 0.038
54010.138144 u 20.813 0.120
54010.138977 z 20.057 0.092
54010.139810 g 20.348 0.040
54020.135285 r 20.203 0.024
54020.136119 i 20.255 0.037
54020.136952 u 20.633 0.058
54020.137785 z 19.922 0.095
54020.138619 g 20.453 0.024
54022.184579 r 20.218 0.034
54022.185412 i 20.307 0.077
#54022.186246 u -99.000 0.231
#54022.187079 z -99.000 2.458
#54022.187912 g -99.000 0.157
54028.125650 r 20.245 0.031
54028.126483 i 20.343 0.054
54028.127317 u 20.910 0.109
54028.128150 z 19.896 0.118
54028.128983 g 20.544 0.044
54030.128840 r 20.291 0.022
54030.129673 i 20.361 0.033
54030.130506 u 20.854 0.073
54030.131340 z 19.986 0.086
54030.132173 g 20.464 0.024
54032.118102 r 20.300 0.041
54032.118935 i 20.357 0.049
54032.119768 u 20.836 0.101
54032.120602 z 20.118 0.167
54032.121435 g 20.522 0.036
54034.188336 r 20.307 0.047
54034.189169 i 20.214 0.064
54034.190002 u 20.836 0.137
#54034.190836 z -99.000 0.171
54034.191669 g 20.437 0.037
54037.110083 r 20.320 0.029
54037.110916 i 20.429 0.040
54037.111749 u 20.629 0.076
54037.112583 z 20.131 0.109
54037.113416 g 20.448 0.032
54040.124567 r 20.267 0.048
54040.125400 i 20.189 0.052
54040.126234 u 21.150 0.251
54040.127067 z 20.036 0.136
54040.127900 g 20.440 0.070
54050.109204 r 20.295 0.033
54050.110037 i 20.283 0.048
54050.110870 u 20.786 0.100
54050.111704 z 20.358 0.200
54050.112537 g 20.526 0.033
54053.115431 r 20.377 0.036
54053.116264 i 20.373 0.058
54053.117098 u 20.828 0.091
54053.117931 z 20.052 0.144
54053.118764 g 20.606 0.036
#54056.117056 r -99.000 0.089
#54056.117889 i -99.000 0.067
54056.118723 u 20.886 0.170
54056.119556 z 20.113 0.240
54056.120389 g 20.506 0.060
54057.085680 r 20.407 0.035
54057.086513 i 20.409 0.055
54057.087347 u 21.119 0.117
54057.088180 z 20.171 0.170
54057.089013 g 20.553 0.032
54059.111320 r 20.349 0.036
#54059.112153 i -99.000 0.076
54059.112987 u 20.667 0.179
#54059.113820 z -99.000 0.246
54059.114653 g 20.529 0.067
54061.122364 r 20.468 0.051
54061.123198 i 20.358 0.069
54061.124031 u 20.835 0.129
54061.124864 z 20.065 0.188
54061.125698 g 20.606 0.039
54062.116231 r 20.343 0.046
54062.117064 i 20.321 0.069
54062.117897 u 20.919 0.129
54062.118731 z 20.033 0.187
54062.119564 g 20.575 0.044
54068.106216 r 20.310 0.077
54068.107049 i 20.392 0.086
54068.107882 u 20.821 0.263
54068.108716 z 20.254 0.246
54068.109549 g 20.674 0.114
54357.154503 r 20.707 0.029
54357.155336 i 20.667 0.049
54357.156169 u 21.115 0.086
54357.157003 z 20.517 0.150
54357.157836 g 20.867 0.032
54365.152355 r 20.611 0.061
54365.153188 i 20.807 0.093
54365.154021 u 21.498 0.293
54365.154855 z 20.357 0.169
54365.155688 g 20.836 0.074
54385.202329 r 20.736 0.041
54385.203162 i 20.650 0.049
54385.203995 u 21.276 0.135
#54385.204829 z -99.000 0.161
54385.205662 g 20.859 0.040
54387.202833 r 20.791 0.049
54387.203666 i 20.621 0.064
54387.204500 u 21.069 0.155
54387.205333 z 20.133 0.146
54387.206166 g 20.921 0.047
54402.196026 r 20.705 0.071
54402.196859 i 20.660 0.074
54402.197692 u 21.680 0.622
54402.198526 z 20.170 0.146
54402.199359 g 21.095 0.125
