52075.343686 r 18.885 0.011
52075.344519 i 17.987 0.008
52075.345353 u 23.006 0.646
52075.346186 z 17.464 0.014
52075.347019 g 20.509 0.028
52197.152340 r 18.783 0.010
52197.153173 i 17.937 0.008
52197.154007 u 24.003 0.969
52197.154840 z 17.464 0.014
52197.155673 g 20.385 0.022
52557.190183 r 18.604 0.010
52557.191016 i 17.737 0.007
#52557.191850 u 25.084 1.536
52557.192683 z 17.322 0.015
52557.193516 g 19.906 0.020
52578.086262 r 18.754 0.010
52578.087095 i 17.866 0.007
#52578.087929 u 23.887 1.133
52578.088762 z 17.443 0.015
52578.089595 g 20.101 0.019
52929.116487 r 18.858 0.011
52929.117320 i 18.006 0.008
52929.118154 u 23.353 0.691
52929.118987 z 17.512 0.015
52929.119820 g 20.402 0.024
52934.096645 r 18.652 0.010
52934.097478 i 17.811 0.007
#52934.098312 u 23.718 1.220
52934.099145 z 17.391 0.014
52934.099978 g 20.098 0.022
52936.092569 r 18.840 0.011
52936.093402 i 18.176 0.009
52936.094236 u 23.492 0.633
52936.095069 z 17.451 0.014
52936.095902 g 20.612 0.025
53243.277780 r 18.689 0.012
53243.278613 i 17.865 0.008
#53243.279447 u 23.094 1.167
53243.280280 z 17.474 0.015
53243.281113 g 20.081 0.038
53270.156643 r 18.745 0.020
53270.157476 i 17.885 0.019
53270.158309 u 22.720 0.539
53270.159143 z 17.449 0.016
53270.159976 g 20.092 0.040
53272.206581 r 18.672 0.013
53272.207414 i 17.829 0.008
53272.208248 u 21.963 0.644
53272.209081 z 17.365 0.014
53272.209914 g 20.198 0.050
53288.133785 r 18.696 0.010
53288.134618 i 17.897 0.008
#53288.135452 u 24.059 1.554
53288.136285 z 17.452 0.016
53288.137118 g 20.125 0.023
53302.129454 r 18.825 0.013
53302.130287 i 18.030 0.009
53302.131121 u 21.837 0.439
53302.131954 z 17.459 0.015
53302.132787 g 20.280 0.044
53312.084983 r 18.753 0.024
53312.085816 i 17.883 0.022
#53312.086649 u 99.988 99.999
53312.087483 z 17.552 0.027
53312.088316 g 20.148 0.040
53314.086180 r 18.714 0.011
53314.087013 i 17.843 0.008
#53314.087847 u 24.268 1.498
53314.088680 z 17.403 0.017
53314.089513 g 20.150 0.021
53623.180764 r 18.773 0.010
53623.181597 i 18.065 0.008
#53623.182431 u 24.686 1.262
53623.183264 z 17.467 0.014
53623.184097 g 20.301 0.024
53626.166976 r 18.887 0.014
53626.167809 i 18.040 0.009
53626.168643 u 21.360 0.246
53626.169476 z 17.450 0.014
53626.170309 g 20.246 0.038
53628.151842 r 18.762 0.021
53628.152675 i 17.844 0.010
53628.153509 u 21.618 0.562
53628.154342 z 17.448 0.018
53628.155175 g 19.983 0.055
53637.153455 r 18.779 0.012
53637.154288 i 17.875 0.008
#53637.155122 u 23.823 1.662
53637.155955 z 17.620 0.022
53637.156788 g 20.311 0.030
53644.145909 r 18.818 0.017
53644.146743 i 17.997 0.019
#53644.147576 u 25.624 6.308
53644.148409 z 17.497 0.018
53644.149243 g 20.206 0.028
53654.180525 r 18.838 0.012
53654.181358 i 17.934 0.008
#53654.182192 u 23.269 1.003
53654.183025 z 17.472 0.016
53654.183858 g 20.331 0.036
53656.128117 r 18.692 0.019
53656.128950 i 17.880 0.010
53656.129784 u 27.202 0.974
53656.130617 z 17.527 0.022
53656.131450 g 20.325 0.074
53665.119393 r 18.736 0.027
53665.120226 i 17.901 0.015
53665.121060 u 22.335 0.739
53665.121893 z 17.435 0.027
53665.122726 g 20.231 0.038
53668.131026 r 18.713 0.012
53668.131859 i 17.888 0.009
#53668.132693 u 24.642 1.800
53668.133526 z 17.447 0.020
53668.134359 g 20.073 0.023
53670.135879 r 18.732 0.011
53670.136712 i 17.887 0.008
#53670.137546 u 25.287 1.603
53670.138379 z 17.530 0.020
53670.139212 g 20.170 0.027
53673.103861 r 18.855 0.011
53673.104694 i 17.947 0.008
#53673.105528 u 24.613 1.337
53673.106361 z 17.485 0.015
53673.107194 g 20.416 0.023
53675.100750 r 18.740 0.011
53675.101583 i 17.928 0.008
#53675.102417 u 24.683 1.386
53675.103250 z 17.430 0.015
53675.104083 g 20.220 0.021
53677.121783 r 18.847 0.011
53677.122616 i 18.062 0.008
#53677.123450 u 23.909 1.419
53677.124283 z 17.435 0.015
53677.125116 g 20.365 0.026
53680.108448 r 18.784 0.010
53680.109281 i 17.956 0.008
#53680.110115 u 24.612 1.536
53680.110948 z 17.449 0.014
53680.111781 g 20.165 0.022
53693.110352 r 18.733 0.015
53693.111185 i 17.866 0.009
#53693.112019 u 24.440 3.099
53693.112852 z 17.462 0.016
53693.113685 g 20.278 0.051
53702.106021 r 18.720 0.057
53702.106854 i 17.792 0.035
#53702.107688 u 23.673 2.269
53702.108521 z 17.526 0.030
53702.109354 g 20.166 0.082
53703.115155 r 18.724 0.070
53703.115989 i 17.818 0.038
#53703.116822 u 21.871 1.024
53703.117655 z 17.708 0.039
53703.118489 g 20.501 0.117
53704.093680 r 18.627 0.012
53704.094513 i 17.779 0.008
#53704.095347 u 24.528 2.013
53704.096180 z 17.380 0.017
53704.097013 g 20.006 0.024
53974.181636 r 18.786 0.018
53974.182469 i 17.975 0.016
53974.183302 u 22.041 0.262
53974.184136 z 17.559 0.023
53974.184969 g 20.452 0.039
53989.189739 r 18.825 0.017
53989.190572 i 17.956 0.019
53989.191406 u 22.208 0.380
53989.192239 z 17.460 0.021
53989.193072 g 20.292 0.037
53995.178974 r 18.769 0.019
53995.179807 i 17.953 0.017
#53995.180640 u 99.990 99.999
53995.181474 z 17.405 0.024
53995.182307 g 20.258 0.035
53997.157352 r 18.763 0.030
53997.158185 i 17.853 0.023
#53997.159018 u 99.995 99.999
#53997.159852 z -99.000 0.049
#53997.160685 g -99.000 0.050
54005.129213 r 18.843 0.021
54005.130047 i 18.115 0.023
#54005.130880 u 26.646 99.999
54005.131713 z 17.464 0.018
54005.132547 g 20.385 0.033
54007.141949 r 18.805 0.020
54007.142782 i 17.942 0.015
54007.143616 u 22.839 0.724
54007.144449 z 17.473 0.021
54007.145282 g 20.280 0.031
54009.139057 r 18.789 0.016
54009.139890 i 18.009 0.022
54009.140723 u 21.709 0.235
54009.141557 z 17.443 0.018
54009.142390 g 20.215 0.036
54011.203557 r 18.827 0.026
54011.204390 i 17.977 0.031
54011.205223 u 22.479 0.586
54011.206057 z 17.436 0.021
54011.206890 g 20.368 0.070
54019.153758 r 18.756 0.018
54019.154592 i 17.918 0.017
54019.155425 u 23.559 0.817
54019.156258 z 17.468 0.018
54019.157092 g 20.225 0.031
54025.202573 r 18.707 0.022
54025.203407 i 17.915 0.018
54025.204240 u 22.960 0.414
54025.205073 z 17.433 0.020
54025.205907 g 20.035 0.038
54029.132921 r 18.854 0.019
54029.133754 i 18.055 0.023
54029.134588 u 22.438 0.304
54029.135421 z 17.432 0.016
54029.136254 g 20.302 0.024
54051.109483 r 18.756 0.030
54051.110316 i 17.929 0.026
54051.111149 u 21.953 0.847
#54051.111983 z -99.000 0.050
#54051.112816 g 32.717 99.999
54356.211062 r 18.769 0.018
54356.211896 i 17.887 0.018
#54356.212729 u 99.999 99.999
54356.213562 z 17.495 0.022
54356.214396 g 20.211 0.038
54358.156123 r 18.746 0.017
54358.156957 i 17.960 0.018
#54358.157790 u 24.257 8.906
54358.158623 z 17.483 0.024
54358.159457 g 20.305 0.041
54373.188218 r 18.800 0.019
54373.189051 i 17.923 0.019
54373.189885 u 21.875 0.442
54373.190718 z 17.439 0.022
54373.191551 g 20.232 0.052
54381.200923 r 18.610 0.035
54381.201756 i 17.791 0.033
#54381.202589 u 23.599 5.480
54381.203423 z 17.551 0.034
54381.204256 g 19.673 0.087
54382.198318 r 18.958 0.040
54382.199152 i 18.021 0.028
#54382.199985 u 30.716 99.999
54382.200818 z 17.633 0.037
54382.201652 g 20.427 0.075
54383.204056 r 18.641 0.026
54383.204889 i 17.897 0.025
#54383.205722 u 31.118 99.999
54383.206556 z 17.520 0.027
54383.207389 g 19.933 0.046
54386.201077 r 18.848 0.023
54386.201910 i 18.057 0.025
#54386.202744 u 27.729 99.999
54386.203577 z 17.510 0.020
54386.204410 g 19.974 0.043
54388.205342 r 18.711 0.026
54388.206175 i 17.965 0.022
#54388.207009 u 99.990 99.999
54388.207842 z 17.460 0.020
54388.208675 g 20.142 0.051
54403.119115 r 18.805 0.018
54403.119949 i 18.000 0.022
#54403.120782 u 24.266 2.837
54403.121615 z 17.452 0.016
54403.122449 g 20.312 0.033
54406.112956 r 18.813 0.026
54406.113790 i 17.943 0.024
#54406.114623 u 24.228 1.288
54406.115456 z 17.444 0.026
54406.116290 g 20.174 0.036
54412.115876 r 18.764 0.024
54412.116709 i 17.890 0.022
#54412.117542 u 99.993 99.999
54412.118376 z 17.427 0.022
54412.119209 g 19.985 0.041
54415.153443 r 18.800 0.021
54415.154276 i 17.974 0.019
#54415.155110 u 24.408 2.270
54415.155943 z 17.481 0.019
54415.156776 g 20.278 0.053
