51819.245851 r 16.230 0.005
51819.246684 i 16.090 0.005
51819.247518 u 17.743 0.013
51819.248351 z 16.054 0.008
51819.249184 g 16.704 0.005
52172.261420 r 16.491 0.005
52172.262253 i 16.186 0.005
52172.263087 u 18.026 0.015
52172.263920 z 16.033 0.008
52172.264753 g 16.598 0.004
52558.211118 r 16.192 0.004
52558.211951 i 16.053 0.004
52558.212785 u 18.893 0.032
52558.213618 z 16.041 0.007
52558.214451 g 16.610 0.004
52576.123375 r 16.725 0.005
52576.124208 i 16.151 0.004
52576.125042 u 18.163 0.016
52576.125875 z 15.954 0.007
52576.126708 g 16.638 0.004
52577.098608 r 16.396 0.004
52577.099441 i 16.168 0.005
52577.100275 u 17.936 0.013
52577.101108 z 15.995 0.007
52577.101941 g 16.601 0.004
52930.111939 r 16.210 0.005
52930.112772 i 16.070 0.006
52930.113606 u 17.791 0.012
52930.114439 z 16.049 0.008
52930.115272 g 16.607 0.005
52931.112769 r 16.220 0.004
52931.113602 i 16.059 0.005
52931.114436 u 17.743 0.012
52931.115269 z 16.070 0.008
52931.116102 g 16.612 0.004
53313.102935 r 16.247 0.004
53313.103768 i 16.081 0.004
53313.104602 u 17.801 0.014
53313.105435 z 16.011 0.008
53313.106268 g 16.616 0.004
53625.208146 r 16.377 0.006
53625.208979 i 16.048 0.006
53625.209813 u 17.876 0.013
53625.210646 z 16.084 0.008
53625.211479 g 16.607 0.005
#53634.161651 r -99.000 0.004
#53634.162484 i -99.000 0.004
53634.163318 u 18.682 0.043
#53634.164151 z -99.000 0.008
#53634.164984 g -99.000 0.005
53636.167183 r 16.206 0.005
53636.168016 i 16.048 0.005
53636.168850 u 17.672 0.012
53636.169683 z 16.085 0.008
53636.170516 g 16.602 0.005
53655.139188 r 16.210 0.004
53655.140021 i 15.993 0.004
53655.140855 u 17.712 0.016
53655.141688 z 15.989 0.008
53655.142521 g 16.580 0.004
53664.164148 r 16.423 0.004
53664.164981 i 16.083 0.005
53664.165815 u 17.886 0.016
53664.166648 z 16.045 0.007
53664.167481 g 16.616 0.004
53669.123388 r 16.180 0.005
53669.124221 i 16.065 0.006
53669.125055 u 17.799 0.012
53669.125888 z 16.037 0.008
53669.126721 g 16.628 0.005
53674.107623 r 16.202 0.004
53674.108456 i 16.047 0.005
53674.109290 u 17.819 0.013
53674.110123 z 16.076 0.008
53674.110956 g 16.602 0.004
53676.197123 r 16.215 0.005
53676.197956 i 16.089 0.006
53676.198790 u 17.815 0.014
53676.199623 z 16.073 0.008
53676.200456 g 16.621 0.005
53679.169003 r 16.203 0.004
53679.169836 i 16.083 0.004
53679.170670 u 17.767 0.015
53679.171503 z 15.992 0.007
53679.172336 g 16.579 0.004
53681.160517 r 16.730 0.006
53681.161350 i 16.222 0.006
53681.162184 u 17.758 0.015
53681.163017 z 15.967 0.009
#53681.163850 g -99.000 0.007
53685.119559 r 16.566 0.005
53685.120392 i 16.201 0.005
#53685.121226 u 24.476 3.890
53685.122059 z 15.996 0.008
53685.122892 g 16.664 0.005
53687.157909 r 16.792 0.005
53687.158742 i 16.122 0.004
53687.159576 u 18.158 0.029
53687.160409 z 16.060 0.008
53687.161242 g 17.318 0.007
#53694.133451 r -99.000 0.004
#53694.134284 i -99.000 0.004
53694.135118 u 17.864 0.021
#53694.135951 z -99.000 0.009
53694.136784 g 16.626 0.004
#53697.117539 r -99.000 0.008
53697.118372 i 15.988 0.008
53697.119206 u 17.670 0.037
#53697.120039 z -99.000 0.018
53697.120872 g 16.555 0.008
53705.103170 r 16.308 0.004
53705.104003 i 16.360 0.005
53705.104837 u 17.735 0.014
53705.105670 z 16.051 0.007
53705.106503 g 16.760 0.004
53975.188173 r 16.203 0.013
53975.189006 i 16.043 0.013
53975.189840 u 17.710 0.019
53975.190673 z 16.311 0.033
53975.191506 g 16.623 0.019
53996.194892 r 16.191 0.009
53996.195725 i 16.065 0.007
53996.196558 u 17.779 0.017
53996.197392 z 16.002 0.016
53996.198225 g 16.617 0.015
53998.163524 r 16.211 0.011
53998.164357 i 16.070 0.010
53998.165191 u 17.785 0.016
53998.166024 z 16.074 0.019
53998.166857 g 16.577 0.014
54010.149003 r 16.193 0.013
54010.149836 i 16.056 0.014
54010.150670 u 17.757 0.021
54010.151503 z 16.045 0.018
54010.152336 g 16.595 0.009
54012.141837 r 16.197 0.013
54012.142670 i 16.039 0.015
54012.143504 u 17.712 0.019
54012.144337 z 15.993 0.017
54012.145170 g 16.641 0.013
54020.147819 r 16.181 0.011
54020.148652 i 16.042 0.008
54020.149485 u 17.794 0.018
54020.150319 z 16.009 0.014
54020.151152 g 16.591 0.011
#54022.197107 r -99.000 0.015
54022.197940 i 16.078 0.012
54022.198774 u 18.104 0.044
#54022.199607 z -99.000 0.013
#54022.200440 g -99.000 0.012
54030.141376 r 16.186 0.007
54030.142209 i 16.039 0.012
54030.143042 u 17.801 0.018
54030.143876 z 16.026 0.016
54030.144709 g 16.596 0.009
54032.130908 r 17.278 0.127
#54032.131741 i -99.000 0.018
54032.132574 u 17.779 0.019
#54032.133408 z -99.000 0.017
#54032.134241 g -99.000 0.017
54034.200873 r 16.354 0.015
#54034.201706 i -99.000 0.009
#54034.202539 u -99.000 0.038
#54034.203373 z -99.000 0.017
#54034.204206 g -99.000 0.012
54037.122623 r 16.443 0.022
54037.123457 i 16.068 0.012
54037.124290 u 17.895 0.028
54037.125123 z 16.027 0.014
54037.125957 g 16.940 0.032
54040.137105 r 16.770 0.049
54040.137939 i 16.287 0.019
54040.138772 u 17.653 0.020
54040.139605 z 15.972 0.015
54040.140439 g 16.673 0.013
54050.121727 r 16.325 0.020
54050.122561 i 16.036 0.012
54050.123394 u 17.749 0.019
54050.124227 z 16.239 0.030
#54050.125061 g -99.000 0.009
54053.127900 r 16.202 0.010
54053.128733 i 16.026 0.011
54053.129567 u 17.731 0.021
54053.130400 z 15.962 0.021
54053.131233 g 16.590 0.013
54056.129578 r 16.208 0.022
54056.130412 i 16.019 0.024
54056.131245 u 17.659 0.058
#54056.132078 z -99.000 0.031
54056.132912 g 16.565 0.018
54057.098221 r 16.593 0.032
54057.099055 i 16.063 0.012
54057.099888 u 17.761 0.023
54057.100721 z 16.050 0.021
54057.101555 g 16.667 0.013
54059.123853 r 16.199 0.012
54059.124686 i 16.118 0.012
54059.125519 u 17.706 0.018
54059.126353 z 15.984 0.015
54059.127186 g 16.569 0.015
54061.134906 r 16.192 0.010
54061.135739 i 16.012 0.016
54061.136573 u 17.753 0.024
54061.137406 z 16.235 0.030
54061.138239 g 16.582 0.011
54062.128742 r 16.167 0.012
54062.129576 i 16.025 0.012
54062.130409 u 17.786 0.020
#54062.131242 z -99.000 0.020
54062.132076 g 16.570 0.022
54068.118736 r 16.176 0.013
54068.119569 i 15.992 0.013
54068.120403 u 17.930 0.045
54068.121236 z 16.067 0.020
54068.122069 g 16.541 0.029
54357.167042 r 16.166 0.015
54357.167875 i 16.023 0.020
54357.168709 u 17.796 0.024
54357.169542 z 16.030 0.020
54357.170375 g 16.576 0.015
54365.164895 r 16.387 0.017
54365.165728 i 16.038 0.015
54365.166561 u 17.726 0.022
54365.167395 z 15.976 0.021
54365.168228 g 16.643 0.018
54385.214866 r 16.176 0.013
54385.215699 i 16.055 0.015
54385.216533 u 17.761 0.023
54385.217366 z 15.983 0.022
54385.218199 g 16.612 0.011
54387.215379 r 16.231 0.010
54387.216212 i 16.054 0.010
54387.217045 u 17.722 0.017
54387.217879 z 16.059 0.017
54387.218712 g 16.679 0.013
54392.210106 r 16.195 0.010
54392.210939 i 16.052 0.014
54392.211772 u 17.767 0.022
54392.212606 z 15.941 0.020
54392.213439 g 16.598 0.014
54402.208561 r 16.458 0.022
54402.209394 i 16.070 0.015
54402.210228 u 18.167 0.052
54402.211061 z 16.401 0.047
54402.211894 g 16.583 0.016
