52075.337212 r 19.848 0.022
52075.338045 i 19.702 0.023
52075.338879 u 21.342 0.164
52075.339712 z 19.703 0.082
52075.340545 g 20.087 0.020
52197.145858 r 19.881 0.019
52197.146691 i 19.822 0.023
52197.147525 u 21.359 0.127
52197.148358 z 19.827 0.088
52197.149191 g 20.167 0.019
52557.183700 r 19.813 0.023
52557.184533 i 19.704 0.027
52557.185367 u 21.234 0.165
52557.186200 z 19.774 0.106
52557.187033 g 19.922 0.018
52578.079776 r 19.825 0.027
52578.080609 i 19.661 0.030
52578.081443 u 21.202 0.128
52578.082276 z 19.592 0.084
52578.083109 g 20.018 0.018
52929.110003 r 20.048 0.022
52929.110836 i 19.933 0.025
52929.111670 u 21.666 0.183
52929.112503 z 19.760 0.083
52929.113336 g 20.400 0.022
52934.090160 r 20.090 0.029
52934.090993 i 19.871 0.030
52934.091827 u 21.754 0.229
52934.092660 z 19.888 0.107
52934.093493 g 20.391 0.024
52936.086086 r 20.015 0.020
52936.086919 i 19.912 0.025
52936.087753 u 21.681 0.153
52936.088586 z 19.899 0.094
52936.089419 g 20.367 0.020
53243.271298 r 20.044 0.035
53243.272131 i 19.909 0.033
53243.272965 u 21.519 0.325
53243.273798 z 19.970 0.115
53243.274631 g 20.409 0.051
53270.150147 r 19.878 0.024
53270.150980 i 19.779 0.034
53270.151814 u 21.173 0.178
#53270.152647 z -99.000 0.219
53270.153480 g 20.151 0.036
53272.200098 r 20.237 0.051
53272.200931 i 19.881 0.037
53272.201765 u 21.348 0.346
53272.202598 z 19.710 0.103
53272.203431 g 20.387 0.061
53288.127301 r 20.224 0.030
53288.128134 i 20.031 0.032
53288.128968 u 21.788 0.248
53288.129801 z 19.886 0.105
53288.130634 g 20.433 0.026
53302.122970 r 19.983 0.032
53302.123803 i 19.904 0.032
53302.124637 u 21.832 0.413
53302.125470 z 19.831 0.094
53302.126303 g 20.279 0.045
53312.078503 r 20.205 0.327
53312.079336 i 19.935 0.070
53312.080170 u 21.454 0.191
53312.081003 z 20.563 0.519
53312.081836 g 20.434 0.120
53314.079696 r 20.087 0.028
53314.080529 i 20.044 0.035
53314.081363 u 21.445 0.168
53314.082196 z 20.050 0.139
53314.083029 g 20.380 0.023
53623.174280 r 20.124 0.024
53623.175113 i 19.969 0.026
53623.175947 u 21.821 0.243
53623.176780 z 20.024 0.096
53623.177613 g 20.461 0.026
53626.160491 r 20.035 0.034
53626.161324 i 19.929 0.033
53626.162158 u 22.260 0.530
53626.162991 z 19.866 0.091
53626.163824 g 20.397 0.042
53628.145357 r 19.991 0.057
53628.146190 i 19.934 0.056
#53628.147024 u 22.788 1.825
53628.147857 z 19.793 0.134
53628.148690 g 20.307 0.078
53637.146971 r 19.995 0.028
53637.147804 i 19.783 0.030
53637.148638 u 21.279 0.196
53637.149471 z 19.708 0.110
53637.150304 g 20.142 0.025
53644.139418 r 19.792 0.022
53644.140251 i 19.735 0.020
53644.141085 u 21.085 0.091
53644.141918 z 19.564 0.064
53644.142751 g 19.906 0.019
53654.174041 r 19.831 0.027
53654.174874 i 19.765 0.029
53654.175708 u 20.844 0.147
53654.176541 z 19.936 0.123
53654.177374 g 20.161 0.032
53656.121632 r 20.025 0.053
53656.122465 i 19.680 0.040
53656.123299 u 21.273 0.396
53656.124132 z 19.388 0.099
53656.124965 g 19.914 0.050
53665.112909 r 19.848 0.060
53665.113742 i 19.874 0.082
53665.114576 u 21.050 0.417
53665.115409 z 19.559 0.238
53665.116242 g 20.178 0.067
53668.124542 r 19.857 0.026
53668.125375 i 19.662 0.031
53668.126209 u 21.253 0.172
53668.127042 z 19.731 0.133
53668.127875 g 19.949 0.019
53670.129395 r 19.954 0.028
53670.130228 i 19.787 0.035
53670.131062 u 21.409 0.194
53670.131895 z 19.812 0.119
53670.132728 g 20.170 0.021
53673.097377 r 19.860 0.021
53673.098210 i 19.804 0.026
53673.099044 u 21.287 0.141
53673.099877 z 19.802 0.096
53673.100710 g 20.011 0.018
53675.094266 r 19.805 0.021
53675.095099 i 19.743 0.025
53675.095933 u 21.275 0.143
53675.096766 z 19.840 0.114
53675.097599 g 20.037 0.018
53677.115298 r 19.957 0.023
53677.116131 i 19.844 0.028
53677.116965 u 21.199 0.131
53677.117798 z 19.856 0.093
53677.118631 g 20.217 0.022
53680.101964 r 19.753 0.019
53680.102797 i 19.739 0.022
53680.103631 u 21.193 0.132
53680.104464 z 19.777 0.079
53680.105297 g 19.940 0.017
53693.103869 r 20.014 0.046
53693.104702 i 19.847 0.040
#53693.105536 u 22.826 1.162
53693.106369 z 19.830 0.123
53693.107202 g 20.310 0.057
53702.099539 r 20.183 0.248
53702.100373 i 19.938 0.335
53702.101206 u 21.737 0.399
53702.102039 z 20.237 0.446
53702.102873 g 20.368 0.094
53703.108676 r 21.282 0.481
53703.109509 i 20.280 0.290
53703.110342 u 22.075 0.685
53703.111176 z 20.141 0.232
53703.112009 g 20.542 0.087
53704.087196 r 19.766 0.022
53704.088029 i 19.737 0.028
53704.088863 u 21.244 0.180
53704.089696 z 19.689 0.098
53704.090529 g 19.986 0.021
#53974.175147 r -99.000 0.019
53974.175980 i 19.796 0.025
53974.176813 u 21.418 0.131
53974.177647 z 19.699 0.074
53974.178480 g 20.149 0.019
53989.183238 r 19.768 0.021
53989.184072 i 19.706 0.022
53989.184905 u 21.331 0.174
53989.185738 z 19.771 0.065
53989.186572 g 19.938 0.026
53995.172490 r 20.044 0.019
53995.173323 i 19.951 0.023
53995.174157 u 21.709 0.160
53995.174990 z 20.023 0.093
53995.175823 g 20.401 0.023
53997.150868 r 20.086 0.023
53997.151702 i 19.995 0.036
53997.152535 u 21.298 0.160
53997.153368 z 20.031 0.121
53997.154202 g 20.378 0.026
54005.122721 r 19.899 0.018
54005.123554 i 19.780 0.021
54005.124388 u 21.342 0.117
54005.125221 z 19.787 0.064
54005.126054 g 20.196 0.018
54007.135470 r 20.000 0.021
54007.136303 i 19.919 0.025
54007.137137 u 21.713 0.185
54007.137970 z 19.840 0.077
54007.138803 g 20.336 0.026
54009.132571 r 20.052 0.024
54009.133404 i 19.978 0.025
54009.134238 u 21.492 0.188
54009.135071 z 19.868 0.073
54009.135904 g 20.394 0.033
54011.197077 r 19.869 0.029
54011.197911 i 19.852 0.030
54011.198744 u 21.597 0.318
54011.199577 z 19.801 0.073
54011.200411 g 20.064 0.039
54019.147278 r 20.075 0.022
54019.148111 i 19.934 0.024
54019.148944 u 21.807 0.214
54019.149778 z 19.804 0.075
54019.150611 g 20.375 0.027
54025.196086 r 19.781 0.020
54025.196920 i 19.765 0.025
54025.197753 u 21.041 0.122
54025.198586 z 19.724 0.092
54025.199420 g 19.982 0.022
54029.126429 r 19.950 0.021
54029.127262 i 19.847 0.021
54029.128095 u 21.381 0.118
54029.128929 z 19.687 0.063
54029.129762 g 20.199 0.017
54051.103011 r 19.779 0.056
54051.103844 i 19.721 0.064
54051.104677 u 21.232 0.208
54051.105511 z 19.519 0.117
54051.106344 g 20.109 0.030
54356.204602 r 20.158 0.027
54356.205435 i 20.015 0.025
54356.206269 u 21.794 0.192
54356.207102 z 20.018 0.082
54356.207935 g 20.420 0.029
54358.149647 r 20.091 0.265
54358.150480 i 19.940 0.046
54358.151314 u 21.473 0.229
54358.152147 z 19.711 0.105
54358.152980 g 20.182 0.057
54373.181741 r 20.139 0.032
54373.182575 i 20.089 0.036
54373.183408 u 22.119 0.551
#54373.184241 z 21.490 2.394
54373.185075 g 20.400 0.050
54381.194446 r 20.087 0.289
54381.195280 i 19.842 0.066
54381.196113 u 21.819 0.328
54381.196946 z 19.789 0.141
54381.197780 g 20.377 0.069
#54382.191882 r -99.000 0.185
54382.192715 i 19.685 0.036
54382.193549 u 21.316 0.202
#54382.194382 z -99.000 0.117
#54382.195215 g -99.000 0.088
54383.197569 r 20.051 0.023
54383.198403 i 19.914 0.027
54383.199236 u 21.609 0.192
54383.200069 z 19.850 0.097
54383.200903 g 20.392 0.025
54386.194591 r 19.978 0.022
54386.195424 i 19.851 0.020
54386.196257 u 21.106 0.140
54386.197091 z 19.751 0.063
54386.197924 g 20.279 0.020
54388.198863 r 20.017 0.132
54388.199696 i 19.942 0.031
54388.200530 u 22.044 0.353
54388.201363 z 19.778 0.096
54388.202196 g 20.408 0.038
54403.112638 r 19.846 0.020
54403.113471 i 19.768 0.023
54403.114304 u 21.319 0.112
54403.115138 z 19.706 0.068
54403.115971 g 20.083 0.018
54406.106462 r 19.947 0.023
54406.107295 i 19.796 0.025
54406.108129 u 21.236 0.112
54406.108962 z 19.843 0.095
54406.109795 g 20.089 0.018
54412.109404 r 20.035 0.022
54412.110237 i 19.876 0.028
54412.111071 u 21.437 0.165
54412.111904 z 19.721 0.082
54412.112737 g 20.356 0.025
54415.146953 r 19.910 0.020
54415.147787 i 19.863 0.024
54415.148620 u 21.679 0.195
54415.149453 z 19.757 0.082
54415.150287 g 20.186 0.020
