51075.407642 r 16.769 0.005
51075.408475 i 15.806 0.004
51075.409309 u 20.703 0.063
51075.410142 z 15.270 0.005
51075.410975 g 18.143 0.006
51818.377288 r 16.761 0.005
51818.378121 i 15.804 0.004
51818.378955 u 20.784 0.069
51818.379788 z 15.266 0.006
51818.380621 g 18.153 0.006
52170.428282 r 16.820 0.005
52170.429115 i 15.804 0.004
52170.429949 u 20.622 0.067
52170.430782 z 15.264 0.005
52170.431615 g 18.144 0.006
52171.365411 r 16.778 0.005
52171.366244 i 15.803 0.004
52171.367078 u 21.665 0.145
52171.367911 z 15.268 0.006
52171.368744 g 18.159 0.007
52173.341676 r 16.774 0.004
52173.342509 i 15.806 0.004
52173.343343 u 20.774 0.089
52173.344176 z 15.269 0.006
52173.345009 g 18.154 0.007
52224.321831 r 16.770 0.006
52224.322664 i 15.798 0.006
52224.323498 u 20.635 0.065
52224.324331 z 15.266 0.006
52224.325164 g 18.153 0.007
52234.278310 r 16.780 0.005
52234.279143 i 15.798 0.005
52234.279977 u 20.575 0.068
52234.280810 z 15.266 0.005
52234.281643 g 18.151 0.006
52261.241665 r 16.776 0.005
52261.242498 i 15.804 0.005
52261.243332 u 20.915 0.081
52261.244165 z 15.271 0.006
52261.244998 g 18.158 0.007
52283.109037 r 16.774 0.004
52283.109870 i 15.787 0.003
52283.110704 u 20.746 0.106
52283.111537 z 15.267 0.005
52283.112370 g 18.148 0.007
52287.122159 r 16.780 0.005
52287.122992 i 15.816 0.004
52287.123826 u 20.707 0.070
52287.124659 z 15.264 0.005
52287.125492 g 18.093 0.006
52552.440855 r 16.778 0.004
52552.441688 i 15.818 0.004
52552.442522 u 20.788 0.092
52552.443355 z 15.268 0.005
52552.444188 g 18.173 0.007
52557.415215 r 16.794 0.005
52557.416048 i 15.815 0.005
52557.416882 u 20.799 0.080
52557.417715 z 15.274 0.006
52557.418548 g 18.172 0.007
52908.389782 r 16.788 0.005
52908.390615 i 15.815 0.005
52908.391449 u 20.685 0.073
52908.392282 z 15.275 0.005
52908.393115 g 18.156 0.006
52912.369221 r 16.787 0.005
52912.370054 i 15.806 0.005
52912.370888 u 20.739 0.079
52912.371721 z 15.272 0.006
52912.372554 g 18.157 0.007
52934.321687 r 16.781 0.005
52934.322520 i 15.794 0.004
52934.323354 u 20.702 0.080
52934.324187 z 15.273 0.005
52934.325020 g 18.155 0.006
52936.317614 r 16.786 0.005
52936.318447 i 15.809 0.005
52936.319281 u 20.591 0.059
52936.320114 z 15.269 0.006
52936.320947 g 18.152 0.006
53270.381695 r 16.774 0.010
53270.382528 i 15.820 0.010
53270.383362 u 20.687 0.061
53270.384195 z 15.266 0.015
53270.385028 g 18.146 0.013
53272.431612 r 16.777 0.005
53272.432445 i 15.802 0.004
53272.433279 u 20.636 0.075
53272.434112 z 15.267 0.005
53272.434945 g 18.141 0.006
53286.400334 r 16.786 0.005
53286.401167 i 15.803 0.004
53286.402001 u 20.788 0.092
53286.402834 z 15.264 0.005
53286.403667 g 18.148 0.007
53288.358825 r 16.772 0.005
53288.359658 i 15.805 0.005
53288.360492 u 20.813 0.077
53288.361325 z 15.276 0.006
53288.362158 g 18.151 0.007
#53294.406498 r -99.000 0.006
53294.407331 i 15.812 0.005
53294.408165 u 20.860 0.190
#53294.408998 z -99.000 0.009
#53294.409831 g -99.000 0.018
53296.353532 r 16.771 0.011
53296.354365 i 15.812 0.014
53296.355198 u 20.742 0.072
53296.356032 z 15.262 0.016
53296.356865 g 18.145 0.017
53298.403275 r 16.781 0.005
53298.404108 i 15.802 0.005
53298.404942 u 20.724 0.076
53298.405775 z 15.256 0.006
53298.406608 g 18.145 0.006
53302.354495 r 16.779 0.006
53302.355328 i 15.808 0.005
53302.356162 u 20.579 0.094
53302.356995 z 15.272 0.006
53302.357828 g 18.155 0.008
53312.310055 r 16.776 0.008
53312.310888 i 15.803 0.010
53312.311721 u 20.897 0.147
53312.312555 z 15.284 0.016
53312.313388 g 18.152 0.014
53314.311225 r 16.781 0.004
53314.312058 i 15.807 0.004
53314.312892 u 20.888 0.101
53314.313725 z 15.267 0.005
53314.314558 g 18.135 0.007
53319.299022 r 16.777 0.004
53319.299855 i 15.806 0.004
53319.300689 u 20.743 0.093
53319.301522 z 15.263 0.005
53319.302355 g 18.135 0.006
53616.415579 r 16.778 0.004
53616.416412 i 15.802 0.004
53616.417246 u 20.617 0.093
53616.418079 z 15.277 0.005
53616.418912 g 18.153 0.006
53626.392007 r 17.372 0.006
53626.392840 i 16.343 0.005
53626.393674 u 22.373 0.527
53626.394507 z 15.721 0.007
53626.395340 g 18.718 0.010
53628.376871 r 16.783 0.005
53628.377704 i 15.808 0.004
53628.378538 u 20.619 0.108
53628.379371 z 15.267 0.005
53628.380204 g 18.150 0.008
53639.423867 r 16.788 0.005
53639.424700 i 15.816 0.004
53639.425534 u 20.944 0.110
53639.426367 z 15.256 0.006
53639.427200 g 18.140 0.007
53641.423032 r 16.782 0.004
53641.423865 i 15.805 0.004
53641.424699 u 20.690 0.089
53641.425532 z 15.266 0.005
53641.426365 g 18.152 0.007
53657.381918 r 16.773 0.005
53657.382751 i 15.802 0.004
53657.383585 u 20.803 0.180
53657.384418 z 15.253 0.005
53657.385251 g 18.119 0.010
53663.366465 r 16.782 0.005
53663.367298 i 15.812 0.005
53663.368132 u 20.678 0.166
53663.368965 z 15.254 0.006
53663.369798 g 18.139 0.010
53665.344436 r 16.783 0.006
53665.345269 i 15.818 0.004
53665.346103 u 20.321 0.101
53665.346936 z 15.270 0.006
53665.347769 g 18.148 0.008
53666.436552 r 16.783 0.005
53666.437385 i 15.807 0.004
53666.438219 u 20.961 0.203
53666.439052 z 15.274 0.006
53666.439885 g 18.154 0.008
53668.356066 r 16.783 0.004
53668.356899 i 15.809 0.004
53668.357733 u 20.807 0.126
53668.358566 z 15.251 0.005
53668.359399 g 18.149 0.007
53669.443680 r 16.773 0.004
53669.444513 i 15.816 0.004
53669.445347 u 20.699 0.161
53669.446180 z 15.282 0.006
53669.447013 g 18.123 0.008
53670.360917 r 16.782 0.004
53670.361750 i 15.811 0.004
53670.362584 u 20.712 0.106
53670.363417 z 15.273 0.005
53670.364250 g 18.165 0.007
53673.328904 r 16.785 0.005
53673.329737 i 15.810 0.005
53673.330571 u 20.663 0.067
53673.331404 z 15.268 0.006
53673.332237 g 18.160 0.007
53675.325793 r 16.783 0.005
53675.326626 i 15.814 0.004
53675.327460 u 20.714 0.072
53675.328293 z 15.263 0.005
53675.329126 g 18.156 0.006
53677.346822 r 16.782 0.005
53677.347655 i 15.800 0.005
53677.348489 u 20.775 0.077
53677.349322 z 15.254 0.006
53677.350155 g 18.153 0.007
53680.333490 r 16.777 0.005
53680.334323 i 15.807 0.005
53680.335157 u 20.758 0.079
53680.335990 z 15.266 0.006
53680.336823 g 18.151 0.006
53683.392042 r 16.772 0.005
53683.392875 i 15.817 0.005
53683.393709 u 20.742 0.093
53683.394542 z 15.273 0.006
53683.395375 g 18.139 0.007
53686.332923 r 16.785 0.005
53686.333756 i 15.807 0.004
53686.334590 u 21.012 0.238
53686.335423 z 15.273 0.005
53686.336256 g 18.149 0.010
53687.390308 r 16.755 0.008
53687.391141 i 15.806 0.004
53687.391975 u 20.488 0.744
53687.392808 z 15.227 0.006
#53687.393641 g -99.000 0.024
53693.335382 r 16.785 0.005
53693.336215 i 15.819 0.004
#53693.337049 u -99.000 0.340
53693.337882 z 15.276 0.005
53693.338715 g 18.160 0.011
#53698.332770 r -99.000 0.067
#53698.333603 i -99.000 0.120
#53698.334437 u -99.000 2.067
#53698.335270 z -99.000 0.290
#53698.336103 g -99.000 1.351
53699.356220 r 16.778 0.005
53699.357053 i 15.811 0.004
53699.357887 u 20.735 0.108
53699.358720 z 15.268 0.006
53699.359553 g 18.147 0.007
53704.318702 r 16.779 0.004
53704.319535 i 15.798 0.004
53704.320369 u 20.738 0.118
53704.321202 z 15.275 0.005
53704.322035 g 18.172 0.006
53989.414770 r 16.777 0.011
53989.415604 i 15.793 0.011
53989.416437 u 20.638 0.130
53989.417270 z 15.285 0.020
53989.418104 g 18.116 0.016
53995.453500 r 16.779 0.012
53995.454333 i 15.811 0.017
53995.455167 u 20.724 0.059
53995.456000 z 15.277 0.016
53995.456833 g 18.134 0.016
53997.438317 r 16.775 0.018
53997.439150 i 15.812 0.012
53997.439983 u 20.752 0.060
53997.440817 z 15.263 0.020
53997.441650 g 18.153 0.011
54000.390190 r 16.761 0.016
54000.391023 i 15.796 0.016
54000.391856 u 20.639 0.069
54000.392690 z 15.249 0.016
54000.393523 g 18.147 0.014
54007.440320 r 16.761 0.019
54007.441154 i 15.822 0.030
54007.441987 u 20.651 0.088
54007.442820 z 15.277 0.016
54007.443654 g 18.137 0.029
54009.364114 r 16.771 0.011
54009.364947 i 15.781 0.019
54009.365780 u 20.736 0.058
54009.366614 z 15.257 0.022
54009.367447 g 18.145 0.014
54011.428602 r 16.756 0.012
54011.429436 i 15.790 0.018
54011.430269 u 20.860 0.064
54011.431102 z 15.270 0.013
54011.431936 g 18.137 0.016
54012.441398 r 16.768 0.013
54012.442232 i 15.799 0.015
54012.443065 u 20.745 0.072
54012.443898 z 15.259 0.010
54012.444732 g 18.121 0.022
54025.427623 r 16.774 0.014
54025.428456 i 15.807 0.012
54025.429289 u 20.640 0.083
54025.430123 z 15.246 0.014
54025.430956 g 18.151 0.017
54346.421385 r 16.764 0.010
54346.422218 i 15.792 0.013
54346.423051 u 20.678 0.124
54346.423885 z 15.259 0.015
54346.424718 g 18.143 0.011
54348.425335 r 16.765 0.014
54348.426168 i 15.793 0.017
54348.427001 u 20.843 0.110
54348.427835 z 15.261 0.020
54348.428668 g 18.138 0.017
54358.381173 r 16.772 0.017
54358.382006 i 15.809 0.016
54358.382840 u 20.566 0.078
54358.383673 z 15.308 0.023
54358.384506 g 18.113 0.027
54365.414232 r 16.783 0.009
54365.415065 i 15.820 0.014
54365.415899 u 20.738 0.062
54365.416732 z 15.280 0.017
54365.417565 g 18.167 0.011
54381.433802 r 16.770 0.014
54381.434636 i 15.806 0.016
54381.435469 u 20.645 0.063
54381.436302 z 15.269 0.016
54381.437136 g 18.124 0.018
54384.440439 r 16.752 0.021
54384.441272 i 15.811 0.016
54384.442106 u 20.864 0.089
54384.442939 z 15.272 0.017
54384.443772 g 18.144 0.013
54386.426119 r 16.779 0.014
54386.426952 i 15.782 0.012
54386.427785 u 20.721 0.073
54386.428619 z 15.275 0.019
#54386.429452 g -99.000 0.021
54388.430389 r 16.767 0.009
54388.431222 i 15.803 0.010
54388.432055 u 20.761 0.076
54388.432889 z 15.271 0.014
54388.433722 g 18.122 0.014
54392.427932 r 16.747 0.015
54392.428765 i 15.841 0.017
54392.429599 u 20.871 0.090
#54392.430432 z -99.000 0.073
#54392.431265 g -99.000 0.041
54403.344200 r 16.779 0.013
54403.345034 i 15.803 0.014
54403.345867 u 20.637 0.148
54403.346700 z 15.262 0.010
54403.347534 g 18.142 0.015
#54404.401776 r -99.000 0.024
54404.402609 i 15.764 0.009
54404.403443 u 20.546 0.144
#54404.404276 z -99.000 0.015
#54404.405109 g -99.000 0.359
54406.338006 r 16.765 0.013
54406.338839 i 15.825 0.015
54406.339672 u 20.636 0.070
54406.340506 z 15.263 0.020
54406.341339 g 18.152 0.018
54412.363781 r 16.794 0.015
54412.364615 i 15.809 0.014
54412.365448 u 20.653 0.067
54412.366281 z 15.295 0.017
54412.367115 g 18.164 0.018
