52172.264633 r 20.369 0.029
52172.265466 i 20.126 0.033
52172.266300 u 21.572 0.160
52172.267133 z 19.657 0.100
52172.267966 g 20.467 0.024
52558.214336 r 20.508 0.040
52558.215169 i 20.386 0.053
52558.216003 u 22.360 0.464
52558.216836 z 19.604 0.120
52558.217669 g 20.608 0.033
52576.126594 r 20.535 0.047
52576.127427 i 20.336 0.045
#52576.128261 u -99.000 0.204
52576.129094 z 20.168 0.297
52576.129927 g 20.612 0.029
52577.101827 r 20.632 0.041
52577.102660 i 20.498 0.057
52577.103494 u 21.620 0.185
52577.104327 z 20.052 0.168
52577.105160 g 20.671 0.029
52930.115158 r 20.357 0.024
52930.115991 i 20.300 0.030
52930.116825 u 21.560 0.129
52930.117658 z 19.876 0.097
52930.118491 g 20.468 0.021
52931.115989 r 20.349 0.026
52931.116822 i 20.341 0.035
52931.117656 u 21.900 0.188
52931.118489 z 19.842 0.101
52931.119322 g 20.444 0.022
52935.112953 r 20.377 0.040
52935.113786 i 20.219 0.048
52935.114620 u 21.529 0.220
52935.115453 z 19.997 0.194
52935.116286 g 20.449 0.028
53313.106153 r 20.521 0.050
53313.106986 i 20.272 0.065
53313.107820 u 22.698 0.673
53313.108653 z 20.093 0.220
53313.109486 g 20.630 0.031
53622.215399 r 20.347 0.036
53622.216232 i 20.257 0.059
53622.217066 u 22.413 0.554
53622.217899 z 19.811 0.166
53622.218732 g 20.541 0.031
53625.211363 r 20.344 0.029
53625.212196 i 20.282 0.034
53625.213030 u 21.632 0.173
53625.213863 z 20.012 0.109
53625.214696 g 20.524 0.030
53634.164869 r 20.370 0.081
#53634.165702 i -99.000 0.088
53634.166536 u 21.354 0.387
#53634.167369 z -99.000 0.166
53634.168202 g 20.576 0.096
53636.170401 r 20.412 0.029
53636.171234 i 20.231 0.033
53636.172068 u 21.613 0.175
53636.172901 z 19.653 0.088
53636.173734 g 20.449 0.025
53655.142406 r 20.248 0.060
53655.143239 i 20.164 0.062
53655.144073 u 21.477 0.355
53655.144906 z 19.611 0.143
53655.145739 g 20.453 0.056
53664.167364 r 20.462 0.045
53664.168197 i 20.256 0.045
53664.169031 u 21.369 0.245
53664.169864 z 19.995 0.141
53664.170697 g 20.465 0.044
53666.130966 r 20.389 0.027
53666.131799 i 20.253 0.035
53666.132633 u 21.596 0.141
53666.133466 z 19.804 0.104
53666.134299 g 20.497 0.021
53669.126604 r 20.320 0.025
53669.127437 i 20.286 0.036
53669.128271 u 21.638 0.152
53669.129104 z 19.850 0.104
53669.129937 g 20.467 0.020
53674.110839 r 20.344 0.028
53674.111672 i 20.272 0.035
53674.112506 u 21.651 0.162
53674.113339 z 19.798 0.098
53674.114172 g 20.489 0.021
53676.200339 r 20.357 0.030
53676.201172 i 20.264 0.037
53676.202006 u 21.395 0.155
53676.202839 z 20.193 0.140
53676.203672 g 20.512 0.025
53679.172220 r 20.327 0.039
53679.173053 i 20.234 0.054
53679.173887 u 21.634 0.310
53679.174720 z 19.935 0.202
53679.175553 g 20.403 0.030
#53681.163732 r -99.000 0.066
#53681.164565 i -99.000 0.539
#53681.165399 u -99.000 1.136
53681.166232 z 20.978 0.725
53681.167065 g 20.395 0.092
53685.122776 r 20.323 0.062
53685.123609 i 20.211 0.064
53685.124443 u 22.126 0.752
53685.125276 z 19.873 0.145
53685.126109 g 20.491 0.079
53687.161126 r 20.400 0.060
53687.161959 i 20.298 0.055
#53687.162793 u 22.477 1.394
53687.163626 z 19.633 0.103
53687.164459 g 20.604 0.091
53694.136668 r 20.359 0.086
53694.137501 i 20.150 0.096
53694.138335 u 21.400 0.436
#53694.139168 z -99.000 0.229
53694.140001 g 20.496 0.081
53700.119716 r 20.328 0.046
53700.120549 i 20.217 0.050
53700.121383 u 21.274 0.199
53700.122216 z 19.607 0.126
53700.123049 g 20.430 0.030
53705.106386 r 20.294 0.031
53705.107219 i 20.218 0.041
53705.108053 u 21.650 0.213
53705.108886 z 19.875 0.141
53705.109719 g 20.438 0.027
53975.191388 r 20.392 0.030
53975.192221 i 20.326 0.037
53975.193054 u 21.606 0.173
53975.193888 z 19.943 0.121
53975.194721 g 20.503 0.022
53996.198110 r 20.402 0.026
53996.198944 i 20.292 0.030
53996.199777 u 21.533 0.147
53996.200610 z 19.714 0.084
53996.201444 g 20.594 0.024
53998.166735 r 20.422 0.025
53998.167568 i 20.319 0.032
53998.168401 u 21.839 0.190
53998.169235 z 19.651 0.075
53998.170068 g 20.552 0.021
54010.152218 r 20.350 0.032
54010.153051 i 20.325 0.037
54010.153885 u 21.651 0.251
54010.154718 z 19.928 0.096
54010.155551 g 20.527 0.038
54012.145086 r 20.474 0.093
54012.145920 i 20.221 0.081
54012.146753 u 21.607 0.443
54012.147586 z 19.929 0.153
54012.148420 g 20.431 0.068
54020.151058 r 20.366 0.025
54020.151891 i 20.521 0.076
54020.152725 u 21.727 0.168
54020.153558 z 19.831 0.092
54020.154391 g 20.565 0.021
54022.200326 r 20.311 0.050
54022.201160 i 20.286 0.045
#54022.201993 u -99.000 0.228
54022.202826 z 20.882 0.486
54022.203660 g 20.434 0.041
54028.141413 r 20.362 0.045
54028.142246 i 20.243 0.045
54028.143080 u 21.900 0.340
54028.143913 z 20.225 0.189
54028.144746 g 20.483 0.028
54030.144596 r 20.341 0.024
54030.145429 i 20.306 0.031
54030.146263 u 22.088 1.000
54030.147096 z 19.774 0.074
54030.147929 g 20.532 0.021
#54032.134057 r -99.000 0.035
54032.134890 i 20.278 0.042
54032.135724 u 21.340 0.140
#54032.136557 z -99.000 0.093
#54032.137390 g -99.000 0.025
#54034.204084 r -99.000 0.040
54034.204917 i 20.258 0.060
54034.205751 u 22.053 0.238
#54034.206584 z -99.000 0.159
#54034.207417 g -99.000 0.032
54037.125859 r 20.425 0.040
54037.126692 i 20.386 0.049
54037.127525 u 21.679 0.197
54037.128359 z 19.844 0.093
54037.129192 g 20.519 0.029
54040.140317 r 20.425 0.062
54040.141150 i 20.255 0.058
54040.141983 u 21.442 0.335
54040.142817 z 19.666 0.105
54040.143650 g 20.595 0.069
54050.124951 r 20.393 0.040
54050.125784 i 20.305 0.047
54050.126617 u 21.233 0.141
54050.127451 z 19.613 0.134
54050.128284 g 20.433 0.032
54053.131106 r 20.351 0.029
54053.131939 i 20.307 0.038
54053.132773 u 21.399 0.149
54053.133606 z 19.637 0.100
54053.134439 g 20.478 0.025
54056.132805 r 20.276 0.068
54056.133639 i 20.160 0.061
54056.134472 u 21.743 0.428
54056.135305 z 19.919 0.263
54056.136139 g 20.518 0.043
#54057.101436 r -99.000 0.032
54057.102270 i 20.408 0.040
54057.103103 u 21.724 0.176
54057.103936 z 19.715 0.099
#54057.104770 g -99.000 0.024
54059.127060 r 20.311 0.033
54059.127893 i 20.304 0.042
54059.128727 u 21.814 0.269
54059.129560 z 19.803 0.118
54059.130393 g 20.488 0.026
54061.138110 r 20.369 0.038
54061.138944 i 20.203 0.051
#54061.139777 u 23.809 1.704
54061.140610 z 19.534 0.100
54061.141444 g 20.553 0.033
54068.121946 r 20.243 0.079
54068.122779 i 20.282 0.095
#54068.123613 u 22.206 1.194
54068.124446 z 19.733 0.174
54068.125279 g 20.417 0.089
54357.170286 r 20.082 0.027
54357.171120 i 20.210 0.066
54357.171953 u 21.346 0.132
54357.172786 z 19.726 0.095
54357.173620 g 20.209 0.022
54365.168155 r 20.002 0.041
54365.168989 i 20.012 0.049
54365.169822 u 21.965 0.618
54365.170655 z 19.498 0.105
54365.171489 g 20.213 0.047
54385.218080 r 20.139 0.023
54385.218913 i 19.978 0.027
54385.219746 u 21.050 0.114
54385.220580 z 19.598 0.097
54385.221413 g 20.245 0.021
54387.218587 r 20.024 0.027
54387.219420 i 20.049 0.033
54387.220253 u 21.184 0.169
54387.221087 z 19.562 0.098
54387.221920 g 20.231 0.022
54392.213320 r 20.049 0.034
54392.214154 i 20.006 0.043
54392.214987 u 21.429 0.226
54392.215820 z 19.465 0.135
54392.216654 g 20.121 0.040
54402.211772 r 20.062 0.059
54402.212605 i 19.967 0.044
54402.213438 u 22.014 0.753
54402.214272 z 19.663 0.097
54402.215105 g 20.216 0.047
