51819.245860 r 19.123 0.012
51819.246693 i 18.837 0.012
51819.247527 u 21.717 0.214
51819.248360 z 18.766 0.040
51819.249193 g 19.862 0.017
52172.261435 r 19.101 0.012
52172.262268 i 18.851 0.012
52172.263102 u 21.922 0.231
52172.263935 z 18.736 0.037
52172.264768 g 19.889 0.017
52558.211135 r 19.159 0.015
52558.211968 i 18.861 0.015
52558.212802 u 22.456 0.438
52558.213635 z 18.688 0.040
52558.214468 g 19.861 0.018
52576.123391 r 19.140 0.014
52576.124224 i 18.835 0.013
52576.125058 u 21.708 0.219
52576.125891 z 18.609 0.046
52576.126724 g 19.914 0.018
52577.098624 r 19.107 0.013
52577.099457 i 18.844 0.014
52577.100291 u 21.691 0.209
52577.101124 z 18.603 0.040
52577.101957 g 19.901 0.017
52930.111955 r 19.116 0.011
52930.112788 i 18.828 0.011
52930.113622 u 21.697 0.154
52930.114455 z 18.682 0.030
52930.115288 g 19.900 0.015
52931.112786 r 19.096 0.012
52931.113619 i 18.826 0.012
52931.114453 u 21.981 0.220
52931.115286 z 18.635 0.033
52931.116119 g 19.873 0.016
52935.109750 r 19.163 0.015
52935.110583 i 18.897 0.016
52935.111417 u 22.093 0.362
52935.112250 z 18.734 0.049
52935.113083 g 19.906 0.021
53313.102950 r 19.277 0.023
53313.103783 i 18.947 0.019
53313.104617 u 21.975 0.380
53313.105450 z 18.992 0.078
53313.106283 g 20.070 0.027
53622.212197 r 19.163 0.019
53622.213030 i 18.794 0.017
53622.213864 u 21.466 0.266
53622.214697 z 18.558 0.047
53622.215530 g 19.922 0.022
53625.208161 r 19.106 0.013
53625.208994 i 18.827 0.012
53625.209828 u 22.372 0.336
53625.210661 z 18.700 0.030
53625.211494 g 19.922 0.020
53636.167198 r 19.130 0.013
53636.168031 i 18.814 0.012
53636.168865 u 21.804 0.208
53636.169698 z 18.679 0.032
53636.170531 g 19.887 0.018
53655.139203 r 19.146 0.019
53655.140036 i 18.800 0.017
53655.140870 u 22.506 0.920
53655.141703 z 18.748 0.053
53655.142536 g 19.905 0.042
53664.164162 r 19.153 0.017
53664.164995 i 18.828 0.014
53664.165829 u 22.257 0.595
53664.166662 z 18.676 0.039
53664.167495 g 19.818 0.028
53666.127763 r 19.239 0.013
53666.128596 i 18.793 0.012
53666.129430 u 21.724 0.164
53666.130263 z 18.660 0.036
53666.131096 g 19.884 0.015
53669.123401 r 19.132 0.012
53669.124234 i 18.837 0.012
53669.125068 u 21.739 0.165
53669.125901 z 18.711 0.033
53669.126734 g 19.879 0.015
53674.107636 r 19.099 0.013
53674.108469 i 18.826 0.012
53674.109303 u 21.808 0.197
53674.110136 z 18.666 0.032
53674.110969 g 19.884 0.016
53676.197139 r 19.117 0.012
53676.197972 i 18.833 0.012
53676.198806 u 22.105 0.286
53676.199639 z 18.712 0.038
53676.200472 g 19.881 0.017
53679.169019 r 19.206 0.016
53679.169852 i 18.846 0.015
53679.170686 u 21.916 0.376
53679.171519 z 18.638 0.041
53679.172352 g 19.982 0.021
53681.160530 r 19.128 0.015
53681.161363 i 18.829 0.013
53681.162197 u 22.061 0.333
53681.163030 z 18.627 0.049
#53681.163863 g -99.000 0.071
53685.119574 r 19.168 0.023
53685.120407 i 18.867 0.019
53685.121241 u 22.225 0.957
53685.122074 z 18.645 0.048
53685.122907 g 19.822 0.046
53687.157925 r 19.133 0.024
53687.158758 i 18.836 0.019
53687.159592 u 21.615 0.649
53687.160425 z 18.699 0.043
53687.161258 g 19.806 0.044
#53694.133466 r -99.000 0.042
#53694.134299 i -99.000 0.029
53694.135133 u 21.385 0.410
53694.135966 z 18.856 0.085
#53694.136799 g -99.000 0.062
53697.117554 r 19.207 0.072
53697.118387 i 18.801 0.059
#53697.119221 u 22.774 1.492
53697.120054 z 18.744 0.158
53697.120887 g 19.983 0.094
53700.116516 r 19.107 0.017
#53700.117349 i -99.000 0.022
53700.118183 u 21.901 0.380
53700.119016 z 18.635 0.050
53700.119849 g 19.857 0.020
53705.103185 r 19.130 0.014
53705.104018 i 18.830 0.014
53705.104852 u 22.306 0.398
53705.105685 z 18.706 0.038
53705.106518 g 19.894 0.018
53975.188180 r 19.116 0.558
53975.189013 i 18.835 0.019
53975.189847 u 21.846 0.226
53975.190680 z 18.634 0.039
53975.191513 g 19.862 0.020
53996.194910 r 19.143 0.014
53996.195743 i 18.862 0.013
53996.196576 u 21.849 0.190
53996.197410 z 18.732 0.030
53996.198243 g 19.901 0.019
53998.163550 r 19.130 0.015
53998.164383 i 18.816 0.013
53998.165217 u 21.883 0.179
53998.166050 z 18.611 0.030
53998.166883 g 19.888 0.018
54010.149033 r 19.149 0.016
54010.149866 i 18.852 0.019
54010.150699 u 21.921 0.292
54010.151533 z 18.645 0.028
54010.152366 g 19.889 0.022
54012.141859 r 19.139 0.026
54012.142692 i 18.837 0.027
54012.143526 u 21.166 0.328
54012.144359 z 18.644 0.058
54012.145192 g 19.876 0.054
54020.147831 r 19.130 0.013
54020.148664 i 18.838 0.014
54020.149497 u 21.756 0.173
54020.150331 z 18.706 0.033
54020.151164 g 19.907 0.019
#54022.197113 r -99.000 0.027
54022.197946 i 18.843 0.021
54022.198779 u 21.693 0.275
#54022.199613 z -99.000 0.057
54022.200446 g 19.897 0.027
54028.138219 r 19.201 0.036
54028.139052 i 18.944 0.058
#54028.139886 u 23.129 1.106
54028.140719 z 18.771 0.056
54028.141552 g 19.954 0.118
54030.141415 r 19.131 0.022
54030.142248 i 18.850 0.015
54030.143081 u 21.689 0.152
54030.143915 z 18.650 0.029
54030.144748 g 19.905 0.020
54032.130677 r 19.090 0.018
54032.131510 i 18.863 0.019
54032.132344 u 21.865 1.000
54032.133177 z 18.697 0.040
54032.134010 g 19.892 0.022
54034.200895 r 19.201 0.021
54034.201729 i 18.869 0.026
54034.202562 u 21.910 0.358
54034.203395 z 18.695 0.056
54034.204229 g 19.984 0.027
54037.122656 r 19.093 0.019
54037.123490 i 18.847 0.017
54037.124323 u 22.061 0.419
54037.125156 z 18.674 0.039
54037.125990 g 19.895 0.025
54040.137124 r 19.121 0.020
54040.137957 i 18.817 0.018
#54040.138790 u 22.885 1.190
54040.139624 z 18.653 0.041
54040.140457 g 19.813 0.039
54050.121748 r 19.157 0.017
54050.122581 i 18.804 0.016
54050.123414 u 21.637 0.213
54050.124248 z 18.632 0.045
54050.125081 g 19.922 0.026
54053.127901 r 19.142 0.015
54053.128735 i 18.858 0.018
54053.129568 u 22.519 0.455
54053.130401 z 18.663 0.039
54053.131235 g 19.890 0.018
54056.129642 r 19.340 0.198
54056.130475 i 18.913 0.068
54056.131309 u 22.418 0.942
54056.132142 z 20.021 0.342
54056.132975 g 20.170 0.383
54057.098284 r 19.102 0.013
54057.099117 i 18.852 0.015
54057.099950 u 21.737 0.191
54057.100784 z 18.668 0.040
54057.101617 g 19.888 0.022
#54059.123867 r -99.000 0.182
54059.124700 i 18.844 0.019
54059.125534 u 21.906 0.288
54059.126367 z 18.668 0.036
54059.127200 g 19.865 0.436
54061.134909 r 19.193 0.022
54061.135742 i 18.854 0.024
54061.136575 u 22.051 0.360
54061.137409 z 18.612 0.043
54061.138242 g 19.933 0.025
54062.128763 r 19.306 0.778
54062.129596 i 18.918 0.073
54062.130430 u 21.771 0.422
#54062.131263 z -99.000 0.116
54062.132096 g 20.218 0.446
54068.118739 r 19.302 0.355
54068.119572 i 18.965 0.097
54068.120405 u 20.759 0.373
54068.121239 z 19.181 0.130
54068.122072 g 20.144 0.131
54357.167052 r 19.168 0.026
54357.167885 i 18.826 0.023
54357.168719 u 22.417 0.430
54357.169552 z 18.677 0.043
54357.170385 g 19.901 0.021
54365.164909 r 19.122 0.022
54365.165742 i 18.794 0.021
#54365.166575 u 24.415 5.077
54365.167409 z 18.622 0.043
54365.168242 g 19.899 0.040
54385.214886 r 19.126 0.013
54385.215720 i 18.862 0.020
54385.216553 u 22.030 0.277
54385.217386 z 18.718 0.034
54385.218220 g 19.867 0.021
54387.215411 r 19.145 0.018
54387.216244 i 18.830 0.024
54387.217078 u 21.789 0.304
54387.217911 z 18.663 0.041
54387.218744 g 19.893 0.021
54392.210116 r 19.197 0.024
54392.210949 i 18.905 0.025
54392.211783 u 21.502 0.333
54392.212616 z 18.658 0.052
54392.213449 g 19.878 0.034
54402.208608 r 19.071 0.026
54402.209441 i 18.804 0.021
54402.210274 u 21.845 0.718
54402.211108 z 18.569 0.049
54402.211941 g 19.972 0.068
