51081.404428 r 18.914 0.012
51081.405261 i 18.953 0.018
51081.406095 u 19.432 0.034
51081.406928 z 19.038 0.056
51081.407761 g 19.213 0.012
51819.475598 r 18.840 0.012
51819.476431 i 18.870 0.018
#51819.477265 u -99.000 0.038
51819.478098 z 18.905 0.049
51819.478931 g 19.120 0.011
51875.219407 r 18.908 0.012
51875.220240 i 18.906 0.015
51875.221074 u 19.339 0.027
51875.221907 z 18.935 0.053
51875.222740 g 19.152 0.011
52171.451833 r 18.940 0.013
52171.452666 i 18.915 0.015
52171.453500 u 19.380 0.032
52171.454333 z 19.022 0.047
52171.455166 g 19.191 0.012
52225.300261 r 18.985 0.014
52225.301094 i 19.014 0.017
52225.301928 u 19.501 0.032
52225.302761 z 19.117 0.051
52225.303594 g 19.276 0.013
52288.134684 r 18.893 0.011
52288.135517 i 18.901 0.014
#52288.136351 u -99.000 0.028
52288.137184 z 18.888 0.041
52288.138017 g 19.116 0.010
52551.407971 r 19.216 0.014
52551.408804 i 19.233 0.019
52551.409638 u 19.918 0.044
52551.410471 z 19.176 0.056
52551.411304 g 19.575 0.014
52558.440842 r 19.217 0.012
52558.441675 i 19.281 0.018
52558.442509 u 19.941 0.042
52558.443342 z 19.345 0.059
52558.444175 g 19.625 0.013
52578.312452 r 19.179 0.012
52578.313285 i 19.237 0.017
#52578.314119 u -99.000 0.036
52578.314952 z 19.239 0.054
52578.315785 g 19.591 0.012
52585.275433 r 19.198 0.013
52585.276266 i 19.239 0.020
52585.277100 u 19.835 0.040
52585.277933 z 19.133 0.071
52585.278766 g 19.576 0.013
52909.442065 r 19.202 0.015
52909.442898 i 19.246 0.019
52909.443732 u 19.836 0.039
52909.444565 z 19.249 0.051
52909.445398 g 19.573 0.015
52910.412309 r 19.235 0.014
52910.413142 i 19.221 0.019
#52910.413976 u -99.000 0.043
52910.414809 z 19.213 0.062
52910.415642 g 19.632 0.015
52935.339479 r 19.207 0.014
52935.340312 i 19.274 0.021
#52935.341146 u -99.000 0.039
#52935.341979 z -99.000 0.068
52935.342812 g 19.532 0.014
52963.262557 r 19.164 0.016
52963.263390 i 19.237 0.020
#52963.264224 u -99.000 0.035
52963.265057 z 19.212 0.053
52963.265890 g 19.518 0.016
52971.253472 r 19.184 0.015
52971.254305 i 19.250 0.021
52971.255139 u 19.723 0.043
52971.255972 z 19.384 0.069
52971.256805 g 19.578 0.014
53351.184862 r 19.068 0.013
53351.185695 i 19.124 0.019
53351.186529 u 19.696 0.046
53351.187362 z 19.266 0.076
53351.188195 g 19.441 0.013
53622.441911 r 19.020 0.016
53622.442744 i 19.037 0.019
53622.443578 u 19.444 0.033
53622.444411 z 19.170 0.050
53622.445244 g 19.308 0.016
53627.399009 r 19.026 0.015
53627.399842 i 19.023 0.017
53627.400676 u 19.431 0.033
53627.401509 z 19.072 0.047
53627.402342 g 19.274 0.013
53634.391382 r 19.008 0.018
53634.392215 i 19.070 0.021
#53634.393049 u -99.000 0.061
53634.393882 z 19.090 0.059
53634.394715 g 19.317 0.024
53638.432718 r 19.055 0.017
#53638.433551 i -99.000 0.021
53638.434385 u 19.412 0.038
53638.435218 z 19.096 0.056
53638.436051 g 19.303 0.017
53640.396754 r 19.016 0.016
53640.397587 i 19.043 0.021
53640.398421 u 19.421 0.038
53640.399254 z 19.202 0.058
53640.400087 g 19.296 0.016
53643.439216 r 19.026 0.013
53643.440049 i 19.064 0.018
53643.440883 u 19.452 0.039
53643.441716 z 19.099 0.059
53643.442549 g 19.326 0.013
53646.458162 r 19.023 0.018
53646.458995 i 19.028 0.021
#53646.459829 u -99.000 0.044
53646.460662 z 19.078 0.070
53646.461495 g 19.314 0.016
53663.458580 r 18.984 0.021
53663.459413 i 19.050 0.024
53663.460247 u 19.593 0.090
53663.461080 z 19.096 0.063
53663.461913 g 19.311 0.027
53664.393884 r 19.000 0.023
53664.394717 i 19.027 0.030
#53664.395551 u -99.000 0.063
53664.396384 z 18.976 0.067
#53664.397217 g -99.000 0.025
53665.458512 r 19.058 0.017
53665.459345 i 19.048 0.023
53665.460179 u 19.430 0.058
53665.461012 z 19.002 0.062
53665.461845 g 19.302 0.019
53668.447129 r 19.011 0.017
53668.447962 i 18.999 0.022
53668.448796 u 19.445 0.061
53668.449629 z 18.921 0.063
53668.450462 g 19.343 0.018
53669.353129 r 19.025 0.014
53669.353962 i 19.042 0.018
#53669.354796 u -99.000 0.040
53669.355629 z 19.020 0.053
53669.356462 g 19.285 0.014
53670.453101 r 18.994 0.014
53670.453934 i 19.044 0.020
53670.454768 u 19.482 0.052
53670.455601 z 19.124 0.061
53670.456434 g 19.326 0.015
53671.437876 r 18.998 0.013
53671.438709 i 19.038 0.018
53671.439543 u 19.455 0.044
53671.440376 z 19.078 0.057
53671.441209 g 19.333 0.014
53674.337367 r 18.998 0.013
53674.338200 i 19.028 0.021
53674.339034 u 19.429 0.038
53674.339867 z 19.147 0.067
53674.340700 g 19.294 0.013
53676.426819 r 19.035 0.014
53676.427652 i 19.083 0.018
53676.428486 u 19.496 0.042
53676.429319 z 19.194 0.066
53676.430152 g 19.327 0.013
53679.398723 r 19.064 0.015
53679.399556 i 19.032 0.021
53679.400390 u 19.510 0.042
53679.401223 z 19.043 0.066
53679.402056 g 19.340 0.013
53681.390236 r 19.059 0.018
53681.391069 i 19.065 0.020
53681.391903 u 19.458 0.040
53681.392736 z 19.155 0.054
53681.393569 g 19.352 0.016
53684.351733 r 19.009 0.028
53684.352566 i 18.944 0.041
53684.353400 u 19.480 0.095
53684.354233 z 19.045 0.216
53684.355066 g 19.251 0.031
53687.293051 r 19.012 0.027
53687.293884 i 19.051 0.037
53687.294718 u 19.569 0.131
53687.295551 z 19.024 0.082
53687.296384 g 19.352 0.039
53694.363189 r 19.080 0.022
53694.364022 i 19.070 0.024
#53694.364856 u -99.000 0.092
53694.365689 z 19.144 0.066
53694.366522 g 19.364 0.024
53696.355955 r 19.003 0.015
53696.356788 i 19.045 0.019
53696.357622 u 19.520 0.055
53696.358455 z 19.047 0.054
53696.359288 g 19.324 0.017
53697.347262 r 18.997 0.013
53697.348095 i 19.042 0.018
#53697.348929 u -99.000 0.048
53697.349762 z 19.024 0.052
53697.350595 g 19.388 0.015
53700.346218 r 19.026 0.016
53700.347051 i 19.036 0.021
53700.347885 u 19.530 0.043
53700.348718 z 19.015 0.063
#53700.349551 g -99.000 0.015
53705.332889 r 19.005 0.014
53705.333722 i 19.060 0.025
53705.334556 u 19.438 0.044
53705.335389 z 18.968 0.061
53705.336222 g 19.302 0.014
53975.417925 r 19.020 0.024
53975.418759 i 18.994 0.023
53975.419592 u 19.461 0.045
53975.420425 z 19.029 0.048
53975.421259 g 19.281 0.016
53994.440926 r 18.991 0.022
53994.441759 i 19.010 0.018
53994.442593 u 19.426 0.034
53994.443426 z 19.094 0.050
53994.444259 g 19.297 0.044
53996.424651 r 18.972 0.018
53996.425485 i 19.028 0.025
#53996.426318 u -99.000 0.038
53996.427151 z 19.015 0.049
53996.427985 g 19.270 0.019
54005.437794 r 18.943 0.018
54005.438628 i 18.993 0.021
54005.439461 u 19.417 0.030
54005.440294 z 19.006 0.047
54005.441128 g 19.279 0.021
54009.451636 r 18.935 0.015
54009.452469 i 18.976 0.019
54009.453303 u 19.413 0.036
54009.454136 z 19.046 0.040
54009.454969 g 19.255 0.027
54010.378788 r 18.944 0.016
54010.379621 i 18.985 0.020
54010.380454 u 19.434 0.029
54010.381288 z 19.035 0.038
54010.382121 g 19.261 0.020
54012.371577 r 18.981 0.019
54012.372410 i 19.016 0.021
54012.373244 u 19.385 0.039
54012.374077 z 18.996 0.054
54012.374910 g 19.292 0.027
54020.409651 r 18.990 0.020
54020.410484 i 19.001 0.019
54020.411318 u 19.427 0.046
54020.412151 z 19.010 0.055
#54020.412984 g -99.000 0.027
54024.459138 r 18.952 0.020
54024.459972 i 18.944 0.026
54024.460805 u 19.421 0.039
54024.461638 z 18.980 0.052
54024.462472 g 19.248 0.018
54028.447487 r 18.988 0.024
54028.448320 i 18.962 0.020
54028.449154 u 19.414 0.037
54028.449987 z 19.041 0.054
54028.450820 g 19.303 0.031
54030.402910 r 18.951 0.015
54030.403743 i 18.961 0.018
#54030.404576 u -99.000 0.038
54030.405410 z 18.980 0.050
54030.406243 g 19.236 0.020
54035.446879 r 18.956 0.019
54035.447712 i 18.973 0.019
54035.448546 u 19.387 0.056
54035.449379 z 19.140 0.064
54035.450212 g 19.240 0.016
54037.352407 r 18.959 0.016
54037.353240 i 18.928 0.019
54037.354074 u 19.368 0.037
54037.354907 z 19.052 0.044
54037.355740 g 19.263 0.018
54040.366895 r 19.015 0.017
54040.367729 i 18.995 0.019
#54040.368562 u -99.000 0.037
54040.369395 z 19.154 0.054
54040.370229 g 19.249 0.025
54041.402453 r 18.990 0.020
54041.403286 i 19.023 0.019
54041.404119 u 19.326 0.050
54041.404953 z 19.048 0.050
54041.405786 g 19.301 0.030
54047.397398 r 18.993 0.045
#54047.398232 i -99.000 0.041
54047.399065 u 19.346 0.116
54047.399898 z 19.044 0.099
#54047.400732 g -99.000 0.036
54049.393448 r 19.002 0.022
54049.394281 i 18.969 0.027
54049.395114 u 19.351 0.055
54049.395948 z 19.035 0.061
54049.396781 g 19.286 0.024
54050.353542 r 18.968 0.023
54050.354375 i 18.991 0.025
#54050.355208 u -99.000 0.058
54050.356042 z 19.020 0.079
54050.356875 g 19.276 0.029
54053.372982 r 18.995 0.019
#54053.373816 i -99.000 0.022
54053.374649 u 19.386 0.039
#54053.375482 z -99.000 0.068
54053.376316 g 19.258 0.022
54056.359338 r 18.996 0.023
54056.360172 i 18.984 0.019
54056.361005 u 19.404 0.037
54056.361838 z 18.982 0.054
#54056.362672 g -99.000 0.028
54059.353581 r 19.004 0.026
54059.354414 i 18.977 0.025
54059.355247 u 19.598 0.054
54059.356081 z 19.192 0.067
54059.356914 g 19.282 0.027
54061.364708 r 18.975 0.022
54061.365541 i 18.974 0.027
54061.366375 u 19.419 0.055
54061.367208 z 19.170 0.098
#54061.368041 g -99.000 0.030
54062.358457 r 19.029 0.016
54062.359290 i 18.999 0.020
54062.360123 u 19.473 0.045
54062.360957 z 19.096 0.051
54062.361790 g 19.303 0.021
54064.354927 r 18.979 0.017
54064.355760 i 19.009 0.024
54064.356593 u 19.474 0.038
54064.357427 z 19.069 0.053
54064.358260 g 19.301 0.021
54068.339134 r 18.939 0.035
54068.339968 i 18.968 0.027
54068.340801 u 19.435 0.048
54068.341634 z 19.113 0.072
54068.342468 g 19.230 0.021
54357.396785 r 18.973 0.018
54357.397618 i 19.009 0.026
54357.398451 u 19.396 0.031
54357.399285 z 19.019 0.042
54357.400118 g 19.251 0.020
54362.446683 r 18.968 0.022
54362.447516 i 19.006 0.023
#54362.448350 u -99.000 0.032
54362.449183 z 19.049 0.043
54362.450016 g 19.293 0.026
54376.441766 r 19.002 0.020
54376.442599 i 19.005 0.024
#54376.443433 u -99.000 0.035
54376.444266 z 19.123 0.054
54376.445099 g 19.294 0.016
54382.426823 r 18.974 0.020
54382.427656 i 19.014 0.025
#54382.428489 u -99.000 0.041
54382.429323 z 19.024 0.066
#54382.430156 g -99.000 0.072
54385.444599 r 18.980 0.019
54385.445433 i 18.979 0.027
54385.446266 u 19.408 0.033
54385.447099 z 19.050 0.042
54385.447933 g 19.299 0.029
54387.445089 r 18.953 0.039
#54387.445922 i -99.000 0.033
54387.446756 u 19.489 0.059
54387.447589 z 18.913 0.060
54387.448422 g 19.283 0.017
#54390.437535 r -99.000 0.063
#54390.438369 i -99.000 0.057
#54390.439202 u -99.000 0.115
#54390.440035 z -99.000 0.095
54390.440869 g 19.281 0.020
54391.445999 r 18.981 0.022
54391.446832 i 19.059 0.030
54391.447665 u 19.436 0.058
54391.448499 z 18.976 0.080
54391.449332 g 19.294 0.019
54402.438426 r 18.982 0.027
54402.439260 i 19.006 0.027
54402.440093 u 19.347 0.083
54402.440926 z 19.302 0.076
54402.441760 g 19.333 0.036
