52075.336339 r 18.163 0.008
52075.337172 i 17.513 0.007
52075.338006 u 22.315 0.313
52075.338839 z 17.143 0.013
52075.339672 g 19.597 0.016
52557.182836 r 18.156 0.008
52557.183669 i 17.473 0.007
52557.184503 u 21.929 0.257
52557.185336 z 17.113 0.013
52557.186169 g 19.574 0.015
52578.078914 r 18.153 0.008
52578.079747 i 17.499 0.007
52578.080581 u 22.175 0.337
52578.081414 z 17.103 0.013
52578.082247 g 19.591 0.014
52934.089298 r 18.166 0.008
52934.090131 i 17.494 0.007
52934.090965 u 21.744 0.202
52934.091798 z 17.113 0.014
52934.092631 g 19.579 0.017
53243.270434 r 18.164 0.010
53243.271267 i 17.494 0.007
53243.272101 u 22.199 0.511
53243.272934 z 17.113 0.013
53243.273767 g 19.589 0.028
53270.149282 r 18.270 0.012
53270.150115 i 17.589 0.010
53270.150949 u 21.787 0.248
53270.151782 z 17.190 0.019
53270.152615 g 19.645 0.059
53272.199234 r 18.156 0.011
53272.200067 i 17.490 0.008
53272.200901 u 22.214 0.722
53272.201734 z 17.095 0.014
53272.202567 g 19.577 0.035
53288.126438 r 18.152 0.008
53288.127271 i 17.491 0.007
53288.128105 u 21.997 0.274
53288.128938 z 17.101 0.013
53288.129771 g 19.613 0.015
53312.077639 r 18.184 0.009
53312.078472 i 17.549 0.009
53312.079306 u 22.055 0.230
53312.080139 z 17.201 0.015
53312.080972 g 19.656 0.016
53314.078833 r 18.168 0.010
53314.079666 i 17.483 0.009
53314.080500 u 21.916 0.213
53314.081333 z 17.122 0.015
53314.082166 g 19.607 0.015
53628.144495 r 18.141 0.012
53628.145328 i 17.493 0.009
53628.146162 u 21.383 0.444
53628.146995 z 17.124 0.016
53628.147828 g 19.692 0.045
53637.146109 r 18.154 0.009
53637.146942 i 17.503 0.008
53637.147776 u 21.896 0.293
53637.148609 z 17.126 0.015
53637.149442 g 19.571 0.017
53656.120770 r 18.126 0.012
53656.121603 i 17.462 0.009
53656.122437 u 21.620 0.528
53656.123270 z 17.127 0.017
53656.124103 g 19.519 0.039
53668.123680 r 18.154 0.008
53668.124513 i 17.480 0.008
53668.125347 u 22.760 0.554
53668.126180 z 17.096 0.016
53668.127013 g 19.573 0.015
53670.128533 r 18.155 0.008
53670.129366 i 17.485 0.007
53670.130200 u 21.945 0.290
53670.131033 z 17.116 0.018
53670.131866 g 19.582 0.016
53673.096514 r 18.144 0.008
53673.097347 i 17.485 0.007
53673.098181 u 22.074 0.241
53673.099014 z 17.140 0.014
53673.099847 g 19.587 0.015
53675.093403 r 18.158 0.008
53675.094236 i 17.492 0.007
53675.095070 u 22.109 0.244
53675.095903 z 17.113 0.014
53675.096736 g 19.590 0.015
53677.114436 r 18.166 0.008
53677.115269 i 17.508 0.007
53677.116103 u 23.081 0.605
53677.116936 z 17.166 0.013
53677.117769 g 19.621 0.015
53693.103005 r 18.165 0.010
53693.103838 i 17.501 0.008
53693.104672 u 22.134 0.522
53693.105505 z 17.135 0.014
53693.106338 g 19.595 0.029
53702.098672 r 18.175 0.012
53702.099505 i 17.515 0.012
53702.100339 u 22.186 0.477
53702.101172 z 17.159 0.019
53702.102005 g 19.588 0.020
53704.086334 r 18.157 0.008
53704.087167 i 17.492 0.007
53704.088001 u 22.465 0.441
53704.088834 z 17.108 0.014
53704.089667 g 19.572 0.016
53995.171636 r 18.268 0.010
53995.172469 i 17.611 0.008
53995.173302 u 21.864 0.152
53995.174136 z 17.215 0.016
53995.174969 g 19.665 0.014
53997.150004 r 18.237 0.012
53997.150838 i 17.620 0.011
53997.151671 u 22.486 0.356
53997.152504 z 17.183 0.020
53997.153338 g 19.689 0.024
54005.121866 r 18.287 0.011
54005.122699 i 17.615 0.011
54005.123532 u 22.858 0.373
54005.124366 z 17.271 0.018
54005.125199 g 19.663 0.015
54007.134601 r 18.285 0.008
54007.135434 i 17.628 0.012
54007.136268 u 22.387 0.289
54007.137101 z 17.230 0.018
54007.137934 g 19.693 0.016
54019.146410 r 18.257 0.008
54019.147244 i 17.611 0.009
54019.148077 u 21.909 0.188
54019.148910 z 17.295 0.015
54019.149744 g 19.680 0.017
54025.195219 r 18.254 0.008
54025.196053 i 17.614 0.009
54025.196886 u 23.196 0.609
54025.197719 z 17.254 0.018
54025.198553 g 19.660 0.015
#54051.102153 r -99.000 0.035
54051.102987 i 17.605 0.020
54051.103820 u 21.873 0.461
54051.104653 z 17.232 0.030
54051.105487 g 19.633 0.021
54356.203722 r 18.251 0.009
54356.204555 i 17.634 0.016
54356.205389 u 22.176 0.202
54356.206222 z 17.283 0.015
54356.207055 g 19.724 0.015
54358.148789 r 18.192 0.014
54358.149622 i 17.543 0.009
54358.150456 u 21.833 0.241
54358.151289 z 17.147 0.023
54358.152122 g 19.616 0.018
54373.180876 r 18.246 0.016
54373.181709 i 17.629 0.014
54373.182542 u 21.666 0.288
54373.183376 z 17.230 0.018
54373.184209 g 19.719 0.024
54381.193580 r 18.218 0.011
54381.194413 i 17.515 0.026
54381.195246 u 22.348 0.406
54381.196080 z 17.175 0.019
54381.196913 g 19.616 0.017
54383.196710 r 18.274 0.011
54383.197543 i 17.603 0.010
54383.198376 u 21.977 0.212
54383.199210 z 17.237 0.019
54383.200043 g 19.699 0.017
54388.197992 r 18.225 0.008
54388.198825 i 17.580 0.008
54388.199659 u 21.692 0.197
54388.200492 z 17.240 0.016
54388.201325 g 19.639 0.015
54412.108529 r 18.299 0.012
54412.109362 i 17.653 0.015
54412.110195 u 22.217 0.243
54412.111029 z 17.236 0.017
54412.111862 g 19.651 0.021
54415.146114 r 18.286 0.013
54415.146947 i 17.632 0.010
54415.147781 u 22.000 0.200
54415.148614 z 17.279 0.018
54415.149447 g 19.706 0.017
