51819.253070 r 19.024 0.013
51819.253903 i 18.689 0.014
51819.254737 u 21.628 0.193
51819.255570 z 18.444 0.035
51819.256403 g 19.803 0.017
52172.268597 r 19.024 0.012
52172.269430 i 18.754 0.014
52172.270264 u 21.923 0.208
52172.271097 z 18.624 0.034
52172.271930 g 19.814 0.016
52558.218303 r 18.863 0.013
52558.219136 i 18.646 0.015
52558.219970 u 21.758 0.230
52558.220803 z 18.390 0.036
52558.221636 g 19.693 0.017
52576.130560 r 18.995 0.013
52576.131393 i 18.694 0.014
52576.132227 u 22.148 0.248
52576.133060 z 18.534 0.039
52576.133893 g 19.801 0.017
52577.105794 r 18.979 0.013
52577.106627 i 18.747 0.016
52577.107461 u 22.145 0.275
52577.108294 z 18.646 0.043
52577.109127 g 19.850 0.017
52930.119127 r 18.973 0.011
52930.119960 i 18.677 0.012
52930.120794 u 21.480 0.121
52930.121627 z 18.513 0.030
52930.122460 g 19.817 0.015
52931.119957 r 19.000 0.012
52931.120790 i 18.726 0.013
52931.121624 u 21.768 0.163
52931.122457 z 18.518 0.031
52931.123290 g 19.835 0.016
52935.116921 r 19.062 0.015
52935.117754 i 18.793 0.017
52935.118588 u 22.976 0.686
52935.119421 z 18.582 0.043
52935.120254 g 19.870 0.020
53313.110121 r 19.079 0.015
53313.110954 i 18.792 0.019
53313.111788 u 22.329 0.402
53313.112621 z 18.598 0.050
53313.113454 g 19.871 0.019
53622.219369 r 19.120 0.016
53622.220202 i 18.686 0.017
#53622.221036 u 23.732 1.536
53622.221869 z 18.613 0.047
53622.222702 g 19.915 0.023
53625.215333 r 18.981 0.012
53625.216166 i 18.691 0.013
53625.217000 u 21.880 0.215
53625.217833 z 18.479 0.029
53625.218666 g 19.798 0.019
53636.174370 r 18.994 0.012
53636.175203 i 18.699 0.013
53636.176037 u 21.557 0.172
53636.176870 z 18.528 0.034
53636.177703 g 19.779 0.018
53655.146376 r 18.972 0.017
53655.147209 i 18.698 0.018
53655.148043 u 22.320 0.702
53655.148876 z 18.607 0.050
53655.149709 g 19.998 0.042
53664.171334 r 18.993 0.016
53664.172167 i 18.690 0.016
53664.173001 u 21.953 0.449
53664.173834 z 18.593 0.040
53664.174667 g 19.925 0.030
53666.134936 r 19.016 0.012
53666.135769 i 18.694 0.013
53666.136603 u 21.801 0.165
53666.137436 z 18.508 0.033
53666.138269 g 19.780 0.015
53669.130573 r 19.001 0.012
53669.131406 i 18.668 0.013
53669.132240 u 21.862 0.178
53669.133073 z 18.552 0.031
53669.133906 g 19.792 0.015
53674.114810 r 18.975 0.012
53674.115643 i 18.679 0.013
53674.116477 u 22.237 0.280
53674.117310 z 18.494 0.033
53674.118143 g 19.758 0.015
53676.204308 r 18.993 0.013
53676.205141 i 18.714 0.014
53676.205975 u 22.508 0.417
53676.206808 z 18.532 0.030
53676.207641 g 19.827 0.016
53679.176188 r 19.139 0.018
53679.177021 i 18.846 0.019
53679.177855 u 21.504 0.247
53679.178688 z 18.537 0.038
53679.179521 g 19.935 0.023
#53681.167700 r -99.000 0.036
#53681.168533 i -99.000 0.024
53681.169367 u 21.327 0.183
#53681.170200 z -99.000 0.037
53681.171033 g 19.786 0.019
53685.126745 r 19.027 0.024
53685.127578 i 18.747 0.024
53685.128412 u 21.790 0.621
53685.129245 z 18.612 0.064
53685.130078 g 19.845 0.055
53687.165094 r 19.037 0.021
53687.165927 i 18.701 0.018
#53687.166761 u 24.375 5.038
53687.167594 z 18.592 0.041
53687.168427 g 19.781 0.050
#53700.123686 r -99.000 0.047
#53700.124519 i -99.000 0.019
#53700.125353 u -99.000 0.247
53700.126186 z 18.745 0.050
53700.127019 g 19.779 0.018
53705.110356 r 19.101 0.015
53705.111189 i 18.683 0.016
53705.112023 u 23.276 0.903
53705.112856 z 18.626 0.039
53705.113689 g 20.085 0.023
53975.195349 r 19.012 0.158
53975.196182 i 18.695 0.186
53975.197016 u 21.864 0.218
53975.197849 z 18.522 0.058
53975.198682 g 19.790 0.231
53996.202076 r 18.982 0.192
53996.202909 i 18.704 0.191
53996.203742 u 21.799 0.188
53996.204576 z 18.507 0.043
53996.205409 g 19.799 0.245
53998.170703 r 18.964 0.170
53998.171537 i 18.660 0.189
53998.172370 u 21.716 0.159
53998.173203 z 18.534 0.118
53998.174037 g 19.775 0.259
54010.156213 r 18.992 0.196
54010.157046 i 18.739 0.213
54010.157879 u 21.997 0.311
54010.158713 z 18.506 0.036
54010.159546 g 19.780 0.236
54012.149062 r 18.949 0.162
54012.149895 i 18.703 0.146
#54012.150728 u 24.671 7.000
54012.151562 z 18.529 0.113
54012.152395 g 19.790 0.189
54020.155106 r 18.980 0.200
54020.155940 i 18.678 0.172
54020.156773 u 22.143 0.267
54020.157606 z 18.495 0.036
54020.158440 g 19.779 0.171
54022.204314 r 19.122 0.188
#54022.205147 i -99.000 0.074
54022.205981 u 21.323 0.202
#54022.206814 z -99.000 0.056
54022.207647 g 19.941 0.134
54028.145375 r 19.078 0.162
54028.146209 i 18.753 0.163
54028.147042 u 21.524 0.242
54028.147875 z 18.612 0.084
54028.148709 g 19.992 0.269
54030.148568 r 18.969 0.191
54030.149402 i 18.645 0.197
54030.150235 u 21.664 0.147
54030.151068 z 18.535 0.136
54030.151902 g 19.801 0.255
54032.137830 r 19.001 0.178
#54032.138664 i -99.000 0.150
54032.139497 u 22.122 0.388
#54032.140330 z -99.000 0.055
54032.141164 g 19.789 0.235
54037.129801 r 19.020 0.211
54037.130635 i 18.704 0.176
54037.131468 u 21.402 0.218
54037.132301 z 18.496 0.138
54037.133135 g 19.789 0.251
54040.144340 r 19.001 0.196
54040.145174 i 18.686 0.166
#54040.146007 u -99.000 0.740
54040.146840 z 18.451 0.110
54040.147674 g 19.855 0.179
54050.128913 r 19.063 0.188
54050.129746 i 18.759 0.169
54050.130580 u 22.546 0.442
54050.131413 z 18.535 0.103
54050.132246 g 19.946 0.264
54053.135091 r 18.937 0.174
54053.135924 i 18.711 0.170
54053.136758 u 21.608 0.212
54053.137591 z 18.579 0.078
54053.138424 g 19.829 0.260
54057.105447 r 19.010 0.225
54057.106281 i 18.657 0.141
54057.107114 u 22.704 0.477
54057.107947 z 18.541 0.108
54057.108781 g 19.812 0.209
54059.131144 r 19.031 0.191
54059.131977 i 18.722 0.165
54059.132811 u 21.546 0.281
54059.133644 z 18.589 0.096
54059.134477 g 19.818 0.240
54061.142106 r 19.055 0.186
54061.142940 i 18.802 0.191
54061.143773 u 22.432 0.481
54061.144606 z 18.570 0.110
54061.145440 g 19.782 0.208
54357.174229 r 19.024 0.207
54357.175062 i 18.662 0.187
54357.175895 u 21.691 0.170
54357.176729 z 18.485 0.124
54357.177562 g 19.823 0.222
54365.172195 r 18.970 0.169
54365.173029 i 18.751 0.182
#54365.173862 u 99.992 99.999
54365.174695 z 18.529 0.129
54365.175529 g 19.793 0.242
54385.222128 r 18.994 0.164
54385.222961 i 18.735 0.155
54385.223795 u 22.022 0.278
54385.224628 z 18.549 0.149
54385.225461 g 19.809 0.190
54387.222558 r 19.003 0.194
54387.223392 i 18.730 0.163
54387.224225 u 21.953 0.351
54387.225058 z 18.523 0.085
54387.225892 g 19.746 0.233
#54392.217304 r -99.000 0.170
54392.218137 i 18.864 0.155
#54392.218970 u -99.000 3.471
54392.219804 z 18.784 0.166
54392.220637 g 20.012 0.217
54402.215731 r 19.027 0.197
54402.216564 i 18.672 0.142
54402.217398 u 22.155 0.882
54402.218231 z 18.516 0.051
54402.219064 g 19.826 0.230
