51081.392592 r 20.534 0.036
51081.393425 i 20.223 0.038
51081.394259 u 20.904 0.093
51081.395092 z 20.119 0.133
51081.395925 g 20.586 0.029
51875.207565 r 20.373 0.032
51875.208398 i 20.107 0.038
51875.209232 u 20.769 0.075
51875.210065 z 19.905 0.117
51875.210898 g 20.450 0.027
52225.288419 r 20.366 0.029
52225.289252 i 20.135 0.036
52225.290086 u 20.697 0.074
52225.290919 z 20.076 0.117
52225.291752 g 20.460 0.025
52288.122842 r 20.630 0.038
52288.123675 i 20.198 0.038
#52288.124509 u -99.000 0.117
52288.125342 z 20.062 0.117
52288.126175 g 20.722 0.031
52551.396129 r 20.554 0.035
52551.396962 i 20.205 0.035
52551.397796 u 20.900 0.091
52551.398629 z 19.942 0.113
52551.399462 g 20.585 0.026
52558.429003 r 20.497 0.033
52558.429836 i 20.143 0.032
52558.430670 u 20.771 0.074
52558.431503 z 20.007 0.106
52558.432336 g 20.454 0.023
52578.300611 r 20.623 0.031
52578.301444 i 20.318 0.034
52578.302278 u 20.942 0.082
52578.303111 z 20.237 0.130
52578.303944 g 20.656 0.026
52585.263591 r 20.575 0.031
52585.264424 i 20.273 0.039
52585.265258 u 21.003 0.082
#52585.266091 z -99.000 0.129
52585.266924 g 20.615 0.025
52909.430226 r 20.469 0.031
52909.431059 i 20.147 0.033
52909.431893 u 20.616 0.069
52909.432726 z 20.037 0.101
52909.433559 g 20.438 0.024
52963.250715 r 20.467 0.026
52963.251548 i 20.176 0.029
52963.252382 u 20.660 0.061
52963.253215 z 20.101 0.098
52963.254048 g 20.465 0.022
52971.241630 r 20.510 0.037
52971.242463 i 20.224 0.040
52971.243297 u 20.960 0.108
52971.244130 z 19.861 0.105
52971.244963 g 20.579 0.030
53351.173018 r 20.210 0.031
53351.173851 i 19.949 0.032
53351.174685 u 20.433 0.069
53351.175518 z 19.849 0.122
53351.176351 g 20.181 0.020
53622.430069 r 20.177 0.023
53622.430902 i 19.943 0.026
53622.431736 u 20.560 0.064
53622.432569 z 20.011 0.096
53622.433402 g 20.146 0.018
53634.379541 r 20.249 0.054
53634.380374 i 19.926 0.047
53634.381208 u 20.261 0.142
53634.382041 z 19.938 0.115
53634.382874 g 20.153 0.056
53638.420878 r 20.156 0.026
53638.421711 i 19.980 0.028
53638.422545 u 20.354 0.066
53638.423378 z 19.863 0.090
53638.424211 g 20.195 0.025
53640.384913 r 20.162 0.027
53640.385746 i 19.951 0.032
53640.386580 u 20.445 0.077
53640.387413 z 19.820 0.094
53640.388246 g 20.146 0.022
53646.446322 r 20.104 0.040
53646.447155 i 19.770 0.038
53646.447989 u 20.335 0.124
53646.448822 z 19.678 0.192
53646.449655 g 20.099 0.040
53655.357088 r 20.244 0.027
53655.357921 i 19.985 0.030
53655.358755 u 20.554 0.068
53655.359588 z 19.806 0.087
53655.360421 g 20.217 0.019
53663.446741 r 20.126 0.050
53663.447574 i 20.015 0.049
53663.448408 u 20.247 0.178
53663.449241 z 19.849 0.123
53663.450074 g 20.130 0.058
53664.382043 r 20.134 0.042
53664.382876 i 19.958 0.040
#53664.383710 u -99.000 0.146
53664.384543 z 20.004 0.130
53664.385376 g 20.169 0.038
53665.446674 r 20.176 0.041
53665.447507 i 20.014 0.043
#53665.448341 u -99.000 0.132
53665.449174 z 19.781 0.130
53665.450007 g 20.235 0.042
53668.435289 r 20.091 0.044
53668.436122 i 19.832 0.043
53668.436956 u 20.592 0.175
53668.437789 z 19.854 0.184
53668.438622 g 20.205 0.042
53669.341288 r 20.227 0.040
53669.342121 i 20.037 0.044
53669.342955 u 20.609 0.120
#53669.343788 z -99.000 0.183
53669.344621 g 20.226 0.033
53670.441264 r 20.190 0.035
53670.442097 i 19.996 0.037
53670.442931 u 20.620 0.139
53670.443764 z 19.994 0.146
53670.444597 g 20.321 0.035
53671.426039 r 20.258 0.030
53671.426872 i 20.027 0.032
53671.427706 u 20.254 0.076
53671.428539 z 19.708 0.088
53671.429372 g 20.251 0.026
53674.325525 r 20.153 0.030
53674.326358 i 19.934 0.034
53674.327192 u 20.558 0.082
53674.328025 z 20.036 0.140
53674.328858 g 20.210 0.023
53676.414982 r 20.217 0.029
53676.415815 i 19.987 0.031
#53676.416649 u -99.000 0.094
53676.417482 z 19.951 0.109
53676.418315 g 20.247 0.023
53679.386883 r 20.211 0.037
53679.387716 i 19.946 0.040
53679.388550 u 20.624 0.095
53679.389383 z 19.843 0.151
53679.390216 g 20.258 0.026
53681.378397 r 20.275 0.027
53681.379230 i 19.999 0.027
53681.380064 u 20.545 0.071
53681.380897 z 19.956 0.087
53681.381730 g 20.294 0.022
53684.339893 r 20.089 0.105
53684.340726 i 19.858 0.084
53684.341560 u 20.424 0.143
53684.342393 z 19.768 0.214
#53684.343226 g -99.000 0.033
53687.281207 r 20.257 0.074
53687.282040 i 19.965 0.063
#53687.282874 u -99.000 0.381
53687.283707 z 19.664 0.141
53687.284540 g 20.411 0.088
53694.351346 r 20.288 0.048
53694.352179 i 19.985 0.041
53694.353013 u 20.346 0.155
53694.353846 z 19.974 0.143
53694.354679 g 20.217 0.053
53697.335422 r 20.184 0.030
53697.336255 i 19.933 0.031
53697.337089 u 20.441 0.092
53697.337922 z 19.916 0.114
53697.338755 g 20.185 0.028
53700.334379 r 20.273 0.034
53700.335212 i 20.037 0.040
53700.336046 u 20.609 0.096
53700.336879 z 19.961 0.151
53700.337712 g 20.248 0.026
#53705.321049 r -99.000 0.035
53705.321882 i 19.811 0.036
#53705.322716 u -99.000 0.096
#53705.323549 z -99.000 0.123
#53705.324382 g -99.000 0.025
53975.406043 r 20.542 0.036
53975.406876 i 20.219 0.035
53975.407709 u 20.977 0.095
53975.408543 z 20.148 0.123
53975.409376 g 20.585 0.026
53994.429043 r 20.461 0.032
53994.429877 i 20.211 0.031
53994.430710 u 20.844 0.075
53994.431543 z 19.977 0.089
53994.432377 g 20.474 0.027
53996.412785 r 20.472 0.033
53996.413619 i 20.222 0.031
53996.414452 u 20.780 0.063
53996.415285 z 20.048 0.088
53996.416119 g 20.463 0.027
54005.425966 r 20.560 0.027
54005.426799 i 20.261 0.031
#54005.427633 u -99.000 0.071
54005.428466 z 20.178 0.093
54005.429299 g 20.512 0.023
54009.439783 r 20.456 0.026
54009.440617 i 20.193 0.031
#54009.441450 u -99.000 0.076
54009.442283 z 20.189 0.097
54009.443117 g 20.559 0.031
54010.366936 r 20.484 0.022
54010.367770 i 20.338 0.030
54010.368603 u 20.805 0.058
54010.369436 z 20.379 0.082
54010.370270 g 20.536 0.023
54012.359756 r 20.518 0.044
54012.360589 i 20.266 0.039
54012.361422 u 21.001 0.132
54012.362256 z 20.197 0.108
54012.363089 g 20.494 0.042
54020.397810 r 20.543 0.045
54020.398644 i 20.118 0.039
#54020.399477 u -99.000 0.176
54020.400310 z 19.867 0.108
54020.401144 g 20.513 0.043
54030.391056 r 20.668 0.031
54030.391889 i 20.391 0.038
54030.392722 u 21.116 0.093
54030.393556 z 20.054 0.104
#54030.394389 g -99.000 0.030
54035.435020 r 20.689 0.053
54035.435854 i 20.293 0.053
#54035.436687 u -99.000 0.182
54035.437520 z 19.914 0.135
54035.438354 g 20.646 0.035
54037.340520 r 20.691 0.029
54037.341354 i 20.343 0.029
54037.342187 u 21.229 0.089
54037.343020 z 20.271 0.083
54037.343854 g 20.690 0.026
54040.355013 r 20.664 0.040
54040.355846 i 20.310 0.039
54040.356680 u 21.132 0.110
54040.357513 z 20.289 0.128
54040.358346 g 20.602 0.030
54053.361106 r 20.647 0.043
#54053.361940 i -99.000 0.047
#54053.362773 u -99.000 0.101
#54053.363606 z -99.000 0.157
54053.364440 g 20.662 0.032
54056.347447 r 20.555 0.038
54056.348281 i 20.328 0.042
54056.349114 u 21.131 0.130
54056.349947 z 20.032 0.126
54056.350781 g 20.665 0.031
54059.341749 r 20.528 0.039
54059.342582 i 20.159 0.045
#54059.343416 u -99.000 0.110
54059.344249 z 20.125 0.150
54059.345082 g 20.567 0.034
54061.352815 r 20.451 0.060
54061.353648 i 20.013 0.055
#54061.354482 u -99.000 0.182
54061.355315 z 20.298 0.295
54061.356148 g 20.494 0.039
54062.346637 r 20.600 0.031
54062.347470 i 20.297 0.032
54062.348303 u 20.875 0.086
54062.349137 z 20.344 0.145
54062.349970 g 20.539 0.029
54064.343063 r 20.526 0.037
54064.343896 i 20.208 0.037
#54064.344729 u -99.000 0.084
54064.345563 z 20.099 0.118
54064.346396 g 20.511 0.027
54357.384949 r 20.691 0.027
54357.385782 i 20.316 0.038
#54357.386616 u -99.000 0.087
54357.387449 z 20.300 0.087
54357.388282 g 20.692 0.024
54362.434746 r 20.642 0.029
54362.435579 i 20.390 0.034
54362.436412 u 20.987 0.072
54362.437246 z 20.274 0.096
54362.438079 g 20.710 0.028
54376.429885 r 20.678 0.033
54376.430718 i 20.284 0.036
54376.431552 u 21.191 0.131
54376.432385 z 20.316 0.125
54376.433218 g 20.624 0.035
54382.415022 r 20.483 0.043
54382.415855 i 20.087 0.043
54382.416688 u 20.896 0.104
54382.417522 z 20.413 0.190
54382.418355 g 20.602 0.031
54385.432797 r 20.615 0.029
54385.433630 i 20.259 0.031
#54385.434464 u -99.000 0.077
54385.435297 z 20.223 0.102
54385.436130 g 20.582 0.029
54390.425655 r 20.448 0.061
54390.426488 i 20.139 0.061
54390.427322 u 21.211 0.201
54390.428155 z 19.871 0.192
54390.428988 g 20.561 0.044
54402.426405 r 20.471 0.061
54402.427239 i 20.281 0.054
54402.428072 u 20.537 0.245
54402.428905 z 19.812 0.139
54402.429739 g 20.595 0.085
