51819.242811 r 19.910 0.021
51819.243644 i 19.793 0.025
51819.244478 u 21.601 0.159
51819.245311 z 19.682 0.085
51819.246144 g 20.294 0.022
52075.349059 r 20.096 0.025
52075.349892 i 19.781 0.025
52075.350726 u 21.435 0.179
52075.351559 z 19.890 0.084
52075.352392 g 20.332 0.026
52172.258383 r 19.968 0.021
52172.259216 i 19.781 0.024
52172.260050 u 21.281 0.112
52172.260883 z 19.758 0.089
52172.261716 g 20.310 0.022
52197.157720 r 19.952 0.020
52197.158553 i 19.869 0.025
52197.159387 u 21.227 0.117
52197.160220 z 19.837 0.091
52197.161053 g 20.301 0.021
52558.208090 r 20.424 0.061
52558.208923 i 20.010 0.055
52558.209757 u 22.181 0.430
52558.210590 z 20.438 0.270
52558.211423 g 20.280 0.024
52576.120348 r 19.995 0.023
52576.121181 i 19.877 0.030
52576.122015 u 21.471 0.133
52576.122848 z 19.971 0.121
52576.123681 g 20.380 0.024
52577.095580 r 19.928 0.022
52577.096413 i 19.865 0.031
52577.097247 u 21.321 0.127
52577.098080 z 19.631 0.102
52577.098913 g 20.356 0.023
52930.108911 r 20.066 0.020
52930.109744 i 19.833 0.023
52930.110578 u 21.298 0.098
52930.111411 z 20.139 0.104
52930.112244 g 20.392 0.020
52931.109741 r 19.887 0.020
52931.110574 i 19.747 0.025
52931.111408 u 21.172 0.104
52931.112241 z 20.068 0.115
52931.113074 g 20.277 0.021
52936.097944 r 19.888 0.019
52936.098777 i 19.751 0.021
52936.099611 u 21.300 0.110
52936.100444 z 19.881 0.093
52936.101277 g 20.330 0.020
53272.211954 r 20.022 0.036
53272.212787 i 19.814 0.032
53272.213621 u 21.292 0.267
53272.214454 z 19.711 0.086
53272.215287 g 20.230 0.051
53288.139159 r 19.847 0.022
53288.139992 i 19.754 0.024
53288.140826 u 21.271 0.170
53288.141659 z 19.836 0.093
53288.142492 g 20.332 0.024
53623.186137 r 19.865 0.020
53623.186970 i 19.839 0.024
53623.187804 u 21.101 0.129
53623.188637 z 19.990 0.096
53623.189470 g 20.293 0.024
53625.205118 r 19.907 0.021
53625.205951 i 19.869 0.025
53625.206785 u 21.375 0.124
53625.207618 z 19.789 0.072
53625.208451 g 20.300 0.026
53636.164155 r 19.964 0.021
53636.164988 i 19.872 0.028
53636.165822 u 21.236 0.117
53636.166655 z 20.161 0.116
53636.167488 g 20.334 0.023
53644.151273 r 19.838 0.048
53644.152106 i 19.774 0.076
53644.152940 u 21.122 0.113
53644.153773 z 19.907 0.109
53644.154606 g 20.285 0.029
53654.185899 r 19.862 0.028
53654.186732 i 19.782 0.032
53654.187566 u 21.461 0.358
53654.188399 z 20.296 0.213
53654.189232 g 20.339 0.036
53655.136161 r 19.965 0.038
53655.136994 i 19.739 0.038
53655.137828 u 21.571 0.352
53655.138661 z 19.615 0.116
53655.139494 g 20.593 0.067
53656.133490 r 20.089 0.059
53656.134323 i 19.988 0.060
53656.135157 u 20.854 0.301
53656.135990 z 19.899 0.161
53656.136823 g 20.226 0.090
53664.161119 r 19.971 0.030
53664.161952 i 19.768 0.034
53664.162786 u 21.288 0.227
53664.163619 z 19.705 0.097
53664.164452 g 20.232 0.039
53666.124721 r 20.067 0.021
53666.125554 i 20.038 0.029
53666.126388 u 21.296 0.100
53666.127221 z 19.739 0.084
53666.128054 g 20.398 0.020
53669.120360 r 20.158 0.023
53669.121193 i 19.869 0.025
53669.122027 u 21.246 0.096
53669.122860 z 19.674 0.076
53669.123693 g 20.417 0.021
53673.109235 r 19.960 0.023
53673.110068 i 19.744 0.025
53673.110902 u 21.291 0.141
53673.111735 z 19.861 0.098
53673.112568 g 20.369 0.023
53674.104594 r 19.802 0.026
53674.105427 i 19.722 0.025
53674.106261 u 21.244 0.114
53674.107094 z 19.898 0.104
53674.107927 g 20.242 0.021
53676.194096 r 20.045 0.023
53676.194929 i 19.838 0.025
53676.195763 u 21.432 0.134
53676.196596 z 19.700 0.075
53676.197429 g 20.280 0.020
53679.165975 r 19.871 0.027
53679.166808 i 19.688 0.031
53679.167642 u 21.252 0.200
53679.168475 z 19.971 0.157
53679.169308 g 20.196 0.026
53681.157489 r 19.936 0.027
53681.158322 i 19.831 0.030
53681.159156 u 21.485 0.166
53681.159989 z 19.856 0.101
53681.160822 g 20.283 0.026
53685.116531 r 19.964 0.046
53685.117364 i 19.996 0.050
#53685.118198 u 25.656 1.905
53685.119031 z 20.061 0.145
53685.119864 g 20.379 0.070
53687.154881 r 19.993 0.043
53687.155714 i 19.774 0.037
53687.156548 u 21.655 0.632
53687.157381 z 20.049 0.166
53687.158214 g 20.345 0.076
53693.115725 r 19.835 0.029
53693.116558 i 19.814 0.031
53693.117392 u 21.093 0.210
53693.118225 z 19.728 0.091
53693.119058 g 20.386 0.049
53697.114511 r 20.121 0.130
53697.115344 i 19.670 0.121
#53697.116178 u -99.000 0.865
53697.117011 z 19.092 0.258
53697.117844 g 20.135 0.098
#53700.113473 r -99.000 0.077
#53700.114306 i -99.000 0.059
#53700.115140 u -99.000 0.235
#53700.115973 z -99.000 0.284
#53700.116806 g -99.000 0.032
53705.100142 r 19.827 0.024
53705.100975 i 19.672 0.030
53705.101809 u 21.253 0.149
53705.102642 z 19.561 0.100
53705.103475 g 20.184 0.023
53975.185137 r 19.942 0.071
53975.185971 i 19.884 0.119
53975.186804 u 21.187 0.129
53975.187637 z 19.886 0.154
53975.188471 g 20.275 0.034
53989.195092 r 19.903 0.055
53989.195926 i 19.869 0.090
#53989.196759 u 99.997 99.999
53989.197592 z 19.985 0.147
53989.198426 g 20.355 0.039
53996.191866 r 19.872 0.036
53996.192699 i 19.795 0.056
53996.193533 u 21.250 0.101
53996.194366 z 19.787 0.087
53996.195199 g 20.268 0.028
53998.160496 r 19.911 0.034
53998.161330 i 19.961 0.052
53998.162163 u 21.178 0.090
53998.162996 z 19.976 0.113
53998.163830 g 20.263 0.024
54010.145965 r 19.951 0.040
54010.146798 i 19.766 0.087
54010.147632 u 21.311 0.154
54010.148465 z 19.740 0.100
54010.149298 g 20.293 0.040
54012.138816 r 19.952 0.070
54012.139650 i 19.773 0.099
54012.140483 u 21.029 0.258
54012.141316 z 19.840 0.200
54012.142150 g 20.202 0.075
54019.159133 r 19.982 0.038
54019.159966 i 19.845 0.105
54019.160800 u 21.431 0.159
54019.161633 z 19.647 0.066
54019.162466 g 20.370 0.041
54020.144790 r 19.948 0.042
54020.145623 i 19.758 0.069
54020.146457 u 21.275 0.104
54020.147290 z 19.871 0.104
54020.148123 g 20.328 0.030
54022.194240 r 19.951 0.071
#54022.195074 i -99.000 0.207
54022.195907 u 20.966 0.573
#54022.196740 z -99.000 1.035
#54022.197574 g -99.000 0.045
54028.135165 r 19.982 0.072
54028.135998 i 19.825 0.099
54028.136832 u 21.493 0.192
54028.137665 z 20.248 0.258
54028.138498 g 20.281 0.039
54030.138345 r 19.938 0.056
54030.139178 i 19.786 0.091
54030.140012 u 21.406 0.110
54030.140845 z 19.830 0.115
54030.141678 g 20.273 0.030
54032.127797 r 19.921 0.072
#54032.128630 i -99.000 0.105
54032.129464 u 21.157 0.126
#54032.130297 z -99.000 0.139
#54032.131130 g -99.000 0.034
54037.119616 r 19.931 0.070
54037.120450 i 20.217 0.138
54037.121283 u 21.387 0.154
54037.122116 z 19.602 0.091
54037.122950 g 20.334 0.040
54040.134076 r 19.884 0.069
54040.134909 i 19.741 0.056
54040.135743 u 20.991 0.201
54040.136576 z 20.039 0.232
54040.137409 g 20.334 0.059
54050.118699 r 19.938 0.063
54050.119532 i 19.839 0.098
54050.120365 u 21.422 0.167
54050.121199 z 19.642 0.120
54050.122032 g 20.371 0.049
54053.124867 r 19.914 0.068
54053.125700 i 19.946 0.096
54053.126533 u 21.406 0.157
54053.127367 z 19.670 0.118
54053.128200 g 20.294 0.034
54057.095191 r 19.891 0.047
54057.096024 i 19.770 0.065
54057.096857 u 21.336 0.116
54057.097691 z 20.046 0.152
54057.098524 g 20.303 0.032
54059.120817 r 19.909 0.052
54059.121651 i 19.926 0.100
54059.122484 u 21.470 0.162
54059.123317 z 19.762 0.157
54059.124151 g 20.298 0.036
54061.131867 r 20.143 0.080
54061.132700 i 19.751 0.087
54061.133534 u 21.689 0.234
54061.134367 z 19.937 0.200
54061.135200 g 20.276 0.037
#54062.125723 r -99.000 0.109
54062.126557 i 19.918 0.117
54062.127390 u 21.002 0.195
54062.128223 z 19.443 0.155
54062.129057 g 20.257 0.044
54068.115702 r 20.014 0.101
54068.116536 i 19.671 0.106
#54068.117369 u -99.000 1.192
54068.118202 z 19.901 0.248
54068.119036 g 20.186 0.077
54357.164026 r 19.831 0.064
54357.164859 i 19.871 0.089
54357.165693 u 21.095 0.109
54357.166526 z 19.480 0.089
54357.167359 g 20.269 0.038
54365.161863 r 20.059 0.071
54365.162697 i 19.814 0.100
54365.163530 u 21.438 0.349
54365.164363 z 19.999 0.213
54365.165197 g 20.380 0.057
54385.211835 r 19.962 0.077
54385.212669 i 19.974 0.068
54385.213502 u 21.244 0.128
54385.214335 z 19.719 0.079
54385.215169 g 20.272 0.038
54387.212345 r 20.004 0.069
54387.213179 i 19.827 0.089
54387.214012 u 21.986 0.355
54387.214845 z 19.667 0.141
54387.215679 g 20.262 0.031
54392.207079 r 20.115 0.084
54392.207913 i 19.842 0.095
54392.208746 u 21.049 0.195
54392.209579 z 19.841 0.161
54392.210413 g 20.224 0.049
#54402.205538 r -99.000 0.061
54402.206371 i 19.953 0.107
54402.207204 u 21.448 0.453
54402.208038 z 20.091 0.232
54402.208871 g 20.287 0.066
54403.124489 r 19.997 0.036
54403.125322 i 19.796 0.039
54403.126156 u 21.330 0.120
54403.126989 z 19.963 0.149
54403.127822 g 20.363 0.029
