51081.385060 r 16.545 0.004
51081.385893 i 16.010 0.004
#51081.386727 u -99.000 0.050
51081.387560 z 15.675 0.006
51081.388393 g 17.698 0.006
51819.456331 r 16.473 0.004
51819.457164 i 15.983 0.004
51819.457998 u 19.956 0.060
51819.458831 z 15.645 0.006
51819.459664 g 17.600 0.006
51875.200045 r 16.533 0.004
51875.200878 i 15.981 0.004
51875.201712 u 20.170 0.045
51875.202545 z 15.663 0.006
51875.203378 g 17.686 0.005
52225.280873 r 16.486 0.005
52225.281706 i 15.957 0.004
52225.282540 u 19.938 0.040
52225.283373 z 15.635 0.006
52225.284206 g 17.616 0.005
52288.115294 r 16.565 0.004
52288.116127 i 16.018 0.004
52288.116961 u 20.181 0.045
52288.117794 z 15.681 0.006
52288.118627 g 17.718 0.006
52551.388584 r 16.450 0.004
52551.389417 i 15.940 0.004
52551.390251 u 20.076 0.043
52551.391084 z 15.618 0.006
52551.391917 g 17.582 0.005
52558.421459 r 16.456 0.005
52558.422292 i 15.950 0.005
52558.423126 u 20.035 0.040
52558.423959 z 15.635 0.007
52558.424792 g 17.604 0.006
52576.254511 r 16.485 0.004
52576.255344 i 15.980 0.004
52576.256178 u 20.129 0.045
52576.257011 z 15.627 0.006
52576.257844 g 17.637 0.005
52578.293066 r 16.439 0.004
52578.293899 i 15.935 0.004
52578.294733 u 20.063 0.043
52578.295566 z 15.616 0.006
52578.296399 g 17.577 0.005
52585.256046 r 16.460 0.004
52585.256879 i 15.947 0.004
52585.257713 u 20.101 0.039
52585.258546 z 15.624 0.006
52585.259379 g 17.597 0.005
52909.422681 r 16.555 0.005
52909.423514 i 16.024 0.005
52909.424348 u 20.193 0.045
52909.425181 z 15.677 0.006
52909.426014 g 17.705 0.006
52910.392922 r 16.560 0.004
52910.393755 i 16.015 0.004
52910.394589 u 20.260 0.053
52910.395422 z 15.676 0.006
52910.396255 g 17.726 0.006
52935.320091 r 16.538 0.004
52935.320924 i 16.014 0.004
52935.321758 u 20.170 0.051
52935.322591 z 15.649 0.006
52935.323424 g 17.669 0.006
52963.243169 r 16.568 0.005
52963.244002 i 16.027 0.005
52963.244836 u 20.182 0.041
52963.245669 z 15.676 0.006
52963.246502 g 17.738 0.006
52971.234083 r 16.558 0.004
#52971.234916 i -99.000 0.003
#52971.235750 u -99.000 0.095
52971.236583 z 15.661 0.006
52971.237416 g 17.704 0.006
53351.165471 r 16.466 0.004
53351.166304 i 15.938 0.004
53351.167138 u 20.126 0.043
53351.167971 z 15.622 0.006
53351.168804 g 17.591 0.005
53622.422522 r 16.413 0.005
53622.423355 i 15.898 0.005
#53622.424189 u -99.000 0.042
53622.425022 z 15.593 0.006
53622.425855 g 17.508 0.005
53634.371994 r 16.398 0.004
53634.372827 i 15.930 0.004
#53634.373661 u -99.000 0.097
53634.374494 z 15.588 0.006
53634.375327 g 17.509 0.008
53638.413331 r 16.406 0.005
53638.414164 i 15.915 0.005
53638.414998 u 20.072 0.052
53638.415831 z 15.598 0.006
53638.416664 g 17.540 0.006
53640.377366 r 16.405 0.004
53640.378199 i 15.913 0.004
53640.379033 u 20.139 0.055
53640.379866 z 15.585 0.006
53640.380699 g 17.526 0.005
53646.438776 r 16.420 0.004
53646.439609 i 15.904 0.004
53646.440443 u 19.927 0.080
53646.441276 z 15.685 0.009
53646.442109 g 17.549 0.007
53655.349540 r 16.388 0.004
53655.350373 i 15.893 0.004
53655.351207 u 19.941 0.042
53655.352040 z 15.564 0.006
53655.352873 g 17.525 0.005
53663.439196 r 16.407 0.005
53663.440029 i 15.902 0.004
53663.440863 u 19.785 0.103
53663.441696 z 15.578 0.006
53663.442529 g 17.506 0.008
53664.374496 r 16.391 0.005
53664.375329 i 15.897 0.005
53664.376163 u 20.024 0.111
53664.376996 z 15.581 0.007
53664.377829 g 17.528 0.008
53665.439129 r 16.422 0.005
53665.439962 i 15.898 0.005
53665.440796 u 20.226 0.108
53665.441629 z 15.588 0.006
53665.442462 g 17.530 0.006
53668.427757 r 16.390 0.004
53668.428590 i 15.917 0.004
53668.429424 u 20.017 0.091
53668.430257 z 15.586 0.006
53668.431090 g 17.516 0.006
53669.333740 r 16.463 0.005
53669.334573 i 15.986 0.004
53669.335407 u 20.033 0.063
53669.336240 z 15.615 0.006
53669.337073 g 17.531 0.005
53670.433719 r 16.390 0.004
53670.434552 i 15.907 0.004
53670.435386 u 19.997 0.077
53670.436219 z 15.576 0.006
53670.437052 g 17.517 0.006
53671.418495 r 16.382 0.005
53671.419328 i 15.895 0.005
53671.420162 u 19.870 0.058
53671.420995 z 15.574 0.007
53671.421828 g 17.501 0.006
53674.317978 r 16.398 0.004
53674.318811 i 15.899 0.004
53674.319645 u 19.922 0.054
53674.320478 z 15.595 0.006
53674.321311 g 17.520 0.005
53676.407438 r 16.404 0.006
53676.408271 i 15.893 0.007
53676.409105 u 20.007 0.065
53676.409938 z 15.580 0.008
53676.410771 g 17.451 0.007
53679.379338 r 16.378 0.004
53679.380171 i 15.887 0.004
53679.381005 u 20.093 0.065
53679.381838 z 15.574 0.006
53679.382671 g 17.503 0.005
53681.370851 r 16.405 0.005
53681.371684 i 15.908 0.005
#53681.372518 u -99.000 0.059
53681.373351 z 15.597 0.007
53681.374184 g 17.486 0.006
#53684.332347 r -99.000 0.009
#53684.333180 i -99.000 0.007
#53684.334014 u -99.000 0.131
#53684.334847 z -99.000 0.020
#53684.335680 g -99.000 0.015
53687.273660 r 16.394 0.005
53687.274493 i 15.877 0.004
53687.275327 u 20.004 0.124
53687.276160 z 15.584 0.006
53687.276993 g 17.504 0.008
53694.343799 r 16.392 0.004
53694.344632 i 15.886 0.004
#53694.345466 u -99.000 0.108
53694.346299 z 15.584 0.006
#53694.347132 g -99.000 0.007
53697.327876 r 16.387 0.005
53697.328709 i 15.891 0.005
53697.329543 u 20.050 0.060
53697.330376 z 15.582 0.006
53697.331209 g 17.492 0.006
53700.326833 r 16.400 0.004
53700.327666 i 15.903 0.004
53700.328500 u 19.919 0.052
53700.329333 z 15.586 0.006
53700.330166 g 17.521 0.005
53705.313504 r 16.383 0.004
53705.314337 i 15.894 0.004
53705.315171 u 19.958 0.053
53705.316004 z 15.588 0.006
53705.316837 g 17.504 0.005
53975.398493 r 16.467 0.023
53975.399327 i 15.948 0.021
#53975.400160 u -99.000 0.068
53975.400993 z 15.629 0.019
53975.401827 g 17.612 0.034
53993.410629 r 16.451 0.006
#53993.411462 i -99.000 0.010
#53993.412295 u -99.000 0.174
#53993.413129 z -99.000 0.013
#53993.413962 g -99.000 0.091
53994.421495 r 16.465 0.013
53994.422328 i 15.939 0.009
#53994.423162 u -99.000 0.050
53994.423995 z 15.625 0.011
53994.424828 g 17.582 0.018
53996.405293 r 16.465 0.016
53996.406126 i 15.945 0.012
53996.406960 u 20.076 0.042
53996.407793 z 15.626 0.016
53996.408626 g 17.616 0.016
54005.418439 r 16.453 0.015
54005.419273 i 15.939 0.022
54005.420106 u 19.973 0.037
54005.420939 z 15.611 0.018
54005.421773 g 17.576 0.021
54009.432285 r 16.438 0.013
54009.433119 i 15.945 0.024
54009.433952 u 19.942 0.037
54009.434785 z 15.597 0.016
54009.435619 g 17.579 0.021
54010.359345 r 16.460 0.018
54010.360178 i 15.948 0.012
54010.361012 u 20.126 0.036
54010.361845 z 15.607 0.011
54010.362678 g 17.573 0.024
54012.352216 r 16.424 0.011
54012.353050 i 15.938 0.014
54012.353883 u 19.919 0.058
54012.354716 z 15.616 0.015
54012.355550 g 17.535 0.023
54020.358188 r 16.442 0.012
54020.359021 i 15.920 0.011
54020.359854 u 20.089 0.083
54020.360688 z 15.616 0.013
54020.361521 g 17.557 0.038
54024.439854 r 16.446 0.018
54024.440687 i 15.935 0.019
54024.441521 u 20.047 0.055
54024.442354 z 15.588 0.024
54024.443187 g 17.554 0.013
54028.428068 r 16.416 0.025
54028.428901 i 15.948 0.013
#54028.429734 u -99.000 0.095
54028.430568 z 15.628 0.020
#54028.431401 g -99.000 0.141
54030.383484 r 16.467 0.017
54030.384317 i 15.948 0.015
54030.385151 u 20.091 0.049
54030.385984 z 15.619 0.011
54030.386817 g 17.592 0.017
54035.427533 r 16.429 0.013
54035.428366 i 15.923 0.012
54035.429199 u 20.197 0.063
54035.430033 z 15.618 0.014
54035.430866 g 17.573 0.021
54037.332979 r 16.470 0.014
54037.333812 i 15.947 0.018
54037.334645 u 20.204 0.039
54037.335479 z 15.635 0.011
54037.336312 g 17.590 0.026
54040.347458 r 16.449 0.013
54040.348291 i 15.954 0.012
54040.349124 u 20.048 0.054
54040.349958 z 15.602 0.012
54040.350791 g 17.579 0.026
54047.378240 r 16.466 0.021
54047.379073 i 15.960 0.014
#54047.379907 u -99.000 0.421
54047.380740 z 15.617 0.037
#54047.381573 g -99.000 0.015
54049.374180 r 16.476 0.017
54049.375013 i 15.943 0.010
54049.375847 u 20.136 0.119
54049.376680 z 15.618 0.010
54049.377513 g 17.601 0.021
54053.353631 r 16.429 0.019
54053.354465 i 15.943 0.015
54053.355298 u 20.050 0.049
#54053.356131 z -99.000 0.014
54053.356965 g 17.605 0.016
54056.340069 r 16.455 0.014
54056.340903 i 15.936 0.013
54056.341736 u 19.910 0.051
54056.342569 z 15.615 0.017
54056.343403 g 17.586 0.027
54059.334200 r 16.472 0.011
54059.335033 i 15.954 0.012
54059.335866 u 20.078 0.052
54059.336700 z 15.615 0.011
54059.337533 g 17.595 0.029
54061.345540 r 16.451 0.021
54061.346373 i 15.914 0.022
54061.347206 u 20.037 0.085
54061.348040 z 15.643 0.023
54061.348873 g 17.573 0.021
54062.339110 r 16.461 0.014
54062.339943 i 15.937 0.019
54062.340776 u 20.070 0.052
54062.341610 z 15.609 0.014
54062.342443 g 17.570 0.026
54064.335718 r 16.466 0.015
54064.336551 i 15.936 0.013
54064.337384 u 20.054 0.054
54064.338218 z 15.592 0.016
54064.339051 g 17.595 0.025
54068.319822 r 17.585 0.056
54068.320655 i 16.391 0.034
#54068.321489 u -99.000 99.999
54068.322322 z 16.450 0.050
#54068.323155 g -99.000 0.071
54357.377386 r 16.476 0.029
54357.378219 i 15.949 0.018
#54357.379052 u -99.000 0.039
54357.379886 z 15.617 0.014
54357.380719 g 17.638 0.019
54362.427193 r 16.461 0.017
54362.428026 i 15.950 0.014
54362.428859 u 20.089 0.044
54362.429693 z 15.607 0.018
54362.430526 g 17.595 0.019
54376.422513 r 16.478 0.015
54376.423347 i 15.940 0.015
54376.424180 u 20.018 0.047
54376.425013 z 15.629 0.022
54376.425847 g 17.604 0.023
54382.407406 r 16.438 0.012
54382.408240 i 15.923 0.013
#54382.409073 u -99.000 0.117
54382.409906 z 15.614 0.022
54382.410740 g 17.597 0.018
54385.425211 r 16.463 0.015
54385.426044 i 15.963 0.016
54385.426877 u 20.048 0.052
54385.427711 z 15.629 0.018
54385.428544 g 17.596 0.019
54387.425727 r 16.459 0.020
54387.426561 i 15.950 0.014
54387.427394 u 20.105 0.076
54387.428227 z 15.611 0.017
#54387.429061 g -99.000 0.042
#54390.418108 r -99.000 0.009
54390.418941 i 15.912 0.010
54390.419774 u 19.989 0.068
54390.420608 z 15.621 0.015
#54390.421441 g -99.000 0.028
54391.426675 r 16.493 0.016
54391.427508 i 15.966 0.038
#54391.428342 u -99.000 0.095
54391.429175 z 15.624 0.010
54391.430008 g 17.631 0.023
54402.419013 r 16.466 0.012
54402.419847 i 15.949 0.014
54402.420680 u 19.956 0.118
54402.421513 z 15.590 0.012
#54402.422347 g -99.000 0.014
