51081.396470 r 19.295 0.014
51081.397303 i 19.084 0.018
51081.398137 u 19.388 0.028
51081.398970 z 19.056 0.054
51081.399803 g 19.220 0.012
51819.467622 r 19.531 0.018
51819.468455 i 19.322 0.021
51819.469289 u 19.976 0.053
51819.470122 z 19.351 0.073
51819.470955 g 19.620 0.018
51875.211445 r 19.566 0.017
51875.212278 i 19.330 0.020
51875.213112 u 19.835 0.035
51875.213945 z 19.556 0.078
51875.214778 g 19.551 0.014
52225.292286 r 19.614 0.017
52225.293119 i 19.378 0.018
52225.293953 u 19.818 0.034
52225.294786 z 19.573 0.064
#52225.295619 g -99.000 0.014
52288.126709 r 19.583 0.017
52288.127542 i 19.413 0.020
52288.128376 u 19.733 0.034
52288.129209 z 19.508 0.067
52288.130042 g 19.566 0.015
52551.399997 r 19.518 0.016
52551.400830 i 19.320 0.018
52551.401664 u 19.581 0.031
52551.402497 z 19.499 0.070
52551.403330 g 19.428 0.013
52558.432872 r 19.489 0.014
52558.433705 i 19.312 0.017
52558.434539 u 19.636 0.031
52558.435372 z 19.467 0.062
52558.436205 g 19.449 0.012
52578.304478 r 19.538 0.015
52578.305311 i 19.338 0.018
52578.306145 u 19.633 0.031
52578.306978 z 19.443 0.062
52578.307811 g 19.427 0.012
52585.267459 r 19.522 0.016
52585.268292 i 19.347 0.020
52585.269126 u 19.663 0.029
52585.269959 z 19.521 0.073
52585.270792 g 19.437 0.012
52909.434093 r 19.718 0.017
52909.434926 i 19.444 0.019
52909.435760 u 19.902 0.037
52909.436593 z 19.664 0.067
#52909.437426 g -99.000 0.015
52910.404336 r 19.706 0.019
52910.405169 i 19.480 0.020
52910.406003 u 19.847 0.039
52910.406836 z 19.603 0.065
52910.407669 g 19.716 0.017
52935.331505 r 19.702 0.020
52935.332338 i 19.501 0.025
52935.333172 u 19.956 0.042
52935.334005 z 19.441 0.076
52935.334838 g 19.705 0.017
52963.254582 r 19.714 0.016
52963.255415 i 19.483 0.018
52963.256249 u 19.947 0.035
52963.257082 z 19.583 0.060
52963.257915 g 19.725 0.015
52971.245497 r 19.773 0.021
52971.246330 i 19.485 0.024
52971.247164 u 19.919 0.047
52971.247997 z 19.601 0.085
#52971.248830 g -99.000 0.020
53351.176887 r 19.614 0.017
53351.177720 i 19.392 0.021
53351.178554 u 19.713 0.035
53351.179387 z 19.300 0.077
53351.180220 g 19.600 0.015
53622.433935 r 19.566 0.015
53622.434768 i 19.380 0.018
53622.435602 u 19.722 0.033
53622.436435 z 19.438 0.056
53622.437268 g 19.555 0.013
53627.391033 r 19.573 0.016
53627.391866 i 19.409 0.018
53627.392700 u 19.798 0.036
53627.393533 z 19.494 0.057
53627.394366 g 19.534 0.014
53634.383407 r 19.581 0.032
53634.384240 i 19.437 0.034
53634.385074 u 19.821 0.093
53634.385907 z 19.525 0.083
53634.386740 g 19.564 0.031
53638.424744 r 19.605 0.017
53638.425577 i 19.420 0.019
53638.426411 u 19.873 0.046
53638.427244 z 19.491 0.065
53638.428077 g 19.598 0.017
53640.388779 r 19.589 0.017
53640.389612 i 19.400 0.021
53640.390446 u 19.761 0.042
53640.391279 z 19.591 0.073
#53640.392112 g -99.000 0.017
53643.431254 r 19.557 0.021
53643.432087 i 19.399 0.027
53643.432921 u 19.750 0.048
53643.433754 z 19.424 0.078
#53643.434587 g -99.000 0.017
#53646.450188 r -99.000 0.038
53646.451021 i 19.489 0.042
53646.451855 u 20.020 0.118
#53646.452688 z -99.000 0.139
53646.453521 g 19.568 0.028
53655.360953 r 19.591 0.016
53655.361786 i 19.398 0.019
53655.362620 u 19.832 0.038
53655.363453 z 19.518 0.065
53655.364286 g 19.596 0.014
53663.450607 r 19.617 0.029
53663.451440 i 19.425 0.026
53663.452274 u 19.777 0.102
53663.453107 z 19.580 0.087
53663.453940 g 19.609 0.038
53664.385909 r 19.614 0.023
53664.386742 i 19.430 0.024
53664.387576 u 19.786 0.067
53664.388409 z 19.450 0.080
53664.389242 g 19.673 0.029
53665.450540 r 19.558 0.023
53665.451373 i 19.413 0.026
53665.452207 u 19.905 0.090
53665.453040 z 19.674 0.108
53665.453873 g 19.634 0.027
53668.439156 r 19.572 0.026
53668.439989 i 19.408 0.030
#53668.440823 u -99.000 0.084
53668.441656 z 19.571 0.123
53668.442489 g 19.629 0.027
53669.345155 r 19.459 0.028
#53669.345988 i -99.000 0.025
#53669.346822 u -99.000 0.132
#53669.347655 z -99.000 0.088
#53669.348488 g -99.000 0.025
53670.445130 r 19.568 0.021
53670.445963 i 19.408 0.024
53670.446797 u 19.943 0.067
53670.447630 z 19.432 0.075
53670.448463 g 19.650 0.020
53671.429906 r 19.659 0.020
53671.430739 i 19.401 0.021
53671.431573 u 19.942 0.056
53671.432406 z 19.578 0.077
53671.433239 g 19.661 0.018
53674.329391 r 19.630 0.020
53674.330224 i 19.412 0.024
53674.331058 u 19.830 0.045
53674.331891 z 19.482 0.087
53674.332724 g 19.620 0.017
53676.418849 r 19.626 0.018
53676.419682 i 19.450 0.023
53676.420516 u 19.905 0.058
53676.421349 z 19.739 0.125
53676.422182 g 19.665 0.021
53679.390750 r 19.660 0.024
53679.391583 i 19.403 0.027
53679.392417 u 19.891 0.054
53679.393250 z 19.554 0.104
#53679.394083 g -99.000 0.018
53681.382263 r 19.650 0.017
53681.383096 i 19.390 0.018
53681.383930 u 19.921 0.047
53681.384763 z 19.535 0.061
53681.385596 g 19.646 0.015
53684.343760 r 19.672 0.027
53684.344593 i 19.420 0.031
53684.345427 u 19.862 0.061
53684.346260 z 19.666 0.147
#53684.347093 g -99.000 0.023
53687.285073 r 19.692 0.044
#53687.285906 i -99.000 0.038
53687.286740 u 19.743 0.109
#53687.287573 z -99.000 0.125
#53687.288406 g -99.000 0.040
53694.355214 r 19.694 0.031
53694.356047 i 19.385 0.028
53694.356881 u 19.987 0.118
53694.357714 z 19.799 0.112
53694.358547 g 19.797 0.035
53697.339289 r 19.666 0.019
53697.340122 i 19.401 0.020
53697.340956 u 20.014 0.060
53697.341789 z 19.446 0.069
53697.342622 g 19.700 0.021
53700.338246 r 19.620 0.021
53700.339079 i 19.385 0.024
53700.339913 u 19.938 0.052
53700.340746 z 19.524 0.090
53700.341579 g 19.682 0.017
53705.324916 r 19.634 0.021
53705.325749 i 19.413 0.025
53705.326583 u 19.895 0.054
53705.327416 z 19.669 0.094
53705.328249 g 19.675 0.019
53975.409968 r 19.647 0.021
#53975.410801 i -99.000 0.025
53975.411634 u 20.022 0.052
53975.412468 z 19.537 0.068
53975.413301 g 19.668 0.019
53994.433016 r 19.601 0.022
53994.433849 i 19.361 0.028
53994.434682 u 19.889 0.039
53994.435516 z 19.424 0.059
53994.436349 g 19.628 0.033
53996.416645 r 19.615 0.021
53996.417478 i 19.441 0.024
53996.418312 u 19.880 0.039
53996.419145 z 19.471 0.063
53996.419978 g 19.619 0.019
54005.429819 r 19.569 0.019
54005.430652 i 19.391 0.024
54005.431486 u 19.878 0.035
54005.432319 z 19.393 0.056
54005.433152 g 19.606 0.021
54009.443664 r 19.564 0.022
54009.444497 i 19.406 0.020
54009.445330 u 19.759 0.034
54009.446164 z 19.574 0.060
54009.446997 g 19.611 0.026
54010.370809 r 19.596 0.015
54010.371642 i 19.363 0.023
54010.372476 u 19.854 0.031
54010.373309 z 19.491 0.045
54010.374142 g 19.638 0.024
54012.363615 r 19.587 0.022
54012.364448 i 19.345 0.020
54012.365281 u 19.804 0.046
54012.366115 z 19.484 0.059
54012.366948 g 19.594 0.025
54020.401701 r 19.576 0.023
54020.402534 i 19.354 0.025
54020.403368 u 19.802 0.075
54020.404201 z 19.573 0.082
54020.405034 g 19.583 0.023
54024.451163 r 19.554 0.022
54024.451997 i 19.336 0.028
54024.452830 u 19.858 0.047
54024.453663 z 19.518 0.085
54024.454497 g 19.594 0.019
54028.439517 r 19.551 0.024
54028.440351 i 19.327 0.025
54028.441184 u 19.813 0.045
54028.442017 z 19.417 0.073
54028.442851 g 19.603 0.032
54030.394934 r 19.557 0.022
54030.395767 i 19.395 0.025
54030.396600 u 19.769 0.036
54030.397434 z 19.343 0.059
54030.398267 g 19.560 0.025
54035.438927 r 19.536 0.024
54035.439760 i 19.353 0.028
54035.440593 u 19.747 0.073
54035.441427 z 19.503 0.098
#54035.442260 g -99.000 0.037
54037.344432 r 19.563 0.019
54037.345265 i 19.349 0.023
54037.346098 u 19.740 0.035
54037.346932 z 19.387 0.045
54037.347765 g 19.586 0.021
54040.358987 r 19.563 0.023
54040.359820 i 19.340 0.023
54040.360654 u 19.752 0.044
54040.361487 z 19.363 0.058
54040.362320 g 19.556 0.018
54041.394395 r 19.578 0.026
54041.395228 i 19.351 0.027
54041.396062 u 19.803 0.050
54041.396895 z 19.416 0.060
54041.397728 g 19.570 0.033
54049.385341 r 19.500 0.024
54049.386174 i 19.348 0.029
54049.387007 u 19.761 0.081
54049.387841 z 19.337 0.076
54049.388674 g 19.550 0.030
54053.364983 r 19.529 0.021
54053.365816 i 19.342 0.023
#54053.366650 u -99.000 0.042
#54053.367483 z -99.000 0.075
54053.368316 g 19.517 0.026
54056.351363 r 19.566 0.018
54056.352196 i 19.355 0.022
54056.353029 u 19.718 0.041
54056.353863 z 19.503 0.079
54056.354696 g 19.538 0.027
54059.345594 r 19.562 0.022
54059.346427 i 19.349 0.026
54059.347261 u 19.724 0.065
54059.348094 z 19.464 0.084
54059.348927 g 19.520 0.019
54061.356686 r 19.483 0.026
54061.357519 i 19.348 0.031
54061.358352 u 19.705 0.049
54061.359186 z 19.525 0.118
#54061.360019 g -99.000 0.039
54062.350490 r 19.540 0.024
54062.351324 i 19.362 0.023
54062.352157 u 19.828 0.042
54062.352990 z 19.334 0.062
54062.353824 g 19.561 0.035
54064.346950 r 19.556 0.019
54064.347783 i 19.350 0.023
54064.348616 u 19.830 0.040
54064.349450 z 19.416 0.066
54064.350283 g 19.523 0.034
#54068.331105 r -99.000 0.042
#54068.331938 i -99.000 0.150
54068.332772 u 19.803 0.063
54068.333605 z 19.512 0.114
54068.334438 g 19.456 0.029
54357.388868 r 19.654 0.023
54357.389702 i 19.432 0.022
54357.390535 u 19.933 0.034
54357.391368 z 19.570 0.056
#54357.392202 g -99.000 0.024
54362.438615 r 19.664 0.018
54362.439449 i 19.418 0.022
54362.440282 u 19.847 0.046
54362.441115 z 19.507 0.059
54362.441949 g 19.690 0.025
54376.433705 r 19.703 0.023
54376.434538 i 19.491 0.026
54376.435371 u 19.984 0.062
54376.436205 z 19.573 0.064
54376.437038 g 19.742 0.022
54382.418869 r 19.667 0.033
54382.419702 i 19.432 0.029
54382.420536 u 19.959 0.052
54382.421369 z 19.470 0.083
54382.422202 g 19.690 0.024
54385.436614 r 19.713 0.024
54385.437447 i 19.472 0.022
54385.438280 u 19.985 0.043
54385.439114 z 19.493 0.057
54385.439947 g 19.739 0.017
54387.437125 r 19.630 0.027
54387.437958 i 19.490 0.034
#54387.438791 u -99.000 0.059
54387.439625 z 19.427 0.102
54387.440458 g 19.769 0.030
54402.430275 r 19.696 0.033
54402.431108 i 19.492 0.033
54402.431941 u 20.372 0.184
54402.432775 z 19.358 0.075
54402.433608 g 19.796 0.050
