51819.231425 r 15.919 0.004
51819.232258 i 15.673 0.004
51819.233092 u 18.654 0.020
51819.233925 z 15.598 0.006
51819.234758 g 16.668 0.005
52172.246994 r 15.941 0.005
52172.247827 i 15.683 0.005
52172.248661 u 18.661 0.019
52172.249494 z 15.639 0.006
52172.250327 g 16.662 0.005
52558.196697 r 16.232 0.005
52558.197530 i 15.659 0.004
52558.198364 u 18.665 0.023
52558.199197 z 15.629 0.006
#52558.200030 g -99.000 0.004
52576.108955 r 15.930 0.004
52576.109788 i 15.758 0.004
52576.110622 u 18.451 0.019
52576.111455 z 15.525 0.006
52576.112288 g 16.708 0.004
52577.084187 r 15.912 0.004
52577.085020 i 15.671 0.004
52577.085854 u 18.644 0.019
52577.086687 z 15.606 0.006
52577.087520 g 16.686 0.004
52930.097518 r 15.903 0.004
52930.098351 i 15.884 0.004
52930.099185 u 18.646 0.019
52930.100018 z 15.582 0.006
52930.100851 g 16.773 0.004
52931.098348 r 15.958 0.004
52931.099181 i 15.669 0.004
52931.100015 u 18.717 0.019
52931.100848 z 15.601 0.006
52931.101681 g 16.657 0.004
52935.095313 r 15.985 0.004
52935.096146 i 15.796 0.004
52935.096980 u 18.686 0.020
52935.097813 z 15.625 0.006
52935.098646 g 16.784 0.004
53313.088512 r 16.013 0.004
53313.089345 i 15.714 0.003
53313.090179 u 18.878 0.027
53313.091012 z 15.624 0.006
53313.091845 g 16.670 0.004
53622.197759 r 15.940 0.004
53622.198592 i 15.699 0.004
53622.199426 u 18.983 0.031
53622.200259 z 15.619 0.007
53622.201092 g 16.712 0.004
53625.193723 r 15.912 0.005
53625.194556 i 15.699 0.005
53625.195390 u 18.586 0.019
53625.196223 z 15.577 0.006
53625.197056 g 16.641 0.005
53634.147229 r 15.882 0.003
53634.148062 i 15.672 0.003
#53634.148896 u -99.000 0.053
53634.149729 z 15.599 0.006
53634.150562 g 16.862 0.005
53636.152760 r 15.904 0.004
53636.153593 i 15.673 0.004
53636.154427 u 18.654 0.020
53636.155260 z 15.621 0.006
53636.156093 g 16.674 0.005
53645.212429 r 15.969 0.004
#53645.213262 i -99.000 0.005
#53645.214096 u -99.000 0.121
#53645.214929 z -99.000 0.033
#53645.215762 g -99.000 0.036
53655.124765 r 15.900 0.004
53655.125598 i 15.686 0.004
53655.126432 u 18.617 0.023
53655.127265 z 15.586 0.006
53655.128098 g 16.893 0.006
53657.212184 r 16.023 0.004
53657.213017 i 15.826 0.004
53657.213851 u 18.839 0.087
53657.214684 z 15.718 0.008
53657.215517 g 16.684 0.007
53664.149725 r 15.934 0.004
53664.150558 i 15.713 0.004
53664.151392 u 18.671 0.024
53664.152225 z 15.582 0.006
53664.153058 g 16.663 0.005
53666.113324 r 15.899 0.005
53666.114157 i 15.670 0.005
53666.114991 u 18.556 0.018
53666.115824 z 15.573 0.006
53666.116657 g 16.637 0.005
53669.108963 r 15.936 0.005
53669.109796 i 15.672 0.005
53669.110630 u 18.671 0.018
53669.111463 z 15.584 0.006
53669.112296 g 16.646 0.005
53674.093198 r 15.888 0.004
53674.094031 i 15.660 0.004
53674.094865 u 18.576 0.019
53674.095698 z 15.581 0.006
53674.096531 g 16.636 0.004
53676.182705 r 15.939 0.005
53676.183538 i 15.691 0.006
53676.184372 u 18.698 0.021
53676.185205 z 15.551 0.006
53676.186038 g 16.653 0.005
#53681.146094 r -99.000 0.009
#53681.146927 i -99.000 0.006
53681.147761 u 18.651 0.042
53681.148594 z 15.553 0.011
#53681.149427 g -99.000 0.008
53685.105138 r 15.908 0.004
53685.105971 i 15.704 0.004
53685.106805 u 18.748 0.046
53685.107638 z 15.655 0.007
53685.108471 g 16.696 0.006
53687.143489 r 16.011 0.004
53687.144322 i 15.681 0.004
53687.145156 u 18.632 0.038
53687.145989 z 15.599 0.006
53687.146822 g 16.674 0.005
53694.119031 r 15.978 0.004
53694.119864 i 15.681 0.003
53694.120698 u 19.242 0.056
53694.121531 z 15.699 0.008
53694.122364 g 16.914 0.005
53697.103117 r 15.977 0.008
53697.103950 i 15.680 0.008
53697.104784 u 18.789 0.077
53697.105617 z 15.630 0.013
53697.106450 g 16.655 0.008
53700.102080 r 15.895 0.004
53700.102913 i 15.680 0.004
53700.103747 u 18.649 0.021
53700.104580 z 15.622 0.006
53700.105413 g 16.617 0.004
53705.088749 r 15.970 0.004
53705.089582 i 15.799 0.004
53705.090416 u 18.684 0.024
53705.091249 z 15.589 0.006
53705.092082 g 16.669 0.004
53975.173744 r 15.918 0.071
53975.174578 i 15.696 0.068
53975.175411 u 18.716 0.226
53975.176244 z 15.555 0.080
53975.177078 g 16.614 0.093
53996.180463 r 15.907 0.105
53996.181296 i 15.674 0.084
53996.182130 u 18.606 0.062
53996.182963 z 15.579 0.131
53996.183796 g 16.634 0.221
53998.149095 r 15.901 0.081
53998.149928 i 15.709 0.063
53998.150761 u 18.595 0.242
53998.151595 z 15.570 0.095
53998.152428 g 16.602 0.117
54005.186351 r 15.897 0.105
54005.187184 i 15.665 0.093
54005.188017 u 18.592 0.081
54005.188851 z 15.567 0.109
54005.189684 g 16.643 0.134
54010.134576 r 15.904 0.033
54010.135410 i 15.682 0.095
54010.136243 u 18.676 0.027
54010.137076 z 15.602 0.142
54010.137910 g 16.647 0.133
54012.127417 r 15.916 0.119
54012.128250 i 15.659 0.104
54012.129083 u 18.636 0.090
54012.129917 z 15.594 0.097
54012.130750 g 16.655 0.154
54020.133398 r 15.908 0.089
54020.134232 i 15.675 0.085
54020.135065 u 18.594 0.114
54020.135898 z 15.580 0.100
54020.136732 g 16.636 0.133
54022.182675 r 15.917 0.119
54022.183508 i 15.679 0.099
#54022.184342 u -99.000 0.033
54022.185175 z 15.578 0.058
#54022.186008 g -99.000 0.158
54028.123775 r 15.926 0.079
54028.124609 i 15.767 0.077
54028.125442 u 18.757 0.192
54028.126275 z 15.587 0.092
54028.127109 g 16.608 0.087
54030.126979 r 15.907 0.101
54030.127812 i 15.675 0.068
54030.128645 u 18.617 0.116
54030.129479 z 15.576 0.124
54030.130312 g 16.629 0.137
54032.116225 r 15.919 0.129
54032.117058 i 15.689 0.108
54032.117892 u 18.681 0.136
54032.118725 z 15.566 0.108
54032.119558 g 16.635 0.200
54034.186462 r 15.965 0.087
54034.187296 i 15.719 0.079
54034.188129 u 19.045 0.178
#54034.188962 z -99.000 0.076
54034.189796 g 16.636 0.098
54037.108196 r 15.917 0.099
54037.109029 i 15.674 0.088
54037.109862 u 18.606 0.208
54037.110696 z 15.582 0.116
54037.111529 g 16.628 0.119
54040.122684 r 15.918 0.109
54040.123517 i 15.672 0.082
54040.124351 u 18.770 0.116
54040.125184 z 15.579 0.124
54040.126017 g 16.660 0.131
54050.107311 r 15.909 0.097
54050.108144 i 15.687 0.091
54050.108977 u 18.730 0.129
54050.109811 z 15.555 0.125
54050.110644 g 16.650 0.168
54053.113471 r 15.946 0.087
54053.114305 i 15.688 0.086
54053.115138 u 18.669 0.203
54053.115971 z 15.588 0.101
54053.116805 g 16.637 0.103
54056.115155 r 15.964 0.077
54056.115989 i 15.698 0.077
#54056.116822 u -99.000 0.249
#54056.117655 z -99.000 0.077
54056.118489 g 16.616 0.088
54057.083795 r 15.880 0.059
54057.084629 i 15.798 0.068
54057.085462 u 18.584 0.182
54057.086295 z 15.566 0.070
54057.087129 g 16.605 0.092
54059.109431 r 15.905 0.081
54059.110264 i 15.777 0.081
54059.111098 u 18.746 0.199
54059.111931 z 15.598 0.089
#54059.112764 g -99.000 0.097
54061.120478 r 15.932 0.078
54061.121312 i 15.664 0.069
54061.122145 u 18.692 0.151
54061.122978 z 15.583 0.074
54061.123812 g 16.653 0.091
54062.114333 r 15.933 0.086
54062.115167 i 15.709 0.080
54062.116000 u 18.840 0.087
54062.116833 z 15.609 0.101
54062.117667 g 16.678 0.148
54068.104304 r 15.918 0.096
54068.105138 i 15.699 0.086
54068.105971 u 19.286 0.201
54068.106804 z 15.689 0.100
54068.107638 g 16.711 0.113
54357.152617 r 15.908 0.023
54357.153451 i 15.669 0.070
54357.154284 u 18.541 0.173
54357.155117 z 15.573 0.103
#54357.155951 g -99.000 0.035
54365.150473 r 15.925 0.158
54365.151306 i 15.673 0.078
54365.152140 u 18.656 0.218
54365.152973 z 15.617 0.128
54365.153806 g 16.652 0.122
54385.200445 r 15.915 0.109
54385.201278 i 15.643 0.083
54385.202112 u 18.665 0.170
54385.202945 z 15.584 0.117
54385.203778 g 16.628 0.146
54387.200970 r 15.944 0.088
54387.201803 i 15.704 0.072
54387.202637 u 18.676 0.231
54387.203470 z 15.606 0.085
54387.204303 g 16.614 0.094
54390.203966 r 15.942 0.093
54390.204799 i 15.673 0.082
54390.205633 u 18.725 0.184
54390.206466 z 15.640 0.097
54390.207299 g 16.638 0.101
54392.195676 r 15.924 0.086
54392.196509 i 15.668 0.080
54392.197343 u 18.700 0.237
54392.198176 z 15.639 0.079
54392.199009 g 16.671 0.097
54402.194130 r 15.908 0.102
54402.194964 i 15.679 0.086
54402.195797 u 18.675 0.190
54402.196630 z 15.618 0.127
54402.197464 g 16.617 0.125
