51075.337583 r 19.729 0.018
51075.338416 i 19.686 0.027
51075.339250 u 22.988 0.436
51075.340083 z 19.935 0.123
51075.340916 g 20.247 0.021
52196.356768 r 19.715 0.019
52196.357601 i 19.594 0.027
#52196.358435 u -99.000 0.602
52196.359268 z 19.639 0.086
52196.360101 g 20.203 0.022
52197.351183 r 19.738 0.019
52197.352016 i 19.724 0.027
52197.352850 u 23.020 0.506
52197.353683 z 19.773 0.093
52197.354516 g 20.292 0.022
52225.201383 r 19.777 0.019
52225.202216 i 19.695 0.027
52225.203050 u 22.590 0.312
52225.203883 z 19.655 0.076
52225.204716 g 20.326 0.021
52253.223334 r 19.731 0.021
52253.224167 i 19.670 0.031
52253.225001 u 22.120 0.342
52253.225834 z 19.844 0.112
52253.226667 g 20.282 0.024
52557.345167 r 19.884 0.021
52557.346000 i 19.841 0.030
52557.346834 u 23.403 0.680
52557.347667 z 19.835 0.102
52557.348500 g 20.423 0.024
52578.241253 r 19.854 0.020
52578.242086 i 19.806 0.030
52578.242920 u 22.989 0.408
52578.243753 z 19.806 0.085
52578.244586 g 20.421 0.022
52908.319734 r 19.871 0.019
52908.320567 i 19.862 0.029
52908.321401 u 22.443 0.250
52908.322234 z 19.760 0.085
52908.323067 g 20.346 0.021
52936.247561 r 19.898 0.020
52936.248394 i 19.876 0.028
52936.249228 u 23.235 0.483
52936.250061 z 19.827 0.080
52936.250894 g 20.408 0.022
53270.311644 r 19.829 0.019
53270.312477 i 19.847 0.026
53270.313310 u 23.482 1.000
53270.314144 z 19.861 0.072
53270.314977 g 20.355 0.021
53286.330284 r 19.781 0.030
53286.331117 i 19.832 0.048
#53286.331951 u 23.300 1.054
53286.332784 z 19.735 0.132
53286.333617 g 20.310 0.037
53288.288775 r 19.834 0.022
53288.289608 i 19.757 0.030
53288.290442 u 22.574 0.420
53288.291275 z 19.747 0.089
53288.292108 g 20.332 0.024
53294.336449 r 19.779 0.021
53294.337282 i 19.716 0.030
#53294.338116 u 24.023 1.010
53294.338949 z 19.675 0.078
53294.339782 g 20.296 0.022
53298.333228 r 19.812 0.025
53298.334061 i 19.794 0.036
53298.334895 u 22.601 0.442
53298.335728 z 19.879 0.126
53298.336561 g 20.321 0.026
53302.284444 r 19.846 0.031
53302.285277 i 19.794 0.035
53302.286111 u 22.763 0.797
53302.286944 z 19.855 0.088
53302.287777 g 20.319 0.046
53312.240147 r 19.804 0.025
53312.240981 i 19.839 0.033
#53312.241814 u 23.604 5.239
53312.242647 z 19.775 0.095
53312.243481 g 20.308 0.038
53314.241172 r 19.777 0.021
53314.242005 i 19.786 0.034
53314.242839 u 22.941 0.519
53314.243672 z 19.733 0.105
53314.244505 g 20.359 0.024
53626.321958 r 19.899 0.019
53626.322791 i 19.996 0.031
53626.323625 u 24.135 0.863
53626.324458 z 19.961 0.093
53626.325291 g 20.406 0.027
53639.353817 r 19.892 0.019
53639.354650 i 19.925 0.026
53639.355484 u 23.056 0.500
53639.356317 z 19.788 0.065
53639.357150 g 20.420 0.025
53654.335510 r 19.885 0.021
53654.336343 i 19.897 0.032
53654.337177 u 23.223 0.596
53654.338010 z 19.684 0.082
53654.338843 g 20.431 0.022
53663.296414 r 19.866 0.029
53663.297247 i 19.861 0.032
#53663.298081 u 25.933 1.379
53663.298914 z 19.831 0.091
53663.299747 g 20.466 0.052
53666.366510 r 19.864 0.027
53666.367343 i 19.833 0.033
#53666.368177 u 26.201 1.117
53666.369010 z 19.764 0.092
53666.369843 g 20.350 0.040
53668.286014 r 19.809 0.025
53668.286847 i 19.789 0.037
#53668.287681 u 25.617 1.267
53668.288514 z 19.705 0.114
53668.289347 g 20.344 0.033
53670.290866 r 19.883 0.022
53670.291699 i 19.757 0.035
53670.292533 u 23.241 0.790
53670.293366 z 19.840 0.132
53670.294199 g 20.400 0.030
53673.258852 r 19.878 0.019
53673.259685 i 19.845 0.027
53673.260519 u 22.787 0.354
53673.261352 z 19.771 0.073
53673.262185 g 20.391 0.020
53680.263437 r 19.874 0.019
53680.264270 i 19.874 0.026
53680.265104 u 23.065 0.436
53680.265937 z 19.749 0.066
53680.266770 g 20.396 0.022
53693.265332 r 19.804 0.031
53693.266165 i 19.878 0.037
#53693.266999 u 22.711 1.112
53693.267832 z 19.858 0.096
53693.268665 g 20.341 0.047
53698.262722 r 19.779 0.024
53698.263555 i 19.703 0.029
53698.264389 u 23.242 0.711
53698.265222 z 19.661 0.085
53698.266055 g 20.281 0.023
53989.344742 r 19.840 0.032
53989.345576 i 19.906 0.037
53989.346409 u 22.007 0.478
53989.347242 z 19.830 0.084
53989.348076 g 20.412 0.056
53995.359339 r 19.842 0.023
53995.360173 i 19.861 0.033
#53995.361006 u -99.000 0.851
53995.361839 z 19.799 0.072
53995.362673 g 20.331 0.021
54009.294111 r 19.835 0.023
54009.294944 i 19.808 0.035
#54009.295778 u -99.000 1.875
54009.296611 z 19.689 0.066
54009.297444 g 20.363 0.042
54029.287943 r 19.862 0.026
54029.288776 i 19.825 0.040
#54029.289610 u -99.000 1.952
54029.290443 z 19.767 0.098
54029.291276 g 20.441 0.030
54348.355284 r 19.823 0.027
54348.356117 i 19.870 0.031
54348.356950 u 22.804 0.558
54348.357784 z 19.904 0.081
54348.358617 g 20.350 0.031
54365.344187 r 19.811 0.047
54365.345020 i 19.817 0.026
54365.345853 u 22.381 0.222
54365.346687 z 19.830 0.069
54365.347520 g 20.341 0.024
54381.363792 r 19.809 0.022
54381.364626 i 19.837 0.029
54381.365459 u 22.899 1.000
54381.366292 z 19.734 0.063
54381.367126 g 20.324 0.023
54384.370419 r 19.777 0.026
54384.371253 i 19.811 0.031
54384.372086 u 22.061 0.233
54384.372919 z 19.835 0.082
54384.373753 g 20.304 0.034
54388.360340 r 19.858 0.023
54388.361174 i 19.786 0.029
54388.362007 u 22.466 1.000
54388.362840 z 19.744 0.062
54388.363674 g 20.360 0.025
54403.274192 r 19.900 0.059
54403.275026 i 19.853 0.055
#54403.275859 u -99.000 99.999
54403.276692 z 19.725 0.086
54403.277526 g 20.390 0.048
54404.331702 r 19.795 0.027
54404.332535 i 19.802 0.033
#54404.333368 u 23.186 3.774
54404.334202 z 19.823 0.076
54404.335035 g 20.295 0.034
54405.329651 r 19.790 0.022
54405.330485 i 19.803 0.029
#54405.331318 u -99.000 7.793
54405.332151 z 19.687 0.064
54405.332985 g 20.337 0.028
54406.267970 r 19.803 0.026
54406.268803 i 19.786 0.031
#54406.269636 u 25.840 6.830
54406.270470 z 19.825 0.076
54406.271303 g 20.311 0.025
54412.270920 r 19.774 0.026
54412.271754 i 19.870 0.039
54412.272587 u 23.318 0.827
54412.273420 z 19.700 0.087
54412.274254 g 20.313 0.027
