52075.332595 r 19.455 0.017
52075.333428 i 19.154 0.017
52075.334262 u 22.236 0.392
52075.335095 z 19.050 0.050
52075.335928 g 20.238 0.023
52172.241914 r 19.613 0.016
52172.242747 i 19.428 0.018
52172.243581 u 22.350 0.270
52172.244414 z 19.115 0.049
52172.245247 g 20.434 0.023
52197.141248 r 19.536 0.015
52197.142081 i 19.222 0.015
52197.142915 u 22.177 0.249
52197.143748 z 19.198 0.051
52197.144581 g 20.282 0.020
52557.179087 r 19.462 0.018
52557.179920 i 19.079 0.017
52557.180754 u 22.077 0.323
52557.181587 z 18.980 0.055
52557.182420 g 20.147 0.022
52558.191618 r 19.610 0.016
52558.192451 i 19.301 0.017
52558.193285 u 23.070 0.461
52558.194118 z 19.151 0.052
52558.194951 g 20.352 0.021
52576.103876 r 19.405 0.017
52576.104709 i 19.083 0.018
52576.105543 u 22.081 0.254
52576.106376 z 18.898 0.059
52576.107209 g 20.125 0.021
52577.079109 r 19.516 0.017
52577.079942 i 19.211 0.019
52577.080776 u 22.033 0.233
52577.081609 z 19.089 0.066
52577.082442 g 20.243 0.021
52929.105390 r 19.516 0.015
52929.106223 i 19.198 0.015
52929.107057 u 21.819 0.199
52929.107890 z 19.019 0.048
52929.108723 g 20.271 0.020
52930.092440 r 19.533 0.015
52930.093273 i 19.210 0.016
52930.094107 u 22.113 0.223
52930.094940 z 19.055 0.049
52930.095773 g 20.249 0.019
52931.093270 r 19.475 0.015
52931.094103 i 19.153 0.016
52931.094937 u 22.311 0.254
52931.095770 z 18.910 0.045
52931.096603 g 20.246 0.020
52935.090235 r 19.636 0.016
52935.091068 i 19.333 0.017
52935.091902 u 22.359 0.265
52935.092735 z 19.225 0.056
52935.093568 g 20.345 0.021
52936.081473 r 19.641 0.016
52936.082306 i 19.273 0.016
52936.083140 u 21.933 0.196
52936.083973 z 19.175 0.052
52936.084806 g 20.361 0.020
53243.266683 r 19.457 0.025
53243.267516 i 19.178 0.021
53243.268350 u 22.091 0.581
53243.269183 z 19.025 0.053
53243.270016 g 20.241 0.048
53270.145539 r 19.566 0.024
53270.146373 i 19.226 0.021
53270.147206 u 22.009 0.350
53270.148039 z 19.050 0.043
53270.148873 g 20.286 0.030
53288.122687 r 19.493 0.017
53288.123520 i 19.194 0.017
53288.124354 u 22.085 0.328
53288.125187 z 18.974 0.051
53288.126020 g 20.231 0.023
53302.118356 r 19.547 0.022
53302.119189 i 19.256 0.018
53302.120023 u 22.325 0.632
53302.120856 z 19.104 0.050
53302.121689 g 20.345 0.047
53312.073887 r 19.530 0.021
53312.074721 i 19.225 0.021
53312.075554 u 21.787 0.206
53312.076387 z 19.095 0.068
53312.077221 g 20.246 0.024
53313.083435 r 19.427 0.018
53313.084268 i 19.116 0.019
53313.085102 u 21.626 0.174
53313.085935 z 18.923 0.059
53313.086768 g 20.168 0.021
53623.169667 r 19.507 0.017
53623.170500 i 19.278 0.016
53623.171334 u 22.388 0.396
53623.172167 z 19.096 0.050
53623.173000 g 20.308 0.025
53625.188646 r 19.646 0.018
53625.189479 i 19.393 0.018
53625.190313 u 22.203 0.275
53625.191146 z 19.164 0.047
53625.191979 g 20.363 0.028
53626.155878 r 19.481 0.022
53626.156711 i 19.218 0.019
53626.157545 u 22.449 0.658
53626.158378 z 19.076 0.046
53626.159211 g 20.331 0.043
53636.147684 r 19.708 0.016
53636.148517 i 19.334 0.017
53636.149351 u 22.067 0.213
53636.150184 z 19.141 0.045
53636.151017 g 20.393 0.021
53637.142357 r 19.424 0.019
53637.143190 i 19.100 0.020
53637.144024 u 22.066 0.433
53637.144857 z 18.869 0.058
53637.145690 g 20.177 0.026
53644.134805 r 19.590 0.015
53644.135639 i 19.307 0.016
53644.136472 u 22.333 1.000
53644.137305 z 19.183 0.046
53644.138139 g 20.286 0.020
53645.207351 r 19.518 0.018
53645.208184 i 19.246 0.019
53645.209018 u 22.254 0.344
53645.209851 z 19.022 0.083
53645.210684 g 20.257 0.044
53654.169428 r 19.521 0.023
53654.170261 i 19.246 0.020
53654.171095 u 21.876 0.410
53654.171928 z 19.159 0.067
53654.172761 g 20.267 0.037
53655.119688 r 19.513 0.022
53655.120521 i 19.343 0.025
53655.121355 u 22.310 0.622
53655.122188 z 19.069 0.065
53655.123021 g 20.376 0.046
53656.117018 r 19.478 0.037
53656.117851 i 19.188 0.027
53656.118685 u 22.270 0.965
53656.119518 z 19.107 0.078
53656.120351 g 20.139 0.060
53664.144650 r 19.472 0.021
53664.145483 i 19.226 0.022
53664.146317 u 21.996 0.393
53664.147150 z 18.917 0.054
53664.147983 g 20.249 0.038
53665.108296 r 19.590 0.055
53665.109129 i 19.333 0.050
#53665.109963 u 23.215 1.346
53665.110796 z 18.896 0.121
53665.111629 g 20.232 0.051
53666.108247 r 19.645 0.017
53666.109080 i 19.469 0.020
53666.109914 u 23.569 0.614
53666.110747 z 19.200 0.055
53666.111580 g 20.418 0.021
53669.103886 r 19.626 0.016
53669.104719 i 19.395 0.018
53669.105553 u 22.378 0.242
53669.106386 z 19.160 0.052
53669.107219 g 20.373 0.020
53670.124782 r 19.500 0.019
53670.125615 i 19.208 0.021
53670.126449 u 21.994 0.313
53670.127282 z 19.154 0.071
53670.128115 g 20.224 0.024
53673.092763 r 19.478 0.018
53673.093596 i 19.166 0.018
53673.094430 u 21.878 0.257
53673.095263 z 19.070 0.058
53673.096096 g 20.206 0.022
53674.088123 r 19.487 0.017
53674.088956 i 19.178 0.018
53674.089790 u 21.835 0.185
53674.090623 z 18.975 0.052
53674.091456 g 20.244 0.020
53675.089653 r 19.473 0.018
53675.090486 i 19.113 0.018
53675.091320 u 21.765 0.226
53675.092153 z 19.068 0.060
53675.092986 g 20.182 0.021
53676.177617 r 19.543 0.016
53676.178450 i 19.309 0.017
53676.179284 u 22.073 0.216
53676.180117 z 19.096 0.049
53676.180950 g 20.349 0.021
53677.110685 r 19.522 0.017
53677.111518 i 19.185 0.016
53677.112352 u 22.123 0.265
53677.113185 z 19.214 0.062
53677.114018 g 20.205 0.022
53680.097351 r 19.573 0.016
53680.098184 i 19.299 0.016
53680.099018 u 22.139 0.281
53680.099851 z 19.075 0.046
53680.100684 g 20.301 0.023
#53681.141017 r -99.000 0.077
#53681.141850 i -99.000 0.082
53681.142684 u 22.062 0.942
#53681.143517 z -99.000 0.286
#53681.144350 g -99.000 0.145
53687.138413 r 19.487 0.029
53687.139246 i 19.224 0.024
53687.140080 u 21.132 0.373
53687.140913 z 19.108 0.064
53687.141746 g 20.324 0.068
53693.099256 r 19.442 0.024
53693.100089 i 19.149 0.022
53693.100923 u 21.666 0.361
53693.101756 z 18.944 0.059
53693.102589 g 20.301 0.051
53694.113956 r 19.813 0.043
53694.114789 i 19.235 0.040
#53694.115623 u 24.085 3.084
#53694.116456 z -99.000 0.121
53694.117289 g 20.630 0.060
53700.097003 r 19.529 0.017
53700.097836 i 19.261 0.019
53700.098670 u 22.502 0.385
53700.099503 z 19.173 0.066
53700.100336 g 20.300 0.025
53705.083673 r 19.459 0.017
53705.084506 i 19.128 0.020
53705.085340 u 22.422 0.416
53705.086173 z 18.986 0.066
53705.087006 g 20.202 0.024
53974.170532 r 19.573 0.016
53974.171365 i 19.235 0.016
53974.172198 u 22.201 0.246
53974.173032 z 19.100 0.043
53974.173865 g 20.313 0.019
53975.168665 r 19.552 0.019
53975.169498 i 19.259 0.019
53975.170331 u 21.950 0.230
53975.171165 z 19.046 0.062
53975.171998 g 20.267 0.020
53989.178622 r 19.634 0.021
53989.179455 i 19.385 0.024
53989.180288 u 21.966 0.308
53989.181122 z 19.214 0.042
53989.181955 g 20.375 0.035
53995.167877 r 19.575 0.015
53995.168711 i 19.265 0.014
53995.169544 u 21.863 0.185
53995.170377 z 19.119 0.038
53995.171211 g 20.311 0.019
53996.175395 r 19.529 0.015
53996.176228 i 19.272 0.017
53996.177062 u 21.923 0.214
53996.177895 z 19.117 0.052
53996.178728 g 20.305 0.018
53998.144016 r 19.601 0.016
53998.144849 i 19.274 0.018
53998.145682 u 22.898 0.435
53998.146516 z 19.042 0.043
53998.147349 g 20.360 0.023
54005.181268 r 19.551 0.014
54005.182102 i 19.288 0.017
54005.182935 u 22.095 0.191
54005.183768 z 19.047 0.040
54005.184602 g 20.322 0.018
54007.130848 r 19.571 0.015
54007.131681 i 19.242 0.016
54007.132514 u 22.445 0.403
54007.133348 z 19.025 0.044
54007.134181 g 20.358 0.025
54009.127976 r 19.553 0.017
54009.128810 i 19.257 0.017
54009.129643 u 21.893 0.285
54009.130476 z 19.083 0.042
54009.131310 g 20.326 0.031
54010.129495 r 19.622 0.021
54010.130328 i 19.284 0.021
54010.131162 u 22.289 0.376
54010.131995 z 19.087 0.040
54010.132828 g 20.386 0.034
54011.192456 r 19.660 0.028
54011.193289 i 19.246 0.022
54011.194122 u 21.902 0.474
54011.194956 z 19.146 0.043
54011.195789 g 20.285 0.046
54012.122336 r 19.542 0.024
54012.123169 i 19.285 0.025
54012.124002 u 22.641 0.890
54012.124836 z 19.031 0.048
54012.125669 g 20.359 0.057
54019.142676 r 19.591 0.017
54019.143509 i 19.257 0.017
54019.144343 u 21.819 0.213
54019.145176 z 19.112 0.041
54019.146009 g 20.339 0.025
54020.128333 r 19.572 0.015
54020.129166 i 19.272 0.017
54020.130000 u 22.066 0.210
54020.130833 z 19.212 0.059
54020.131666 g 20.272 0.019
54022.177983 r 19.547 0.015
54022.178817 i 19.299 0.018
54022.179650 u 21.944 0.214
54022.180483 z 19.150 0.058
#54022.181317 g -99.000 0.086
54028.118710 r 19.537 0.019
54028.119543 i 19.252 0.019
54028.120377 u 22.163 0.318
54028.121210 z 19.163 0.064
54028.122043 g 20.214 0.024
54029.121809 r 19.635 0.025
54029.122642 i 19.327 0.025
54029.123475 u 21.983 0.208
54029.124309 z 19.118 0.043
54029.125142 g 20.317 0.030
54030.121876 r 19.562 0.013
54030.122709 i 19.282 0.015
54030.123542 u 21.784 0.147
54030.124376 z 19.180 0.043
54030.125209 g 20.299 0.019
54032.111257 r 19.511 0.022
#54032.112090 i -99.000 0.024
54032.112923 u 22.678 0.563
#54032.113757 z -99.000 0.063
#54032.114590 g -99.000 0.024
54037.103127 r 19.555 0.016
54037.103961 i 19.285 0.017
54037.104794 u 22.476 0.375
54037.105627 z 19.051 0.042
54037.106461 g 20.283 0.024
54040.117610 r 19.547 0.026
54040.118443 i 19.289 0.027
54040.119276 u 22.188 0.611
54040.120110 z 18.972 0.054
54040.120943 g 20.308 0.047
54050.102230 r 19.529 0.017
54050.103064 i 19.202 0.024
54050.103897 u 21.489 0.188
54050.104730 z 19.084 0.065
54050.105564 g 20.335 0.023
54051.098406 r 19.483 0.025
54051.099239 i 19.186 0.034
54051.100072 u 21.760 0.450
#54051.100906 z -99.000 0.272
#54051.101739 g -99.000 0.097
54053.108390 r 19.535 0.018
54053.109224 i 19.240 0.022
54053.110057 u 21.655 0.186
54053.110890 z 19.019 0.064
54053.111724 g 20.275 0.023
54057.078723 r 19.530 0.019
54057.079556 i 19.258 0.024
54057.080390 u 22.412 0.226
54057.081223 z 18.916 0.055
54057.082056 g 20.279 0.021
54061.115398 r 19.476 0.021
54061.116231 i 19.277 0.026
54061.117065 u 21.380 0.182
54061.117898 z 19.089 0.084
54061.118731 g 20.250 0.029
54062.109247 r 19.507 0.024
54062.110080 i 19.230 0.026
#54062.110914 u 24.281 2.653
54062.111747 z 19.020 0.086
54062.112580 g 20.207 0.027
54068.099228 r 19.422 0.038
54068.100061 i 19.184 0.035
#54068.100894 u 22.707 1.749
54068.101728 z 19.143 0.091
54068.102561 g 20.142 0.062
54357.147540 r 19.540 0.017
54357.148373 i 19.325 0.019
54357.149207 u 22.256 0.231
54357.150040 z 19.030 0.044
54357.150873 g 20.334 0.018
54358.145024 r 19.530 0.021
54358.145858 i 19.251 0.024
54358.146691 u 21.726 0.385
54358.147524 z 19.035 0.059
54358.148358 g 20.234 0.025
54373.177124 r 19.594 0.020
54373.177957 i 19.284 0.017
54373.178790 u 22.651 0.777
54373.179624 z 19.222 0.083
54373.180457 g 20.287 0.042
54382.187226 r 19.527 0.022
#54382.188059 i -99.000 0.038
54382.188892 u 22.359 0.562
54382.189726 z 19.036 0.069
#54382.190559 g -99.000 0.028
54383.192956 r 19.543 0.017
54383.193789 i 19.273 0.017
54383.194623 u 22.159 0.355
54383.195456 z 19.140 0.060
54383.196289 g 20.301 0.022
54385.195371 r 19.559 0.015
54385.196204 i 19.245 0.015
54385.197037 u 22.404 0.257
54385.197871 z 19.073 0.046
54385.198704 g 20.290 0.025
54386.190006 r 19.611 0.020
54386.190840 i 19.311 0.021
54386.191673 u 22.641 0.519
54386.192506 z 19.206 0.051
54386.193340 g 20.354 0.028
54387.195868 r 19.512 0.020
54387.196701 i 19.231 0.021
54387.197534 u 22.042 0.371
54387.198368 z 19.074 0.067
54387.199201 g 20.256 0.025
54388.194254 r 19.607 0.018
54388.195087 i 19.223 0.017
54388.195920 u 21.673 0.257
54388.196754 z 19.055 0.051
54388.197587 g 20.297 0.024
54390.198884 r 19.535 0.020
54390.199717 i 19.236 0.022
54390.200550 u 22.957 0.881
54390.201384 z 19.155 0.079
54390.202217 g 20.227 0.025
54392.190617 r 19.454 0.044
54392.191450 i 19.235 0.027
54392.192284 u 21.183 0.223
54392.193117 z 19.076 0.074
54392.193950 g 20.297 0.053
54403.108020 r 19.632 0.018
54403.108853 i 19.349 0.020
54403.109687 u 22.389 0.286
54403.110520 z 19.063 0.041
54403.111353 g 20.416 0.026
54406.101866 r 19.558 0.017
54406.102700 i 19.265 0.019
54406.103533 u 22.002 0.226
54406.104366 z 19.121 0.053
54406.105200 g 20.316 0.022
54412.104795 r 19.568 0.020
54412.105629 i 19.272 0.017
54412.106462 u 22.047 0.247
54412.107295 z 19.074 0.044
54412.108129 g 20.283 0.021
54415.142334 r 19.588 0.016
54415.143168 i 19.282 0.015
54415.144001 u 22.368 0.338
54415.144834 z 19.052 0.046
54415.145668 g 20.322 0.024
