52075.327433 r 18.116 0.008
52075.328266 i 17.700 0.007
52075.329100 u 22.658 0.595
52075.329933 z 17.420 0.016
52075.330766 g 19.318 0.013
52197.136090 r 18.250 0.008
52197.136923 i 17.755 0.007
52197.137757 u 22.194 0.266
52197.138590 z 17.505 0.015
52197.139423 g 19.504 0.012
52557.173928 r 18.209 0.008
52557.174761 i 17.735 0.007
52557.175595 u 22.262 0.352
52557.176428 z 17.489 0.016
52557.177261 g 19.526 0.014
52578.070002 r 18.253 0.008
52578.070835 i 17.770 0.007
52578.071669 u 22.829 0.478
52578.072502 z 17.501 0.016
52578.073335 g 19.554 0.013
52929.100230 r 18.187 0.007
52929.101063 i 17.717 0.007
52929.101897 u 22.549 0.382
52929.102730 z 17.472 0.015
52929.103563 g 19.495 0.013
52934.080386 r 18.216 0.008
52934.081219 i 17.725 0.007
52934.082053 u 22.820 0.491
52934.082886 z 17.377 0.013
52934.083719 g 19.524 0.013
52936.076312 r 18.165 0.008
52936.077145 i 17.736 0.007
52936.077979 u 21.817 0.185
52936.078812 z 17.427 0.015
52936.079645 g 19.439 0.012
53243.261524 r 18.019 0.009
53243.262357 i 17.617 0.008
53243.263191 u 22.537 0.995
53243.264024 z 17.295 0.016
53243.264857 g 19.264 0.024
53270.140689 r 18.260 0.029
53270.141522 i 17.768 0.024
53270.142355 u 21.929 0.341
53270.143189 z 17.522 0.026
53270.144022 g 19.422 0.028
53272.190324 r 18.140 0.010
53272.191157 i 17.679 0.008
53272.191991 u 21.724 0.502
53272.192824 z 17.428 0.016
53272.193657 g 19.682 0.035
53288.117527 r 18.233 0.008
53288.118360 i 17.790 0.007
53288.119194 u 22.682 0.545
53288.120027 z 17.532 0.017
53288.120860 g 19.817 0.017
53302.113196 r 18.186 0.009
53302.114029 i 17.703 0.008
53302.114863 u 22.709 0.929
53302.115696 z 17.419 0.015
53302.116529 g 19.447 0.024
53314.069924 r 18.250 0.008
53314.070757 i 17.784 0.007
53314.071591 u 22.411 0.340
53314.072424 z 17.483 0.016
53314.073257 g 19.552 0.013
53623.164507 r 18.216 0.008
53623.165340 i 17.809 0.007
53623.166174 u 22.776 0.548
53623.167007 z 17.501 0.015
53623.167840 g 19.626 0.016
53626.150718 r 18.269 0.010
53626.151551 i 17.733 0.008
53626.152385 u 22.444 0.626
53626.153218 z 17.497 0.015
53626.154051 g 19.530 0.024
53637.137197 r 18.223 0.008
53637.138030 i 17.752 0.007
53637.138864 u 22.806 0.913
53637.139697 z 17.453 0.018
53637.140530 g 19.663 0.017
53644.130031 r 18.238 0.028
53644.130864 i 17.743 0.022
53644.131698 u 22.187 0.289
53644.132531 z 17.503 0.024
53644.133364 g 19.511 0.027
53654.164269 r 18.222 0.009
53654.165102 i 17.745 0.008
53654.165936 u 22.758 0.753
53654.166769 z 17.487 0.017
53654.167602 g 19.494 0.020
53670.119622 r 18.084 0.008
53670.120455 i 17.655 0.008
53670.121289 u 22.000 0.337
53670.122122 z 17.363 0.018
53670.122955 g 19.365 0.013
53673.087603 r 18.180 0.008
53673.088436 i 17.649 0.007
53673.089270 u 22.808 0.660
53673.090103 z 17.429 0.017
53673.090936 g 19.647 0.015
53675.084492 r 18.049 0.008
53675.085325 i 17.678 0.007
53675.086159 u 23.251 0.877
53675.086992 z 17.336 0.016
53675.087825 g 19.153 0.012
53677.105526 r 18.278 0.008
#53677.106359 i -99.000 0.007
53677.107193 u 23.286 0.864
53677.108026 z 17.549 0.016
53677.108859 g 19.764 0.017
53693.094096 r 18.147 0.008
53693.094929 i 17.663 0.007
53693.095763 u 21.940 0.390
53693.096596 z 17.391 0.018
53693.097429 g 19.211 0.018
53704.077423 r 18.166 0.008
53704.078256 i 17.664 0.007
53704.079090 u 22.370 0.482
53704.079923 z 17.397 0.016
53704.080756 g 19.279 0.013
53974.165589 r 18.259 0.025
53974.166423 i 17.832 0.018
53974.167256 u 22.755 0.472
53974.168089 z 17.516 0.028
53974.168923 g 19.662 0.068
53989.155005 r 18.304 0.033
53989.155838 i 17.766 0.022
#53989.156672 u 23.503 1.252
53989.157505 z 17.548 0.031
53989.158338 g 19.649 0.049
53995.162806 r 18.258 0.023
53995.163639 i 17.763 0.020
53995.164473 u 22.342 0.294
53995.165306 z 17.514 0.022
53995.166139 g 19.446 0.027
53997.141184 r 18.255 0.022
53997.142018 i 17.737 0.021
53997.142851 u 22.697 0.565
53997.143684 z 17.498 0.030
53997.144518 g 19.259 0.014
54005.113017 r 18.246 0.020
54005.113850 i 17.771 0.019
54005.114683 u 22.281 0.307
54005.115517 z 17.502 0.024
54005.116350 g 19.502 0.037
54007.126048 r 18.229 0.023
54007.126881 i 17.741 0.021
54007.127715 u 22.060 0.310
54007.128548 z 17.497 0.024
54007.129381 g 19.647 0.035
54009.122803 r 18.267 0.030
54009.123636 i 17.744 0.023
#54009.124470 u 99.990 99.999
54009.125303 z 17.477 0.026
54009.126136 g 19.738 0.089
54011.187487 r 18.274 0.025
54011.188321 i 17.792 0.030
54011.189154 u 21.495 0.349
54011.189987 z 17.498 0.026
54011.190821 g 19.523 0.043
54019.137779 r 18.255 0.022
54019.138612 i 17.694 0.018
54019.139446 u 22.691 0.627
54019.140279 z 17.461 0.023
54019.141112 g 19.430 0.022
54025.186522 r 18.205 0.018
54025.187356 i 17.788 0.017
#54025.188189 u 23.640 1.286
54025.189022 z 17.520 0.024
54025.189856 g 19.480 0.032
54029.116700 r 18.280 0.029
54029.117534 i 17.784 0.019
54029.118367 u 22.412 0.315
54029.119200 z 17.503 0.023
54029.120034 g 19.498 0.037
54356.194951 r 18.220 0.021
54356.195784 i 17.752 0.020
54356.196618 u 23.409 0.987
54356.197451 z 17.447 0.021
54356.198284 g 19.517 0.031
54358.139866 r 18.272 0.023
54358.140699 i 17.783 0.020
#54358.141533 u 23.769 1.491
54358.142366 z 17.507 0.028
54358.143199 g 19.681 0.043
54373.172090 r 18.270 0.022
54373.172924 i 17.735 0.019
54373.173757 u 21.734 0.562
54373.174590 z 17.472 0.023
54373.175424 g 19.530 0.032
#54381.184825 r -99.000 0.026
54381.185658 i 17.808 0.024
54381.186491 u 22.561 0.673
54381.187325 z 17.520 0.027
54381.188158 g 19.947 0.057
54383.187908 r 18.223 0.020
54383.188741 i 17.789 0.021
54383.189575 u 23.183 0.840
54383.190408 z 17.495 0.022
54383.191241 g 19.739 0.067
54386.185112 r 18.244 0.024
54386.185946 i 17.769 0.024
54386.186779 u 22.082 0.243
54386.187612 z 17.479 0.024
54386.188446 g 19.518 0.039
54403.102945 r 18.258 0.022
54403.103778 i 17.750 0.021
54403.104611 u 22.140 0.256
54403.105445 z 17.496 0.023
54403.106278 g 19.481 0.037
54406.097102 r 18.215 0.023
54406.097935 i 17.773 0.023
54406.098768 u 22.716 0.475
54406.099602 z 17.482 0.025
54406.100435 g 19.688 0.033
54412.099777 r 18.358 0.028
54412.100611 i 17.840 0.027
54412.101444 u 22.989 0.658
54412.102277 z 17.558 0.029
54412.103111 g 19.727 0.049
54415.137401 r 18.254 0.025
54415.138235 i 17.761 0.022
54415.139068 u 23.053 0.659
54415.139901 z 17.478 0.024
54415.140735 g 19.483 0.040
