52075.325713 r 19.157 0.015
52075.326546 i 18.971 0.015
52075.327380 u 21.323 0.145
52075.328213 z 18.816 0.044
52075.329046 g 19.849 0.018
52557.172205 r 19.207 0.014
52557.173038 i 18.944 0.015
52557.173872 u 21.368 0.140
52557.174705 z 18.830 0.045
52557.175538 g 19.809 0.017
52929.098507 r 19.137 0.016
52929.099340 i 18.928 0.014
52929.100174 u 21.080 0.108
52929.101007 z 18.710 0.037
52929.101840 g 19.827 0.025
53243.259801 r 19.307 0.024
53243.260634 i 19.045 0.020
53243.261468 u 21.290 0.261
53243.262301 z 18.993 0.055
53243.263134 g 19.839 0.035
53270.138649 r 19.193 0.058
53270.139482 i 18.963 0.059
53270.140315 u 21.057 0.116
53270.141149 z 18.907 0.054
53270.141982 g 19.789 0.105
53272.188601 r 19.183 0.021
53272.189434 i 18.967 0.019
53272.190268 u 21.111 0.244
53272.191101 z 18.871 0.054
53272.191934 g 19.969 0.041
53288.115805 r 19.257 0.015
53288.116638 i 19.006 0.016
53288.117472 u 21.411 0.164
53288.118305 z 18.855 0.044
53288.119138 g 19.895 0.018
53302.111474 r 19.157 0.016
53302.112307 i 18.912 0.016
53302.113141 u 20.964 0.171
53302.113974 z 19.114 0.055
53302.114807 g 20.029 0.034
53314.068200 r 19.181 0.014
53314.069033 i 18.955 0.015
53314.069867 u 21.103 0.102
53314.070700 z 18.963 0.052
53314.071533 g 19.849 0.016
53623.162786 r 19.097 0.020
53623.163619 i 18.798 0.020
53623.164453 u 20.956 0.139
53623.165286 z 18.982 0.047
53623.166119 g 19.752 0.020
53626.148998 r 19.165 0.016
53626.149831 i 18.867 0.015
53626.150665 u 21.331 0.211
53626.151498 z 18.774 0.039
53626.152331 g 19.866 0.029
53637.135474 r 19.162 0.016
53637.136307 i 18.938 0.016
53637.137141 u 21.335 0.172
53637.137974 z 18.803 0.051
53637.138807 g 20.411 0.063
53644.127917 r 19.200 0.690
#53644.128750 i 19.242 3.082
#53644.129583 u 21.109 6.618
53644.130417 z 18.724 0.047
#53644.131250 g 19.775 1.310
53654.162546 r 19.172 0.017
53654.163379 i 18.951 0.018
53654.164213 u 21.103 0.167
53654.165046 z 18.771 0.046
53654.165879 g 19.746 0.024
53665.101415 r 19.059 0.037
53665.102248 i 18.960 0.038
53665.103082 u 21.127 0.460
53665.103915 z 18.635 0.168
53665.104748 g 19.922 0.049
53668.113047 r 19.249 0.028
53668.113880 i 19.156 0.036
53668.114714 u 21.756 0.278
53668.115547 z 19.160 0.106
53668.116380 g 20.097 0.040
53670.117900 r 19.250 0.016
53670.118733 i 19.129 0.023
53670.119567 u 21.902 0.282
53670.120400 z 18.964 0.069
53670.121233 g 19.839 0.018
53673.085883 r 19.205 0.015
53673.086716 i 18.923 0.015
53673.087550 u 21.214 0.133
53673.088383 z 18.930 0.054
53673.089216 g 19.868 0.018
53693.092375 r 19.192 0.016
53693.093208 i 19.010 0.017
53693.094042 u 21.575 0.212
53693.094875 z 18.911 0.048
53693.095708 g 19.905 0.027
53703.097176 r 19.317 0.139
#53703.098010 i 19.397 3.178
53703.098843 u 22.461 0.552
53703.099676 z 19.148 0.567
#53703.100510 g 20.009 3.683
53704.075702 r 19.219 0.014
53704.076535 i 18.956 0.015
53704.077369 u 21.124 0.130
53704.078202 z 18.905 0.047
53704.079035 g 19.847 0.018
53974.163654 r 19.194 0.035
53974.164488 i 18.913 0.028
53974.165321 u 21.136 0.097
53974.166154 z 18.753 0.037
53974.166988 g 19.829 0.035
53989.153082 r 19.203 0.023
53989.153915 i 18.980 0.024
53989.154749 u 20.969 0.108
53989.155582 z 18.745 0.035
53989.156415 g 19.848 0.061
#53995.160995 r 19.181 2.247
53995.161828 i 18.900 0.124
53995.162661 u 21.035 0.260
53995.163495 z 18.811 0.040
#53995.164328 g 19.786 4.688
53997.139375 r 19.194 0.041
53997.140209 i 18.901 0.125
53997.141042 u 21.761 0.236
53997.141875 z 18.953 0.066
53997.142709 g 19.895 0.163
#54005.111221 r 19.139 4.113
54005.112055 i 18.901 0.100
54005.112888 u 20.959 0.408
54005.113721 z 18.816 0.065
54005.114555 g 19.771 0.138
54009.121075 r 19.289 0.027
54009.121908 i 18.955 0.032
54009.122741 u 21.040 0.121
54009.123575 z 18.758 0.047
54009.124408 g 19.796 0.069
54011.185595 r 19.145 0.035
54011.186428 i 18.933 0.020
54011.187262 u 21.074 0.171
54011.188095 z 18.755 0.036
54011.188928 g 19.772 0.070
54025.184623 r 19.175 0.037
54025.185457 i 18.895 0.033
54025.186290 u 21.069 0.119
54025.187123 z 18.856 0.047
54025.187957 g 19.904 0.031
54051.091500 r 19.432 0.118
54051.092333 i 18.925 0.117
54051.093167 u 21.224 0.375
54051.094000 z 18.704 0.130
54051.094833 g 19.883 0.097
54356.193104 r 19.211 0.038
54356.193938 i 18.950 0.028
54356.194771 u 21.084 0.109
54356.195604 z 18.797 0.044
54356.196438 g 19.798 0.051
#54358.138144 r 19.306 2.821
#54358.138978 i 18.979 2.843
54358.139811 u 20.956 0.121
#54358.140644 z 18.935 3.207
#54358.141478 g 19.913 1.520
54373.170245 r 19.137 0.080
54373.171078 i 18.970 0.026
54373.171911 u 21.115 0.189
54373.172745 z 18.894 0.058
54373.173578 g 19.872 0.043
#54382.180339 r 19.365 1.919
#54382.181172 i 18.859 2.029
54382.182006 u 21.618 0.294
54382.182839 z 19.129 0.408
#54382.183672 g 20.133 4.140
54383.186083 r 19.196 0.026
54383.186916 i 18.948 0.028
54383.187749 u 21.285 0.134
54383.188583 z 18.931 0.054
54383.189416 g 19.863 0.030
54386.183093 r 19.165 0.064
54386.183926 i 18.959 0.021
#54386.184759 u 21.256 1.195
54386.185593 z 18.709 0.033
54386.186426 g 19.793 0.053
54388.187364 r 19.234 0.033
54388.188197 i 18.953 0.029
54388.189030 u 21.337 0.169
54388.189864 z 18.889 0.059
54388.190697 g 19.834 0.033
#54406.094965 r 19.147 1.441
#54406.095798 i 18.983 1.055
54406.096631 u 21.149 0.183
#54406.097465 z 18.850 2.033
54406.098298 g 19.766 0.369
54412.097896 r 19.211 0.021
54412.098729 i 19.034 0.029
54412.099563 u 21.072 0.096
54412.100396 z 18.817 0.048
54412.101229 g 19.803 0.035
54415.135453 r 19.198 0.072
54415.136286 i 18.950 0.017
54415.137120 u 21.095 0.146
54415.137953 z 18.868 0.042
54415.138786 g 19.826 0.217
