51081.271281 r 20.467 0.052
51081.272114 i 20.344 0.056
51081.272948 u 20.550 0.085
51081.273781 z 20.051 0.153
51081.274614 g 20.451 0.031
52196.288085 r 20.906 0.044
52196.288918 i 20.640 0.053
52196.289752 u 21.351 0.132
52196.290585 z 19.982 0.120
52196.291418 g 21.051 0.036
52197.301182 r 20.877 0.039
52197.302015 i 20.706 0.051
52197.302849 u 21.210 0.105
52197.303682 z 20.119 0.115
52197.304515 g 20.958 0.032
52225.151385 r 20.753 0.038
52225.152218 i 20.499 0.045
52225.153052 u 21.043 0.087
52225.153885 z 19.903 0.101
52225.154718 g 20.802 0.029
52253.173341 r 21.025 0.082
#52253.174174 i -99.000 0.072
52253.175008 u 21.355 0.194
52253.175841 z 19.968 0.150
52253.176674 g 21.050 0.058
52557.295173 r 20.524 0.038
52557.296006 i 20.400 0.046
#52557.296840 u -99.000 0.105
52557.297673 z 19.856 0.112
52557.298506 g 20.633 0.031
52578.191255 r 20.622 0.035
52578.192088 i 20.492 0.043
52578.192922 u 21.095 0.089
52578.193755 z 19.803 0.090
52578.194588 g 20.766 0.028
52908.269738 r 20.178 0.027
52908.270571 i 20.114 0.034
52908.271405 u 20.128 0.051
52908.272238 z 19.687 0.089
52908.273071 g 20.373 0.024
52911.283523 r 20.384 0.031
52911.284356 i 20.279 0.040
52911.285190 u 20.353 0.062
52911.286023 z 19.639 0.093
52911.286856 g 20.504 0.029
52930.160896 r 20.478 0.042
52930.161729 i 20.343 0.051
#52930.162563 u -99.000 0.084
52930.163396 z 19.588 0.098
52930.164229 g 20.496 0.029
52934.201638 r 20.394 0.031
52934.202471 i 20.226 0.039
52934.203305 u 20.527 0.069
52934.204138 z 19.565 0.085
52934.204971 g 20.503 0.029
52936.197564 r 20.540 0.030
52936.198397 i 20.378 0.036
52936.199231 u 20.787 0.075
52936.200064 z 19.784 0.082
52936.200897 g 20.684 0.027
52962.123086 r 20.446 0.034
52962.123919 i 20.266 0.041
52962.124753 u 20.687 0.077
52962.125586 z 19.725 0.102
52962.126419 g 20.650 0.031
53270.261640 r 20.390 0.028
53270.262473 i 20.194 0.031
53270.263307 u 20.456 0.052
53270.264140 z 19.699 0.064
53270.264973 g 20.497 0.025
53272.311568 r 20.265 0.034
53272.312401 i 20.161 0.038
53272.313235 u 20.281 0.075
53272.314068 z 19.629 0.083
53272.314901 g 20.399 0.039
53286.280289 r 20.052 0.038
53286.281122 i 20.003 0.046
53286.281956 u 20.067 0.076
53286.282789 z 19.365 0.083
53286.283622 g 20.311 0.030
53288.238777 r 20.424 0.030
53288.239610 i 20.272 0.033
53288.240444 u 20.436 0.059
53288.241277 z 19.599 0.066
53288.242110 g 20.544 0.024
53294.266095 r 20.437 0.036
53294.266928 i 20.297 0.042
53294.267761 u 20.567 0.067
53294.268595 z 19.654 0.098
53294.269428 g 20.545 0.034
53302.234444 r 20.350 0.057
53302.235277 i 20.249 0.056
53302.236111 u 20.434 0.138
53302.236944 z 19.576 0.085
53302.237777 g 20.344 0.055
53312.190017 r 20.385 0.044
53312.190850 i 20.219 0.052
53312.191683 u 20.517 0.084
53312.192517 z 19.569 0.107
53312.193350 g 20.639 0.041
53314.191175 r 20.151 0.026
53314.192008 i 20.075 0.032
53314.192842 u 20.163 0.051
53314.193675 z 19.676 0.095
53314.194508 g 20.359 0.023
53616.295541 r 20.372 0.037
53616.296374 i 20.322 0.052
53616.297208 u 20.546 0.114
53616.298041 z 19.459 0.096
53616.298874 g 20.438 0.033
#53623.285751 r -99.000 0.039
53623.286584 i 20.224 0.039
53623.287418 u 20.374 0.067
53623.288251 z 19.815 0.104
53623.289084 g 20.489 0.027
53626.271964 r 20.315 0.036
53626.272797 i 20.313 0.046
53626.273631 u 20.390 0.077
53626.274464 z 19.752 0.109
#53626.275297 g -99.000 0.038
53628.256830 r 20.250 0.051
53628.257663 i 20.314 0.063
53628.258497 u 19.939 0.100
53628.259330 z 19.602 0.104
53628.260163 g 20.455 0.070
53637.258445 r 20.482 0.051
53637.259278 i 20.546 0.077
53637.260112 u 20.871 0.164
53637.260945 z 19.606 0.121
53637.261778 g 20.655 0.055
53639.303822 r 20.263 0.027
53639.304655 i 20.207 0.034
53639.305489 u 20.384 0.062
53639.306322 z 19.568 0.074
53639.307155 g 20.279 0.025
53644.250915 r 20.517 0.031
53644.251748 i 20.353 0.035
53644.252581 u 20.570 0.064
53644.253415 z 19.641 0.062
53644.254248 g 20.561 0.028
53654.285515 r 20.356 0.031
53654.286348 i 20.270 0.041
53654.287182 u 20.679 0.085
53654.288015 z 19.829 0.103
53654.288848 g 20.571 0.026
53656.233109 r 20.292 0.068
53656.233942 i 20.144 0.070
53656.234776 u 20.000 0.123
53656.235609 z 19.738 0.127
53656.236442 g 20.449 0.070
53663.246418 r 20.470 0.043
53663.247251 i 20.354 0.042
53663.248085 u 20.590 0.132
53663.248918 z 19.835 0.081
53663.249751 g 20.515 0.045
53668.236018 r 20.457 0.046
53668.236851 i 20.241 0.059
#53668.237685 u -99.000 0.105
53668.238518 z 19.958 0.166
53668.239351 g 20.590 0.033
53670.240871 r 20.400 0.030
53670.241704 i 20.313 0.040
53670.242538 u 20.557 0.068
53670.243371 z 19.525 0.080
53670.244204 g 20.530 0.025
53673.208855 r 20.444 0.032
53673.209688 i 20.321 0.040
53673.210522 u 20.828 0.079
53673.211355 z 19.782 0.087
53673.212188 g 20.579 0.026
53675.205742 r 20.353 0.040
53675.206575 i 20.251 0.046
53675.207409 u 20.619 0.083
53675.208242 z 19.489 0.103
53675.209075 g 20.509 0.029
53677.226775 r 20.160 0.023
53677.227608 i 20.101 0.027
53677.228442 u 20.141 0.045
53677.229275 z 19.621 0.063
53677.230108 g 20.384 0.021
53680.213440 r 20.376 0.030
53680.214273 i 20.330 0.038
53680.215107 u 20.528 0.069
53680.215940 z 19.575 0.069
53680.216773 g 20.566 0.027
53693.215338 r 20.356 0.045
53693.216171 i 20.196 0.046
53693.217005 u 20.440 0.142
53693.217838 z 19.760 0.100
53693.218671 g 20.432 0.059
53704.198663 r 20.380 0.029
53704.199496 i 20.229 0.036
53704.200330 u 20.765 0.081
53704.201163 z 19.767 0.092
53704.201996 g 20.532 0.025
53974.291317 r 20.355 0.026
53974.292150 i 20.167 0.032
53974.292984 u 20.467 0.054
53974.293817 z 19.557 0.061
53974.294650 g 20.469 0.024
53989.294741 r 20.289 0.039
53989.295574 i 20.206 0.040
53989.296407 u 20.513 0.118
53989.297241 z 19.579 0.074
53989.298074 g 20.435 0.051
53997.390392 r 20.365 0.035
#53997.391225 i -99.000 0.042
53997.392058 u 20.318 0.058
#53997.392892 z -99.000 0.084
#53997.393725 g -99.000 0.026
54000.270148 r 20.433 0.034
54000.270981 i 20.302 0.045
54000.271815 u 20.433 0.069
54000.272648 z 19.799 0.111
54000.273481 g 20.515 0.030
54007.320275 r 20.270 0.025
54007.321109 i 20.132 0.044
54007.321942 u 20.484 0.076
54007.322775 z 19.755 0.093
54007.323609 g 20.452 0.024
54009.244063 r 20.306 0.030
54009.244896 i 20.177 0.034
54009.245729 u 20.291 0.058
54009.246563 z 19.755 0.070
54009.247396 g 20.382 0.030
54011.308537 r 20.413 0.034
54011.309370 i 20.346 0.035
54011.310203 u 20.313 0.070
54011.311037 z 19.738 0.068
54011.311870 g 20.577 0.042
54019.258748 r 20.432 0.035
54019.259582 i 20.427 0.037
54019.260415 u 20.477 0.078
54019.261248 z 19.537 0.055
54019.262082 g 20.559 0.034
54025.307551 r 20.369 0.045
54025.308384 i 20.303 0.063
54025.309217 u 20.327 0.064
54025.310051 z 19.595 0.089
54025.310884 g 20.424 0.025
54029.237906 r 20.397 0.038
54029.238739 i 20.016 0.036
54029.239573 u 20.319 0.059
54029.240406 z 19.543 0.082
54029.241239 g 20.401 0.027
54348.305292 r 19.852 0.024
54348.306125 i 19.800 0.032
54348.306958 u 19.699 0.040
54348.307792 z 19.447 0.067
54348.308625 g 19.996 0.024
54358.261127 r 20.094 0.030
#54358.261961 i -99.000 0.056
54358.262794 u 20.072 0.062
54358.263627 z 19.571 0.096
54358.264461 g 20.231 0.026
#54362.313482 r -99.000 0.047
54362.314315 i 19.849 0.050
#54362.315148 u -99.000 0.146
#54362.315982 z -99.000 0.097
#54362.316815 g -99.000 0.038
54365.294184 r 19.859 0.038
#54365.295017 i -99.000 0.060
#54365.295850 u -99.000 0.070
54365.296684 z 19.351 0.076
54365.297517 g 20.089 0.037
54373.368432 r 20.022 0.041
54373.369266 i 19.936 0.045
54373.370099 u 19.629 0.093
54373.370932 z 19.351 0.077
54373.371766 g 20.233 0.059
54381.313766 r 19.926 0.022
54381.314600 i 19.928 0.028
54381.315433 u 19.855 0.043
54381.316266 z 19.426 0.061
54381.317100 g 20.102 0.026
54386.306063 r 19.941 0.025
54386.306896 i 20.028 0.036
54386.307730 u 19.901 0.041
54386.308563 z 19.461 0.069
54386.309396 g 20.050 0.023
54388.310322 r 19.956 0.025
54388.311155 i 20.003 0.028
54388.311988 u 19.925 0.044
54388.312822 z 19.401 0.056
54388.313655 g 20.068 0.020
54403.224164 r 20.030 0.037
54403.224997 i 20.005 0.042
54403.225831 u 20.126 0.081
54403.226664 z 19.527 0.085
54403.227497 g 20.225 0.040
54404.281670 r 19.809 0.021
54404.282503 i 19.666 0.022
#54404.283337 u -99.000 0.047
54404.284170 z 19.225 0.052
54404.285003 g 19.925 0.028
54405.279675 r 19.704 0.024
54405.280509 i 19.912 0.027
54405.281342 u 19.844 0.047
54405.282175 z 19.261 0.058
54405.283009 g 20.135 0.027
#54406.217963 r -99.000 0.055
54406.218796 i 20.130 0.036
54406.219629 u 20.175 0.058
54406.220463 z 19.573 0.063
54406.221296 g 20.257 0.021
54412.220896 r 19.904 0.026
54412.221730 i 19.992 0.036
54412.222563 u 20.091 0.065
54412.223396 z 19.738 0.113
54412.224230 g 20.188 0.027
