51081.410051 r 19.586 0.018
51081.410884 i 19.606 0.027
51081.411718 u 19.967 0.043
51081.412551 z 19.490 0.073
51081.413384 g 19.901 0.019
51875.224957 r 19.495 0.017
51875.225790 i 19.518 0.026
51875.226624 u 19.799 0.035
51875.227457 z 19.573 0.079
51875.228290 g 19.711 0.016
52171.457381 r 19.644 0.018
52171.458214 i 19.643 0.024
52171.459048 u 19.970 0.044
52171.459881 z 19.711 0.069
52171.460714 g 19.874 0.016
52225.305829 r 19.716 0.017
52225.306662 i 19.725 0.024
52225.307496 u 20.064 0.042
52225.308329 z 19.849 0.079
52225.309162 g 20.028 0.017
52288.140252 r 19.687 0.018
52288.141085 i 19.732 0.026
52288.141919 u 20.134 0.046
52288.142752 z 19.712 0.069
52288.143585 g 19.995 0.018
52551.413539 r 19.582 0.017
52551.414372 i 19.637 0.027
52551.415206 u 19.915 0.042
52551.416039 z 19.598 0.073
52551.416872 g 19.826 0.016
52558.446411 r 19.586 0.016
52558.447244 i 19.623 0.024
52558.448078 u 20.007 0.039
52558.448911 z 19.652 0.070
52558.449744 g 19.896 0.015
52578.318020 r 19.577 0.015
52578.318853 i 19.529 0.021
52578.319687 u 19.967 0.038
52578.320520 z 19.604 0.066
52578.321353 g 19.854 0.015
52585.281001 r 19.664 0.018
52585.281834 i 19.636 0.031
52585.282668 u 20.047 0.044
52585.283501 z 19.662 0.093
52585.284334 g 19.885 0.016
52909.447633 r 19.377 0.014
52909.448466 i 19.396 0.020
52909.449300 u 19.599 0.032
52909.450133 z 19.396 0.057
52909.450966 g 19.553 0.013
52910.417876 r 19.424 0.015
52910.418709 i 19.374 0.022
52910.419543 u 19.617 0.035
52910.420376 z 19.342 0.055
52910.421209 g 19.524 0.014
52935.345048 r 19.394 0.016
52935.345881 i 19.402 0.024
52935.346715 u 19.629 0.034
52935.347548 z 19.623 0.084
52935.348381 g 19.576 0.014
52963.268126 r 19.430 0.014
52963.268959 i 19.392 0.021
52963.269793 u 19.632 0.032
52963.270626 z 19.479 0.063
52963.271459 g 19.597 0.014
53351.190430 r 19.573 0.018
53351.191263 i 19.564 0.028
53351.192097 u 19.929 0.045
53351.192930 z 19.712 0.100
53351.193763 g 19.830 0.016
53622.447478 r 19.487 0.014
53622.448311 i 19.559 0.021
53622.449145 u 19.898 0.038
53622.449978 z 19.649 0.060
53622.450811 g 19.774 0.015
53627.404577 r 19.497 0.016
53627.405410 i 19.533 0.023
53627.406244 u 19.906 0.045
53627.407077 z 19.514 0.069
53627.407910 g 19.835 0.017
53634.396950 r 19.537 0.031
53634.397783 i 19.571 0.035
53634.398617 u 19.861 0.091
53634.399450 z 19.774 0.108
53634.400283 g 19.735 0.042
53638.438285 r 19.561 0.019
53638.439118 i 19.538 0.025
53638.439952 u 19.917 0.051
53638.440785 z 19.590 0.076
53638.441618 g 19.781 0.019
53640.402322 r 19.495 0.018
53640.403155 i 19.535 0.025
53640.403989 u 19.876 0.046
53640.404822 z 19.599 0.076
53640.405655 g 19.827 0.019
53643.444796 r 19.491 0.018
53643.445629 i 19.581 0.027
53643.446463 u 19.884 0.049
53643.447296 z 19.820 0.107
53643.448129 g 19.801 0.018
53646.463728 r 19.508 0.018
53646.464561 i 19.562 0.028
53646.465395 u 19.833 0.044
53646.466228 z 19.655 0.078
53646.467061 g 19.770 0.016
53663.464146 r 19.515 0.031
53663.464979 i 19.557 0.038
53663.465813 u 19.767 0.099
53663.466646 z 19.576 0.086
53663.467479 g 19.709 0.041
53664.399452 r 19.494 0.024
53664.400285 i 19.522 0.030
53664.401119 u 19.930 0.078
53664.401952 z 19.385 0.069
53664.402785 g 19.705 0.031
53665.464078 r 19.500 0.025
53665.464911 i 19.470 0.030
53665.465745 u 19.719 0.073
53665.466578 z 19.733 0.111
53665.467411 g 19.727 0.029
53668.452693 r 19.480 0.024
53668.453526 i 19.537 0.036
53668.454360 u 19.851 0.082
53668.455193 z 19.492 0.108
53668.456026 g 19.735 0.025
53669.358696 r 19.456 0.018
53669.359529 i 19.514 0.028
53669.360363 u 19.811 0.059
53669.361196 z 19.714 0.101
53669.362029 g 19.735 0.021
53670.458666 r 19.497 0.021
53670.459499 i 19.463 0.029
53670.460333 u 19.736 0.060
53670.461166 z 19.384 0.085
53670.461999 g 19.742 0.023
53671.443444 r 19.409 0.020
53671.444277 i 19.437 0.028
53671.445111 u 19.815 0.054
53671.445944 z 19.339 0.069
53671.446777 g 19.664 0.020
53674.342934 r 19.474 0.019
53674.343767 i 19.533 0.028
53674.344601 u 19.827 0.045
53674.345434 z 19.595 0.086
53674.346267 g 19.735 0.017
53676.432386 r 19.465 0.019
53676.433219 i 19.500 0.024
53676.434053 u 19.852 0.046
53676.434886 z 19.400 0.059
53676.435719 g 19.726 0.019
53679.404289 r 19.460 0.037
53679.405122 i 19.439 0.032
53679.405956 u 19.829 0.051
53679.406789 z 19.464 0.097
53679.407622 g 19.730 0.017
53681.395803 r 19.466 0.018
53681.396636 i 19.512 0.025
53681.397470 u 19.736 0.047
53681.398303 z 19.532 0.073
53681.399136 g 19.699 0.017
53684.357301 r 19.494 0.036
53684.358134 i 19.448 0.050
53684.358968 u 19.792 0.092
53684.359801 z 19.349 0.193
53684.360634 g 19.732 0.037
53687.298616 r 19.493 0.041
53687.299449 i 19.489 0.042
53687.300283 u 19.707 0.105
53687.301116 z 19.478 0.108
53687.301949 g 19.734 0.049
53694.368758 r 19.461 0.026
53694.369591 i 19.466 0.035
53694.370425 u 19.680 0.082
#53694.371258 z -99.000 0.115
53694.372091 g 19.649 0.035
53696.361523 r 19.497 0.019
53696.362356 i 19.467 0.025
53696.363190 u 19.780 0.058
53696.364023 z 19.487 0.068
53696.364856 g 19.689 0.022
53697.352830 r 19.493 0.020
53697.353663 i 19.522 0.027
53697.354497 u 19.714 0.053
53697.355330 z 19.460 0.068
53697.356163 g 19.675 0.021
53700.351786 r 19.456 0.018
53700.352619 i 19.490 0.030
53700.353453 u 19.818 0.050
53700.354286 z 19.482 0.092
53700.355119 g 19.739 0.017
53705.338456 r 19.475 0.018
53705.339289 i 19.478 0.028
53705.340123 u 19.754 0.047
53705.340956 z 19.529 0.085
53705.341789 g 19.700 0.017
53975.423467 r 19.441 0.020
53975.424300 i 19.450 0.035
53975.425134 u 19.759 0.070
53975.425967 z 19.575 0.081
53975.426800 g 19.629 0.019
53994.446450 r 19.464 0.020
53994.447283 i 19.530 0.027
53994.448116 u 19.756 0.037
53994.448950 z 19.448 0.068
53994.449783 g 19.646 0.022
53996.430199 r 19.459 0.030
53996.431032 i 19.502 0.033
53996.431865 u 19.636 0.045
53996.432699 z 19.420 0.066
53996.433532 g 19.731 0.048
54005.443362 r 19.486 0.022
54005.444195 i 19.485 0.022
54005.445029 u 19.638 0.033
54005.445862 z 19.596 0.061
54005.446695 g 19.715 0.018
54009.457179 r 19.471 0.016
54009.458012 i 19.495 0.022
54009.458845 u 19.735 0.032
54009.459679 z 19.425 0.048
54009.460512 g 19.685 0.017
54010.384302 r 19.486 0.015
54010.385135 i 19.501 0.017
54010.385969 u 19.711 0.033
54010.386802 z 19.493 0.049
54010.387635 g 19.690 0.015
54012.377187 r 19.493 0.020
54012.378021 i 19.506 0.023
54012.378854 u 19.630 0.039
54012.379687 z 19.637 0.076
54012.380521 g 19.722 0.021
54020.415243 r 19.513 0.021
54020.416076 i 19.565 0.029
54020.416910 u 19.773 0.061
54020.417743 z 19.479 0.070
54020.418576 g 19.692 0.026
54024.464758 r 19.477 0.020
54024.465591 i 19.488 0.026
54024.466425 u 19.702 0.043
54024.467258 z 19.511 0.070
54024.468091 g 19.754 0.020
54028.453030 r 19.497 0.017
54028.453863 i 19.525 0.026
54028.454696 u 19.745 0.038
54028.455530 z 19.592 0.069
54028.456363 g 19.770 0.018
54030.408451 r 19.516 0.016
54030.409284 i 19.541 0.024
54030.410118 u 19.792 0.038
54030.410951 z 19.661 0.067
54030.411784 g 19.768 0.026
54035.452426 r 19.517 0.025
54035.453260 i 19.542 0.030
54035.454093 u 19.900 0.056
54035.454926 z 19.518 0.089
54035.455760 g 19.732 0.029
54037.357950 r 19.520 0.016
54037.358783 i 19.571 0.022
54037.359616 u 19.801 0.033
54037.360450 z 19.472 0.054
54037.361283 g 19.768 0.016
54040.372418 r 19.505 0.016
54040.373251 i 19.542 0.025
54040.374085 u 19.815 0.039
54040.374918 z 19.626 0.066
54040.375751 g 19.755 0.016
54041.407969 r 19.516 0.019
54041.408802 i 19.571 0.026
54041.409636 u 19.811 0.039
54041.410469 z 19.541 0.058
54041.411302 g 19.761 0.020
54047.403054 r 19.632 0.041
54047.403888 i 19.597 0.044
54047.404721 u 19.694 0.128
54047.405554 z 19.434 0.088
54047.406388 g 19.866 0.054
54049.398874 r 19.519 0.026
54049.399707 i 19.537 0.030
54049.400541 u 19.815 0.079
54049.401374 z 19.480 0.108
54049.402207 g 19.723 0.030
54050.359069 r 19.484 0.029
54050.359902 i 19.508 0.037
54050.360735 u 19.732 0.076
54050.361569 z 19.644 0.123
54050.362402 g 19.730 0.029
#54053.378507 r -99.000 0.020
54053.379340 i 19.573 0.033
#54053.380174 u -99.000 0.059
#54053.381007 z -99.000 0.099
#54053.381840 g -99.000 0.020
54056.364883 r 19.479 0.026
54056.365717 i 19.525 0.028
54056.366550 u 19.803 0.053
54056.367383 z 19.646 0.090
54056.368217 g 19.748 0.020
54059.359146 r 19.573 0.020
54059.359980 i 19.535 0.032
54059.360813 u 19.792 0.045
54059.361646 z 19.536 0.086
54059.362480 g 19.726 0.021
54061.370366 r 19.542 0.025
54061.371199 i 19.550 0.036
54061.372032 u 19.968 0.082
54061.372866 z 19.788 0.140
#54061.373699 g -99.000 0.028
54062.364025 r 19.502 0.016
54062.364858 i 19.502 0.024
54062.365691 u 19.767 0.038
54062.366525 z 19.584 0.067
54062.367358 g 19.754 0.021
54064.360469 r 19.473 0.020
54064.361302 i 19.532 0.027
54064.362136 u 19.771 0.040
54064.362969 z 19.492 0.069
54064.363802 g 19.789 0.019
54068.344624 r 19.492 0.022
54068.345457 i 19.506 0.034
54068.346290 u 19.748 0.051
54068.347124 z 19.765 0.120
54068.347957 g 19.731 0.038
54357.402340 r 19.618 0.019
54357.403173 i 19.625 0.020
54357.404006 u 19.956 0.038
54357.404840 z 19.736 0.056
#54357.405673 g -99.000 0.033
54362.452155 r 19.575 0.022
54362.452988 i 19.653 0.026
54362.453821 u 19.913 0.039
54362.454655 z 19.674 0.067
54362.455488 g 19.892 0.018
54376.447289 r 19.641 0.019
54376.448122 i 19.637 0.025
54376.448956 u 20.126 0.056
54376.449789 z 19.686 0.071
54376.450622 g 19.946 0.021
54382.432367 r 19.672 0.030
54382.433200 i 19.609 0.033
54382.434033 u 19.901 0.047
54382.434867 z 19.787 0.093
54382.435700 g 20.018 0.027
54385.450166 r 19.650 0.020
54385.450999 i 19.670 0.024
54385.451832 u 20.046 0.046
54385.452666 z 19.638 0.061
54385.453499 g 19.876 0.022
54387.450692 r 19.605 0.023
54387.451526 i 19.691 0.031
54387.452359 u 19.993 0.053
54387.453192 z 19.857 0.106
54387.454026 g 19.858 0.019
54390.443057 r 19.682 0.030
54390.443890 i 19.682 0.045
54390.444724 u 19.889 0.064
54390.445557 z 19.613 0.138
54390.446390 g 19.950 0.024
54391.451503 r 19.674 0.041
54391.452336 i 19.692 0.059
54391.453170 u 19.959 0.069
54391.454003 z 19.679 0.131
54391.454836 g 19.868 0.022
54402.443880 r 19.567 0.036
54402.444714 i 19.645 0.040
#54402.445547 u -99.000 0.125
54402.446380 z 19.844 0.116
54402.447214 g 19.905 0.045
