51075.280993 r 18.491 0.009
51075.281826 i 17.877 0.009
51075.282660 u 21.932 0.248
51075.283493 z 17.431 0.020
51075.284326 g 19.772 0.018
52196.281593 r 18.623 0.009
52196.282426 i 18.014 0.009
52196.283260 u 22.910 0.455
52196.284093 z 17.642 0.017
52196.284926 g 19.999 0.017
52197.294701 r 18.618 0.009
52197.295534 i 17.979 0.008
52197.296368 u 22.125 0.217
52197.297201 z 17.606 0.016
52197.298034 g 20.028 0.017
52225.144800 r 18.647 0.009
52225.145633 i 17.991 0.008
52225.146467 u 22.235 0.193
52225.147300 z 17.634 0.016
52225.148133 g 19.971 0.016
52231.180583 r 18.648 0.009
52231.181416 i 18.042 0.009
52231.182250 u 22.817 0.320
52231.183083 z 17.663 0.015
52231.183916 g 20.011 0.017
52253.166756 r 18.451 0.011
52253.167589 i 17.814 0.009
52253.168423 u 22.550 0.630
52253.169256 z 17.404 0.018
52253.170089 g 19.826 0.024
52557.288587 r 18.625 0.009
52557.289420 i 17.968 0.009
52557.290254 u 22.456 0.327
52557.291087 z 17.639 0.017
52557.291920 g 19.998 0.018
52578.184669 r 18.619 0.009
52578.185502 i 18.058 0.009
52578.186336 u 22.097 0.193
52578.187169 z 17.663 0.016
52578.188002 g 19.993 0.016
52908.263153 r 18.632 0.009
52908.263986 i 18.014 0.009
52908.264820 u 22.394 0.302
52908.265653 z 17.633 0.018
52908.266486 g 20.031 0.019
52911.276938 r 18.669 0.009
52911.277771 i 18.016 0.009
52911.278605 u 23.344 0.597
52911.279438 z 17.653 0.018
52911.280271 g 19.986 0.018
52930.154311 r 18.586 0.009
52930.155144 i 17.925 0.008
52930.155978 u 22.818 0.434
52930.156811 z 17.595 0.017
52930.157644 g 19.949 0.018
52934.195052 r 18.495 0.009
52934.195885 i 17.868 0.008
52934.196719 u 22.551 0.408
52934.197552 z 17.463 0.016
52934.198385 g 19.851 0.018
52936.190979 r 18.656 0.009
52936.191812 i 18.015 0.008
52936.192646 u 22.314 0.225
52936.193479 z 17.610 0.015
52936.194312 g 19.997 0.017
52962.116500 r 18.480 0.010
52962.117333 i 17.840 0.010
52962.118167 u 21.825 0.197
52962.119000 z 17.469 0.017
52962.119833 g 19.857 0.018
53270.255052 r 18.610 0.016
53270.255886 i 17.973 0.013
53270.256719 u 22.087 0.189
53270.257552 z 17.579 0.021
53270.258386 g 19.961 0.024
53272.304984 r 18.492 0.011
53272.305817 i 17.882 0.009
#53272.306651 u 23.841 1.792
53272.307484 z 17.520 0.016
53272.308317 g 19.915 0.033
53286.273703 r 18.551 0.013
53286.274536 i 17.908 0.011
53286.275370 u 21.943 0.285
53286.276203 z 17.581 0.020
53286.277036 g 19.875 0.023
53288.232194 r 18.659 0.009
53288.233027 i 18.007 0.008
53288.233861 u 23.545 0.666
53288.234694 z 17.676 0.015
53288.235527 g 19.980 0.016
53294.259515 r 18.586 0.019
53294.260349 i 17.970 0.014
#53294.261182 u 100.004 99.999
53294.262015 z 17.601 0.020
53294.262849 g 20.015 0.021
53302.227861 r 18.668 0.015
53302.228694 i 18.011 0.011
53302.229528 u 21.910 0.456
53302.230361 z 17.675 0.018
53302.231194 g 20.000 0.042
53312.183402 r 18.616 0.014
53312.184235 i 17.970 0.023
53312.185068 u 22.482 0.301
53312.185902 z 17.632 0.022
53312.186735 g 19.927 0.027
53314.184589 r 18.562 0.009
53314.185422 i 17.932 0.009
53314.186256 u 22.243 0.274
53314.187089 z 17.557 0.017
53314.187922 g 19.954 0.018
53616.288954 r 18.463 0.010
53616.289787 i 17.816 0.009
#53616.290621 u 23.641 1.229
53616.291454 z 17.421 0.019
53616.292287 g 19.828 0.021
53623.279166 r 18.644 0.009
53623.279999 i 18.008 0.009
53623.280833 u 21.861 0.191
#53623.281666 z -99.000 0.022
53623.282499 g 19.994 0.021
53626.265379 r 18.647 0.011
53626.266212 i 17.998 0.009
#53626.267046 u 24.139 1.297
53626.267879 z 17.666 0.017
53626.268712 g 20.024 0.026
53628.250244 r 18.551 0.014
53628.251077 i 17.939 0.010
#53628.251911 u 23.777 2.680
53628.252744 z 17.545 0.019
53628.253577 g 19.929 0.042
53639.297236 r 18.659 0.009
53639.298069 i 18.020 0.009
53639.298903 u 23.493 0.739
53639.299736 z 17.635 0.016
53639.300569 g 20.024 0.020
53644.244341 r 18.624 0.019
53644.245175 i 18.008 0.022
53644.246008 u 22.699 0.277
53644.246841 z 17.660 0.022
53644.247675 g 20.023 0.023
53654.278928 r 18.665 0.010
53654.279761 i 18.031 0.009
53654.280595 u 24.193 0.946
53654.281428 z 17.657 0.017
53654.282261 g 20.007 0.017
53663.239831 r 18.668 0.011
53663.240664 i 18.004 0.009
53663.241498 u 22.325 0.551
53663.242331 z 17.631 0.015
53663.243164 g 20.063 0.033
53670.234284 r 18.661 0.009
53670.235117 i 18.014 0.009
53670.235951 u 22.713 0.332
53670.236784 z 17.688 0.017
53670.237617 g 20.056 0.018
53673.202268 r 18.652 0.010
53673.203101 i 17.988 0.008
53673.203935 u 22.854 0.402
53673.204768 z 17.674 0.017
53673.205601 g 19.978 0.018
53675.199156 r 18.433 0.010
53675.199989 i 17.815 0.010
53675.200823 u 22.229 0.365
53675.201656 z 17.397 0.018
53675.202489 g 19.823 0.018
53677.220187 r 18.645 0.009
53677.221020 i 17.997 0.008
53677.221854 u 23.295 0.458
53677.222687 z 17.659 0.014
53677.223520 g 20.046 0.016
53680.206854 r 18.680 0.010
53680.207687 i 18.059 0.009
53680.208521 u 23.543 0.649
53680.209354 z 17.660 0.015
53680.210187 g 20.054 0.018
53693.208752 r 18.648 0.013
53693.209585 i 18.004 0.009
#53693.210419 u 24.112 2.777
53693.211252 z 17.663 0.017
53693.212085 g 20.034 0.046
53704.192076 r 18.549 0.009
53704.192909 i 17.892 0.008
53704.193743 u 22.285 0.310
53704.194576 z 17.538 0.016
53704.195409 g 19.914 0.017
53974.284745 r 18.636 0.017
53974.285579 i 18.023 0.017
53974.286412 u 22.255 0.211
53974.287245 z 17.654 0.022
53974.288079 g 20.024 0.019
53989.288122 r 18.607 0.020
53989.288955 i 18.015 0.020
#53989.289788 u 24.077 3.225
53989.290622 z 17.650 0.022
53989.291455 g 20.048 0.037
#53997.383770 r -99.000 0.021
53997.384603 i 17.947 0.023
#53997.385436 u -99.000 0.569
#53997.386270 z -99.000 0.033
#53997.387103 g -99.000 0.027
54000.263540 r 18.570 0.019
54000.264373 i 17.950 0.021
54000.265206 u 22.328 0.359
54000.266040 z 17.578 0.018
54000.266873 g 19.955 0.027
54007.313711 r 18.626 0.017
54007.314544 i 18.022 0.017
54007.315377 u 22.741 0.449
54007.316211 z 17.685 0.021
54007.317044 g 20.017 0.026
54009.237472 r 18.644 0.017
54009.238305 i 17.985 0.016
54009.239139 u 22.600 0.720
54009.239972 z 17.613 0.023
54009.240805 g 19.991 0.023
54011.301979 r 18.659 0.017
54011.302812 i 18.046 0.015
54011.303645 u 22.336 0.415
54011.304479 z 17.642 0.023
54011.305312 g 20.020 0.032
54019.252174 r 18.598 0.016
54019.253007 i 18.032 0.015
#54019.253841 u -99.000 1.661
54019.254674 z 17.623 0.023
54019.255507 g 20.071 0.028
54029.231309 r 18.620 0.015
54029.232142 i 17.991 0.016
54029.232976 u 22.001 0.241
54029.233809 z 17.601 0.021
54029.234642 g 19.973 0.019
54348.298730 r 18.623 0.018
54348.299563 i 17.946 0.020
54348.300396 u 22.197 0.392
54348.301230 z 17.584 0.025
54348.302063 g 19.988 0.022
54358.254576 r 18.575 0.023
54358.255409 i 17.940 0.025
54358.256242 u 22.493 0.459
54358.257076 z 17.618 0.026
54358.257909 g 19.925 0.023
54381.307176 r 18.673 0.017
54381.308009 i 18.045 0.018
54381.308842 u 22.970 0.385
54381.309676 z 17.711 0.024
54381.310509 g 20.007 0.019
54386.299478 r 18.617 0.016
54386.300312 i 17.960 0.015
54386.301145 u 22.594 0.567
54386.301978 z 17.578 0.019
54386.302812 g 19.974 0.020
54388.303746 r 18.649 0.013
54388.304579 i 18.019 0.013
54388.305413 u 22.663 1.000
54388.306246 z 17.640 0.022
54388.307079 g 20.008 0.023
54403.217548 r 18.643 0.016
54403.218382 i 17.981 0.018
54403.219215 u 22.310 0.496
54403.220048 z 17.629 0.023
54403.220882 g 19.963 0.033
54404.275176 r 18.665 0.015
54404.276009 i 18.006 0.019
54404.276843 u 22.108 0.378
54404.277676 z 17.687 0.021
54404.278509 g 20.030 0.031
54405.273110 r 18.609 0.013
54405.273943 i 17.968 0.014
54405.274776 u 21.746 0.209
54405.275610 z 17.624 0.021
54405.276443 g 20.005 0.023
54406.211361 r 18.667 0.020
54406.212194 i 18.009 0.018
54406.213027 u 22.617 0.300
54406.213861 z 17.696 0.022
54406.214694 g 19.964 0.021
54412.214280 r 18.582 0.019
54412.215114 i 17.966 0.017
#54412.215947 u -99.000 0.421
54412.216780 z 17.581 0.025
54412.217614 g 19.958 0.037
