52172.235797 r 18.986 0.011
52172.236630 i 18.853 0.013
52172.237464 u 20.628 0.067
52172.238297 z 18.785 0.037
52172.239130 g 19.416 0.012
52930.086320 r 19.005 0.011
52930.087153 i 18.839 0.013
52930.087987 u 20.524 0.063
52930.088820 z 18.740 0.038
52930.089653 g 19.408 0.012
53313.077316 r 18.761 0.013
53313.078149 i 18.635 0.017
53313.078983 u 20.367 0.087
53313.079816 z 18.539 0.059
53313.080649 g 19.159 0.013
53622.186564 r 18.774 0.012
53622.187397 i 18.608 0.014
53622.188231 u 20.364 0.085
53622.189064 z 18.621 0.047
53622.189897 g 19.189 0.014
53625.182529 r 18.970 0.012
53625.183362 i 18.846 0.013
53625.184196 u 20.641 0.077
53625.185029 z 18.713 0.035
53625.185862 g 19.469 0.016
53634.136033 r 18.807 0.018
53634.136866 i 18.655 0.020
#53634.137700 u -99.000 0.143
53634.138533 z 18.550 0.059
#53634.139366 g -99.000 0.024
53655.113570 r 18.857 0.013
53655.114403 i 18.713 0.014
53655.115237 u 20.433 0.098
53655.116070 z 18.579 0.037
53655.116903 g 19.314 0.018
#53657.200989 r -99.000 0.040
#53657.201822 i -99.000 0.033
53657.202656 u 20.321 0.353
#53657.203489 z -99.000 0.113
53657.204322 g 19.179 0.054
53666.102129 r 18.987 0.011
53666.102962 i 18.827 0.013
53666.103796 u 20.528 0.062
53666.104629 z 18.679 0.038
53666.105462 g 19.455 0.012
53669.097769 r 19.003 0.011
53669.098602 i 18.834 0.013
53669.099436 u 20.633 0.064
53669.100269 z 18.814 0.036
53669.101102 g 19.450 0.012
53681.134900 r 18.869 0.024
53681.135733 i 18.773 0.028
53681.136567 u 20.734 0.224
#53681.137400 z -99.000 0.147
53681.138233 g 19.239 0.048
#53694.107837 r -99.000 0.019
53694.108670 i 18.634 0.023
53694.109504 u 20.188 0.125
#53694.110337 z -99.000 0.098
53694.111170 g 19.211 0.018
53975.162546 r 18.897 0.010
53975.163380 i 18.808 0.014
53975.164213 u 20.416 0.063
53975.165046 z 18.692 0.044
53975.165880 g 19.324 0.017
53998.137900 r 18.981 0.016
53998.138733 i 18.862 0.018
53998.139567 u 20.587 0.055
53998.140400 z 18.715 0.033
53998.141233 g 19.439 0.017
54005.175151 r 18.993 0.014
54005.175984 i 18.857 0.014
54005.176817 u 20.577 0.065
54005.177651 z 18.860 0.036
54005.178484 g 19.477 0.019
54010.123377 r 19.008 0.014
54010.124211 i 18.817 0.015
54010.125044 u 20.499 0.079
54010.125877 z 18.742 0.030
54010.126711 g 19.420 0.018
54012.116217 r 18.966 0.017
54012.117050 i 18.825 0.016
54012.117883 u 20.604 0.182
54012.118717 z 18.758 0.037
54012.119550 g 19.422 0.026
54028.112567 r 18.901 0.015
54028.113401 i 18.742 0.017
54028.114234 u 20.544 0.083
54028.115067 z 18.767 0.041
54028.115901 g 19.354 0.012
54034.175499 r 18.878 0.016
#54034.176332 i -99.000 0.019
54034.177165 u 20.290 0.091
#54034.177999 z -99.000 0.064
#54034.178832 g -99.000 0.014
54053.102270 r 18.883 0.014
54053.103104 i 18.757 0.017
54053.103937 u 20.465 0.068
54053.104770 z 18.743 0.054
54053.105604 g 19.313 0.013
54059.098230 r 18.891 0.013
54059.099064 i 18.751 0.016
54059.099897 u 20.396 0.080
54059.100730 z 18.629 0.042
54059.101564 g 19.317 0.012
54061.109286 r 18.932 0.017
54061.110119 i 18.764 0.018
54061.110952 u 20.345 0.076
54061.111786 z 18.659 0.053
54061.112619 g 19.329 0.016
54062.103128 r 18.981 0.016
54062.103962 i 18.760 0.016
54062.104795 u 20.410 0.093
54062.105628 z 18.673 0.057
54062.106462 g 19.311 0.019
54068.093104 r 18.880 0.021
54068.093938 i 18.731 0.021
54068.094771 u 20.403 0.144
54068.095604 z 18.760 0.070
54068.096438 g 19.249 0.032
54387.189746 r 18.889 0.013
54387.190580 i 18.729 0.015
54387.191413 u 20.426 0.087
54387.192246 z 18.726 0.044
54387.193080 g 19.346 0.013
54390.192760 r 18.874 0.014
54390.193594 i 18.765 0.016
54390.194427 u 20.318 0.072
54390.195260 z 18.754 0.049
54390.196094 g 19.324 0.014
54392.184487 r 18.858 0.019
#54392.185320 i -99.000 0.026
54392.186153 u 20.299 0.149
54392.186987 z 18.521 0.065
54392.187820 g 19.279 0.046
