52197.131699 r 17.224 0.005
52197.132532 i 17.133 0.006
52197.133366 u 18.888 0.019
52197.134199 z 17.057 0.012
52197.135032 g 17.809 0.006
52929.095852 r 17.216 0.005
52929.096685 i 17.336 0.006
52929.097519 u 18.907 0.021
52929.098352 z 17.002 0.011
52929.099185 g 17.809 0.006
52934.076009 r 17.260 0.005
52934.076842 i 17.107 0.006
52934.077676 u 18.878 0.020
52934.078509 z 16.995 0.011
52934.079342 g 17.653 0.005
52936.071934 r 17.311 0.006
52936.072767 i 17.409 0.007
52936.073601 u 18.927 0.020
52936.074434 z 17.033 0.012
52936.075267 g 17.873 0.006
53243.257147 r 17.230 0.006
53243.257980 i 17.207 0.007
53243.258814 u 18.879 0.038
53243.259647 z 17.058 0.013
53243.260480 g 17.721 0.008
53270.136011 r 17.215 0.013
53270.136845 i 17.064 0.011
53270.137678 u 18.808 0.024
53270.138511 z 17.004 0.017
53270.139345 g 17.658 0.013
53272.185946 r 17.219 0.006
53272.186779 i 17.386 0.007
53272.187613 u 18.813 0.035
53272.188446 z 16.993 0.012
53272.189279 g 17.633 0.007
53288.113150 r 17.233 0.005
53288.113983 i 17.130 0.006
53288.114817 u 18.800 0.022
53288.115650 z 17.095 0.013
53288.116483 g 17.669 0.006
53302.108819 r 17.229 0.006
53302.109652 i 17.208 0.007
53302.110486 u 18.907 0.033
53302.111319 z 17.008 0.011
53302.112152 g 17.670 0.007
53312.064351 r 17.380 0.012
53312.065184 i 17.618 0.065
53312.066018 u 18.830 0.029
53312.066851 z 17.002 0.020
53312.067684 g 17.755 0.009
53314.065546 r 17.236 0.005
53314.066379 i 17.203 0.006
53314.067213 u 18.911 0.021
53314.068046 z 17.016 0.012
53314.068879 g 17.663 0.006
53623.160129 r 17.333 0.006
53623.160962 i 17.189 0.006
53623.161796 u 18.852 0.025
53623.162629 z 17.085 0.012
53623.163462 g 17.640 0.006
53626.146341 r 17.497 0.007
53626.147174 i 17.219 0.007
53626.148008 u 18.902 0.029
53626.148841 z 17.160 0.013
53626.149674 g 17.714 0.007
53628.131207 r 17.341 0.007
53628.132040 i 17.133 0.007
53628.132874 u 19.194 0.056
53628.133707 z 17.966 0.030
53628.134540 g 17.706 0.009
53637.132819 r 17.251 0.005
53637.133652 i 17.143 0.006
53637.134486 u 18.864 0.026
53637.135319 z 16.988 0.013
53637.136152 g 17.725 0.006
53644.125261 r 17.246 0.010
53644.126095 i 17.035 0.013
53644.126928 u 18.855 0.025
53644.127761 z 16.970 0.023
53644.128595 g 17.692 0.016
53649.119889 r 17.193 0.010
53649.120722 i 17.064 0.013
53649.121556 u 18.834 0.086
#53649.122389 z -99.000 0.072
#53649.123222 g -99.000 0.021
53654.159891 r 17.219 0.006
53654.160724 i 17.219 0.007
53654.161558 u 18.905 0.029
53654.162391 z 17.025 0.013
53654.163224 g 17.654 0.007
53656.107480 r 17.283 0.006
53656.108313 i 17.140 0.007
53656.109147 u 18.860 0.045
53656.109980 z 17.014 0.014
53656.110813 g 17.702 0.008
53665.098759 r 17.229 0.012
53665.099592 i 17.048 0.016
53665.100426 u 18.756 0.062
#53665.101259 z -99.000 0.034
53665.102092 g 17.679 0.010
53668.110391 r 17.194 0.005
53668.111224 i 17.082 0.006
53668.112058 u 18.829 0.027
53668.112891 z 17.161 0.019
53668.113724 g 17.619 0.006
53670.115244 r 17.251 0.005
53670.116077 i 17.142 0.006
53670.116911 u 18.916 0.024
53670.117744 z 17.124 0.015
53670.118577 g 17.788 0.006
53673.083226 r 17.257 0.005
53673.084059 i 17.121 0.006
53673.084893 u 18.889 0.022
53673.085726 z 17.074 0.013
53673.086559 g 17.764 0.006
53675.080115 r 17.254 0.005
53675.080948 i 17.150 0.006
53675.081782 u 18.895 0.022
53675.082615 z 17.021 0.013
53675.083448 g 17.806 0.006
53677.101149 r 17.285 0.006
53677.101982 i 17.326 0.007
53677.102816 u 18.874 0.020
53677.103649 z 17.162 0.012
53677.104482 g 17.723 0.006
53680.087813 r 17.276 0.006
53680.088646 i 17.106 0.006
53680.089480 u 18.956 0.022
53680.090313 z 17.102 0.012
53680.091146 g 17.694 0.006
53693.089719 r 17.228 0.005
53693.090552 i 17.097 0.006
53693.091386 u 18.876 0.025
53693.092219 z 16.981 0.011
53693.093052 g 17.656 0.006
53702.085393 r 17.198 0.020
53702.086226 i 17.019 0.017
53702.087060 u 18.808 0.029
53702.087893 z 17.196 0.027
53702.088726 g 17.641 0.014
53703.094521 r 17.207 0.007
53703.095354 i 17.112 0.021
53703.096187 u 18.884 0.043
53703.097021 z 17.035 0.017
53703.097854 g 17.666 0.008
53704.073048 r 17.210 0.005
53704.073881 i 17.148 0.006
53704.074715 u 18.863 0.026
53704.075548 z 16.993 0.012
53704.076381 g 17.738 0.006
53974.160992 r 17.241 0.015
53974.161825 i 17.043 0.014
53974.162659 u 18.913 0.025
53974.163492 z 17.020 0.021
53974.164325 g 17.729 0.014
53989.150431 r 17.226 0.011
53989.151265 i 17.031 0.011
53989.152098 u 18.864 0.022
53989.152931 z 17.005 0.019
53989.153765 g 17.643 0.015
53995.158341 r 17.205 0.009
53995.159175 i 17.224 0.010
53995.160008 u 18.882 0.022
53995.160841 z 17.059 0.017
53995.161675 g 17.860 0.018
#53997.136711 r -99.000 0.017
53997.137544 i 17.037 0.015
53997.138378 u 18.878 0.029
53997.139211 z 17.040 0.022
53997.140044 g 17.701 0.017
54005.108566 r 17.380 0.015
54005.109399 i 17.165 0.012
54005.110233 u 18.884 0.021
54005.111066 z 17.141 0.020
54005.111899 g 17.706 0.012
54007.121344 r 17.265 0.009
54007.122177 i 17.073 0.008
54007.123010 u 18.916 0.030
54007.123844 z 16.986 0.019
54007.124677 g 17.803 0.017
54009.118423 r 17.207 0.010
54009.119256 i 17.468 0.043
54009.120089 u 18.897 0.024
54009.120923 z 16.985 0.016
54009.121756 g 17.625 0.015
54011.182934 r 17.222 0.016
54011.183768 i 17.348 0.037
54011.184601 u 18.789 0.029
54011.185434 z 16.997 0.017
54011.186268 g 17.667 0.022
54019.133122 r 17.185 0.015
#54019.133955 i -99.000 0.023
54019.134788 u 18.870 0.024
54019.135622 z 17.140 0.020
54019.136455 g 17.662 0.012
54025.181961 r 17.246 0.012
54025.182795 i 17.082 0.013
54025.183628 u 18.926 0.028
54025.184461 z 17.002 0.014
54025.185295 g 17.715 0.011
54029.112264 r 17.395 0.014
54029.113098 i 17.179 0.012
54029.113931 u 18.975 0.027
54029.114764 z 17.020 0.018
54029.115598 g 17.836 0.026
54051.088868 r 17.219 0.017
54051.089702 i 17.085 0.018
54051.090535 u 18.941 0.058
54051.091368 z 17.139 0.044
54051.092202 g 17.767 0.024
54356.190440 r 17.220 0.008
54356.191273 i 17.050 0.025
54356.192106 u 18.891 0.030
54356.192940 z 16.994 0.018
54356.193773 g 17.765 0.012
54358.135489 r 17.262 0.010
54358.136322 i 17.165 0.017
54358.137155 u 19.066 0.031
54358.137989 z 17.038 0.019
54358.138822 g 17.641 0.011
54373.167594 r 17.286 0.011
54373.168427 i 17.151 0.012
54373.169261 u 18.936 0.030
54373.170094 z 17.005 0.024
54373.170927 g 17.673 0.014
54381.180285 r 17.195 0.007
54381.181119 i 17.007 0.047
54381.181952 u 18.836 0.026
54381.182785 z 17.047 0.022
54381.183619 g 17.684 0.020
54382.177681 r 17.307 0.049
54382.178515 i 17.201 0.052
54382.179348 u 18.914 0.032
54382.180181 z 17.026 0.026
54382.181015 g 17.765 0.025
54383.183420 r 17.211 0.007
54383.184254 i 17.134 0.013
54383.185087 u 19.023 0.031
54383.185920 z 16.988 0.016
54383.186754 g 17.751 0.013
54386.180446 r 17.297 0.009
54386.181280 i 17.082 0.011
54386.182113 u 18.957 0.028
54386.182946 z 17.019 0.013
54386.183780 g 17.642 0.009
54388.184706 r 17.209 0.007
54388.185539 i 17.082 0.011
54388.186372 u 18.838 0.024
54388.187206 z 17.041 0.017
54388.188039 g 17.674 0.010
54403.098481 r 17.264 0.018
54403.099315 i 17.139 0.011
54403.100148 u 18.904 0.022
54403.100981 z 17.012 0.016
54403.101815 g 17.654 0.010
54406.092314 r 17.392 0.014
54406.093147 i 17.080 0.013
54406.093980 u 19.065 0.029
54406.094814 z 17.012 0.018
54406.095647 g 17.814 0.015
54412.095239 r 17.207 0.008
54412.096073 i 17.094 0.013
54412.096906 u 18.900 0.026
54412.097739 z 16.996 0.014
54412.098573 g 17.662 0.010
54415.132801 r 17.352 0.013
54415.133635 i 17.134 0.010
54415.134468 u 18.900 0.022
54415.135301 z 16.976 0.016
54415.136135 g 17.665 0.015
