52172.238136 r 17.330 0.006
52172.238969 i 17.004 0.006
52172.239803 u 20.793 0.081
52172.240636 z 16.795 0.025
52172.241469 g 18.311 0.007
52576.100096 r 17.316 0.005
52576.100929 i 16.998 0.005
52576.101763 u 20.731 0.082
52576.102596 z 16.771 0.011
52576.103429 g 18.331 0.007
52577.075331 r 17.326 0.005
52577.076164 i 16.988 0.005
52577.076998 u 20.894 0.096
52577.077831 z 16.782 0.011
52577.078664 g 18.335 0.007
52930.088662 r 17.318 0.005
52930.089495 i 16.999 0.005
52930.090329 u 20.637 0.076
52930.091162 z 16.787 0.010
52930.091995 g 18.328 0.007
52931.089494 r 17.323 0.005
52931.090327 i 16.989 0.006
52931.091161 u 20.703 0.073
52931.091994 z 16.794 0.011
52931.092827 g 18.330 0.007
52935.086456 r 17.330 0.005
52935.087289 i 16.985 0.006
52935.088123 u 20.716 0.074
52935.088956 z 16.776 0.010
52935.089789 g 18.326 0.007
53313.079657 r 17.328 0.006
53313.080490 i 17.000 0.006
53313.081324 u 20.747 0.111
53313.082157 z 16.798 0.013
53313.082990 g 18.334 0.008
53622.188906 r 17.329 0.005
53622.189739 i 16.997 0.006
53622.190573 u 20.557 0.102
53622.191406 z 16.799 0.011
53622.192239 g 18.318 0.007
53625.184870 r 17.338 0.006
53625.185703 i 17.004 0.006
53625.186537 u 20.856 0.104
53625.187370 z 16.784 0.010
53625.188203 g 18.334 0.008
53634.138375 r 17.343 0.006
53634.139208 i 16.998 0.006
53634.140042 u 21.344 0.318
53634.140875 z 16.790 0.012
53634.141708 g 18.341 0.011
53636.143907 r 17.329 0.005
53636.144740 i 16.993 0.006
53636.145574 u 20.878 0.091
53636.146407 z 16.794 0.010
53636.147240 g 18.318 0.007
53645.203575 r 17.320 0.005
53645.204408 i 16.991 0.005
53645.205242 u 20.763 0.114
53645.206075 z 16.773 0.010
53645.206908 g 18.314 0.007
53655.115912 r 17.332 0.006
53655.116745 i 16.993 0.006
53655.117579 u 20.614 0.108
53655.118412 z 16.786 0.011
53655.119245 g 18.321 0.009
53657.203329 r 17.299 0.011
#53657.204162 i -99.000 0.008
53657.204996 u 20.590 0.542
53657.205829 z 16.753 0.019
53657.206662 g 18.309 0.026
53664.140872 r 17.333 0.006
53664.141705 i 16.986 0.006
53664.142539 u 20.955 0.153
53664.143372 z 16.794 0.011
53664.144205 g 18.304 0.009
53666.104471 r 17.339 0.006
53666.105304 i 16.994 0.006
53666.106138 u 20.757 0.076
53666.106971 z 16.798 0.011
53666.107804 g 18.330 0.007
53669.100111 r 17.340 0.005
53669.100944 i 16.997 0.006
53669.101778 u 20.676 0.070
53669.102611 z 16.802 0.010
53669.103444 g 18.328 0.007
53674.084345 r 17.348 0.005
53674.085178 i 16.999 0.006
53674.086012 u 20.744 0.082
53674.086845 z 16.771 0.011
53674.087678 g 18.340 0.007
#53676.173837 r -99.000 0.008
#53676.174670 i -99.000 0.013
#53676.175504 u -99.000 0.155
#53676.176337 z -99.000 0.012
#53676.177170 g -99.000 0.007
#53681.137240 r -99.000 0.014
53681.138073 i 17.010 0.016
53681.138907 u 20.379 0.318
#53681.139740 z -99.000 0.045
#53681.140573 g -99.000 0.025
53685.096282 r 17.315 0.007
53685.097115 i 17.009 0.007
53685.097949 u 21.257 0.429
53685.098782 z 16.797 0.013
53685.099615 g 18.315 0.013
53687.134634 r 17.331 0.006
53687.135467 i 17.000 0.006
53687.136301 u 20.559 0.197
53687.137134 z 16.805 0.011
53687.137967 g 18.307 0.012
53694.110176 r 17.329 0.006
53694.111009 i 16.972 0.008
53694.111843 u 20.819 0.236
#53694.112676 z -99.000 0.016
53694.113509 g 18.330 0.009
53697.094264 r 17.338 0.014
53697.095097 i 17.020 0.013
53697.095931 u 21.042 0.420
53697.096764 z 16.826 0.035
53697.097597 g 18.306 0.021
53700.093227 r 17.323 0.006
53700.094060 i 16.995 0.006
53700.094894 u 20.713 0.092
53700.095727 z 16.791 0.011
53700.096560 g 18.327 0.007
53705.079895 r 17.328 0.005
53705.080728 i 16.991 0.006
53705.081562 u 20.641 0.104
53705.082395 z 16.814 0.012
53705.083228 g 18.319 0.007
53975.164933 r 17.292 0.012
53975.165767 i 17.025 0.013
53975.166600 u 20.817 0.093
53975.167433 z 16.782 0.014
53975.168267 g 18.307 0.010
53996.171615 r 17.326 0.010
53996.172448 i 16.988 0.007
53996.173282 u 20.707 0.081
53996.174115 z 16.797 0.013
53996.174948 g 18.325 0.011
53998.140238 r 17.326 0.011
53998.141071 i 16.978 0.011
53998.141905 u 20.911 0.086
53998.142738 z 16.795 0.015
53998.143571 g 18.291 0.015
54005.177493 r 17.332 0.009
54005.178326 i 16.992 0.007
54005.179160 u 20.890 0.076
54005.179993 z 16.785 0.015
54005.180826 g 18.300 0.009
54010.125719 r 17.354 0.009
54010.126552 i 16.991 0.011
54010.127386 u 21.138 0.156
54010.128219 z 16.779 0.015
54010.129052 g 18.309 0.013
54012.118559 r 17.322 0.010
54012.119392 i 17.011 0.009
54012.120225 u 20.613 0.146
#54012.121059 z -99.000 0.016
54012.121892 g 18.321 0.014
54020.124540 r 17.319 0.007
54020.125373 i 16.994 0.010
54020.126206 u 20.778 0.084
54020.127040 z 16.765 0.014
54020.127873 g 18.311 0.009
54022.173827 r 17.335 0.013
54022.174660 i 16.985 0.015
54022.175494 u 20.762 0.093
54022.176327 z 16.794 0.017
54022.177160 g 18.311 0.010
54028.114928 r 17.319 0.009
54028.115761 i 16.971 0.010
54028.116595 u 20.759 0.103
54028.117428 z 16.797 0.024
54028.118261 g 18.330 0.028
54030.118097 r 17.350 0.007
54030.118931 i 16.989 0.009
54030.119764 u 20.696 0.104
54030.120597 z 16.790 0.013
54030.121431 g 18.307 0.010
54032.107360 r 17.320 0.011
#54032.108193 i -99.000 0.010
54032.109026 u 20.791 0.132
#54032.109860 z -99.000 0.021
54032.110693 g 18.320 0.013
54034.177594 r 17.295 0.010
54034.178427 i 16.999 0.009
54034.179261 u 20.766 0.133
54034.180094 z 16.788 0.016
54034.180927 g 18.324 0.011
54037.099342 r 17.320 0.008
54037.100175 i 17.040 0.008
54037.101009 u 20.770 0.092
54037.101842 z 16.838 0.014
54037.102675 g 18.295 0.012
54040.113860 r 17.323 0.010
54040.114693 i 16.981 0.011
54040.115527 u 20.771 0.166
54040.116360 z 16.796 0.014
54040.117193 g 18.308 0.014
54050.098454 r 17.328 0.010
54050.099287 i 16.994 0.014
54050.100121 u 20.750 0.096
54050.100954 z 16.779 0.015
54050.101787 g 18.352 0.011
54053.104607 r 17.309 0.007
54053.105440 i 16.991 0.013
54053.106274 u 21.119 0.140
54053.107107 z 16.807 0.017
54053.107940 g 18.333 0.010
54056.106293 r 17.331 0.018
#54056.107126 i -99.000 0.036
54056.107960 u 20.484 0.099
54056.108793 z 16.788 0.017
54056.109626 g 18.317 0.013
54057.074944 r 17.316 0.008
54057.075777 i 16.985 0.010
54057.076610 u 20.993 0.123
54057.077444 z 16.832 0.017
54057.078277 g 18.319 0.013
54059.100578 r 17.315 0.011
54059.101411 i 16.978 0.009
54059.102244 u 20.607 0.102
54059.103078 z 16.763 0.020
54059.103911 g 18.331 0.012
54061.111627 r 17.322 0.014
54061.112460 i 16.988 0.016
54061.113293 u 20.734 0.118
54061.114127 z 16.804 0.017
54061.114960 g 18.329 0.013
54062.105468 r 17.347 0.012
54062.106301 i 16.984 0.008
54062.107135 u 20.751 0.132
54062.107968 z 16.762 0.018
54062.108801 g 18.314 0.011
54068.095440 r 17.966 0.033
54068.096273 i 17.627 0.038
#54068.097106 u 100.000 99.999
54068.097940 z 17.916 0.078
54068.098773 g 19.283 0.065
54357.143777 r 17.367 0.015
54357.144610 i 16.963 0.012
54357.145443 u 20.763 0.076
54357.146277 z 16.807 0.022
54357.147110 g 18.317 0.012
54365.141623 r 17.322 0.010
54365.142457 i 17.004 0.018
54365.143290 u 20.638 0.168
54365.144123 z 16.790 0.017
54365.144957 g 18.341 0.019
54385.191608 r 17.328 0.009
54385.192442 i 16.990 0.010
54385.193275 u 20.669 0.091
54385.194108 z 16.795 0.019
54385.194942 g 18.324 0.013
54387.192087 r 17.337 0.008
54387.192921 i 16.993 0.012
54387.193754 u 20.635 0.108
54387.194587 z 16.780 0.020
54387.195421 g 18.309 0.009
54390.195114 r 17.326 0.012
54390.195948 i 16.990 0.013
54390.196781 u 20.678 0.110
54390.197614 z 16.786 0.016
54390.198448 g 18.305 0.009
#54392.186840 r -99.000 0.070
54392.187673 i 16.970 0.041
54392.188506 u 20.706 0.173
54392.189340 z 16.793 0.020
54392.190173 g 18.317 0.014
54402.185274 r 17.310 0.012
54402.186108 i 17.015 0.022
54402.186941 u 20.529 0.205
54402.187774 z 16.788 0.019
54402.188608 g 18.311 0.015
