52075.330461 r 19.103 0.012
52075.331294 i 18.926 0.015
52075.332128 u 20.781 0.086
52075.332961 z 18.850 0.042
52075.333794 g 19.581 0.015
52197.139117 r 19.290 0.013
52197.139950 i 18.916 0.014
52197.140784 u 20.856 0.069
52197.141617 z 18.764 0.036
52197.142450 g 19.613 0.013
52557.176956 r 19.099 0.013
52557.177789 i 18.888 0.015
52557.178623 u 20.749 0.079
52557.179456 z 18.820 0.042
52557.180289 g 19.566 0.014
52929.103259 r 19.095 0.011
52929.104092 i 18.905 0.014
52929.104926 u 20.834 0.074
52929.105759 z 18.797 0.038
52929.106592 g 19.589 0.013
52934.083416 r 19.096 0.012
52934.084249 i 18.886 0.014
52934.085083 u 20.854 0.079
52934.085916 z 18.787 0.038
52934.086749 g 19.586 0.013
52936.079342 r 19.099 0.012
52936.080175 i 18.891 0.014
52936.081009 u 20.816 0.064
52936.081842 z 18.806 0.037
52936.082675 g 19.587 0.013
53243.264552 r 19.064 0.016
53243.265385 i 18.910 0.018
53243.266219 u 20.964 0.178
53243.267052 z 18.853 0.045
53243.267885 g 19.581 0.027
53270.143402 r 19.104 0.014
53270.144236 i 18.872 0.016
53270.145069 u 20.581 0.092
53270.145902 z 18.793 0.037
53270.146736 g 19.610 0.025
53272.193352 r 19.107 0.020
53272.194185 i 18.866 0.019
53272.195019 u 20.937 0.239
53272.195852 z 18.858 0.050
53272.196685 g 19.583 0.034
53288.120558 r 19.078 0.012
53288.121391 i 18.907 0.015
53288.122225 u 20.932 0.097
53288.123058 z 18.850 0.042
53288.123891 g 19.577 0.014
53302.116226 r 19.105 0.017
53302.117059 i 18.850 0.017
53302.117893 u 20.812 0.145
53302.118726 z 18.893 0.040
53302.119559 g 19.595 0.024
53312.071755 r 19.085 0.015
53312.072589 i 18.876 0.019
53312.073422 u 20.895 0.101
53312.074255 z 18.935 0.070
53312.075089 g 19.600 0.015
53314.072952 r 19.079 0.013
53314.073785 i 18.877 0.016
53314.074619 u 20.903 0.085
53314.075452 z 18.840 0.047
53314.076285 g 19.583 0.014
53623.167536 r 19.102 0.012
53623.168369 i 18.918 0.014
53623.169203 u 20.794 0.080
53623.170036 z 18.807 0.038
53623.170869 g 19.592 0.015
53626.153747 r 19.072 0.016
53626.154580 i 18.906 0.017
53626.155414 u 20.678 0.113
53626.156247 z 18.851 0.040
53626.157080 g 19.584 0.024
53628.138613 r 19.093 0.023
53628.139446 i 18.868 0.023
53628.140280 u 20.443 0.171
53628.141113 z 18.898 0.058
53628.141946 g 19.529 0.037
53637.140227 r 19.093 0.014
53637.141060 i 18.846 0.017
53637.141894 u 20.842 0.112
53637.142727 z 18.794 0.050
53637.143560 g 19.569 0.016
53644.132671 r 19.120 0.012
53644.133505 i 18.864 0.017
53644.134338 u 20.916 0.075
53644.135171 z 18.794 0.039
53644.136005 g 19.818 0.026
#53649.127298 r -99.000 0.153
#53649.128131 i -99.000 0.085
#53649.128965 u -99.000 0.783
#53649.129798 z -99.000 0.421
#53649.130631 g -99.000 0.123
53654.167297 r 19.100 0.015
53654.168130 i 18.889 0.017
53654.168964 u 21.191 0.177
53654.169797 z 19.028 0.056
53654.170630 g 19.646 0.023
53656.114888 r 19.210 0.028
53656.115721 i 19.422 0.041
53656.116555 u 20.811 0.248
53656.117388 z 18.890 0.066
53656.118221 g 19.571 0.034
53665.106165 r 19.121 0.031
53665.106998 i 18.970 0.041
53665.107832 u 20.835 0.260
53665.108665 z 18.772 0.109
53665.109498 g 19.589 0.033
53668.117798 r 19.072 0.015
53668.118631 i 18.882 0.022
53668.119465 u 20.848 0.120
53668.120298 z 18.841 0.066
53668.121131 g 19.544 0.014
53670.122651 r 19.092 0.014
53670.123484 i 18.914 0.018
53670.124318 u 20.912 0.098
53670.125151 z 18.908 0.061
53670.125984 g 19.561 0.015
53673.090633 r 19.081 0.013
53673.091466 i 18.905 0.017
53673.092300 u 20.890 0.094
53673.093133 z 18.836 0.046
53673.093966 g 19.593 0.014
53675.087522 r 19.285 0.017
53675.088355 i 19.570 0.035
53675.089189 u 20.982 0.099
53675.090022 z 18.919 0.048
53675.090855 g 19.620 0.014
53677.108555 r 19.089 0.013
53677.109388 i 18.893 0.015
53677.110222 u 20.831 0.087
53677.111055 z 18.960 0.043
53677.111888 g 19.545 0.013
53680.095220 r 19.082 0.012
53680.096053 i 18.871 0.014
53680.096887 u 20.849 0.080
53680.097720 z 18.796 0.033
53680.098553 g 19.562 0.014
53693.097124 r 19.075 0.018
53693.097957 i 18.852 0.019
53693.098791 u 20.796 0.130
53693.099624 z 18.860 0.049
53693.100457 g 19.511 0.023
53702.092811 r 19.064 0.018
53702.093644 i 18.849 0.027
53702.094478 u 20.581 0.125
53702.095311 z 19.006 0.064
53702.096144 g 19.592 0.021
#53703.101945 r -99.000 0.046
53703.102778 i 19.003 0.044
53703.103612 u 21.320 0.295
53703.104445 z 19.172 0.097
53703.105278 g 19.821 0.035
53704.080452 r 19.075 0.013
53704.081285 i 18.991 0.017
53704.082119 u 21.064 0.118
53704.082952 z 18.820 0.042
53704.083785 g 19.660 0.016
53974.168405 r 19.123 0.012
53974.169239 i 18.861 0.012
53974.170072 u 20.652 0.059
53974.170905 z 18.846 0.036
53974.171739 g 19.597 0.014
53989.176496 r 19.122 0.013
53989.177329 i 18.909 0.016
53989.178163 u 20.778 0.088
#53989.178996 z -99.000 0.037
53989.179829 g 19.574 0.018
53995.165745 r 19.088 0.010
53995.166578 i 18.913 0.013
53995.167411 u 20.818 0.066
53995.168245 z 18.818 0.030
53995.169078 g 19.636 0.015
53997.144121 r 19.161 0.024
#53997.144955 i -99.000 0.061
53997.145788 u 20.714 0.070
53997.146621 z 18.812 0.043
53997.147455 g 19.572 0.017
54005.115976 r 19.115 0.013
54005.116809 i 18.913 0.012
54005.117642 u 20.748 0.063
54005.118476 z 18.802 0.030
54005.119309 g 19.601 0.015
54007.128718 r 19.114 0.013
54007.129551 i 18.937 0.015
54007.130385 u 20.985 0.092
54007.131218 z 18.729 0.031
54007.132051 g 19.537 0.017
54009.125851 r 19.098 0.014
54009.126684 i 18.914 0.016
54009.127518 u 20.821 0.098
54009.128351 z 18.853 0.036
54009.129184 g 19.605 0.018
54011.190323 r 19.102 0.018
54011.191156 i 18.896 0.019
54011.191989 u 20.834 0.134
54011.192823 z 18.859 0.034
54011.193656 g 19.626 0.027
54019.140572 r 19.069 0.013
54019.141406 i 18.887 0.016
54019.142239 u 20.838 0.084
54019.143072 z 18.842 0.034
54019.143906 g 19.579 0.015
54025.189342 r 19.071 0.011
54025.190175 i 19.029 0.021
54025.191008 u 20.857 0.084
54025.191842 z 18.748 0.038
#54025.192675 g 31.075 99.999
54029.119670 r 19.082 0.013
54029.120503 i 18.831 0.014
54029.121336 u 20.833 0.065
54029.122170 z 18.740 0.038
54029.123003 g 19.607 0.015
54051.096251 r 19.082 0.028
54051.097084 i 18.903 0.026
54051.097917 u 20.812 0.109
54051.098751 z 18.855 0.075
54051.099584 g 19.631 0.025
54356.197835 r 19.327 0.026
54356.198669 i 19.146 0.033
54356.199502 u 20.867 0.076
54356.200335 z 18.921 0.038
54356.201169 g 19.583 0.013
54358.142912 r 19.084 0.016
#54358.143745 i -99.000 0.021
54358.144579 u 20.530 0.091
54358.145412 z 18.867 0.043
54358.146245 g 19.648 0.021
54373.174992 r 19.108 0.017
54373.175825 i 18.871 0.017
54373.176658 u 20.940 0.146
54373.177492 z 18.825 0.040
54373.178325 g 19.600 0.024
54381.187693 r 19.086 0.014
54381.188526 i 18.886 0.023
54381.189359 u 20.895 0.105
54381.190193 z 18.791 0.067
54381.191026 g 19.559 0.016
54382.185089 r 19.091 0.015
54382.185922 i 18.871 0.016
54382.186755 u 21.049 0.143
54382.187589 z 18.970 0.069
54382.188422 g 19.579 0.019
54383.190836 r 19.101 0.014
54383.191669 i 18.907 0.016
54383.192503 u 20.759 0.079
54383.193336 z 18.885 0.038
54383.194169 g 19.608 0.014
54386.187843 r 19.097 0.014
54386.188676 i 18.884 0.013
54386.189510 u 20.861 0.071
54386.190343 z 18.850 0.031
54386.191176 g 19.592 0.015
54388.192127 r 19.242 0.019
54388.192961 i 19.098 0.028
54388.193794 u 20.813 0.093
54388.194627 z 18.797 0.035
54388.195461 g 19.595 0.015
54403.105888 r 19.088 0.013
54403.106722 i 18.909 0.016
54403.107555 u 20.802 0.067
54403.108388 z 18.776 0.033
54403.109222 g 19.623 0.015
54406.099733 r 19.091 0.013
54406.100567 i 18.902 0.021
54406.101400 u 20.990 0.078
54406.102233 z 18.854 0.044
54406.103067 g 19.587 0.016
54412.102652 r 19.119 0.013
54412.103485 i 18.899 0.015
54412.104318 u 20.968 0.090
54412.105152 z 18.889 0.045
54412.105985 g 19.605 0.014
54415.140207 r 19.104 0.011
54415.141040 i 18.934 0.015
54415.141873 u 20.738 0.074
54415.142707 z 18.864 0.038
54415.143540 g 19.610 0.015
