51081.416829 r 18.386 0.008
51081.417662 i 17.911 0.008
51081.418496 u 22.382 0.351
51081.419329 z 17.486 0.015
51081.420162 g 19.678 0.016
51875.231789 r 18.388 0.008
51875.232622 i 17.846 0.007
51875.233456 u 21.761 0.200
51875.234289 z 17.496 0.015
51875.235122 g 19.748 0.015
52171.464234 r 18.376 0.008
52171.465067 i 17.815 0.007
52171.465901 u 22.678 0.388
52171.466734 z 17.517 0.014
52171.467567 g 19.738 0.014
52225.312623 r 18.378 0.008
52225.313456 i 17.819 0.007
52225.314290 u 22.015 0.233
52225.315123 z 17.526 0.014
52225.315956 g 19.725 0.014
52288.147046 r 18.419 0.008
52288.147879 i 17.836 0.007
52288.148713 u 22.777 0.465
52288.149546 z 17.483 0.014
52288.150379 g 19.718 0.015
52551.420333 r 18.370 0.008
52551.421166 i 17.827 0.007
52551.422000 u 22.339 0.346
52551.422833 z 17.513 0.016
52551.423666 g 19.790 0.016
52558.453205 r 18.376 0.008
52558.454038 i 17.827 0.007
52558.454872 u 22.352 0.311
52558.455705 z 17.487 0.015
52558.456538 g 19.725 0.014
52578.324815 r 18.384 0.008
52578.325648 i 17.784 0.007
52578.326482 u 22.696 0.393
52578.327315 z 17.508 0.013
52578.328148 g 19.715 0.014
52585.287795 r 18.389 0.008
52585.288628 i 17.832 0.007
52585.289462 u 22.351 0.304
52585.290295 z 17.503 0.015
52585.291128 g 19.698 0.014
52909.454428 r 18.409 0.008
52909.455261 i 17.878 0.008
52909.456095 u 22.178 0.248
52909.456928 z 17.528 0.014
52909.457761 g 19.735 0.014
52910.424670 r 18.426 0.009
52910.425503 i 17.816 0.007
52910.426337 u 22.024 0.289
52910.427170 z 17.513 0.015
52910.428003 g 19.701 0.015
52935.351840 r 18.383 0.008
52935.352673 i 17.844 0.007
52935.353507 u 22.283 0.336
52935.354340 z 17.491 0.016
52935.355173 g 19.681 0.015
52963.274919 r 18.371 0.008
52963.275752 i 17.838 0.007
52963.276586 u 22.268 0.265
52963.277419 z 17.594 0.015
52963.278252 g 19.714 0.014
53351.197224 r 18.372 0.008
53351.198057 i 17.837 0.007
53351.198891 u 22.129 0.311
53351.199724 z 17.592 0.017
53351.200557 g 19.686 0.015
53622.454271 r 18.384 0.008
53622.455104 i 17.843 0.007
53622.455938 u 22.349 0.270
53622.456771 z 17.503 0.013
53622.457604 g 19.733 0.014
53627.411368 r 18.379 0.008
53627.412201 i 17.807 0.007
53627.413035 u 21.990 0.249
53627.413868 z 17.486 0.014
53627.414701 g 19.707 0.015
53634.403742 r 18.363 0.011
53634.404575 i 17.798 0.008
53634.405409 u 21.455 0.430
53634.406242 z 17.492 0.015
53634.407075 g 19.677 0.036
53638.445079 r 18.365 0.009
53638.445912 i 17.823 0.007
53638.446746 u 21.705 0.315
53638.447579 z 17.523 0.017
53638.448412 g 19.717 0.021
53640.409114 r 18.380 0.009
53640.409947 i 17.850 0.007
53640.410781 u 22.300 0.421
53640.411614 z 17.523 0.016
53640.412447 g 19.740 0.017
53643.451589 r 18.424 0.009
53643.452422 i 17.900 0.008
53643.453256 u 22.605 0.680
53643.454089 z 17.503 0.017
53643.454922 g 19.778 0.018
53646.470521 r 19.495 0.017
53646.471354 i 18.602 0.011
#53646.472188 u 24.492 1.340
53646.473021 z 19.693 0.090
53646.473854 g 24.875 0.590
#53657.289266 r -99.000 0.030
#53657.290099 i -99.000 0.014
#53657.290933 u 25.356 8.423
#53657.291766 z -99.000 0.027
53657.292599 g 19.786 0.056
53657.453555 r 18.375 0.008
53657.454388 i 17.843 0.007
53657.455222 u 22.075 0.373
53657.456055 z 17.473 0.015
53657.456888 g 19.753 0.016
53663.470939 r 18.366 0.013
53663.471772 i 17.812 0.009
#53663.472606 u 22.378 1.305
53663.473439 z 17.492 0.017
53663.474272 g 19.704 0.046
53664.406244 r 18.334 0.019
53664.407077 i 17.803 0.020
53664.407911 u 21.038 0.602
53664.408744 z 17.473 0.040
53664.409577 g 19.796 0.102
53665.470871 r 18.392 0.011
53665.471704 i 17.803 0.008
#53665.472538 u 26.437 1.638
53665.473371 z 17.442 0.021
53665.474204 g 19.703 0.031
53668.459487 r 18.361 0.011
53668.460320 i 17.787 0.008
53668.461154 u 21.925 0.591
53668.461987 z 17.463 0.021
53668.462820 g 19.745 0.030
53669.365490 r 18.528 0.010
53669.366323 i 17.903 0.008
53669.367157 u 22.634 0.704
53669.367990 z 17.564 0.017
53669.368823 g 19.731 0.020
53670.465460 r 18.482 0.013
53670.466293 i 17.865 0.009
#53670.467127 u 23.129 1.729
53670.467960 z 17.473 0.025
#53670.468793 g -99.000 0.024
53671.450237 r 18.382 0.009
53671.451070 i 17.792 0.008
53671.451904 u 21.871 0.311
53671.452737 z 17.497 0.016
53671.453570 g 19.689 0.017
53674.349727 r 18.393 0.009
53674.350560 i 17.817 0.007
53674.351394 u 23.253 0.943
53674.352227 z 17.510 0.017
53674.353060 g 19.714 0.016
53676.439180 r 18.356 0.009
53676.440013 i 17.794 0.007
53676.440847 u 22.361 0.478
53676.441680 z 17.494 0.016
53676.442513 g 19.718 0.017
53679.411083 r 18.502 0.010
53679.411916 i 17.874 0.008
#53679.412750 u 24.751 1.870
53679.413583 z 17.766 0.021
53679.414416 g 19.921 0.019
53681.402597 r 18.386 0.009
53681.403430 i 17.844 0.007
53681.404264 u 22.411 0.526
53681.405097 z 17.491 0.015
53681.405930 g 19.731 0.017
53684.364095 r 18.379 0.014
53684.364928 i 17.781 0.010
53684.365762 u 21.408 0.275
53684.366595 z 17.469 0.022
53684.367428 g 19.750 0.023
53687.305410 r 18.398 0.014
53687.306243 i 17.788 0.009
#53687.307077 u 24.530 6.035
53687.307910 z 17.621 0.021
53687.308743 g 19.705 0.049
53694.375557 r 18.359 0.012
53694.376390 i 17.774 0.008
53694.377224 u 22.207 0.841
53694.378057 z 17.483 0.016
53694.378890 g 19.710 0.033
53696.368315 r 18.400 0.009
53696.369148 i 17.808 0.007
53696.369982 u 21.852 0.431
53696.370815 z 17.498 0.016
53696.371648 g 19.764 0.023
53697.359623 r 18.363 0.009
53697.360456 i 17.779 0.007
53697.361290 u 22.362 0.554
53697.362123 z 17.486 0.015
53697.362956 g 19.738 0.020
53700.358579 r 18.419 0.010
53700.359412 i 17.823 0.008
53700.360246 u 22.217 0.406
53700.361079 z 17.509 0.018
53700.361912 g 19.696 0.015
53975.430262 r 18.444 0.027
53975.431095 i 17.939 0.034
53975.431928 u 22.581 0.944
53975.432762 z 17.512 0.081
53975.433595 g 19.675 0.035
53994.453240 r 18.384 0.015
53994.454074 i 17.874 0.018
53994.454907 u 22.850 0.604
53994.455740 z 17.502 0.019
53994.456574 g 19.715 0.020
53996.437029 r 18.418 0.015
53996.437862 i 17.860 0.016
53996.438695 u 22.443 0.550
53996.439529 z 17.488 0.022
#53996.440362 g -99.000 0.034
54005.450171 r 18.394 0.017
54005.451004 i 17.826 0.013
54005.451838 u 22.423 0.346
54005.452671 z 17.472 0.022
54005.453504 g 19.720 0.021
54009.463968 r 18.374 0.012
54009.464802 i 17.838 0.011
54009.465635 u 22.419 0.312
54009.466468 z 17.494 0.016
54009.467302 g 19.699 0.019
54010.391121 r 18.375 0.020
54010.391954 i 17.897 0.014
54010.392787 u 22.166 0.236
54010.393621 z 17.547 0.017
54010.394454 g 19.699 0.024
54012.383957 r 18.376 0.019
54012.384791 i 17.761 0.014
54012.385624 u 22.180 0.399
54012.386457 z 17.516 0.017
54012.387291 g 19.734 0.051
54020.421988 r 18.398 0.020
54020.422822 i 17.824 0.011
#54020.423655 u -99.000 0.245
54020.424488 z 17.486 0.018
54020.425322 g 19.733 0.032
54024.471500 r 18.436 0.024
54024.472333 i 17.817 0.016
54024.473166 u 22.168 0.622
54024.474000 z 17.510 0.027
54024.474833 g 19.888 0.032
54028.459797 r 18.376 0.015
54028.460631 i 17.810 0.021
54028.461464 u 22.337 0.415
54028.462297 z 17.496 0.022
54028.463131 g 19.678 0.026
54030.415241 r 18.408 0.016
54030.416074 i 17.807 0.019
54030.416907 u 22.260 0.281
54030.417741 z 17.469 0.016
54030.418574 g 19.787 0.025
54035.459257 r 18.350 0.015
54035.460090 i 17.810 0.016
54035.460924 u 22.149 0.397
54035.461757 z 17.515 0.017
54035.462590 g 19.699 0.022
54037.364751 r 18.387 0.020
54037.365585 i 17.828 0.012
54037.366418 u 22.127 0.235
54037.367251 z 17.486 0.016
54037.368085 g 19.702 0.021
54040.379212 r 18.400 0.014
54040.380045 i 17.822 0.015
54040.380879 u 22.676 0.419
54040.381712 z 17.479 0.018
54040.382545 g 19.667 0.026
54041.414740 r 18.360 0.014
54041.415573 i 17.806 0.013
54041.416406 u 22.299 0.346
54041.417240 z 17.517 0.017
54041.418073 g 19.673 0.026
54047.409742 r 18.425 0.044
54047.410575 i 17.858 0.013
#54047.411408 u 23.150 2.618
54047.412242 z 17.471 0.029
54047.413075 g 19.762 0.049
54049.405649 r 18.360 0.014
54049.406482 i 17.870 0.015
54049.407316 u 21.054 0.300
54049.408149 z 17.497 0.023
54049.408982 g 19.704 0.029
54050.365843 r 18.413 0.016
54050.366676 i 17.863 0.015
#54050.367510 u -99.000 4.787
54050.368343 z 17.466 0.024
54050.369176 g 20.008 0.049
54053.385339 r 18.379 0.016
54053.386173 i 17.822 0.012
54053.387006 u 21.696 0.236
54053.387839 z 17.479 0.023
54053.388673 g 19.687 0.024
54056.371675 r 18.350 0.016
54056.372508 i 17.837 0.017
54056.373341 u 22.223 0.364
54056.374175 z 17.514 0.022
54056.375008 g 19.701 0.024
54059.365935 r 18.368 0.018
54059.366768 i 17.832 0.018
54059.367601 u 22.684 0.570
54059.368435 z 17.484 0.022
54059.369268 g 19.768 0.022
54061.377019 r 18.460 0.017
54061.377852 i 17.936 0.038
54061.378685 u 22.320 0.475
54061.379519 z 17.499 0.023
54061.380352 g 19.909 0.032
54062.370836 r 18.392 0.011
54062.371670 i 17.834 0.014
54062.372503 u 22.475 0.369
54062.373336 z 17.499 0.017
54062.374170 g 19.705 0.025
54064.367259 r 18.392 0.013
54064.368093 i 17.799 0.011
54064.368926 u 22.216 0.427
54064.369759 z 17.519 0.021
54064.370593 g 19.677 0.023
54068.351415 r 18.435 0.053
#54068.352248 i -99.000 0.065
54068.353082 u 21.457 0.438
54068.353915 z 17.519 0.027
54068.354748 g 19.672 0.023
54357.409207 r 18.385 0.010
54357.410041 i 17.834 0.015
#54357.410874 u -99.000 0.258
54357.411707 z 17.514 0.019
54357.412541 g 19.683 0.018
54362.458951 r 18.382 0.017
54362.459784 i 17.849 0.014
54362.460618 u 22.759 0.415
54362.461451 z 17.470 0.019
54362.462284 g 19.710 0.018
54376.454081 r 18.444 0.013
54376.454914 i 17.850 0.015
54376.455748 u 22.264 0.704
54376.456581 z 17.464 0.024
54376.457414 g 19.648 0.026
54382.439164 r 18.522 0.019
54382.439997 i 17.892 0.017
#54382.440830 u 24.193 2.082
54382.441664 z 17.511 0.023
54382.442497 g 20.073 0.047
54385.456949 r 18.426 0.014
54385.457782 i 17.859 0.014
54385.458616 u 23.193 0.776
54385.459449 z 17.511 0.019
54385.460282 g 19.686 0.027
54387.457459 r 18.438 0.014
54387.458292 i 17.887 0.020
54387.459125 u 22.644 0.430
54387.459959 z 17.477 0.022
54387.460792 g 19.824 0.022
54390.449874 r 18.381 0.018
54390.450708 i 17.830 0.020
#54390.451541 u -99.000 1.856
54390.452374 z 17.500 0.026
#54390.453208 g -99.000 0.045
54391.458300 r 18.445 0.021
54391.459133 i 17.885 0.016
54391.459967 u 21.791 0.387
54391.460800 z 17.659 0.045
54391.461633 g 19.685 0.028
54402.450625 r 18.414 0.022
54402.451458 i 17.772 0.017
54402.452291 u 21.140 0.473
54402.453125 z 17.498 0.023
54402.453958 g 19.681 0.049
