51081.429790 r 20.122 0.027
51081.430623 i 19.863 0.031
51081.431457 u 20.217 0.059
51081.432290 z 19.829 0.105
51081.433123 g 20.044 0.021
51875.244744 r 20.135 0.027
51875.245577 i 19.945 0.028
51875.246411 u 20.240 0.049
51875.247244 z 19.913 0.102
51875.248077 g 20.177 0.020
52171.477166 r 20.337 0.030
52171.477999 i 20.016 0.029
52171.478833 u 20.473 0.060
52171.479666 z 19.916 0.096
52171.480499 g 20.369 0.024
52225.325604 r 20.191 0.024
52225.326437 i 19.948 0.025
52225.327271 u 20.338 0.053
52225.328104 z 19.799 0.080
52225.328937 g 20.255 0.020
52288.160029 r 20.173 0.026
52288.160862 i 19.829 0.025
52288.161696 u 20.317 0.056
52288.162529 z 19.961 0.094
52288.163362 g 20.208 0.020
52551.433312 r 20.321 0.030
52551.434145 i 20.000 0.032
52551.434979 u 20.440 0.062
52551.435812 z 19.965 0.107
52551.436645 g 20.378 0.022
52558.466185 r 20.396 0.027
52558.467018 i 20.008 0.028
52558.467852 u 20.444 0.056
52558.468685 z 19.816 0.088
52558.469518 g 20.395 0.022
52578.337795 r 20.382 0.026
52578.338628 i 20.086 0.027
52578.339462 u 20.397 0.056
52578.340295 z 20.066 0.103
52578.341128 g 20.401 0.022
52585.300777 r 20.377 0.027
52585.301610 i 20.057 0.030
52585.302444 u 20.590 0.060
52585.303277 z 20.085 0.115
52585.304110 g 20.450 0.022
52909.467408 r 20.320 0.023
52909.468241 i 20.028 0.025
52909.469075 u 20.351 0.049
52909.469908 z 19.884 0.080
52909.470741 g 20.316 0.020
52910.437650 r 20.332 0.026
52910.438483 i 20.003 0.032
52910.439317 u 20.450 0.068
52910.440150 z 19.781 0.079
52910.440983 g 20.355 0.023
52935.364821 r 20.275 0.026
52935.365654 i 20.030 0.031
52935.366488 u 20.351 0.055
52935.367321 z 20.011 0.109
52935.368154 g 20.287 0.020
53351.210205 r 20.178 0.030
53351.211038 i 19.937 0.032
53351.211872 u 20.250 0.068
53351.212705 z 19.803 0.109
53351.213538 g 20.185 0.021
53622.467251 r 20.176 0.021
53622.468084 i 19.898 0.022
53622.468918 u 20.226 0.047
53622.469751 z 19.856 0.070
53622.470584 g 20.171 0.018
53627.424350 r 20.209 0.027
53627.425183 i 19.963 0.032
53627.426017 u 20.170 0.055
53627.426850 z 19.973 0.109
53627.427683 g 20.234 0.024
53634.416722 r 20.278 0.070
53634.417555 i 19.824 0.053
53634.418389 u 20.386 0.185
#53634.419222 z -99.000 0.164
53634.420055 g 20.270 0.080
53638.458060 r 20.252 0.034
53638.458893 i 19.932 0.034
53638.459727 u 20.293 0.073
53638.460560 z 19.810 0.107
53638.461393 g 20.224 0.029
53640.422095 r 20.164 0.028
53640.422928 i 19.909 0.030
53640.423762 u 20.157 0.063
53640.424595 z 19.806 0.094
53640.425428 g 20.189 0.025
53643.464572 r 20.197 0.026
53643.465405 i 19.947 0.030
53643.466239 u 20.318 0.066
53643.467072 z 19.844 0.101
53643.467905 g 20.175 0.022
53657.302248 r 20.169 0.070
53657.303081 i 20.043 0.084
53657.303915 u 20.317 0.240
53657.304748 z 19.797 0.233
53657.305581 g 20.170 0.083
53657.466537 r 20.168 0.029
53657.467370 i 19.885 0.031
53657.468204 u 20.301 0.071
53657.469037 z 19.634 0.082
53657.469870 g 20.217 0.021
53663.483919 r 20.098 0.063
#53663.484752 i -99.000 0.048
53663.485586 u 19.960 0.158
53663.486419 z 19.645 0.125
53663.487252 g 20.088 0.067
53665.483850 r 20.291 0.045
53665.484683 i 19.890 0.040
53665.485517 u 20.270 0.140
53665.486350 z 19.961 0.166
53665.487183 g 20.160 0.041
53668.472467 r 20.145 0.047
53668.473300 i 19.914 0.051
53668.474134 u 20.086 0.114
53668.474967 z 19.619 0.146
53668.475800 g 20.163 0.044
53669.378471 r 20.169 0.030
53669.379304 i 19.940 0.032
53669.380138 u 20.231 0.074
53669.380971 z 19.761 0.097
53669.381804 g 20.200 0.027
53670.478439 r 20.189 0.044
53670.479272 i 19.874 0.044
53670.480106 u 20.120 0.102
53670.480939 z 19.762 0.192
53670.481772 g 20.273 0.040
53671.463216 r 20.257 0.039
53671.464049 i 19.901 0.036
53671.464883 u 20.197 0.073
53671.465716 z 20.193 0.180
53671.466549 g 20.129 0.026
53674.362709 r 20.166 0.040
53674.363542 i 19.832 0.043
53674.364376 u 20.310 0.086
53674.365209 z 19.952 0.164
53674.366042 g 20.175 0.025
53676.452159 r 20.132 0.031
53676.452992 i 19.947 0.037
53676.453826 u 20.167 0.077
53676.454659 z 19.635 0.123
53676.455492 g 20.156 0.042
53679.424064 r 20.153 0.029
53679.424897 i 19.883 0.032
53679.425731 u 20.195 0.063
53679.426564 z 19.928 0.132
53679.427397 g 20.135 0.022
53681.415577 r 20.123 0.034
53681.416410 i 19.855 0.034
53681.417244 u 20.177 0.082
53681.418077 z 19.771 0.112
53681.418910 g 20.120 0.026
53684.377076 r 20.241 0.036
53684.377909 i 19.904 0.036
53684.378743 u 20.269 0.075
53684.379576 z 19.823 0.125
53684.380409 g 20.145 0.023
53694.388542 r 20.146 0.051
53694.389375 i 19.885 0.046
53694.390209 u 20.095 0.154
53694.391042 z 20.114 0.188
53694.391875 g 20.113 0.056
53696.381295 r 20.166 0.029
53696.382128 i 19.916 0.031
53696.382962 u 20.020 0.079
53696.383795 z 19.633 0.096
53696.384628 g 20.111 0.030
53697.372603 r 20.180 0.029
53697.373436 i 19.904 0.028
53697.374270 u 20.147 0.071
53697.375103 z 19.776 0.086
53697.375936 g 20.171 0.032
53700.371559 r 20.171 0.032
53700.372392 i 19.870 0.035
53700.373226 u 20.250 0.069
53700.374059 z 19.741 0.119
53700.374892 g 20.146 0.021
53705.358229 r 20.140 0.031
53705.359062 i 19.905 0.038
53705.359896 u 20.272 0.088
53705.360729 z 19.951 0.156
53705.361562 g 20.183 0.025
53975.443246 r 20.437 0.039
53975.444079 i 20.084 0.048
53975.444912 u 20.497 0.080
53975.445746 z 20.051 0.113
53975.446579 g 20.468 0.032
53994.466219 r 20.416 0.029
53994.467052 i 20.140 0.030
53994.467885 u 20.645 0.081
53994.468719 z 20.099 0.096
53994.469552 g 20.489 0.030
53996.449960 r 20.467 0.031
53996.450794 i 20.097 0.035
53996.451627 u 20.661 0.074
53996.452460 z 20.011 0.095
53996.453294 g 20.547 0.030
54005.463144 r 20.423 0.028
54005.463977 i 20.043 0.025
54005.464810 u 20.469 0.055
54005.465644 z 20.150 0.103
54005.466477 g 20.532 0.025
54009.476986 r 20.446 0.025
54009.477820 i 20.087 0.025
54009.478653 u 20.476 0.051
54009.479486 z 19.973 0.074
54009.480320 g 20.519 0.021
54010.404077 r 20.440 0.028
54010.404910 i 20.105 0.024
54010.405743 u 20.663 0.055
54010.406577 z 20.121 0.071
54010.407410 g 20.518 0.022
54012.396984 r 20.489 0.047
54012.397818 i 20.128 0.041
54012.398651 u 20.392 0.083
54012.399484 z 20.169 0.138
54012.400318 g 20.500 0.045
54020.434968 r 20.427 0.038
54020.435802 i 20.090 0.034
54020.436635 u 20.494 0.103
54020.437468 z 20.200 0.115
54020.438302 g 20.526 0.042
54024.484477 r 20.393 0.041
54024.485310 i 20.092 0.040
54024.486144 u 20.562 0.101
54024.486977 z 20.049 0.130
54024.487810 g 20.451 0.032
#54028.472824 r -99.000 0.048
54028.473658 i 20.048 0.040
54028.474491 u 20.515 0.081
54028.475324 z 20.366 0.191
#54028.476158 g -99.000 0.031
54030.428248 r 20.407 0.028
54030.429081 i 20.086 0.033
54030.429915 u 20.469 0.058
54030.430748 z 20.058 0.104
54030.431581 g 20.450 0.023
54035.472204 r 20.419 0.038
54035.473038 i 20.054 0.036
54035.473871 u 20.506 0.097
54035.474704 z 20.161 0.159
54035.475538 g 20.445 0.029
54037.377748 r 20.382 0.024
54037.378581 i 20.076 0.028
54037.379415 u 20.487 0.048
54037.380248 z 19.948 0.065
54037.381081 g 20.443 0.019
54040.392194 r 20.423 0.027
54040.393028 i 20.098 0.029
54040.393861 u 20.469 0.056
54040.394694 z 20.085 0.108
54040.395528 g 20.420 0.022
54041.427750 r 20.422 0.025
54041.428583 i 20.045 0.026
54041.429416 u 20.400 0.056
54041.430250 z 19.985 0.091
54041.431083 g 20.434 0.023
54047.422744 r 20.392 0.069
54047.423577 i 20.060 0.049
54047.424410 u 20.103 0.153
54047.425244 z 19.895 0.119
54047.426077 g 20.304 0.071
54049.418624 r 20.338 0.041
54049.419458 i 20.014 0.037
54049.420291 u 20.653 0.168
54049.421124 z 20.511 0.210
54049.421958 g 20.395 0.059
54050.378842 r 20.489 0.070
54050.379675 i 20.133 0.062
54050.380509 u 20.247 0.129
54050.381342 z 19.971 0.171
54050.382175 g 20.420 0.051
54053.398292 r 20.318 0.043
#54053.399125 i -99.000 0.064
#54053.399958 u -99.000 0.111
#54053.400792 z -99.000 0.295
#54053.401625 g -99.000 0.043
54056.384652 r 20.295 0.037
54056.385485 i 20.051 0.041
54056.386319 u 20.417 0.071
54056.387152 z 19.890 0.102
54056.387985 g 20.368 0.025
54059.378910 r 20.384 0.036
54059.379743 i 20.013 0.037
54059.380577 u 20.413 0.065
54059.381410 z 19.648 0.099
54059.382243 g 20.395 0.026
54061.390055 r 20.340 0.052
54061.390888 i 20.113 0.050
54061.391721 u 20.320 0.084
54061.392555 z 20.123 0.177
#54061.393388 g -99.000 0.050
54062.383808 r 20.392 0.028
54062.384641 i 20.033 0.029
54062.385474 u 20.418 0.060
54062.386308 z 19.873 0.092
54062.387141 g 20.404 0.027
54064.380257 r 20.347 0.035
54064.381090 i 20.103 0.038
54064.381924 u 20.426 0.070
54064.382757 z 19.782 0.111
54064.383590 g 20.445 0.025
54068.364389 r 20.304 0.033
54068.365223 i 19.982 0.036
54068.366056 u 20.429 0.079
54068.366889 z 19.950 0.140
54068.367723 g 20.401 0.034
54357.422113 r 20.256 0.024
54357.422946 i 19.989 0.029
54357.423780 u 20.479 0.052
54357.424613 z 20.019 0.068
54357.425446 g 20.319 0.019
54362.471950 r 20.280 0.025
54362.472783 i 19.976 0.029
54362.473617 u 20.440 0.053
54362.474450 z 19.821 0.075
54362.475283 g 20.322 0.024
54376.467065 r 20.227 0.028
54376.467898 i 19.963 0.028
54376.468732 u 20.447 0.072
54376.469565 z 19.926 0.085
54376.470398 g 20.275 0.026
54382.452145 r 20.235 0.028
54382.452978 i 19.992 0.035
54382.453812 u 20.297 0.055
54382.454645 z 19.852 0.096
54382.455478 g 20.322 0.030
54385.469930 r 20.261 0.027
54385.470763 i 19.957 0.027
54385.471597 u 20.364 0.061
54385.472430 z 19.962 0.088
54385.473263 g 20.304 0.026
54387.470495 r 20.227 0.028
54387.471328 i 19.920 0.028
54387.472162 u 20.318 0.064
54387.472995 z 19.849 0.088
54387.473828 g 20.277 0.026
54390.463001 r 20.290 0.046
#54390.463834 i -99.000 0.199
#54390.464667 u -99.000 99.999
#54390.465501 z -99.000 0.186
#54390.466334 g -99.000 0.043
54391.471253 r 20.270 0.041
54391.472086 i 20.079 0.049
54391.472919 u 20.388 0.098
54391.473753 z 19.928 0.187
54391.474586 g 20.334 0.036
54402.463606 r 20.178 0.063
54402.464439 i 19.867 0.056
54402.465273 u 20.369 0.213
54402.466106 z 20.000 0.164
54402.466939 g 20.232 0.090
