51819.227825 r 19.874 0.021
51819.228658 i 19.672 0.026
51819.229492 u 21.286 0.133
51819.230325 z 19.544 0.084
51819.231158 g 20.426 0.025
52172.243402 r 19.908 0.020
52172.244235 i 19.631 0.023
52172.245069 u 21.726 0.175
52172.245902 z 19.520 0.069
52172.246735 g 20.430 0.023
52558.193103 r 19.845 0.019
52558.193936 i 19.640 0.024
52558.194770 u 21.734 0.173
52558.195603 z 19.395 0.064
52558.196436 g 20.453 0.022
52576.105361 r 19.930 0.025
52576.106194 i 19.599 0.028
52576.107028 u 21.992 0.222
52576.107861 z 19.517 0.087
52576.108694 g 20.498 0.025
52577.080594 r 19.925 0.025
52577.081427 i 19.744 0.034
52577.082261 u 22.284 0.295
52577.083094 z 19.494 0.090
52577.083927 g 20.582 0.026
52930.093927 r 19.873 0.019
52930.094760 i 19.632 0.024
52930.095594 u 21.759 0.177
52930.096427 z 19.574 0.076
52930.097260 g 20.442 0.023
52931.094756 r 19.883 0.019
52931.095589 i 19.675 0.024
52931.096423 u 21.905 0.198
52931.097256 z 19.471 0.072
52931.098089 g 20.486 0.023
52935.091720 r 19.885 0.020
52935.092553 i 19.599 0.025
52935.093387 u 21.758 0.179
52935.094220 z 19.452 0.076
52935.095053 g 20.526 0.028
53313.084921 r 19.871 0.022
53313.085754 i 19.650 0.029
53313.086588 u 21.511 0.156
53313.087421 z 19.478 0.090
53313.088254 g 20.513 0.026
53622.194170 r 20.040 0.032
53622.195003 i 19.838 0.041
53622.195837 u 22.147 0.446
53622.196670 z 19.578 0.107
53622.197503 g 20.747 0.041
53625.190135 r 19.875 0.022
53625.190968 i 19.599 0.024
53625.191802 u 22.160 0.279
53625.192635 z 19.552 0.070
53625.193468 g 20.452 0.030
53634.143639 r 19.848 0.040
53634.144472 i 19.621 0.043
#53634.145306 u 25.559 2.473
53634.146139 z 19.499 0.150
53634.146972 g 20.593 0.084
53636.149171 r 19.884 0.019
53636.150004 i 19.636 0.022
53636.150838 u 21.655 0.163
53636.151671 z 19.475 0.068
53636.152504 g 20.482 0.023
53645.208837 r 19.857 0.022
53645.209670 i 19.632 0.034
53645.210504 u 22.490 0.742
#53645.211337 z -99.000 0.367
53645.212170 g 20.601 0.062
53655.121175 r 19.823 0.034
53655.122008 i 19.576 0.036
53655.122842 u 21.487 0.299
53655.123675 z 19.462 0.094
53655.124508 g 20.343 0.043
53657.208593 r 20.039 0.121
53657.209426 i 19.824 0.096
#53657.210260 u 27.510 1.131
#53657.211093 z -99.000 0.153
53657.211926 g 20.390 0.169
53664.146136 r 19.952 0.032
53664.146969 i 19.642 0.031
53664.147803 u 22.262 0.489
53664.148636 z 19.495 0.084
53664.149469 g 20.497 0.046
53666.109733 r 19.901 0.020
53666.110566 i 19.650 0.026
53666.111400 u 21.675 0.152
53666.112233 z 19.463 0.078
53666.113066 g 20.447 0.021
53669.105373 r 19.869 0.019
53669.106206 i 19.587 0.024
53669.107040 u 21.800 0.168
53669.107873 z 19.626 0.077
53669.108706 g 20.443 0.020
53674.089608 r 19.869 0.022
53674.090441 i 19.597 0.026
53674.091275 u 21.792 0.200
53674.092108 z 19.555 0.079
53674.092941 g 20.472 0.023
53676.179099 r 19.865 0.021
53676.179932 i 19.594 0.024
53676.180766 u 22.684 0.415
53676.181599 z 19.524 0.069
53676.182432 g 20.423 0.021
53681.142502 r 19.754 0.158
53681.143335 i 19.459 0.150
#53681.144169 u 22.688 1.469
#53681.145002 z -99.000 0.329
#53681.145835 g -99.000 0.170
53685.101547 r 19.879 0.051
53685.102380 i 19.544 0.045
#53685.103214 u 24.290 4.098
53685.104047 z 19.473 0.114
53685.104880 g 20.614 0.103
53687.139897 r 19.903 0.041
53687.140730 i 19.586 0.035
53687.141564 u 21.760 0.626
53687.142397 z 19.462 0.075
53687.143230 g 20.620 0.082
53697.099528 r 19.907 0.161
53697.100361 i 19.700 0.158
#53697.101195 u 22.557 1.387
53697.102028 z 19.778 0.506
53697.102861 g 20.309 0.130
53700.098490 r 19.862 0.023
53700.099323 i 19.594 0.028
53700.100157 u 21.918 0.271
53700.100990 z 19.573 0.132
53700.101823 g 20.420 0.026
53705.085159 r 19.978 0.028
53705.085992 i 19.633 0.033
53705.086826 u 21.830 0.263
53705.087659 z 19.344 0.079
53705.088492 g 20.676 0.034
53975.170157 r 19.992 0.148
53975.170990 i 19.619 0.140
53975.171824 u 21.640 0.197
53975.172657 z 19.573 0.097
53975.173490 g 20.578 0.120
53996.176881 r 20.010 0.144
53996.177715 i 19.683 0.123
53996.178548 u 21.521 0.155
53996.179381 z 19.617 0.076
53996.180215 g 20.437 0.087
53998.145509 r 19.856 0.020
53998.146342 i 19.583 0.022
53998.147176 u 21.506 0.140
53998.148009 z 19.706 0.082
53998.148842 g 20.442 0.021
54005.182757 r 19.908 0.019
54005.183590 i 19.666 0.025
54005.184423 u 21.791 0.163
54005.185257 z 19.420 0.060
54005.186090 g 20.510 0.021
54010.130981 r 19.894 0.027
54010.131814 i 19.602 0.027
54010.132647 u 21.645 0.249
54010.133481 z 19.421 0.062
54010.134314 g 20.440 0.037
54012.123826 r 19.807 0.038
54012.124659 i 19.593 0.040
#54012.125493 u 21.539 1.440
#54012.126326 z -99.000 0.085
54012.127159 g 20.409 0.064
54020.129811 r 19.835 0.021
54020.130645 i 19.557 0.029
54020.131478 u 21.926 0.227
54020.132311 z 19.577 0.094
54020.133145 g 20.486 0.023
54022.179109 r 19.962 0.038
54022.179943 i 19.637 0.029
#54022.180776 u -99.000 99.999
54022.181609 z 19.555 0.101
54022.182443 g 20.402 0.025
54028.120175 r 20.072 0.166
54028.121009 i 19.798 0.165
54028.121842 u 21.537 0.341
54028.122675 z 19.490 0.093
54028.123509 g 20.718 0.154
54030.123361 r 19.841 0.021
54030.124194 i 19.628 0.025
54030.125027 u 21.558 0.137
54030.125861 z 19.562 0.069
54030.126694 g 20.469 0.022
54032.112624 r 20.035 0.110
#54032.113457 i -99.000 0.125
54032.114291 u 21.896 0.275
#54032.115124 z -99.000 0.124
54032.115957 g 20.398 0.039
54037.104602 r 19.862 0.028
54037.105435 i 19.670 0.031
54037.106269 u 21.703 1.000
54037.107102 z 19.439 0.061
54037.107935 g 20.488 0.031
54040.119085 r 19.850 0.038
54040.119918 i 19.587 0.037
54040.120751 u 21.804 0.382
54040.121585 z 19.332 0.079
54040.122418 g 20.387 0.055
54053.109870 r 19.956 0.146
54053.110704 i 19.837 0.173
54053.111537 u 22.003 0.168
54053.112370 z 19.483 0.090
54053.113204 g 20.638 0.142
54057.080202 r 19.894 0.103
54057.081035 i 20.367 0.311
54057.081868 u 21.470 0.168
54057.082702 z 19.631 0.102
54057.083535 g 20.442 0.060
54059.105831 r 20.165 0.150
54059.106664 i 19.762 0.153
54059.107497 u 21.617 0.203
54059.108331 z 19.289 0.070
54059.109164 g 20.608 0.105
54061.116885 r 20.103 0.161
54061.117719 i 19.790 0.142
54061.118552 u 21.902 0.464
54061.119385 z 19.358 0.107
54061.120219 g 20.584 0.126
54062.110739 r 20.286 0.185
54062.111573 i 19.885 0.168
54062.112406 u 21.960 0.407
54062.113239 z 19.417 0.115
54062.114073 g 20.777 0.144
54357.149030 r 19.903 0.031
54357.149863 i 19.623 0.025
54357.150697 u 22.268 0.261
54357.151530 z 19.473 0.064
54357.152363 g 20.469 0.022
54365.146881 r 19.995 0.184
54365.147714 i 19.738 0.176
54365.148548 u 22.025 0.539
54365.149381 z 19.462 0.077
54365.150214 g 20.482 0.053
54385.196849 r 19.916 0.023
54385.197682 i 19.634 0.024
54385.198515 u 21.930 0.303
54385.199349 z 19.408 0.051
54385.200182 g 20.462 0.025
54387.197351 r 20.141 0.156
54387.198185 i 19.708 0.123
54387.199018 u 21.716 0.225
54387.199851 z 19.523 0.086
54387.200685 g 20.585 0.102
54390.200373 r 19.845 0.155
54390.201206 i 19.662 0.043
54390.202040 u 21.701 0.326
54390.202873 z 19.544 0.112
54390.203706 g 20.423 0.041
54402.190552 r 19.896 0.116
54402.191385 i 19.562 0.035
54402.192219 u 21.893 0.689
54402.193052 z 19.469 0.085
54402.193885 g 20.471 0.068
