51075.437223 r 19.769 0.020
51075.438056 i 19.582 0.025
51075.438890 u 21.242 0.119
51075.439723 z 19.422 0.080
51075.440556 g 20.040 0.019
51818.406862 r 19.676 0.017
51818.407695 i 19.477 0.019
51818.408529 u 21.420 0.153
51818.409362 z 19.549 0.072
51818.410195 g 20.108 0.019
52171.394965 r 19.640 0.017
52171.395798 i 19.513 0.019
52171.396632 u 21.222 0.130
52171.397465 z 19.419 0.055
52171.398298 g 20.129 0.019
52173.371254 r 19.704 0.019
52173.372087 i 19.535 0.022
52173.372921 u 21.522 0.186
52173.373754 z 19.481 0.083
52173.374587 g 20.075 0.020
52224.351408 r 19.599 0.016
52224.352241 i 19.402 0.017
52224.353075 u 21.002 0.102
52224.353908 z 19.269 0.052
52224.354741 g 20.030 0.017
52234.307886 r 19.690 0.021
52234.308719 i 19.597 0.022
52234.309553 u 21.175 0.149
52234.310386 z 19.669 0.078
52234.311219 g 20.053 0.020
52261.271242 r 19.771 0.018
52261.272075 i 19.500 0.017
52261.272909 u 21.114 0.111
52261.273742 z 19.319 0.049
52261.274575 g 20.132 0.019
52287.151738 r 19.736 0.018
52287.152571 i 19.641 0.020
52287.153405 u 20.979 0.106
52287.154238 z 19.550 0.066
52287.155071 g 20.085 0.019
52552.470431 r 19.599 0.016
52552.471264 i 19.456 0.018
52552.472098 u 20.897 0.088
52552.472931 z 19.374 0.060
52552.473764 g 20.018 0.017
52557.444790 r 19.773 0.019
52557.445623 i 19.569 0.021
52557.446457 u 21.077 0.112
52557.447290 z 19.349 0.068
52557.448123 g 20.061 0.018
52585.346120 r 19.867 0.018
52585.346953 i 19.477 0.017
52585.347787 u 21.140 0.096
52585.348620 z 19.454 0.059
52585.349453 g 20.070 0.017
52908.419357 r 19.711 0.019
52908.420190 i 19.498 0.019
52908.421024 u 21.209 0.135
52908.421857 z 19.406 0.064
52908.422690 g 20.075 0.018
52912.398796 r 19.694 0.017
52912.399629 i 19.529 0.019
52912.400463 u 20.869 0.102
52912.401296 z 19.613 0.072
52912.402129 g 20.089 0.019
52934.351265 r 19.700 0.018
52934.352098 i 19.544 0.021
52934.352932 u 21.356 0.150
52934.353765 z 19.348 0.064
52934.354598 g 20.064 0.018
52936.347191 r 19.732 0.018
52936.348024 i 19.499 0.019
52936.348858 u 20.924 0.091
52936.349691 z 19.385 0.060
52936.350524 g 20.080 0.018
53270.411254 r 19.667 0.019
53270.412087 i 19.587 0.024
53270.412921 u 21.118 0.095
53270.413754 z 19.389 0.041
53270.414587 g 20.117 0.023
53286.429907 r 19.829 0.020
53286.430740 i 19.555 0.018
53286.431574 u 21.160 0.142
53286.432407 z 19.652 0.069
53286.433240 g 20.136 0.022
53288.388400 r 19.757 0.018
53288.389233 i 19.603 0.021
53288.390067 u 21.221 0.130
53288.390900 z 19.502 0.062
53288.391733 g 20.082 0.019
53294.436072 r 19.593 0.021
53294.436905 i 19.417 0.018
53294.437739 u 21.219 0.129
53294.438572 z 19.577 0.075
53294.439405 g 20.104 0.020
53296.383076 r 19.801 0.050
53296.383910 i 19.689 0.049
53296.384743 u 21.482 0.215
53296.385576 z 19.557 0.081
53296.386410 g 20.168 0.042
53298.432850 r 19.793 0.022
53298.433683 i 19.630 0.025
53298.434517 u 20.911 0.104
53298.435350 z 19.379 0.073
53298.436183 g 20.064 0.019
53302.384070 r 19.774 0.023
53302.384903 i 19.545 0.021
53302.385737 u 20.902 0.122
53302.386570 z 19.227 0.102
53302.387403 g 20.133 0.028
53312.339603 r 19.743 0.030
53312.340436 i 19.495 0.031
53312.341270 u 21.093 0.186
53312.342103 z 19.535 0.085
53312.342936 g 20.040 0.036
53314.340801 r 19.699 0.020
53314.341634 i 19.531 0.021
53314.342468 u 20.982 0.129
53314.343301 z 19.437 0.066
53314.344134 g 20.037 0.022
53616.445152 r 19.610 0.020
53616.445985 i 19.608 0.027
53616.446819 u 20.815 0.122
53616.447652 z 19.395 0.075
53616.448485 g 20.072 0.021
53639.453441 r 19.736 0.020
53639.454274 i 19.763 0.023
53639.455108 u 21.103 0.153
53639.455941 z 19.705 0.076
53639.456774 g 20.071 0.021
53641.452606 r 19.965 0.031
53641.453439 i 19.682 0.026
53641.454273 u 21.172 0.180
53641.455106 z 19.486 0.071
53641.455939 g 20.182 0.024
53665.374012 r 19.699 0.022
53665.374845 i 19.491 0.022
53665.375679 u 20.793 0.167
53665.376512 z 19.403 0.071
53665.377345 g 20.208 0.038
53666.466122 r 19.685 0.023
53666.466955 i 19.487 0.022
53666.467789 u 20.886 0.191
53666.468622 z 19.398 0.065
53666.469455 g 20.159 0.034
53668.385640 r 19.991 0.036
53668.386473 i 19.807 0.038
53668.387307 u 22.260 0.638
53668.388140 z 19.897 0.143
53668.388973 g 20.162 0.041
53673.358480 r 19.795 0.018
53673.359313 i 19.568 0.018
53673.360147 u 20.992 0.103
53673.360980 z 19.420 0.050
53673.361813 g 20.159 0.018
53675.355367 r 19.622 0.019
53675.356200 i 19.483 0.021
53675.357034 u 21.133 0.131
53675.357867 z 19.496 0.070
53675.358700 g 20.008 0.017
53680.363065 r 19.696 0.017
53680.363898 i 19.523 0.018
53680.364732 u 21.408 0.147
53680.365565 z 19.469 0.056
53680.366398 g 19.970 0.016
53683.421614 r 19.556 0.039
53683.422447 i 19.272 0.038
53683.423281 u 20.650 0.198
53683.424114 z 19.478 0.195
53683.424947 g 20.037 0.038
53686.362496 r 19.471 0.024
53686.363329 i 19.347 0.021
53686.364163 u 20.795 0.186
53686.364996 z 19.356 0.065
53686.365829 g 20.101 0.044
53699.385790 r 19.714 0.020
53699.386623 i 19.582 0.021
53699.387457 u 20.754 0.130
53699.388290 z 19.505 0.066
53699.389123 g 20.110 0.025
53704.348275 r 19.921 0.028
53704.349108 i 19.635 0.024
53704.349942 u 22.000 0.358
53704.350775 z 19.378 0.071
53704.351608 g 20.196 0.025
53989.444409 r 19.666 0.028
53989.445243 i 19.507 0.030
53989.446076 u 21.174 0.286
53989.446909 z 19.410 0.052
53989.447743 g 20.232 0.054
53997.467882 r 19.711 0.022
53997.468715 i 19.505 0.021
53997.469548 u 21.045 0.094
53997.470382 z 19.355 0.042
53997.471215 g 20.092 0.025
#54000.419831 r 19.764 8.550
#54000.420664 i 19.911 99.999
54000.421498 u 22.037 0.500
54000.422331 z 19.716 0.461
#54000.423164 g 19.982 8.005
54007.469895 r 19.715 0.020
54007.470728 i 19.522 0.027
54007.471561 u 21.231 0.142
54007.472395 z 19.522 0.065
54007.473228 g 20.105 0.028
54009.393752 r 19.620 0.022
54009.394586 i 19.506 0.026
54009.395419 u 20.908 0.076
54009.396252 z 19.460 0.045
54009.397086 g 20.094 0.026
54011.458176 r 19.672 0.023
54011.459010 i 19.524 0.022
54011.459843 u 21.135 0.102
54011.460676 z 19.397 0.043
54011.461510 g 20.040 0.028
54012.470983 r 19.668 0.043
54012.471816 i 19.436 0.032
54012.472650 u 21.408 0.198
54012.473483 z 19.522 0.070
54012.474316 g 20.530 0.067
54025.457177 r 19.584 0.030
54025.458011 i 19.431 0.039
54025.458844 u 20.978 0.125
54025.459677 z 19.395 0.065
54025.460511 g 20.148 0.036
54348.454902 r 19.710 0.027
54348.455735 i 19.476 0.031
54348.456569 u 20.981 0.136
54348.457402 z 19.407 0.056
54348.458235 g 20.026 0.031
54358.410726 r 19.736 0.037
54358.411559 i 19.548 0.033
54358.412392 u 21.005 0.119
54358.413226 z 19.442 0.077
54358.414059 g 20.402 0.059
54365.443838 r 19.754 0.027
54365.444671 i 19.694 0.037
54365.445504 u 21.105 0.093
54365.446338 z 19.525 0.052
54365.447171 g 20.095 0.022
54381.463441 r 19.743 0.032
54381.464274 i 19.651 0.040
54381.465108 u 21.402 0.150
54381.465941 z 19.286 0.058
54381.466774 g 20.027 0.032
54386.455679 r 19.679 0.024
54386.456512 i 19.627 0.032
54386.457345 u 21.698 0.404
54386.458179 z 19.568 0.064
54386.459012 g 20.103 0.033
54388.459994 r 19.693 0.027
54388.460827 i 19.617 0.030
54388.461660 u 21.164 0.147
54388.462494 z 19.400 0.054
54388.463327 g 20.192 0.040
54392.457566 r 19.685 0.027
54392.458400 i 19.450 0.025
54392.459233 u 21.125 0.131
54392.460066 z 19.298 0.062
54392.460900 g 20.250 0.050
54403.373740 r 19.630 0.048
54403.374574 i 19.536 0.075
#54403.375407 u 26.493 99.999
54403.376240 z 19.065 0.165
54403.377074 g 20.089 0.123
54406.367569 r 19.779 0.032
54406.368402 i 19.634 0.028
54406.369235 u 20.944 0.113
54406.370069 z 19.463 0.050
54406.370902 g 20.023 0.023
54409.372404 r 19.728 0.026
54409.373237 i 19.593 0.026
54409.374071 u 20.906 0.092
54409.374904 z 19.370 0.054
54409.375737 g 20.129 0.028
54412.393415 r 19.751 0.039
54412.394248 i 20.971 0.361
54412.395081 u 21.094 0.183
54412.395915 z 19.422 0.091
54412.396748 g 20.397 0.064
