52075.323070 r 18.790 0.011
52075.323903 i 17.961 0.008
52075.324737 u 22.408 0.369
52075.325570 z 17.507 0.018
52075.326403 g 20.203 0.025
52197.131713 r 18.798 0.010
52197.132546 i 17.884 0.008
52197.133380 u 22.293 0.220
52197.134213 z 17.501 0.016
52197.135046 g 20.219 0.019
52557.169565 r 18.757 0.010
52557.170398 i 17.984 0.008
52557.171232 u 22.452 0.332
52557.172065 z 17.514 0.017
52557.172898 g 20.228 0.023
52929.095866 r 18.780 0.010
52929.096699 i 17.981 0.008
52929.097533 u 22.979 0.449
52929.098366 z 17.542 0.016
52929.099199 g 20.269 0.020
52934.076023 r 18.742 0.010
52934.076856 i 17.935 0.008
52934.077690 u 22.551 0.314
52934.078523 z 17.489 0.015
52934.079356 g 20.233 0.020
52936.071948 r 18.627 0.009
52936.072781 i 17.942 0.009
52936.073615 u 23.039 0.421
52936.074448 z 17.437 0.016
52936.075281 g 20.158 0.019
53243.257161 r 18.752 0.016
53243.257994 i 17.914 0.010
#53243.258828 u 24.373 3.060
53243.259661 z 17.548 0.020
53243.260494 g 20.346 0.059
53270.136011 r 18.758 0.020
53270.136845 i 17.950 0.054
53270.137678 u 22.197 0.329
53270.138511 z 17.491 0.018
53270.139345 g 20.157 0.031
53272.185960 r 18.788 0.015
53272.186793 i 17.933 0.009
#53272.187627 u 24.279 3.179
53272.188460 z 17.504 0.018
53272.189293 g 20.217 0.052
53288.113165 r 18.781 0.012
53288.113998 i 17.924 0.008
53288.114832 u 22.804 0.528
53288.115665 z 17.511 0.017
53288.116498 g 20.209 0.025
53302.108833 r 18.774 0.014
53302.109666 i 17.961 0.009
53302.110500 u 22.392 0.646
53302.111333 z 17.524 0.016
53302.112166 g 20.122 0.035
53312.064362 r 18.863 0.594
53312.065195 i 18.050 0.325
#53312.066029 u 24.590 3.804
53312.066862 z 17.623 0.221
#53312.067695 g 20.573 1.923
53314.065560 r 18.780 0.011
53314.066393 i 17.964 0.008
53314.067227 u 22.094 0.226
53314.068060 z 17.521 0.017
53314.068893 g 20.243 0.020
53623.160145 r 18.753 0.010
53623.160978 i 17.945 0.008
53623.161812 u 23.035 0.663
53623.162645 z 17.538 0.017
53623.163478 g 20.370 0.033
53626.146357 r 18.778 0.013
53626.147190 i 17.938 0.009
53626.148024 u 22.459 0.541
53626.148857 z 17.502 0.016
53626.149690 g 20.175 0.036
53628.131222 r 18.779 0.018
53628.132055 i 17.985 0.011
#53628.132889 u 22.836 1.460
53628.133722 z 17.507 0.020
53628.134555 g 20.240 0.070
53637.132833 r 18.775 0.013
53637.133666 i 18.001 0.010
53637.134500 u 23.115 0.822
53637.135333 z 17.523 0.019
53637.136166 g 20.336 0.032
53644.125285 r 18.769 0.850
53644.126119 i 17.906 0.014
#53644.126952 u 24.470 1.913
53644.127785 z 17.450 0.026
#53644.128619 g -99.000 0.351
53649.119904 r 18.937 0.039
53649.120737 i 18.099 0.028
#53649.121571 u 23.284 1.482
#53649.122404 z -99.000 0.089
#53649.123237 g -99.000 0.160
53654.159908 r 18.756 0.013
53654.160741 i 17.950 0.009
53654.161575 u 22.681 0.663
53654.162408 z 17.470 0.018
53654.163241 g 20.213 0.035
53656.107495 r 18.844 0.019
53656.108328 i 17.998 0.012
53656.109162 u 21.941 0.706
53656.109995 z 17.516 0.021
53656.110828 g 20.296 0.066
53665.098774 r 18.756 0.039
53665.099607 i 17.892 0.028
53665.100441 u 21.698 0.676
#53665.101274 z -99.000 0.049
53665.102107 g 20.256 0.053
53668.110406 r 18.830 0.016
53668.111239 i 17.948 0.011
#53668.112073 u 25.925 1.183
53668.112906 z 17.626 0.030
53668.113739 g 20.583 0.044
53670.115259 r 18.733 0.012
53670.116092 i 17.954 0.008
53670.116926 u 22.271 0.344
53670.117759 z 17.495 0.020
53670.118592 g 20.488 0.041
53673.083242 r 18.816 0.011
53673.084075 i 17.959 0.008
53673.084909 u 22.972 0.497
53673.085742 z 17.510 0.018
53673.086575 g 20.242 0.021
53675.080131 r 18.809 0.012
53675.080964 i 17.965 0.009
53675.081798 u 23.467 0.744
53675.082631 z 17.526 0.018
53675.083464 g 20.279 0.025
53677.101163 r 18.773 0.010
53677.101996 i 17.928 0.008
53677.102830 u 22.669 0.295
53677.103663 z 17.472 0.015
53677.104496 g 20.207 0.019
53680.087829 r 18.801 0.010
53680.088662 i 17.963 0.008
53680.089496 u 22.323 0.245
53680.090329 z 17.492 0.015
53680.091162 g 20.154 0.019
53693.089734 r 18.817 0.014
53693.090567 i 17.970 0.009
#53693.091401 u 24.008 1.365
53693.092234 z 17.517 0.017
53693.093067 g 20.178 0.031
53702.085409 r 19.094 0.753
53702.086243 i 18.033 0.239
#53702.087076 u 25.820 99.999
53702.087909 z 17.682 0.264
#53702.088743 g 30.251 99.999
53703.094556 r 18.839 0.540
53703.095389 i 18.045 0.088
53703.096223 u 22.811 0.876
53703.097056 z 17.555 0.255
#53703.097889 g 20.334 1.605
53704.073062 r 18.768 0.011
53704.073895 i 17.990 0.009
53704.074729 u 23.089 0.746
53704.075562 z 17.545 0.018
53704.076395 g 20.230 0.024
#53974.161010 r -99.000 0.516
53974.161844 i 17.960 0.011
53974.162677 u 22.784 0.413
53974.163510 z 17.487 0.192
53974.164344 g 20.202 0.059
53989.150443 r 18.753 0.018
53989.151277 i 17.945 0.013
53989.152110 u 22.829 0.493
53989.152943 z 17.511 0.025
53989.153777 g 20.193 0.047
53995.158353 r 18.751 0.015
53995.159187 i 17.973 0.015
53995.160020 u 22.375 0.231
53995.160853 z 17.483 0.016
53995.161687 g 20.184 0.020
#53997.136745 r -99.000 0.356
53997.137578 i 17.985 0.160
53997.138412 u 23.036 0.679
53997.139245 z 17.522 0.062
53997.140078 g 20.291 0.705
54005.108578 r 18.740 0.013
54005.109411 i 17.974 0.010
54005.110245 u 22.087 0.199
54005.111078 z 17.505 0.019
54005.111911 g 20.195 0.026
54007.121327 r 18.815 0.050
54007.122160 i 18.048 0.031
54007.122993 u 22.756 0.469
54007.123827 z 17.478 0.106
54007.124660 g 20.291 0.210
54009.118433 r 18.735 0.031
54009.119267 i 17.989 0.013
54009.120100 u 22.347 0.349
54009.120933 z 17.483 0.020
54009.121767 g 20.220 0.035
54011.182928 r 18.746 0.017
54011.183761 i 17.937 0.013
54011.184595 u 22.799 0.877
54011.185428 z 17.494 0.023
54011.186261 g 20.160 0.040
54019.133141 r 18.904 0.581
54019.133975 i 18.044 0.271
#54019.134808 u 24.611 2.760
54019.135641 z 17.617 0.172
54019.136475 g 20.508 0.819
54025.181954 r 18.779 0.101
54025.182787 i 17.952 0.365
54025.183620 u 22.994 0.600
54025.184454 z 17.513 0.021
54025.185287 g 20.259 0.114
54029.112281 r 18.760 0.778
54029.113114 i 17.972 0.009
54029.113948 u 22.479 0.269
54029.114781 z 17.469 0.020
54029.115614 g 20.203 0.073
54051.088870 r 18.785 0.035
54051.089703 i 18.010 0.028
#54051.090536 u 99.983 99.999
#54051.091370 z -99.000 0.060
54051.092203 g 20.449 0.154
54356.190458 r 18.781 0.017
54356.191292 i 17.932 0.020
54356.192125 u 22.835 0.405
54356.192958 z 17.513 0.024
54356.193792 g 20.209 0.024
54358.135503 r 18.850 0.490
54358.136337 i 17.969 0.120
#54358.137170 u 100.004 99.999
54358.138003 z 17.509 0.136
54358.138837 g 20.315 0.377
54373.167604 r 18.880 0.593
54373.168438 i 17.970 0.024
#54373.169271 u 23.143 1.033
54373.170104 z 17.535 0.025
54373.170938 g 20.214 0.288
54381.180294 r 18.793 0.590
54381.181127 i 18.048 0.341
#54381.181961 u 99.996 99.999
54381.182794 z 17.622 0.185
#54381.183627 g 20.857 1.017
54382.177701 r 18.886 0.559
54382.178534 i 17.974 0.228
#54382.179368 u 23.974 2.403
54382.180201 z 17.679 0.256
#54382.181034 g -99.000 1.012
54383.183444 r 18.764 0.077
54383.184277 i 17.961 0.017
54383.185110 u 22.493 0.388
54383.185944 z 17.504 0.304
#54383.186777 g 20.223 1.169
54386.180456 r 18.784 0.017
54386.181289 i 18.125 0.016
54386.182123 u 22.279 0.259
54386.182956 z 17.501 0.021
54386.183789 g 20.177 0.025
54388.184720 r 18.808 0.191
54388.185553 i 18.076 0.138
54388.186387 u 22.613 0.499
54388.187220 z 17.516 0.059
54388.188053 g 20.259 0.471
54403.098497 r 18.778 0.039
54403.099331 i 17.948 0.072
54403.100164 u 23.515 0.749
54403.100997 z 17.468 0.017
54403.101831 g 20.178 0.020
54406.092341 r 18.766 0.040
54406.093175 i 17.922 0.020
54406.094008 u 22.068 0.236
54406.094841 z 17.561 0.023
54406.095675 g 20.220 0.026
54412.095253 r 18.764 0.014
54412.096086 i 17.947 0.011
54412.096919 u 22.259 0.256
54412.097753 z 17.502 0.019
54412.098586 g 20.182 0.023
54415.132809 r 18.842 0.013
54415.133643 i 17.939 0.013
54415.134476 u 23.201 0.571
54415.135309 z 17.501 0.018
54415.136143 g 20.153 0.021
