52930.082335 r 14.007 0.003
52930.083168 i 13.915 0.004
52930.084002 u 15.664 0.005
52930.084835 z 13.884 0.004
52930.085668 g 14.391 0.003
52931.083167 r 14.006 0.004
52931.084000 i 13.892 0.004
52931.084834 u 15.664 0.005
52931.085667 z 13.876 0.004
52931.086500 g 14.383 0.003
53270.135427 r 16.446 0.016
53270.136260 i 15.521 0.012
53270.137093 u 20.308 0.071
53270.137927 z 15.081 0.016
53270.138760 g 17.840 0.008
53302.108253 r 14.022 0.004
53302.109086 i 13.905 0.004
53302.109920 u 15.700 0.005
53302.110753 z 13.903 0.005
53302.111586 g 14.410 0.004
53312.063793 r 16.411 0.010
53312.064627 i 15.533 0.008
53312.065460 u 20.387 0.099
53312.066293 z 15.066 0.010
53312.067127 g 17.860 0.006
53313.073331 r 14.003 0.003
53313.074164 i 13.879 0.003
53313.074998 u 15.619 0.005
53313.075831 z 13.878 0.003
53313.076664 g 14.381 0.003
53622.182578 r 13.994 0.003
53622.183411 i 13.896 0.003
53622.184245 u 15.637 0.005
53622.185078 z 13.875 0.003
53622.185911 g 14.383 0.003
53634.132047 r 13.988 0.002
53634.132880 i 13.874 0.002
53634.133714 u 15.591 0.005
53634.134547 z 13.873 0.003
53634.135380 g 14.381 0.002
53636.137578 r 14.003 0.004
53636.138411 i 13.909 0.004
53636.139245 u 15.662 0.005
53636.140078 z 13.876 0.004
53636.140911 g 14.394 0.004
53644.124708 r 16.426 0.018
53644.125541 i 15.519 0.008
53644.126374 u 20.672 0.076
53644.127208 z 15.089 0.013
53644.128041 g 17.829 0.009
53645.197248 r 14.013 0.004
53645.198081 i 13.908 0.004
53645.198915 u 15.648 0.005
53645.199748 z 13.878 0.004
53645.200581 g 14.396 0.003
#53657.197003 r -99.000 0.003
#53657.197836 i -99.000 0.003
#53657.198670 u -99.000 0.014
53657.199503 z 13.861 0.003
#53657.200336 g -99.000 0.003
53664.134543 r 14.017 0.003
53664.135376 i 13.906 0.003
53664.136210 u 15.658 0.005
53664.137043 z 13.876 0.004
53664.137876 g 14.389 0.003
53665.098193 r 14.005 0.004
53665.099026 i 13.920 0.004
53665.099860 u 15.671 0.011
#53665.100693 z -99.000 0.006
53665.101526 g 14.424 0.004
53681.130913 r 14.044 0.005
53681.131746 i 13.900 0.005
53681.132580 u 15.668 0.007
53681.133413 z 13.881 0.005
53681.134246 g 14.400 0.004
53685.089956 r 14.015 0.003
53685.090789 i 13.891 0.003
53685.091623 u 15.639 0.006
53685.092456 z 13.904 0.003
53685.093289 g 14.393 0.003
53687.128309 r 14.017 0.003
53687.129142 i 13.896 0.004
53687.129976 u 15.655 0.006
53687.130809 z 13.884 0.004
53687.131642 g 14.397 0.003
53697.087938 r 14.011 0.004
53697.088771 i 13.913 0.004
53697.089605 u 15.634 0.010
53697.090438 z 13.884 0.006
53697.091271 g 14.391 0.004
53703.093961 r 16.442 0.009
53703.094794 i 15.549 0.006
#53703.095627 u -99.000 0.148
53703.096461 z 15.071 0.013
53703.097294 g 17.827 0.010
53705.073570 r 14.015 0.003
53705.074403 i 13.903 0.003
53705.075237 u 15.645 0.005
53705.076070 z 13.876 0.004
53705.076903 g 14.393 0.003
53974.160435 r 14.046 0.012
53974.161268 i 13.914 0.018
53974.162101 u 15.683 0.016
53974.162935 z 13.889 0.014
53974.163768 g 14.402 0.008
53975.158568 r 14.008 0.009
53975.159401 i 13.893 0.011
53975.160234 u 15.665 0.018
53975.161068 z 13.861 0.018
53975.161901 g 14.376 0.006
53994.154013 r 14.023 0.007
53994.154847 i 13.905 0.006
53994.155680 u 15.675 0.013
53994.156513 z 13.878 0.011
53994.157347 g 14.404 0.008
53997.136144 r 13.995 0.012
#53997.136978 i -99.000 0.019
53997.137811 u 15.708 0.025
53997.138644 z 13.895 0.018
53997.139478 g 14.425 0.012
54005.108011 r 14.029 0.006
54005.108844 i 13.904 0.005
54005.109677 u 15.685 0.012
54005.110511 z 13.900 0.014
54005.111344 g 14.407 0.009
54007.120745 r 13.990 0.007
54007.121578 i 15.546 0.008
54007.122412 u 15.659 0.013
54007.123245 z 15.082 0.012
54007.124078 g 14.413 0.010
54019.132562 r 16.395 0.007
54019.133395 i 15.568 0.005
54019.134229 u 20.637 0.102
54019.135062 z 15.077 0.015
54019.135895 g 17.819 0.009
54020.118217 r 13.991 0.001
54020.119050 i 13.904 0.005
54020.119883 u 15.652 0.015
54020.120717 z 13.873 0.012
54020.121550 g 14.385 0.009
54022.167499 r 14.021 0.008
54022.168332 i 13.891 0.012
54022.169165 u 15.641 0.013
#54022.169999 z -99.000 0.016
54022.170832 g 14.415 0.010
54025.181370 r 14.007 0.010
54025.182204 i 13.921 0.018
54025.183037 u 15.651 0.013
54025.183870 z 13.891 0.010
54025.184704 g 14.412 0.007
54028.108591 r 14.019 0.009
54028.109424 i 13.898 0.008
54028.110257 u 15.672 0.017
54028.111091 z 13.877 0.012
54028.111924 g 14.380 0.009
54029.111699 r 14.007 0.009
54029.112533 i 13.923 0.010
54029.113366 u 15.681 0.014
54029.114199 z 13.907 0.014
54029.115033 g 14.399 0.011
54032.101033 r 14.020 0.009
54032.101867 i 13.901 0.009
54032.102700 u 15.657 0.014
54032.103533 z 13.880 0.013
54032.104367 g 14.384 0.009
54034.171267 r 13.995 0.009
54034.172101 i 13.888 0.006
54034.172934 u 15.632 0.013
54034.173767 z 13.871 0.013
54034.174601 g 14.411 0.012
54037.093016 r 14.007 0.009
54037.093850 i 13.901 0.009
54037.094683 u 15.647 0.014
54037.095516 z 13.886 0.016
54037.096350 g 14.381 0.010
54040.107515 r 14.022 0.007
54040.108348 i 13.900 0.009
54040.109182 u 15.642 0.017
54040.110015 z 13.864 0.016
54040.110848 g 14.385 0.015
54050.092130 r 13.989 0.008
54050.092963 i 13.904 0.007
54050.093797 u 15.649 0.016
54050.094630 z 13.884 0.017
54050.095463 g 14.385 0.007
54051.088281 r 14.026 0.020
54051.089114 i 13.928 0.018
54051.089948 u 15.679 0.024
54051.090781 z 13.851 0.018
#54051.091614 g -99.000 0.015
54053.098291 r 13.959 0.010
54053.099124 i 13.899 0.008
54053.099957 u 15.650 0.009
54053.100791 z 13.855 0.016
54053.101624 g 14.379 0.008
#54056.099961 r -99.000 0.012
#54056.100794 i -99.000 0.067
#54056.101627 u -99.000 0.033
#54056.102461 z -99.000 0.017
#54056.103294 g -99.000 0.043
54057.068621 r 14.012 0.006
54057.069454 i 13.892 0.005
54057.070287 u 15.667 0.014
54057.071121 z 13.869 0.013
54057.071954 g 14.387 0.011
54059.094246 r 14.014 0.007
54059.095080 i 13.895 0.006
54059.095913 u 15.671 0.014
54059.096746 z 13.867 0.012
54059.097580 g 14.397 0.008
54061.105332 r 14.030 0.007
54061.106165 i 13.893 0.011
54061.106998 u 15.623 0.016
54061.107832 z 13.863 0.012
54061.108665 g 14.366 0.012
54062.099141 r 13.996 0.009
54062.099974 i 13.873 0.014
54062.100808 u 15.653 0.011
54062.101641 z 13.861 0.013
54062.102474 g 14.396 0.007
54068.089126 r 14.025 0.007
54068.089959 i 13.887 0.008
54068.090792 u 15.653 0.019
54068.091626 z 13.860 0.017
54068.092459 g 14.398 0.011
54357.137435 r 13.998 0.009
54357.138269 i 13.900 0.012
54357.139102 u 15.626 0.020
54357.139935 z 13.875 0.016
54357.140769 g 14.388 0.010
54365.135303 r 14.021 0.009
54365.136136 i 13.895 0.011
54365.136970 u 15.670 0.015
54365.137803 z 13.871 0.016
54365.138636 g 14.416 0.008
54381.179718 r 16.421 0.007
54381.180551 i 15.496 0.020
54381.181384 u 20.667 0.124
54381.182218 z 15.090 0.015
54381.183051 g 17.816 0.008
#54382.177123 r -99.000 0.020
54382.177957 i 15.503 0.019
54382.178790 u 20.593 0.113
54382.179623 z 15.048 0.020
54382.180457 g 17.827 0.012
54383.182853 r 16.404 0.007
54383.183687 i 15.531 0.010
54383.184520 u 20.626 0.086
54383.185353 z 15.085 0.014
54383.186187 g 17.808 0.012
54385.185262 r 14.019 0.008
54385.186096 i 13.900 0.010
54385.186929 u 15.670 0.014
54385.187762 z 13.880 0.016
54385.188596 g 14.385 0.007
54387.185763 r 14.016 0.008
54387.186597 i 13.883 0.009
54387.187430 u 15.669 0.019
54387.188263 z 13.876 0.013
54387.189097 g 14.396 0.008
54388.184146 r 16.409 0.010
54388.184980 i 15.545 0.005
54388.185813 u 20.448 0.090
54388.186646 z 15.084 0.012
54388.187480 g 17.821 0.009
54390.188806 r 13.999 0.007
54390.189640 i 13.894 0.011
54390.190473 u 15.683 0.013
54390.191306 z 13.888 0.018
54390.192140 g 14.385 0.008
54392.180492 r 14.019 0.025
#54392.181325 i -99.000 0.001
#54392.182159 u -99.000 0.026
54392.182992 z 13.860 0.024
54392.183825 g 14.398 0.015
54402.178953 r 14.010 0.010
54402.179787 i 13.904 0.013
54402.180620 u 15.652 0.014
54402.181453 z 13.880 0.014
54402.182287 g 14.404 0.013
