52075.325827 r 18.419 0.009
52075.326660 i 18.078 0.009
52075.327494 u 20.152 0.057
52075.328327 z 17.985 0.023
52075.329160 g 18.788 0.009
52197.134469 r 18.348 0.009
52197.135302 i 18.055 0.009
52197.136136 u 20.830 0.078
52197.136969 z 18.106 0.025
52197.137802 g 18.758 0.009
52557.172319 r 18.217 0.008
52557.173152 i 18.057 0.009
52557.173986 u 19.958 0.046
52557.174819 z 17.956 0.023
52557.175652 g 18.785 0.009
52578.068394 r 18.187 0.008
52578.069227 i 17.991 0.009
52578.070061 u 19.994 0.042
52578.070894 z 17.898 0.022
52578.071727 g 18.689 0.008
52929.098621 r 18.158 0.007
52929.099454 i 17.991 0.008
52929.100288 u 19.987 0.040
52929.101121 z 17.979 0.021
52929.101954 g 18.783 0.009
52934.078778 r 18.200 0.008
52934.079611 i 18.034 0.009
52934.080445 u 20.028 0.043
52934.081278 z 18.000 0.021
52934.082111 g 18.685 0.008
53243.259915 r 18.301 0.011
53243.260748 i 18.081 0.011
53243.261582 u 20.235 0.103
53243.262415 z 17.981 0.025
53243.263248 g 18.669 0.014
53270.138769 r 18.198 0.017
53270.139602 i 18.029 0.020
53270.140436 u 20.018 0.049
53270.141269 z 17.913 0.032
53270.142102 g 18.725 0.017
53272.188715 r 18.208 0.010
53272.189548 i 18.002 0.010
53272.190382 u 20.132 0.106
53272.191215 z 18.009 0.027
53272.192048 g 18.718 0.015
53288.115919 r 18.193 0.008
53288.116752 i 17.986 0.009
53288.117586 u 20.052 0.055
53288.118419 z 17.875 0.021
53288.119252 g 18.862 0.010
53302.111588 r 18.229 0.009
53302.112421 i 17.963 0.009
53302.113255 u 20.054 0.077
53302.114088 z 17.876 0.021
53302.114921 g 18.682 0.012
53314.068314 r 18.215 0.008
53314.069147 i 18.024 0.009
53314.069981 u 19.967 0.044
53314.070814 z 17.939 0.023
53314.071647 g 18.727 0.008
53623.162901 r 18.263 0.009
53623.163734 i 17.882 0.008
53623.164568 u 20.007 0.052
53623.165401 z 18.131 0.025
53623.166234 g 18.829 0.010
53626.149112 r 18.184 0.009
53626.149945 i 18.010 0.009
53626.150779 u 20.073 0.071
53626.151612 z 18.012 0.023
53626.152445 g 18.743 0.012
53628.133977 r 18.248 0.012
53628.134810 i 17.932 0.011
53628.135644 u 20.111 0.123
53628.136477 z 17.904 0.027
53628.137310 g 18.737 0.018
53637.135589 r 18.273 0.009
53637.136422 i 17.945 0.009
53637.137256 u 20.123 0.066
53637.138089 z 18.183 0.033
53637.138922 g 19.042 0.013
53644.128031 r 18.263 0.013
53644.128864 i 18.079 0.024
53644.129697 u 20.048 0.045
53644.130531 z 17.928 0.032
53644.131364 g 18.779 0.021
53654.162660 r 18.245 0.009
53654.163493 i 18.058 0.010
53654.164327 u 20.096 0.069
53654.165160 z 17.946 0.024
53654.165993 g 18.763 0.011
53665.101529 r 18.220 0.018
53665.102362 i 18.148 0.021
53665.103196 u 19.989 0.175
53665.104029 z 17.831 0.078
53665.104862 g 18.624 0.018
53670.118014 r 18.167 0.008
53670.118847 i 18.052 0.011
53670.119681 u 20.069 0.064
53670.120514 z 18.021 0.032
53670.121347 g 18.715 0.009
53673.085997 r 18.215 0.008
53673.086830 i 17.940 0.009
53673.087664 u 20.128 0.057
53673.088497 z 17.928 0.025
53673.089330 g 18.696 0.009
53675.082886 r 18.211 0.008
53675.083719 i 18.001 0.009
53675.084553 u 20.073 0.055
53675.085386 z 17.969 0.024
53675.086219 g 18.712 0.009
53677.103918 r 18.388 0.009
53677.104751 i 18.140 0.009
#53677.105585 u 24.595 1.121
53677.106418 z 18.048 0.024
53677.107251 g 18.873 0.010
53680.090583 r 18.406 0.009
53680.091416 i 18.072 0.009
53680.092250 u 20.361 0.060
53680.093083 z 18.128 0.023
53680.093916 g 18.723 0.009
53693.092489 r 18.239 0.009
53693.093322 i 18.043 0.010
53693.094156 u 20.073 0.062
53693.094989 z 17.928 0.023
53693.095822 g 18.768 0.012
53702.088160 r 18.152 0.056
53702.088993 i 17.657 0.073
53702.089827 u 20.100 0.083
53702.090660 z 19.022 0.181
53702.091493 g 18.863 0.027
53704.075816 r 18.158 0.008
53704.076649 i 18.020 0.009
53704.077483 u 20.087 0.057
53704.078316 z 17.873 0.022
53704.079149 g 18.685 0.009
53974.163759 r 18.184 0.012
53974.164592 i 18.050 0.020
53974.165425 u 20.057 0.046
53974.166259 z 17.993 0.034
53974.167092 g 18.764 0.013
53989.153196 r 18.293 0.022
53989.154030 i 18.135 0.029
53989.154863 u 19.934 0.048
53989.155696 z 17.913 0.044
53989.156530 g 18.800 0.031
53995.161109 r 18.258 0.014
53995.161942 i 18.111 0.021
53995.162775 u 20.285 0.058
53995.163609 z 18.019 0.027
53995.164442 g 18.841 0.018
53997.139489 r 18.249 0.019
53997.140323 i 18.072 0.028
53997.141156 u 19.917 0.047
53997.141989 z 18.124 0.056
53997.142823 g 18.927 0.023
54005.111335 r 18.302 0.022
54005.112169 i 18.087 0.023
54005.113002 u 20.446 0.074
54005.113835 z 17.967 0.049
54005.114669 g 18.799 0.021
54007.124086 r 18.242 0.016
54007.124919 i 17.988 0.018
54007.125753 u 20.005 0.045
54007.126586 z 17.983 0.034
54007.127419 g 18.755 0.016
54009.121189 r 18.211 0.015
54009.122022 i 17.968 0.018
54009.122856 u 20.023 0.054
54009.123689 z 17.908 0.031
54009.124522 g 18.728 0.018
54011.185685 r 18.243 0.018
54011.186518 i 17.936 0.018
54011.187352 u 20.076 0.072
54011.188185 z 17.870 0.025
54011.189018 g 18.705 0.016
54019.135895 r 18.206 0.016
54019.136728 i 18.080 0.027
54019.137561 u 20.062 0.069
54019.138395 z 17.918 0.032
54019.139228 g 18.771 0.015
54025.184714 r 18.212 0.012
54025.185547 i 18.140 0.025
54025.186380 u 20.198 0.062
54025.187214 z 17.890 0.028
54025.188047 g 18.709 0.013
54029.115036 r 18.282 0.017
54029.115869 i 17.988 0.017
54029.116703 u 20.805 0.144
54029.117536 z 18.092 0.046
54029.118369 g 18.709 0.012
54356.193218 r 18.215 0.015
54356.194052 i 17.918 0.021
54356.194885 u 20.202 0.055
54356.195718 z 17.900 0.030
54356.196552 g 18.724 0.014
54358.138258 r 18.209 0.019
54358.139092 i 17.947 0.026
#54358.139925 u 22.841 1.400
54358.140758 z 17.830 0.034
54358.141592 g 18.870 0.020
54373.170359 r 18.228 0.018
54373.171192 i 17.981 0.017
54373.172025 u 20.174 0.096
54373.172859 z 17.844 0.031
54373.173692 g 18.714 0.018
54381.183059 r 18.262 0.023
#54381.183892 i -99.000 0.075
54381.184726 u 20.039 0.064
54381.185559 z 18.154 0.058
54381.186392 g 18.847 0.021
54383.186197 r 18.242 0.015
54383.187030 i 18.016 0.020
54383.187863 u 20.050 0.050
54383.188697 z 17.908 0.029
54383.189530 g 18.712 0.015
54388.187489 r 18.209 0.012
54388.188322 i 17.914 0.020
54388.189156 u 20.038 0.058
54388.189989 z 17.965 0.034
54388.190822 g 18.784 0.016
54403.101251 r 18.170 0.011
54403.102084 i 18.120 0.025
54403.102917 u 20.053 0.043
54403.103751 z 17.848 0.024
54403.104584 g 18.688 0.015
54406.095079 r 18.227 0.014
54406.095912 i 17.990 0.019
54406.096745 u 20.048 0.049
54406.097579 z 17.915 0.034
54406.098412 g 18.705 0.018
54412.098010 r 18.221 0.011
54412.098843 i 17.869 0.018
54412.099677 u 19.999 0.042
54412.100510 z 17.949 0.032
54412.101343 g 18.739 0.012
