51819.227605 r 18.012 0.007
51819.228438 i 17.843 0.008
51819.229272 u 19.808 0.040
51819.230105 z 17.751 0.018
51819.230938 g 18.505 0.008
52075.333865 r 18.013 0.007
52075.334698 i 17.829 0.007
52075.335532 u 19.894 0.050
52075.336365 z 17.772 0.021
52075.337198 g 18.566 0.008
52197.142506 r 18.032 0.007
52197.143339 i 17.846 0.008
52197.144173 u 19.942 0.041
52197.145006 z 17.759 0.021
52197.145839 g 18.612 0.008
52929.106657 r 18.062 0.007
52929.107490 i 17.815 0.007
52929.108324 u 19.859 0.042
52929.109157 z 17.764 0.021
52929.109990 g 18.692 0.008
52934.086815 r 18.131 0.007
52934.087648 i 17.829 0.008
52934.088482 u 19.911 0.046
52934.089315 z 17.808 0.024
52934.090148 g 18.667 0.008
52936.082740 r 18.035 0.007
52936.083573 i 17.820 0.008
52936.084407 u 19.952 0.041
52936.085240 z 17.775 0.020
52936.086073 g 18.561 0.008
53243.267951 r 18.104 0.009
53243.268784 i 17.829 0.008
53243.269618 u 19.844 0.068
53243.270451 z 17.761 0.022
53243.271284 g 18.698 0.012
53270.146800 r 18.094 0.062
53270.147633 i 17.798 0.018
53270.148467 u 19.807 0.051
53270.149300 z 17.731 0.023
53270.150133 g 18.509 0.020
53312.075166 r 18.154 0.022
53312.076000 i 17.862 0.012
53312.076833 u 19.943 0.051
53312.077666 z 17.754 0.029
53312.078500 g 18.627 0.014
53314.076350 r 18.119 0.008
53314.077183 i 17.845 0.008
53314.078017 u 19.924 0.045
53314.078850 z 17.764 0.023
53314.079683 g 18.601 0.011
53623.170934 r 18.034 0.007
53623.171767 i 17.846 0.008
53623.172601 u 19.838 0.046
53623.173434 z 17.776 0.021
53623.174267 g 18.525 0.008
53626.157147 r 18.033 0.008
53626.157980 i 17.809 0.008
53626.158814 u 19.919 0.065
53626.159647 z 17.775 0.022
53626.160480 g 18.513 0.011
53644.136065 r 18.130 0.013
53644.136898 i 17.852 0.025
53644.137732 u 19.972 0.043
53644.138565 z 17.766 0.022
53644.139398 g 18.574 0.013
53654.170695 r 18.039 0.008
53654.171528 i 17.968 0.009
53654.172362 u 19.819 0.060
53654.173195 z 17.825 0.024
53654.174028 g 18.599 0.010
53665.109563 r 18.000 0.015
53665.110396 i 17.819 0.016
53665.111230 u 19.840 0.107
53665.112063 z 17.707 0.049
53665.112896 g 18.493 0.014
53668.121196 r 18.126 0.008
53668.122029 i 17.850 0.008
53668.122863 u 19.977 0.056
53668.123696 z 17.797 0.029
53668.124529 g 18.629 0.008
53670.126049 r 18.159 0.008
53670.126882 i 17.828 0.008
53670.127716 u 19.985 0.060
53670.128549 z 17.799 0.028
53670.129382 g 18.650 0.008
53675.090920 r 18.170 0.008
53675.091753 i 17.851 0.008
53675.092587 u 19.834 0.045
53675.093420 z 17.766 0.023
53675.094253 g 21.664 0.062
53680.098618 r 18.039 0.007
53680.099451 i 17.837 0.008
53680.100285 u 19.843 0.045
53680.101118 z 17.737 0.020
53680.101951 g 18.613 0.008
53702.096209 r 18.298 0.205
#53702.097042 i 18.369 1.006
53702.097876 u 19.968 0.082
53702.098709 z 18.028 0.058
#53702.099542 g 18.827 1.085
53703.105329 r 18.522 0.056
53703.106162 i 18.273 0.617
53703.106996 u 19.927 0.716
53703.107829 z 18.012 0.070
#53703.108662 g -99.000 0.677
53974.171798 r 18.059 0.007
53974.172631 i 17.810 0.010
53974.173464 u 19.856 0.044
53974.174298 z 17.754 0.021
53974.175131 g 18.559 0.013
53989.179895 r 18.062 0.011
53989.180728 i 17.857 0.016
53989.181561 u 19.789 0.045
53989.182395 z 17.739 0.023
53989.183228 g 18.559 0.014
53997.147519 r 18.026 0.195
53997.148353 i 17.825 0.014
53997.149186 u 19.992 0.059
53997.150019 z 17.787 0.027
53997.150853 g 18.547 0.013
54005.119368 r 18.101 0.010
54005.120201 i 17.846 0.011
54005.121034 u 19.942 0.042
54005.121868 z 17.776 0.021
54005.122701 g 18.537 0.012
54009.129232 r 18.071 0.012
54009.130065 i 17.844 0.012
54009.130899 u 19.941 0.050
54009.131732 z 17.734 0.024
54009.132565 g 18.548 0.012
54011.193723 r 18.034 0.011
54011.194556 i 17.859 0.014
54011.195389 u 19.936 0.070
54011.196223 z 17.774 0.023
54011.197056 g 18.539 0.017
54019.143927 r 18.058 0.122
54019.144760 i 17.841 0.008
54019.145593 u 19.924 0.042
54019.146427 z 17.819 0.025
54019.147260 g 18.547 0.049
54025.192739 r 18.032 0.013
54025.193572 i 17.865 0.009
54025.194406 u 19.872 0.047
54025.195239 z 17.770 0.022
54025.196072 g 18.556 0.012
54029.123069 r 18.054 0.010
54029.123903 i 17.845 0.009
54029.124736 u 19.873 0.042
54029.125569 z 17.709 0.024
54029.126403 g 18.553 0.012
#54032.112622 r -99.000 0.014
54032.113455 i 17.825 0.015
54032.114289 u 19.828 0.048
#54032.115122 z -99.000 0.025
#54032.115955 g -99.000 0.018
54051.099658 r 18.024 0.017
54051.100492 i 17.807 0.019
54051.101325 u 20.157 0.205
54051.102158 z 17.961 0.096
54051.102992 g 18.583 0.019
54356.201239 r 18.029 0.113
54356.202073 i 17.843 0.016
54356.202906 u 19.944 0.049
54356.203739 z 17.721 0.031
#54356.204573 g 18.846 1.771
54358.146297 r 18.203 0.970
54358.147130 i 18.030 0.040
54358.147963 u 20.039 0.068
54358.148797 z 17.919 0.034
54358.149630 g 18.668 0.019
54373.178393 r 18.171 0.027
54373.179226 i 17.839 0.014
54373.180059 u 19.848 0.066
54373.180893 z 17.723 0.027
54373.181726 g 18.564 0.014
54381.191099 r 18.174 0.030
54381.191932 i 18.081 0.167
54381.192766 u 20.246 0.086
54381.193599 z 17.964 0.042
54381.194432 g 18.634 0.209
54382.188509 r 18.213 0.680
54382.189342 i 18.442 0.351
#54382.190175 u 19.946 1.265
54382.191009 z 17.921 0.058
#54382.191842 g -99.000 0.838
54383.194236 r 18.060 0.141
54383.195069 i 17.843 0.022
54383.195903 u 19.819 0.051
54383.196736 z 17.768 0.027
54383.197569 g 18.537 0.022
54386.191253 r 18.032 0.010
54386.192087 i 17.822 0.010
54386.192920 u 19.948 0.047
54386.193753 z 17.735 0.023
54386.194587 g 18.574 0.014
54403.109293 r 18.065 0.014
54403.110126 i 17.835 0.012
54403.110959 u 19.887 0.043
54403.111793 z 17.737 0.022
54403.112626 g 18.608 0.011
54406.103115 r 18.058 0.018
54406.103948 i 17.855 0.011
54406.104781 u 19.781 0.041
54406.105615 z 17.744 0.027
54406.106448 g 18.692 0.018
54412.106045 r 18.078 0.010
54412.106878 i 17.834 0.018
54412.107711 u 19.834 0.047
54412.108545 z 17.731 0.023
54412.109378 g 18.580 0.014
54415.143600 r 18.021 0.010
54415.144433 i 17.735 0.015
54415.145266 u 19.868 0.044
54415.146100 z 17.776 0.021
54415.146933 g 18.598 0.014
