52075.332893 r 16.811 0.005
52075.333726 i 16.310 0.004
52075.334560 u 20.622 0.086
52075.335393 z 16.063 0.007
52075.336226 g 18.082 0.007
52197.141539 r 16.798 0.005
52197.142372 i 16.310 0.005
52197.143206 u 20.748 0.070
52197.144039 z 16.067 0.007
52197.144872 g 18.067 0.006
52557.179387 r 16.803 0.004
52557.180220 i 16.310 0.004
52557.181054 u 20.946 0.108
52557.181887 z 16.068 0.007
52557.182720 g 18.071 0.006
52578.075464 r 16.808 0.004
52578.076297 i 16.320 0.004
52578.077131 u 20.725 0.097
52578.077964 z 16.019 0.008
52578.078797 g 18.065 0.006
52929.105692 r 16.798 0.004
52929.106525 i 16.309 0.004
52929.107359 u 20.746 0.075
52929.108192 z 16.046 0.007
52929.109025 g 18.082 0.006
52934.085849 r 16.803 0.004
52934.086682 i 16.315 0.004
52934.087516 u 20.697 0.074
52934.088349 z 16.043 0.007
52934.089182 g 18.082 0.006
52936.081774 r 16.803 0.005
52936.082607 i 16.354 0.005
52936.083441 u 20.755 0.071
52936.084274 z 16.063 0.007
52936.085107 g 18.087 0.006
53243.266983 r 16.803 0.005
53243.267816 i 16.302 0.005
53243.268650 u 20.528 0.119
53243.269483 z 16.046 0.007
53243.270316 g 18.050 0.008
53270.145849 r 16.794 0.009
53270.146682 i 16.306 0.011
53270.147515 u 20.715 0.113
53270.148349 z 16.049 0.014
53270.149182 g 18.079 0.012
53272.195786 r 16.809 0.005
53272.196619 i 16.315 0.004
53272.197453 u 20.461 0.147
53272.198286 z 16.063 0.007
53272.199119 g 18.059 0.010
53288.122991 r 16.809 0.004
53288.123824 i 16.305 0.004
53288.124658 u 20.775 0.098
53288.125491 z 16.054 0.007
53288.126324 g 18.085 0.006
53302.118658 r 16.805 0.005
53302.119491 i 16.309 0.005
53302.120325 u 20.605 0.125
53302.121158 z 16.051 0.007
53302.121991 g 18.059 0.008
53312.074191 r 16.803 0.008
53312.075024 i 16.314 0.009
53312.075858 u 20.811 0.101
53312.076691 z 16.062 0.013
53312.077524 g 18.078 0.009
53314.075386 r 16.796 0.004
53314.076219 i 16.305 0.004
53314.077053 u 20.753 0.084
53314.077886 z 16.060 0.007
53314.078719 g 18.076 0.006
53623.169969 r 16.803 0.005
53623.170802 i 16.311 0.005
53623.171636 u 20.622 0.086
53623.172469 z 16.050 0.008
53623.173302 g 18.080 0.007
53626.156181 r 16.796 0.005
53626.157014 i 16.306 0.005
53626.157848 u 20.638 0.119
53626.158681 z 16.058 0.007
53626.159514 g 18.072 0.008
53628.141048 r 16.817 0.005
53628.141881 i 16.315 0.005
53628.142715 u 20.991 0.301
53628.143548 z 16.054 0.008
53628.144381 g 18.062 0.011
53637.142660 r 16.804 0.004
53637.143493 i 16.306 0.004
53637.144327 u 20.523 0.100
53637.145160 z 16.063 0.008
53637.145993 g 18.073 0.007
53644.135107 r 16.812 0.011
53644.135940 i 16.300 0.012
53644.136774 u 20.715 0.071
53644.137607 z 16.070 0.017
53644.138440 g 18.060 0.013
53654.169731 r 16.806 0.005
53654.170564 i 16.314 0.005
53654.171398 u 20.757 0.132
53654.172231 z 16.075 0.008
53654.173064 g 18.072 0.008
53656.117322 r 16.808 0.005
53656.118155 i 16.311 0.005
53656.118989 u 20.894 0.258
53656.119822 z 16.045 0.008
53656.120655 g 18.040 0.010
53665.108600 r 16.832 0.008
53665.109433 i 16.331 0.007
53665.110267 u 20.670 0.214
53665.111100 z 16.049 0.014
53665.111933 g 18.072 0.011
53668.120232 r 16.816 0.004
53668.121065 i 16.312 0.004
53668.121899 u 20.714 0.100
53668.122732 z 16.057 0.008
53668.123565 g 18.075 0.006
53670.125084 r 16.792 0.004
53670.125917 i 16.303 0.004
53670.126751 u 20.533 0.086
53670.127584 z 16.055 0.007
53670.128417 g 18.060 0.006
53673.093066 r 16.805 0.004
53673.093899 i 16.308 0.004
53673.094733 u 20.762 0.087
53673.095566 z 16.046 0.007
53673.096399 g 18.064 0.006
53675.089954 r 16.798 0.004
53675.090787 i 16.322 0.004
53675.091621 u 20.651 0.082
53675.092454 z 16.062 0.007
53675.093287 g 18.081 0.006
53677.110989 r 16.796 0.004
53677.111822 i 16.312 0.005
53677.112656 u 20.881 0.089
53677.113489 z 16.045 0.007
53677.114322 g 18.068 0.006
53680.097655 r 16.812 0.005
53680.098488 i 16.316 0.005
53680.099322 u 20.761 0.085
53680.100155 z 16.065 0.007
53680.100988 g 18.067 0.006
53693.099558 r 16.807 0.005
53693.100391 i 16.307 0.004
53693.101225 u 20.692 0.142
53693.102058 z 16.049 0.007
53693.102891 g 18.054 0.008
53702.095225 r 16.777 0.011
53702.096058 i 16.295 0.010
53702.096892 u 20.790 0.153
53702.097725 z 16.057 0.016
53702.098558 g 18.078 0.017
53703.104367 r 16.783 0.014
53703.105200 i 16.276 0.016
53703.106033 u 20.542 0.170
53703.106867 z 16.062 0.018
53703.107700 g 18.078 0.012
53704.082886 r 16.799 0.004
53704.083719 i 16.313 0.005
53704.084553 u 20.688 0.095
53704.085386 z 16.056 0.007
53704.086219 g 18.073 0.007
53974.170837 r 16.804 0.010
53974.171670 i 16.296 0.010
53974.172504 u 20.743 0.072
53974.173337 z 16.057 0.013
53974.174170 g 18.075 0.011
53989.178940 r 16.795 0.010
53989.179773 i 16.299 0.010
53989.180606 u 20.890 0.109
#53989.181440 z -99.000 0.015
53989.182273 g 18.067 0.010
53995.168194 r 16.800 0.006
53995.169027 i 16.288 0.009
53995.169860 u 20.664 0.065
53995.170694 z 16.056 0.013
53995.171527 g 18.062 0.011
53997.146572 r 16.799 0.008
53997.147405 i 16.292 0.014
53997.148239 u 20.645 0.087
53997.149072 z 16.073 0.015
53997.149905 g 18.064 0.011
54005.118409 r 16.798 0.006
54005.119243 i 16.312 0.009
54005.120076 u 20.813 0.080
54005.120909 z 16.063 0.014
54005.121743 g 18.075 0.011
54007.131152 r 16.798 0.010
54007.131985 i 16.324 0.011
54007.132818 u 20.549 0.079
54007.133652 z 16.043 0.014
54007.134485 g 18.056 0.011
54009.128262 r 17.378 0.067
#54009.129095 i -99.000 0.079
54009.129929 u 22.270 0.434
#54009.130762 z -99.000 99.999
54009.131595 g 18.731 0.078
54009.128262 r 17.247 0.036
#54009.129095 i -99.000 0.037
54009.129928 u 20.943 0.116
#54009.130762 z -99.000 0.014
54009.131595 g 18.473 0.035
54011.192751 r 16.793 0.010
54011.193584 i 16.334 0.011
54011.194418 u 20.655 0.129
54011.195251 z 16.093 0.014
54011.196084 g 18.045 0.015
54019.142968 r 16.799 0.005
54019.143801 i 16.319 0.007
54019.144634 u 20.959 0.098
54019.145468 z 16.053 0.012
54019.146301 g 18.057 0.012
54025.191773 r 16.790 0.008
54025.192606 i 16.302 0.006
54025.193439 u 20.810 0.087
54025.194273 z 16.067 0.014
54025.195106 g 18.068 0.012
54029.122104 r 16.802 0.011
54029.122938 i 16.302 0.014
54029.123771 u 20.763 0.069
54029.124604 z 16.051 0.013
54029.125438 g 18.054 0.008
54051.098718 r 16.802 0.014
54051.099551 i 16.283 0.013
54051.100384 u 21.297 0.316
#54051.101218 z -99.000 0.024
54051.102051 g 18.064 0.022
54356.200276 r 16.802 0.014
54356.201109 i 16.302 0.011
54356.201942 u 20.814 0.095
54356.202776 z 16.061 0.015
54356.203609 g 18.051 0.013
54358.145333 r 16.785 0.017
54358.146166 i 16.333 0.011
54358.147000 u 20.629 0.120
54358.147833 z 16.028 0.021
54358.148666 g 18.115 0.013
54373.177433 r 16.798 0.012
54373.178266 i 16.304 0.014
54373.179099 u 20.782 0.140
54373.179933 z 16.071 0.017
54373.180766 g 18.060 0.014
54381.190133 r 16.769 0.012
54381.190966 i 16.299 0.010
54381.191800 u 20.486 0.099
54381.192633 z 16.055 0.017
54381.193466 g 18.062 0.013
54382.187519 r 16.818 0.013
54382.188352 i 16.279 0.010
54382.189185 u 20.727 0.139
54382.190019 z 16.041 0.020
54382.190852 g 18.088 0.010
54383.193258 r 16.799 0.008
54383.194092 i 16.314 0.010
54383.194925 u 20.660 0.088
54383.195758 z 16.045 0.015
54383.196592 g 18.053 0.014
54386.190282 r 16.798 0.008
54386.191116 i 16.325 0.010
54386.191949 u 20.651 0.080
54386.192782 z 16.056 0.013
54386.193616 g 18.049 0.013
54388.194544 r 16.796 0.010
54388.195377 i 16.304 0.011
54388.196210 u 20.592 0.095
54388.197044 z 16.069 0.014
54388.197877 g 18.057 0.009
54403.108322 r 16.796 0.007
54403.109155 i 16.314 0.010
54403.109989 u 20.745 0.071
54403.110822 z 16.067 0.011
54403.111655 g 18.065 0.012
54406.102157 r 16.792 0.009
54406.102990 i 16.294 0.017
54406.103824 u 20.796 0.081
54406.104657 z 16.081 0.015
54406.105490 g 18.063 0.009
54412.105411 r 16.822 0.011
#54412.106244 i -99.000 0.010
54412.107078 u 20.766 0.081
#54412.107911 z -99.000 0.014
54412.108744 g 18.025 0.013
54415.142635 r 16.790 0.009
54415.143469 i 16.312 0.012
54415.144302 u 20.692 0.080
54415.145135 z 16.067 0.014
54415.145969 g 18.059 0.012
