51467.350103 r 19.718 0.027
51467.350936 i 19.299 0.027
51467.351770 u 20.405 0.111
51467.352603 z 19.019 0.078
51467.353436 g 20.113 0.026
51819.326081 r 19.729 0.020
51819.326914 i 19.316 0.021
51819.327748 u 20.495 0.071
51819.328581 z 19.237 0.059
51819.329414 g 20.117 0.020
52558.291365 r 19.418 0.015
52558.292198 i 19.163 0.018
52558.293032 u 20.168 0.058
52558.293865 z 19.025 0.048
52558.294698 g 19.761 0.016
52577.178862 r 19.449 0.017
52577.179695 i 19.134 0.020
52577.180529 u 20.025 0.050
52577.181362 z 19.061 0.063
52577.182195 g 19.770 0.015
52586.182340 r 19.458 0.017
52586.183173 i 19.156 0.020
52586.184007 u 20.112 0.047
52586.184840 z 19.031 0.061
52586.185673 g 19.807 0.016
52910.262824 r 19.620 0.016
52910.263657 i 19.241 0.017
52910.264491 u 20.228 0.047
52910.265324 z 19.086 0.049
52910.266157 g 19.952 0.016
52931.193025 r 19.617 0.017
52931.193858 i 19.243 0.018
52931.194692 u 20.213 0.052
52931.195525 z 19.091 0.050
52931.196358 g 19.911 0.017
52935.189989 r 19.620 0.018
52935.190822 i 19.287 0.021
52935.191656 u 20.282 0.059
52935.192489 z 19.156 0.066
52935.193322 g 19.948 0.018
52959.133315 r 19.647 0.017
52959.134148 i 19.230 0.017
52959.134982 u 20.266 0.050
52959.135815 z 19.242 0.051
52959.136648 g 19.982 0.016
52963.113060 r 19.646 0.019
52963.113893 i 19.257 0.019
52963.114727 u 20.237 0.047
52963.115560 z 19.136 0.050
52963.116393 g 19.959 0.016
53313.183190 r 19.748 0.024
53313.184023 i 19.371 0.026
53313.184857 u 20.480 0.090
53313.185690 z 19.176 0.072
53313.186523 g 20.090 0.021
53352.084125 r 19.761 0.020
53352.084958 i 19.383 0.023
53352.085792 u 20.439 0.062
53352.086625 z 19.231 0.067
53352.087458 g 20.116 0.018
53622.292431 r 19.719 0.023
53622.293264 i 19.341 0.028
53622.294098 u 20.275 0.089
53622.294931 z 19.226 0.091
#53622.295764 g -99.000 0.024
53634.241901 r 19.669 0.053
53634.242734 i 19.318 0.046
53634.243568 u 20.163 0.227
53634.244401 z 19.179 0.115
#53634.245234 g -99.000 0.079
53636.247434 r 19.712 0.032
53636.248267 i 19.309 0.026
53636.249101 u 20.447 0.128
53636.249934 z 19.192 0.080
53636.250767 g 20.105 0.035
53638.283237 r 19.726 0.019
53638.284070 i 19.350 0.019
53638.284904 u 20.434 0.075
53638.285737 z 19.220 0.056
53638.286570 g 20.026 0.021
53640.247270 r 19.634 0.069
#53640.248103 i -99.000 0.172
#53640.248937 u -99.000 0.238
#53640.249770 z -99.000 0.126
53640.250603 g 20.956 0.497
53655.219440 r 19.709 0.045
53655.220273 i 19.316 0.040
53655.221107 u 20.302 0.168
53655.221940 z 19.229 0.126
53655.222773 g 19.982 0.057
53664.244397 r 19.710 0.033
53664.245230 i 19.314 0.028
53664.246064 u 20.203 0.109
53664.246897 z 19.253 0.078
53664.247730 g 20.091 0.040
53666.208000 r 19.737 0.020
53666.208833 i 19.366 0.021
53666.209667 u 20.456 0.065
53666.210500 z 19.343 0.065
53666.211333 g 20.086 0.020
53669.203640 r 19.742 0.019
53669.204473 i 19.422 0.022
53669.205307 u 20.530 0.069
53669.206140 z 19.241 0.058
53669.206973 g 20.098 0.018
53671.288418 r 19.782 0.023
53671.289251 i 19.373 0.024
53671.290085 u 20.447 0.091
53671.290918 z 19.135 0.060
53671.291751 g 20.151 0.021
53674.187876 r 19.729 0.021
53674.188709 i 19.355 0.023
53674.189543 u 20.384 0.069
53674.190376 z 19.164 0.056
53674.191209 g 20.081 0.019
53676.277359 r 19.762 0.027
53676.278192 i 19.382 0.023
53676.279026 u 20.400 0.088
53676.279859 z 19.193 0.062
53676.280692 g 20.075 0.020
53679.249247 r 19.752 0.025
53679.250080 i 19.413 0.027
53679.250914 u 20.535 0.097
53679.251747 z 19.276 0.073
53679.252580 g 20.061 0.021
53681.240760 r 19.773 0.023
53681.241593 i 19.400 0.023
53681.242427 u 20.489 0.079
53681.243260 z 19.240 0.054
53681.244093 g 20.044 0.018
53687.238149 r 19.748 0.039
53687.238982 i 19.413 0.032
53687.239816 u 20.345 0.185
53687.240649 z 19.171 0.073
#53687.241482 g -99.000 0.059
53694.213691 r 19.704 0.056
#53694.214524 i -99.000 0.059
#53694.215358 u -99.000 0.238
53694.216191 z 19.528 0.158
#53694.217024 g -99.000 0.100
#53697.197784 r -99.000 0.089
#53697.198617 i -99.000 0.057
53697.199451 u 20.577 0.279
#53697.200284 z -99.000 0.152
53697.201117 g 20.075 0.058
53700.196744 r 19.686 0.024
53700.197577 i 19.341 0.027
53700.198411 u 20.338 0.083
53700.199244 z 19.109 0.070
53700.200077 g 20.030 0.020
53705.183412 r 19.750 0.020
53705.184245 i 19.402 0.022
53705.185079 u 20.454 0.076
53705.185912 z 19.357 0.058
53705.186745 g 20.116 0.020
53975.268439 r 19.680 0.026
53975.269272 i 19.309 0.025
53975.270106 u 20.261 0.065
53975.270939 z 19.286 0.070
53975.271772 g 19.999 0.027
53996.275136 r 19.681 0.019
53996.275969 i 19.309 0.022
53996.276802 u 20.274 0.062
53996.277636 z 19.197 0.057
53996.278469 g 20.039 0.041
53998.243771 r 19.664 0.018
53998.244604 i 19.341 0.021
53998.245438 u 20.262 0.048
53998.246271 z 19.197 0.048
53998.247104 g 19.990 0.022
54005.274010 r 19.684 0.018
54005.274843 i 19.311 0.020
54005.275676 u 20.560 0.063
54005.276510 z 19.099 0.046
54005.277343 g 20.007 0.021
54010.229249 r 19.691 0.027
54010.230082 i 19.358 0.022
54010.230916 u 20.382 0.068
#54010.231749 z -99.000 0.051
54010.232582 g 20.012 0.025
54012.222093 r 19.666 0.031
54012.222926 i 19.357 0.029
54012.223760 u 20.452 0.119
#54012.224593 z -99.000 0.064
54012.225426 g 20.038 0.041
54020.228076 r 19.650 0.026
54020.228910 i 19.346 0.025
54020.229743 u 20.424 0.075
54020.230576 z 19.205 0.068
54020.231410 g 20.021 0.029
54022.277376 r 19.718 0.029
54022.278210 i 19.334 0.030
54022.279043 u 20.366 0.074
54022.279876 z 19.321 0.082
54022.280710 g 20.075 0.028
54028.218469 r 19.730 0.023
54028.219303 i 19.384 0.025
54028.220136 u 20.343 0.067
54028.220969 z 19.339 0.077
54028.221803 g 20.025 0.030
54030.221629 r 19.714 0.019
54030.222462 i 19.370 0.020
54030.223296 u 20.376 0.055
54030.224129 z 19.178 0.048
54030.224962 g 20.036 0.023
54035.297420 r 19.698 0.029
54035.298254 i 19.333 0.030
54035.299087 u 20.335 0.110
54035.299920 z 19.285 0.092
54035.300754 g 19.998 0.027
54037.202880 r 19.695 0.026
54037.203714 i 19.328 0.028
54037.204547 u 20.336 0.072
54037.205380 z 19.181 0.067
54037.206214 g 20.008 0.025
54040.217379 r 19.676 0.037
54040.218212 i 19.318 0.032
54040.219046 u 20.299 0.111
54040.219879 z 19.206 0.067
54040.220712 g 19.986 0.043
54049.243865 r 19.693 0.035
54049.244698 i 19.360 0.033
54049.245532 u 20.388 0.154
54049.246365 z 19.066 0.066
54049.247198 g 19.988 0.043
54050.202050 r 19.637 0.032
54050.202883 i 19.349 0.034
54050.203717 u 20.116 0.104
54050.204550 z 19.241 0.108
54050.205383 g 19.978 0.032
54053.208200 r 19.663 0.032
54053.209034 i 19.351 0.027
54053.209867 u 20.352 0.064
54053.210700 z 19.123 0.053
54053.211534 g 19.997 0.021
54056.209816 r 19.688 0.044
54056.210650 i 19.308 0.052
54056.211483 u 20.303 0.112
54056.212316 z 19.174 0.087
54056.213150 g 20.025 0.036
54059.204111 r 19.664 0.033
54059.204945 i 19.329 0.029
54059.205778 u 20.358 0.112
54059.206611 z 19.061 0.071
54059.207445 g 19.932 0.028
54062.209038 r 19.667 0.028
54062.209871 i 19.303 0.031
54062.210705 u 20.449 0.105
54062.211538 z 19.305 0.101
54062.212371 g 19.988 0.032
54357.247298 r 19.639 0.019
54357.248132 i 19.261 0.019
#54357.248965 u -99.000 0.057
54357.249798 z 19.081 0.045
54357.250632 g 19.905 0.023
54362.297178 r 19.628 0.023
54362.298011 i 19.270 0.025
54362.298844 u 20.278 0.062
54362.299678 z 19.183 0.060
54362.300511 g 19.902 0.020
54376.305813 r 19.563 0.023
#54376.306646 i -99.000 0.031
#54376.307480 u -99.000 0.124
#54376.308313 z -99.000 0.108
#54376.309146 g -99.000 0.035
54385.295123 r 19.643 0.020
54385.295956 i 19.276 0.019
54385.296790 u 20.290 0.059
54385.297623 z 19.131 0.048
#54385.298456 g -99.000 0.022
54387.295621 r 19.662 0.023
54387.296455 i 19.293 0.024
54387.297288 u 20.130 0.065
54387.298121 z 19.142 0.056
54387.298955 g 19.957 0.024
54392.290341 r 19.649 0.025
54392.291174 i 19.277 0.023
54392.292007 u 20.253 0.065
54392.292841 z 19.153 0.051
54392.293674 g 19.935 0.026
54402.288892 r 19.616 0.029
54402.289725 i 19.362 0.030
54402.290559 u 20.096 0.145
54402.291392 z 19.057 0.059
54402.292225 g 20.009 0.045
