52075.332102 r 18.728 0.010
52075.332935 i 18.704 0.014
52075.333769 u 20.246 0.059
52075.334602 z 18.512 0.031
52075.335435 g 19.196 0.013
52197.140740 r 18.721 0.010
52197.141573 i 18.614 0.012
52197.142407 u 20.348 0.049
52197.143240 z 18.477 0.031
52197.144073 g 19.271 0.012
52557.178585 r 18.727 0.010
52557.179418 i 18.600 0.013
52557.180252 u 20.594 0.077
52557.181085 z 18.789 0.045
52557.181918 g 19.265 0.013
52578.074662 r 18.668 0.010
52578.075495 i 18.460 0.012
52578.076329 u 20.242 0.058
52578.077162 z 18.437 0.040
#52578.077995 g -99.000 0.017
52929.104888 r 18.801 0.010
52929.105721 i 18.748 0.013
52929.106555 u 20.403 0.057
52929.107388 z 18.419 0.028
52929.108221 g 19.471 0.014
52934.085044 r 18.820 0.011
52934.085877 i 18.782 0.014
52934.086711 u 20.502 0.063
52934.087544 z 18.475 0.030
52934.088377 g 19.444 0.015
52936.080970 r 18.822 0.010
52936.081803 i 18.629 0.012
52936.082637 u 20.224 0.044
52936.083470 z 18.403 0.030
52936.084303 g 19.223 0.011
53243.266181 r 19.390 0.023
53243.267014 i 19.107 0.022
53243.267848 u 21.973 0.456
53243.268681 z 19.567 0.089
53243.269514 g 19.947 0.039
53270.145029 r 18.768 0.018
53270.145862 i 18.820 0.034
53270.146695 u 20.462 0.105
53270.147529 z 18.445 0.035
53270.148362 g 19.693 0.058
53288.122184 r 19.375 0.016
53288.123017 i 19.073 0.018
53288.123851 u 20.521 0.073
53288.124684 z 18.493 0.035
53288.125517 g 20.240 0.028
53302.117854 r 18.695 0.012
53302.118687 i 18.634 0.013
53302.119521 u 20.336 0.102
53302.120354 z 18.457 0.031
53302.121187 g 19.231 0.019
53312.073391 r 18.725 0.023
53312.074224 i 18.579 0.089
53312.075058 u 20.395 0.072
53312.075891 z 18.392 0.044
53312.076724 g 19.195 0.020
53314.074580 r 18.669 0.010
53314.075413 i 18.503 0.012
53314.076247 u 20.232 0.052
53314.077080 z 18.421 0.036
53314.077913 g 19.183 0.012
53623.169164 r 18.684 0.010
53623.169997 i 18.518 0.011
53623.170831 u 20.313 0.058
53623.171664 z 18.746 0.040
53623.172497 g 19.203 0.013
53626.155377 r 18.651 0.012
53626.156210 i 18.455 0.012
53626.157044 u 20.096 0.077
53626.157877 z 18.403 0.030
53626.158710 g 19.138 0.017
53628.140242 r 18.889 0.020
53628.141075 i 18.877 0.023
53628.141909 u 20.340 0.156
53628.142742 z 18.392 0.040
53628.143575 g 19.115 0.026
53637.141854 r 18.681 0.011
53637.142687 i 18.473 0.013
53637.143521 u 20.217 0.069
53637.144354 z 18.429 0.040
53637.145187 g 19.160 0.013
53644.134297 r 18.744 0.016
53644.135130 i 18.545 0.016
53644.135963 u 20.315 0.055
53644.136797 z 18.424 0.029
53644.137630 g 19.227 0.020
53654.168927 r 18.751 0.012
53654.169760 i 18.524 0.013
53654.170594 u 20.128 0.076
53654.171427 z 18.860 0.055
53654.172260 g 18.994 0.014
53665.107794 r 18.548 0.029
53665.108627 i 18.306 0.026
53665.109461 u 20.453 0.194
53665.110294 z 18.274 0.085
53665.111127 g 19.147 0.027
53668.119426 r 18.849 0.014
53668.120259 i 19.008 0.023
53668.121093 u 20.318 0.069
53668.121926 z 18.397 0.040
53668.122759 g 19.284 0.014
53670.124279 r 18.653 0.010
53670.125112 i 18.498 0.014
53670.125946 u 20.442 0.074
53670.126779 z 18.636 0.046
53670.127612 g 19.146 0.013
53673.092261 r 18.679 0.010
53673.093094 i 18.475 0.012
53673.093928 u 20.247 0.058
53673.094761 z 18.406 0.033
53673.095594 g 19.151 0.012
53675.089150 r 18.688 0.011
53675.089983 i 18.517 0.013
53675.090817 u 20.287 0.058
53675.091650 z 18.840 0.050
53675.092483 g 19.216 0.012
53677.110183 r 18.664 0.010
53677.111016 i 18.464 0.011
53677.111850 u 20.546 0.066
53677.112683 z 18.317 0.027
53677.113516 g 19.057 0.012
53680.096848 r 18.665 0.010
53680.097681 i 18.510 0.011
53680.098515 u 20.168 0.051
53680.099348 z 18.382 0.027
53680.100181 g 19.171 0.012
53693.098754 r 18.667 0.013
53693.099587 i 18.411 0.013
53693.100421 u 20.235 0.084
53693.101254 z 18.657 0.044
53693.102087 g 19.082 0.018
53704.082082 r 18.706 0.011
53704.082915 i 18.657 0.013
53704.083749 u 20.298 0.064
53704.084582 z 18.500 0.036
#53704.085415 g -99.000 0.017
53974.170028 r 18.731 0.012
53974.170861 i 18.514 0.016
53974.171694 u 20.271 0.049
53974.172528 z 18.575 0.040
53974.173361 g 19.202 0.018
53989.159467 r 18.660 0.016
53989.160300 i 18.501 0.023
53989.161134 u 20.279 0.066
53989.161967 z 18.616 0.042
53989.162800 g 19.147 0.018
53989.178118 r 18.673 0.017
#53989.178951 i -99.000 0.025
53989.179784 u 20.247 0.061
53989.180618 z 18.432 0.028
53989.181451 g 19.280 0.022
53995.167380 r 18.739 0.012
53995.168214 i 18.693 0.025
53995.169047 u 20.224 0.047
53995.169880 z 18.433 0.030
53995.170714 g 19.238 0.018
53997.145749 r 18.659 0.015
53997.146582 i 18.447 0.032
53997.147416 u 20.155 0.063
53997.148249 z 18.510 0.050
53997.149082 g 19.111 0.021
54005.117600 r 18.750 0.015
54005.118433 i 18.757 0.036
54005.119267 u 20.180 0.046
54005.120100 z 18.431 0.027
54005.120933 g 19.225 0.019
54007.130353 r 18.671 0.014
54007.131186 i 18.467 0.020
54007.132020 u 20.272 0.053
54007.132853 z 18.446 0.034
54007.133686 g 19.170 0.016
54009.127471 r 18.718 0.017
54009.128304 i 18.552 0.017
54009.129137 u 20.147 0.058
54009.129971 z 18.418 0.029
54009.130804 g 19.207 0.022
54011.191951 r 18.708 0.017
54011.192785 i 18.550 0.022
54011.193618 u 20.134 0.090
54011.194451 z 18.435 0.029
54011.195285 g 19.286 0.030
54019.142159 r 18.775 0.015
54019.142992 i 18.848 0.036
54019.143825 u 20.165 0.051
54019.144659 z 18.349 0.026
54019.145492 g 19.170 0.018
54025.190969 r 18.702 0.015
54025.191802 i 18.839 0.040
54025.192636 u 20.343 0.071
54025.193469 z 18.437 0.035
54025.194302 g 19.271 0.026
54029.121298 r 18.792 0.017
54029.122131 i 18.526 0.017
54029.122965 u 20.230 0.045
54029.123798 z 18.397 0.028
54029.124631 g 19.187 0.016
54051.097890 r 18.676 0.022
54051.098723 i 18.434 0.024
54051.099557 u 20.068 0.091
#54051.100390 z -99.000 0.078
#54051.101223 g -99.000 0.082
54356.199463 r 18.680 0.012
54356.200296 i 18.439 0.015
54356.201129 u 20.285 0.082
54356.201963 z 18.498 0.043
54356.202796 g 19.135 0.014
54358.144524 r 18.725 0.041
54358.145357 i 18.534 0.051
54358.146190 u 20.521 0.102
54358.147024 z 18.582 0.087
54358.147857 g 19.177 0.018
54373.176621 r 18.674 0.014
54373.177455 i 18.490 0.021
54373.178288 u 20.265 0.086
54373.179121 z 18.364 0.034
54373.179955 g 19.185 0.025
54381.189320 r 18.731 0.025
54381.190154 i 18.584 0.106
54381.190987 u 20.165 0.071
54381.191820 z 18.194 0.054
54381.192654 g 19.086 0.025
54382.186722 r 18.625 0.034
54382.187555 i 18.421 0.086
54382.188389 u 20.116 0.084
54382.189222 z 18.468 0.064
54382.190055 g 19.061 0.040
54383.192464 r 18.666 0.016
54383.193297 i 18.471 0.019
54383.194130 u 20.442 0.087
54383.194964 z 18.674 0.057
54383.195797 g 19.123 0.018
54386.189476 r 18.674 0.014
54386.190309 i 18.463 0.015
54386.191143 u 20.081 0.049
54386.191976 z 18.394 0.035
54386.192809 g 19.101 0.016
54388.193747 r 18.667 0.015
54388.194581 i 18.526 0.022
54388.195414 u 20.485 0.086
54388.196247 z 18.803 0.071
54388.197081 g 19.146 0.019
54403.107520 r 18.683 0.011
54403.108353 i 18.492 0.016
54403.109186 u 20.285 0.055
54403.110020 z 18.423 0.036
54403.110853 g 19.165 0.017
54406.101347 r 18.682 0.014
54406.102180 i 18.492 0.026
54406.103013 u 20.198 0.049
54406.103847 z 18.445 0.039
54406.104680 g 19.204 0.022
54412.104274 r 18.665 0.016
54412.105107 i 18.449 0.020
54412.105941 u 20.499 0.068
54412.106774 z 18.349 0.035
54412.107607 g 19.142 0.022
54415.141850 r 18.679 0.013
54415.142683 i 18.489 0.019
54415.143517 u 20.263 0.052
54415.144350 z 18.406 0.030
54415.145183 g 19.178 0.016
