52075.322105 r 17.429 0.005
52075.322938 i 16.946 0.005
52075.323772 u 21.160 0.126
52075.324605 z 16.708 0.010
52075.325438 g 18.606 0.009
52197.130772 r 17.420 0.006
52197.131605 i 16.960 0.006
52197.132439 u 21.221 0.093
52197.133272 z 16.680 0.009
52197.134105 g 18.634 0.008
52557.168603 r 17.441 0.006
52557.169436 i 16.972 0.005
52557.170270 u 21.102 0.110
52557.171103 z 16.689 0.010
52557.171936 g 18.632 0.009
52929.094903 r 17.431 0.008
52929.095736 i 16.957 0.007
52929.096570 u 21.321 0.111
52929.097403 z 16.702 0.011
52929.098236 g 18.612 0.010
52934.075060 r 17.444 0.006
52934.075893 i 16.975 0.005
52934.076727 u 21.134 0.095
52934.077560 z 16.696 0.009
52934.078393 g 18.628 0.008
52936.070986 r 17.439 0.006
52936.071819 i 16.960 0.006
52936.072653 u 21.185 0.096
52936.073486 z 16.690 0.010
52936.074319 g 18.610 0.008
53243.256199 r 17.437 0.007
53243.257032 i 16.969 0.006
53243.257866 u 21.467 0.356
53243.258699 z 16.710 0.011
53243.259532 g 18.615 0.015
53270.135047 r 17.415 0.009
53270.135880 i 16.966 0.011
53270.136714 u 21.229 0.140
53270.137547 z 16.672 0.015
53270.138380 g 18.621 0.013
53272.184997 r 17.446 0.007
53272.185830 i 16.973 0.006
53272.186664 u 21.254 0.302
53272.187497 z 16.686 0.010
53272.188330 g 18.605 0.015
53288.112202 r 17.422 0.005
53288.113035 i 16.967 0.005
53288.113869 u 20.976 0.106
53288.114702 z 16.703 0.010
53288.115535 g 18.606 0.009
53302.107871 r 17.433 0.006
53302.108704 i 16.980 0.006
53302.109538 u 21.464 0.297
53302.110371 z 16.703 0.010
53302.111204 g 18.627 0.012
53312.063409 r 17.423 0.006
53312.064242 i 16.945 0.009
53312.065076 u 21.216 0.220
53312.065909 z 16.669 0.019
53312.066742 g 18.607 0.010
53314.064598 r 17.437 0.006
53314.065431 i 16.971 0.006
53314.066265 u 21.094 0.096
53314.067098 z 16.685 0.010
53314.067931 g 18.617 0.009
53623.159180 r 17.437 0.006
53623.160013 i 16.957 0.006
53623.160847 u 21.218 0.132
53623.161680 z 16.708 0.010
53623.162513 g 18.623 0.010
53626.145393 r 17.419 0.006
53626.146226 i 16.964 0.006
53626.147060 u 21.041 0.157
53626.147893 z 16.683 0.010
53626.148726 g 18.611 0.012
53628.130258 r 17.453 0.007
53628.131091 i 16.976 0.006
53628.131925 u 21.752 0.533
53628.132758 z 16.682 0.011
53628.133591 g 18.617 0.018
53637.131871 r 17.424 0.006
53637.132704 i 16.955 0.007
53637.133538 u 21.108 0.157
53637.134371 z 16.674 0.011
53637.135204 g 18.606 0.010
53644.124315 r 17.435 0.012
53644.125148 i 16.974 0.011
53644.125982 u 21.134 0.108
53644.126815 z 16.704 0.018
53644.127648 g 18.588 0.012
53649.118942 r 17.454 0.016
53649.119775 i 16.958 0.011
53649.120609 u 21.265 0.482
#53649.121442 z -99.000 0.032
53649.122275 g 18.564 0.037
#53654.158942 r -99.000 0.009
53654.159775 i 16.948 0.006
53654.160609 u 21.370 0.216
53654.161442 z 16.675 0.010
53654.162275 g 18.615 0.011
53656.106532 r 17.446 0.007
53656.107365 i 16.967 0.006
#53656.108199 u 22.793 1.484
53656.109032 z 16.671 0.012
53656.109865 g 18.591 0.017
53665.097810 r 17.458 0.016
53665.098643 i 16.993 0.013
53665.099477 u 24.170 0.686
53665.100310 z 16.682 0.029
53665.101143 g 18.623 0.023
53668.109443 r 17.428 0.006
53668.110276 i 16.955 0.006
53668.111110 u 21.476 0.236
#53668.111943 z -99.000 0.013
53668.112776 g 18.623 0.010
53670.114296 r 17.432 0.006
53670.115129 i 16.977 0.005
53670.115963 u 21.306 0.133
53670.116796 z 16.697 0.011
53670.117629 g 18.625 0.009
53673.082278 r 17.438 0.006
53673.083111 i 16.945 0.005
53673.083945 u 21.260 0.125
53673.084778 z 16.672 0.010
53673.085611 g 18.621 0.009
53675.079167 r 17.437 0.006
53675.080000 i 16.975 0.005
53675.080834 u 21.382 0.141
53675.081667 z 16.663 0.010
53675.082500 g 18.628 0.009
53677.100200 r 17.435 0.006
53677.101033 i 16.978 0.006
53677.101867 u 21.075 0.085
53677.102700 z 16.688 0.009
53677.103533 g 18.621 0.008
53680.086865 r 17.439 0.006
53680.087698 i 16.975 0.006
53680.088532 u 21.245 0.104
53680.089365 z 16.693 0.009
53680.090198 g 18.586 0.008
53693.088771 r 17.427 0.006
53693.089604 i 16.967 0.006
53693.090438 u 21.247 0.151
53693.091271 z 16.697 0.010
53693.092104 g 18.603 0.010
53702.084441 r 17.417 0.009
53702.085274 i 16.956 0.013
53702.086107 u 21.308 0.119
53702.086941 z 16.690 0.016
53702.087774 g 18.614 0.014
53703.093584 r 17.416 0.008
53703.094417 i 16.961 0.008
53703.095250 u 21.094 0.159
53703.096084 z 16.723 0.017
53703.096917 g 18.612 0.012
53704.072100 r 17.438 0.006
53704.072933 i 16.963 0.005
53704.073767 u 21.752 0.228
53704.074600 z 16.689 0.010
53704.075433 g 18.613 0.009
53974.160043 r 17.443 0.011
53974.160876 i 16.986 0.010
53974.161709 u 21.127 0.089
53974.162543 z 16.689 0.017
53974.163376 g 18.590 0.011
53989.149474 r 17.435 0.008
53989.150307 i 16.943 0.011
53989.151140 u 21.483 0.144
53989.151974 z 16.681 0.015
53989.152807 g 18.632 0.013
53995.157411 r 17.430 0.008
53995.158245 i 16.967 0.007
53995.159078 u 21.130 0.078
53995.159911 z 16.703 0.014
53995.160745 g 18.605 0.012
#53997.135766 r -99.000 0.019
53997.136599 i 16.941 0.025
53997.137432 u 21.333 0.147
53997.138266 z 16.706 0.025
53997.139099 g 18.617 0.011
54005.107619 r 17.430 0.005
54005.108452 i 16.968 0.006
54005.109286 u 21.099 0.082
54005.110119 z 16.674 0.013
54005.110952 g 18.612 0.011
54007.120366 r 17.431 0.007
54007.121199 i 16.958 0.007
54007.122032 u 21.149 0.106
54007.122866 z 16.680 0.023
54007.123699 g 18.608 0.015
54009.117475 r 17.452 0.008
54009.118309 i 16.964 0.008
54009.119142 u 21.424 0.155
54009.119975 z 16.673 0.018
54009.120809 g 18.613 0.016
54011.181965 r 17.435 0.012
54011.182799 i 16.957 0.014
54011.183632 u 20.933 0.217
54011.184465 z 16.709 0.020
54011.185299 g 18.586 0.016
54019.132178 r 17.430 0.015
54019.133012 i 16.967 0.017
54019.133845 u 21.206 0.156
54019.134678 z 16.691 0.016
54019.135512 g 18.615 0.011
54025.180990 r 17.426 0.012
54025.181823 i 16.972 0.011
54025.182657 u 21.027 0.106
54025.183490 z 16.679 0.015
54025.184323 g 18.613 0.012
54029.111316 r 17.443 0.007
54029.112149 i 16.966 0.011
54029.112982 u 21.107 0.093
54029.113816 z 16.693 0.016
54029.114649 g 18.598 0.013
54051.087905 r 17.472 0.015
54051.088738 i 16.962 0.029
54051.089572 u 20.981 0.701
54051.090405 z 16.694 0.030
54051.091238 g 18.612 0.024
54356.189486 r 17.422 0.008
54356.190319 i 16.957 0.005
54356.191152 u 21.245 0.090
54356.191986 z 16.687 0.018
54356.192819 g 18.614 0.015
54358.134547 r 17.423 0.010
54358.135380 i 16.965 0.011
54358.136213 u 21.165 0.134
54358.137047 z 16.701 0.020
54358.137880 g 18.588 0.010
54373.166651 r 17.439 0.009
54373.167484 i 16.958 0.014
54373.168318 u 21.290 0.182
54373.169151 z 16.676 0.018
54373.169984 g 18.615 0.018
54381.179357 r 17.379 0.005
54381.180191 i 16.939 0.013
54381.181024 u 21.108 0.276
54381.181857 z 16.694 0.020
54381.182691 g 18.611 0.025
54382.176736 r 18.150 0.042
54382.177569 i 17.760 0.044
#54382.178403 u 100.004 99.999
54382.179236 z 17.152 0.028
54382.180069 g 19.877 0.079
54383.182477 r 17.439 0.008
54383.183310 i 16.967 0.012
54383.184144 u 21.051 0.103
54383.184977 z 16.723 0.015
54383.185810 g 18.617 0.011
54386.179490 r 17.432 0.013
54386.180323 i 16.980 0.012
54386.181157 u 21.156 0.098
54386.181990 z 16.670 0.015
54386.182823 g 18.591 0.014
54388.183758 r 17.438 0.008
54388.184591 i 16.969 0.008
54388.185424 u 21.096 0.134
54388.186258 z 16.695 0.013
54388.187091 g 18.630 0.012
54403.097534 r 17.428 0.007
54403.098368 i 16.992 0.020
54403.099201 u 21.263 0.102
54403.100034 z 16.691 0.015
54403.100868 g 18.599 0.011
54406.091364 r 17.417 0.011
54406.092198 i 16.957 0.009
54406.093031 u 21.108 0.092
54406.093864 z 16.676 0.016
54406.094698 g 18.621 0.012
54412.094304 r 17.424 0.006
54412.095137 i 16.972 0.010
54412.095971 u 21.027 0.107
54412.096804 z 16.694 0.016
54412.097637 g 18.610 0.011
54415.131850 r 17.426 0.006
54415.132683 i 16.994 0.011
54415.133516 u 21.191 0.143
54415.134350 z 16.705 0.017
54415.135183 g 18.605 0.016
