52075.333784 r 16.492 0.004
52075.334617 i 16.219 0.004
52075.335451 u 18.665 0.022
52075.336284 z 16.079 0.007
52075.337117 g 17.147 0.005
52197.142434 r 16.500 0.004
52197.143267 i 16.213 0.004
52197.144101 u 18.702 0.019
52197.144934 z 16.080 0.007
52197.145767 g 17.142 0.005
52557.180280 r 16.489 0.004
52557.181113 i 16.216 0.004
52557.181947 u 18.719 0.021
52557.182780 z 16.089 0.007
52557.183613 g 17.148 0.004
52578.076357 r 16.485 0.004
52578.077190 i 16.196 0.004
52578.078024 u 18.732 0.025
52578.078857 z 16.070 0.008
52578.079690 g 17.140 0.004
52929.106584 r 16.485 0.004
52929.107417 i 16.206 0.004
52929.108251 u 18.695 0.019
52929.109084 z 16.063 0.007
52929.109917 g 17.134 0.004
52934.086742 r 16.488 0.004
52934.087575 i 16.209 0.004
52934.088409 u 18.681 0.020
52934.089242 z 16.077 0.007
52934.090075 g 17.132 0.004
52936.082667 r 16.496 0.004
52936.083500 i 16.216 0.004
52936.084334 u 18.709 0.019
52936.085167 z 16.076 0.007
52936.086000 g 17.145 0.005
53243.267877 r 16.493 0.004
53243.268710 i 16.213 0.004
53243.269544 u 18.727 0.028
53243.270377 z 16.060 0.007
53243.271210 g 17.125 0.005
53270.146729 r 16.486 0.010
53270.147563 i 16.218 0.014
53270.148396 u 18.711 0.022
53270.149229 z 16.057 0.014
53270.150063 g 17.131 0.009
53272.196679 r 16.483 0.004
53272.197512 i 16.220 0.004
53272.198346 u 18.707 0.032
53272.199179 z 16.094 0.007
53272.200012 g 17.149 0.005
53288.123883 r 16.489 0.004
53288.124716 i 16.209 0.004
53288.125550 u 18.700 0.022
53288.126383 z 16.083 0.007
53288.127216 g 17.130 0.004
53302.119551 r 16.496 0.005
53302.120384 i 16.212 0.005
53302.121218 u 18.678 0.028
53302.122051 z 16.075 0.008
53302.122884 g 17.146 0.005
53312.075088 r 16.491 0.007
53312.075922 i 16.217 0.008
53312.076755 u 18.685 0.023
53312.077588 z 16.066 0.012
53312.078422 g 17.131 0.009
53314.076278 r 16.483 0.004
53314.077111 i 16.209 0.004
53314.077945 u 18.691 0.020
53314.078778 z 16.068 0.007
53314.079611 g 17.128 0.004
53623.170862 r 16.490 0.004
53623.171695 i 16.208 0.004
53623.172529 u 18.690 0.021
53623.173362 z 16.064 0.007
53623.174195 g 17.139 0.005
53626.157074 r 16.483 0.008
53626.157907 i 16.206 0.008
53626.158741 u 18.691 0.028
53626.159574 z 16.061 0.011
53626.160407 g 17.129 0.009
53628.141941 r 16.494 0.004
53628.142774 i 16.213 0.004
53628.143608 u 18.675 0.038
53628.144441 z 16.071 0.008
53628.145274 g 17.129 0.006
53637.143553 r 16.492 0.004
53637.144386 i 16.213 0.004
53637.145220 u 18.672 0.024
53637.146053 z 16.065 0.008
53637.146886 g 17.140 0.004
53644.135997 r 16.505 0.008
53644.136831 i 16.217 0.008
53644.137664 u 18.710 0.027
53644.138497 z 16.062 0.016
53644.139331 g 17.128 0.012
53654.170623 r 16.491 0.004
53654.171456 i 16.202 0.004
53654.172290 u 18.679 0.025
53654.173123 z 16.075 0.007
53654.173956 g 17.136 0.005
53656.118214 r 16.482 0.004
53656.119047 i 16.217 0.004
53656.119881 u 18.671 0.038
53656.120714 z 16.077 0.008
53656.121547 g 17.128 0.006
53665.109490 r 16.507 0.007
53665.110323 i 16.206 0.007
53665.111157 u 18.623 0.044
53665.111990 z 16.095 0.015
53665.112823 g 17.139 0.007
53668.121125 r 16.490 0.004
53668.121958 i 16.203 0.004
53668.122792 u 18.736 0.023
53668.123625 z 16.064 0.008
53668.124458 g 17.134 0.004
53670.125978 r 16.487 0.004
53670.126811 i 16.210 0.004
53670.127645 u 18.734 0.024
53670.128478 z 16.098 0.008
53670.129311 g 17.133 0.004
53673.093959 r 16.487 0.004
53673.094792 i 16.202 0.004
53673.095626 u 18.680 0.021
53673.096459 z 16.082 0.007
53673.097292 g 17.127 0.004
53675.090847 r 16.488 0.004
53675.091680 i 16.197 0.004
53675.092514 u 18.687 0.021
53675.093347 z 16.068 0.007
53675.094180 g 17.135 0.004
53677.111882 r 16.483 0.004
53677.112715 i 16.216 0.004
53677.113549 u 18.651 0.021
53677.114382 z 16.069 0.007
53677.115215 g 17.137 0.004
53680.098547 r 16.492 0.004
53680.099380 i 16.207 0.004
53680.100214 u 18.691 0.021
53680.101047 z 16.067 0.007
53680.101880 g 17.133 0.004
53693.100450 r 16.476 0.004
53693.101283 i 16.207 0.004
53693.102117 u 18.683 0.028
53693.102950 z 16.078 0.007
53693.103783 g 17.137 0.005
53702.096121 r 16.465 0.007
53702.096955 i 16.193 0.009
53702.097788 u 18.651 0.028
53702.098621 z 16.082 0.016
53702.099455 g 17.107 0.009
53703.105296 r 16.457 0.016
53703.106129 i 16.183 0.018
53703.106962 u 18.688 0.038
53703.107796 z 16.060 0.014
53703.108629 g 17.125 0.006
53704.083778 r 16.479 0.006
53704.084611 i 16.200 0.006
53704.085445 u 18.754 0.026
53704.086278 z 16.064 0.008
53704.087111 g 17.128 0.005
53974.171726 r 16.496 0.008
53974.172559 i 16.209 0.009
53974.173392 u 18.671 0.026
53974.174226 z 16.095 0.015
53974.175059 g 17.154 0.011
53989.179811 r 16.500 0.012
53989.180644 i 16.240 0.012
53989.181478 u 18.676 0.024
53989.182311 z 16.074 0.011
53989.183144 g 17.152 0.012
53995.169074 r 16.488 0.012
53995.169907 i 16.197 0.010
53995.170741 u 18.680 0.022
53995.171574 z 16.075 0.016
53995.172407 g 17.142 0.009
53997.147443 r 16.460 0.010
53997.148277 i 16.223 0.011
53997.149110 u 18.704 0.024
53997.149943 z 16.091 0.016
53997.150777 g 17.130 0.011
54005.119294 r 16.490 0.008
54005.120127 i 16.209 0.008
54005.120960 u 18.705 0.021
54005.121794 z 16.073 0.012
54005.122627 g 17.132 0.009
54007.132047 r 16.473 0.007
54007.132881 i 16.190 0.007
54007.133714 u 18.689 0.023
54007.134547 z 16.080 0.014
54007.135381 g 17.129 0.008
54009.129157 r 16.867 0.032
#54009.129990 i -99.000 0.048
54009.130824 u 18.763 0.025
#54009.131657 z -99.000 0.021
54009.132490 g 17.844 0.049
54011.193648 r 16.496 0.010
54011.194482 i 16.251 0.011
54011.195315 u 18.659 0.027
54011.196148 z 16.042 0.016
54011.196982 g 17.119 0.013
54019.143853 r 16.510 0.006
54019.144687 i 16.262 0.006
54019.145520 u 18.679 0.021
54019.146353 z 16.054 0.011
54019.147187 g 17.140 0.008
54025.192669 r 16.489 0.010
54025.193502 i 16.212 0.009
54025.194336 u 18.713 0.025
54025.195169 z 16.078 0.013
54025.196002 g 17.138 0.010
54029.122998 r 16.501 0.007
54029.123831 i 16.197 0.009
54029.124664 u 18.682 0.023
54029.125498 z 16.072 0.012
54029.126331 g 17.144 0.010
54051.099575 r 16.485 0.010
54051.100408 i 16.195 0.016
54051.101242 u 18.718 0.049
54051.102075 z 16.078 0.029
54051.102908 g 17.137 0.013
54356.201163 r 16.502 0.012
54356.201997 i 16.207 0.013
54356.202830 u 18.693 0.024
54356.203663 z 16.053 0.016
54356.204497 g 17.125 0.011
54358.146223 r 16.506 0.012
54358.147056 i 16.180 0.009
54358.147890 u 18.699 0.033
54358.148723 z 16.071 0.019
54358.149556 g 17.143 0.014
54373.178324 r 16.503 0.012
54373.179158 i 16.210 0.011
54373.179991 u 18.638 0.031
54373.180824 z 16.069 0.019
54373.181658 g 17.127 0.009
54381.191024 r 16.478 0.012
54381.191857 i 16.201 0.011
54381.192690 u 18.721 0.035
54381.193524 z 16.062 0.016
54381.194357 g 17.154 0.012
54382.188432 r 16.470 0.014
54382.189265 i 16.249 0.045
54382.190098 u 18.690 0.035
54382.190932 z 16.026 0.020
#54382.191765 g -99.000 0.056
54383.194159 r 16.498 0.011
54383.194992 i 16.212 0.012
54383.195826 u 18.669 0.025
54383.196659 z 16.087 0.014
54383.197492 g 17.132 0.011
54386.191168 r 16.489 0.008
54386.192001 i 16.237 0.009
54386.192834 u 18.659 0.025
54386.193668 z 16.087 0.017
54386.194501 g 17.138 0.010
54388.195439 r 16.486 0.006
54388.196272 i 16.218 0.009
54388.197106 u 18.686 0.025
54388.197939 z 16.089 0.013
54388.198772 g 17.143 0.008
54403.109218 r 16.502 0.007
54403.110052 i 16.246 0.007
54403.110885 u 18.708 0.025
54403.111718 z 16.085 0.013
54403.112552 g 17.148 0.010
54406.103051 r 16.480 0.011
54406.103885 i 16.216 0.010
54406.104718 u 18.697 0.025
54406.105551 z 16.089 0.014
54406.106385 g 17.135 0.009
54412.105970 r 16.483 0.009
#54412.106803 i -99.000 0.010
54412.107636 u 18.670 0.028
#54412.108470 z -99.000 0.012
54412.109303 g 17.163 0.009
54415.143528 r 16.495 0.008
54415.144361 i 16.211 0.011
54415.145195 u 18.672 0.027
54415.146028 z 16.082 0.017
54415.146861 g 17.154 0.010
