52075.331684 r 19.304 0.015
52075.332517 i 19.205 0.019
52075.333351 u 19.994 0.050
52075.334184 z 19.054 0.047
52075.335017 g 19.510 0.016
52197.140320 r 19.218 0.013
52197.141153 i 19.097 0.016
52197.141987 u 19.761 0.033
52197.142820 z 18.966 0.046
52197.143653 g 19.372 0.012
52557.178173 r 19.011 0.012
52557.179006 i 18.925 0.016
52557.179840 u 19.535 0.035
52557.180673 z 18.702 0.042
52557.181506 g 19.151 0.012
52578.074248 r 19.042 0.012
52578.075081 i 18.991 0.018
52578.075915 u 19.542 0.033
52578.076748 z 18.751 0.051
#52578.077581 g -99.000 0.017
52929.104474 r 18.995 0.011
52929.105307 i 18.923 0.014
52929.106141 u 19.490 0.029
52929.106974 z 18.693 0.035
52929.107807 g 19.186 0.011
52934.084630 r 18.986 0.012
52934.085463 i 18.909 0.015
52934.086297 u 19.556 0.031
52934.087130 z 18.706 0.037
52934.087963 g 19.169 0.012
52936.080557 r 19.014 0.011
52936.081390 i 18.965 0.015
52936.082224 u 19.541 0.029
52936.083057 z 18.695 0.037
52936.083890 g 19.178 0.011
53243.265768 r 19.096 0.017
53243.266601 i 19.020 0.020
53243.267435 u 19.664 0.060
53243.268268 z 18.822 0.046
53243.269101 g 19.334 0.023
53270.144626 r 19.075 0.015
53270.145459 i 19.178 0.020
53270.146293 u 19.626 0.043
53270.147126 z 18.795 0.040
53270.147959 g 19.228 0.020
53272.194569 r 19.076 0.019
53272.195402 i 19.098 0.025
53272.196236 u 19.595 0.075
53272.197069 z 18.877 0.052
53272.197902 g 19.265 0.025
53288.121770 r 19.127 0.013
53288.122603 i 19.033 0.016
53288.123437 u 19.579 0.036
53288.124270 z 18.828 0.043
53288.125103 g 19.236 0.013
53302.117441 r 19.122 0.017
53302.118274 i 18.989 0.017
53302.119108 u 19.632 0.055
53302.119941 z 18.842 0.044
53302.120774 g 19.267 0.020
53312.072997 r 19.144 0.015
53312.073831 i 19.037 0.021
53312.074664 u 19.643 0.037
53312.075497 z 18.810 0.060
53312.076331 g 19.282 0.014
53314.074168 r 19.134 0.014
53314.075001 i 19.047 0.018
53314.075835 u 19.646 0.034
53314.076668 z 18.805 0.050
53314.077501 g 19.303 0.013
53623.168750 r 19.257 0.014
53623.169583 i 19.164 0.018
53623.170417 u 19.702 0.038
53623.171250 z 19.023 0.047
53623.172083 g 19.411 0.015
53626.154963 r 19.211 0.019
53626.155796 i 19.145 0.021
53626.156630 u 19.726 0.055
53626.157463 z 18.975 0.048
53626.158296 g 19.363 0.020
53628.139828 r 19.262 0.027
53628.140661 i 19.129 0.028
53628.141495 u 19.697 0.089
53628.142328 z 18.921 0.064
53628.143161 g 19.381 0.034
53637.141441 r 19.239 0.016
53637.142274 i 19.158 0.021
53637.143108 u 19.718 0.047
53637.143941 z 18.994 0.062
53637.144774 g 19.389 0.015
53644.133886 r 19.250 0.014
53644.134719 i 19.187 0.016
53644.135553 u 19.679 0.032
53644.136386 z 18.977 0.042
53644.137219 g 19.370 0.015
53654.168513 r 19.213 0.018
53654.169346 i 19.121 0.021
53654.170180 u 19.566 0.048
53654.171013 z 18.970 0.062
53654.171846 g 19.353 0.020
53656.116102 r 19.232 0.031
53656.116935 i 19.144 0.031
53656.117769 u 19.874 0.098
53656.118602 z 19.124 0.082
53656.119435 g 19.391 0.031
#53665.107381 r -99.000 0.044
53665.108214 i 19.195 0.055
53665.109048 u 19.680 0.094
53665.109881 z 18.879 0.129
53665.110714 g 19.431 0.032
53668.119014 r 19.227 0.018
53668.119847 i 19.119 0.024
53668.120681 u 19.723 0.046
53668.121514 z 18.899 0.061
53668.122347 g 19.402 0.014
53670.123867 r 19.252 0.015
53670.124700 i 19.123 0.021
53670.125534 u 19.764 0.045
53670.126367 z 18.978 0.065
53670.127200 g 19.405 0.014
53673.091849 r 19.232 0.015
53673.092682 i 19.144 0.019
53673.093516 u 19.760 0.040
53673.094349 z 18.918 0.051
53673.095182 g 19.420 0.014
53675.088737 r 19.257 0.018
53675.089570 i 19.140 0.020
53675.090404 u 19.822 0.041
53675.091237 z 18.903 0.054
53675.092070 g 19.412 0.014
53677.109770 r 19.247 0.015
53677.110603 i 19.140 0.018
53677.111437 u 19.709 0.035
53677.112270 z 19.041 0.044
53677.113103 g 19.433 0.015
53680.096435 r 19.290 0.014
53680.097268 i 19.184 0.016
53680.098102 u 19.830 0.039
53680.098935 z 18.902 0.040
53680.099768 g 19.407 0.014
53693.098340 r 19.243 0.021
53693.099173 i 19.146 0.023
53693.100007 u 19.808 0.062
53693.100840 z 18.877 0.051
53693.101673 g 19.392 0.024
53702.094015 r 19.273 0.024
53702.094848 i 19.222 0.038
53702.095682 u 19.821 0.060
53702.096515 z 18.859 0.077
53702.097348 g 19.409 0.021
53703.103155 r 19.296 0.028
53703.103988 i 19.156 0.040
53703.104822 u 19.636 0.067
53703.105655 z 19.022 0.094
53703.106488 g 19.421 0.025
53704.081668 r 19.253 0.015
53704.082501 i 19.153 0.019
53704.083335 u 19.794 0.044
53704.084168 z 18.953 0.052
53704.085001 g 19.432 0.016
53974.169613 r 19.353 0.014
53974.170446 i 19.297 0.019
53974.171279 u 19.977 0.036
53974.172113 z 19.123 0.046
53974.172946 g 19.559 0.015
53989.159050 r 19.358 0.021
53989.159884 i 19.282 0.021
53989.160717 u 19.874 0.050
53989.161550 z 19.039 0.042
53989.162384 g 19.537 0.019
53989.177707 r 19.345 0.016
#53989.178540 i -99.000 0.022
53989.179374 u 19.976 0.051
53989.180207 z 19.077 0.041
53989.181040 g 19.547 0.018
53995.166960 r 19.374 0.014
53995.167793 i 19.256 0.016
53995.168627 u 19.881 0.034
53995.169460 z 18.950 0.037
53995.170293 g 19.553 0.015
53997.145333 r 19.373 0.015
53997.146167 i 19.286 0.018
53997.147000 u 19.868 0.046
53997.147833 z 19.008 0.056
53997.148667 g 19.500 0.019
54005.117197 r 19.347 0.014
54005.118030 i 19.261 0.019
54005.118863 u 19.868 0.035
54005.119697 z 19.080 0.042
54005.120530 g 19.533 0.015
54007.129936 r 19.358 0.014
54007.130770 i 19.295 0.021
54007.131603 u 19.912 0.041
54007.132436 z 19.005 0.047
54007.133270 g 19.527 0.017
54009.127048 r 19.377 0.019
54009.127882 i 19.262 0.018
54009.128715 u 19.868 0.045
54009.129548 z 19.099 0.047
54009.130382 g 19.513 0.020
54011.191536 r 19.331 0.021
54011.192369 i 19.269 0.022
54011.193203 u 19.923 0.074
54011.194036 z 19.049 0.047
54011.194869 g 19.548 0.028
54019.141746 r 19.364 0.016
54019.142580 i 19.261 0.020
54019.143413 u 19.836 0.039
54019.144246 z 18.949 0.042
54019.145080 g 19.458 0.017
54025.190558 r 19.306 0.015
54025.191391 i 19.215 0.019
54025.192224 u 19.838 0.040
54025.193058 z 18.953 0.047
54025.193891 g 19.482 0.016
54029.120886 r 19.321 0.013
54029.121719 i 19.262 0.016
54029.122552 u 19.860 0.036
54029.123386 z 19.078 0.044
54029.124219 g 19.508 0.016
54051.097490 r 19.369 0.023
54051.098323 i 19.266 0.029
54051.099156 u 19.927 0.076
54051.099990 z 19.273 0.142
#54051.100823 g -99.000 0.052
54356.199056 r 19.157 0.014
54356.199889 i 19.075 0.016
54356.200723 u 19.719 0.037
54356.201556 z 18.875 0.047
54356.202389 g 19.348 0.015
54358.144140 r 19.187 0.016
54358.144973 i 19.037 0.021
54358.145807 u 19.587 0.044
#54358.146640 z -99.000 0.056
54358.147473 g 19.246 0.019
54373.176209 r 19.181 0.015
54373.177042 i 19.098 0.019
54373.177875 u 19.707 0.054
54373.178709 z 18.831 0.045
54373.179542 g 19.378 0.022
54381.188910 r 19.150 0.015
54381.189743 i 19.053 0.022
54381.190576 u 19.698 0.045
54381.191410 z 18.920 0.066
54381.192243 g 19.287 0.015
54382.186305 r 19.190 0.016
54382.187139 i 19.024 0.022
54382.187972 u 19.680 0.064
54382.188805 z 18.883 0.068
54382.189639 g 19.361 0.030
54383.192043 r 19.175 0.017
54383.192877 i 19.048 0.017
54383.193710 u 19.749 0.041
54383.194543 z 18.883 0.047
54383.195377 g 19.362 0.016
54386.189066 r 19.211 0.014
54386.189900 i 19.105 0.015
54386.190733 u 19.704 0.038
54386.191566 z 18.853 0.044
54386.192400 g 19.402 0.018
54388.193330 r 19.181 0.014
54388.194163 i 19.108 0.021
54388.194996 u 19.699 0.043
54388.195830 z 18.925 0.050
54388.196663 g 19.389 0.016
54403.107108 r 19.217 0.012
54403.107941 i 19.090 0.018
54403.108775 u 19.729 0.034
54403.109608 z 18.853 0.039
54403.110441 g 19.402 0.015
54406.100935 r 19.220 0.014
54406.101768 i 19.131 0.021
54406.102602 u 19.775 0.037
54406.103435 z 18.800 0.047
54406.104268 g 19.389 0.016
54412.103880 r 19.213 0.013
54412.104713 i 19.131 0.021
54412.105546 u 19.794 0.043
54412.106380 z 18.817 0.040
54412.107213 g 19.404 0.020
54415.141418 r 19.214 0.013
54415.142252 i 19.114 0.017
54415.143085 u 19.791 0.040
54415.143918 z 18.908 0.041
54415.144752 g 19.370 0.015
