52172.236814 r 18.157 0.007
52172.237647 i 17.980 0.008
52172.238481 u 19.892 0.043
52172.239314 z 17.900 0.020
52172.240147 g 18.668 0.008
52576.098773 r 18.163 0.008
52576.099606 i 17.945 0.009
52576.100440 u 19.789 0.040
52576.101273 z 17.885 0.024
52576.102106 g 18.672 0.008
52577.074007 r 18.466 0.009
52577.074840 i 18.128 0.010
52577.075674 u 19.900 0.046
52577.076507 z 17.860 0.025
52577.077340 g 18.892 0.009
52930.087339 r 18.280 0.008
52930.088172 i 18.149 0.009
52930.089006 u 19.935 0.044
52930.089839 z 17.935 0.022
52930.090672 g 18.747 0.008
52931.088170 r 18.207 0.007
52931.089003 i 18.030 0.009
52931.089837 u 19.832 0.039
52931.090670 z 17.882 0.021
52931.091503 g 18.681 0.008
52935.085133 r 18.391 0.008
52935.085966 i 18.040 0.009
52935.086800 u 19.858 0.042
52935.087633 z 17.864 0.021
52935.088466 g 18.835 0.009
53313.078333 r 18.180 0.008
53313.079166 i 17.944 0.011
53313.080000 u 20.063 0.068
53313.080833 z 17.934 0.032
53313.081666 g 18.675 0.009
53622.187582 r 18.430 0.010
53622.188415 i 18.096 0.010
53622.189249 u 19.905 0.061
53622.190082 z 17.907 0.026
53622.190915 g 18.670 0.009
53625.183547 r 18.174 0.008
53625.184380 i 17.973 0.009
53625.185214 u 19.891 0.048
53625.186047 z 17.901 0.021
53625.186880 g 18.676 0.010
53634.137051 r 18.138 0.011
53634.137884 i 17.953 0.012
53634.138718 u 19.849 0.096
53634.139551 z 17.958 0.031
53634.140384 g 18.655 0.014
53636.142583 r 18.166 0.007
53636.143416 i 18.026 0.009
53636.144250 u 19.995 0.049
53636.145083 z 17.892 0.021
53636.145916 g 18.677 0.008
53645.202251 r 18.167 0.007
53645.203084 i 17.976 0.009
53645.203918 u 19.856 0.047
53645.204751 z 17.865 0.022
53645.205584 g 18.663 0.008
53655.114588 r 18.150 0.009
53655.115421 i 18.019 0.010
53655.116255 u 19.894 0.061
53655.117088 z 17.858 0.022
53655.117921 g 18.659 0.011
53657.202005 r 18.182 0.020
53657.202838 i 17.965 0.017
#53657.203672 u -99.000 0.188
#53657.204505 z -99.000 0.050
53657.205338 g 18.697 0.035
53664.139547 r 18.161 0.009
53664.140380 i 17.929 0.009
53664.141214 u 19.844 0.063
53664.142047 z 17.841 0.023
53664.142880 g 18.637 0.011
53666.103148 r 18.169 0.007
53666.103981 i 17.994 0.009
53666.104815 u 19.910 0.042
53666.105648 z 17.854 0.022
53666.106481 g 18.658 0.008
53669.098787 r 18.159 0.007
53669.099620 i 17.955 0.008
53669.100454 u 19.906 0.041
53669.101287 z 17.865 0.020
53669.102120 g 18.670 0.008
53674.083021 r 18.175 0.008
53674.083854 i 18.022 0.009
53674.084688 u 19.924 0.046
53674.085521 z 17.865 0.022
53674.086354 g 18.660 0.008
53681.135917 r 18.172 0.020
#53681.136750 i -99.000 0.020
53681.137584 u 19.595 0.143
53681.138417 z 17.989 0.112
53681.139250 g 18.627 0.040
53685.094959 r 18.183 0.013
53685.095792 i 17.963 0.016
53685.096626 u 19.821 0.110
53685.097459 z 17.829 0.028
53685.098292 g 18.705 0.020
53687.133310 r 18.187 0.011
53687.134143 i 17.963 0.010
53687.134977 u 19.654 0.095
53687.135810 z 17.876 0.022
53687.136643 g 18.708 0.016
#53694.108853 r -99.000 0.012
#53694.109686 i -99.000 0.013
#53694.110520 u -99.000 0.083
#53694.111353 z -99.000 0.042
53694.112186 g 18.604 0.011
53697.092940 r 18.149 0.025
53697.093773 i 17.972 0.029
53697.094607 u 19.776 0.154
53697.095440 z 17.845 0.073
53697.096273 g 18.671 0.024
53700.091903 r 18.180 0.008
53700.092736 i 17.954 0.009
53700.093570 u 20.056 0.057
53700.094403 z 17.865 0.022
53700.095236 g 18.671 0.008
53705.078572 r 18.167 0.008
53705.079405 i 17.959 0.009
53705.080239 u 19.902 0.054
53705.081072 z 17.876 0.024
53705.081905 g 19.228 0.013
53975.163573 r 18.177 0.010
53975.164406 i 17.940 0.014
53975.165239 u 19.804 0.049
53975.166073 z 17.909 0.030
53975.166906 g 18.671 0.014
53996.170305 r 18.428 0.023
53996.171138 i 18.156 0.019
53996.171972 u 19.948 0.055
53996.172805 z 17.855 0.023
53996.173638 g 18.642 0.012
53998.138949 r 18.157 0.011
53998.139783 i 18.030 0.019
53998.140616 u 19.949 0.040
53998.141449 z 17.903 0.025
53998.142283 g 18.671 0.010
54005.176180 r 18.250 0.010
54005.177014 i 17.965 0.014
54005.177847 u 19.928 0.043
54005.178680 z 17.882 0.022
54005.179514 g 18.701 0.010
54010.124409 r 18.164 0.012
54010.125243 i 17.938 0.012
54010.126076 u 19.876 0.051
54010.126909 z 17.868 0.021
54010.127743 g 18.670 0.016
54020.123221 r 18.324 0.014
54020.124054 i 18.019 0.013
54020.124888 u 19.954 0.049
54020.125721 z 17.899 0.026
54020.126554 g 18.727 0.009
54022.172511 r 18.179 0.009
54022.173345 i 18.049 0.017
54022.174178 u 19.937 0.059
54022.175011 z 17.896 0.029
54022.175845 g 18.676 0.014
54028.113588 r 18.215 0.011
54028.114421 i 17.964 0.013
54028.115254 u 19.992 0.052
54028.116088 z 17.864 0.024
54028.116921 g 18.897 0.021
54030.116776 r 18.177 0.008
54030.117609 i 17.909 0.012
54030.118442 u 19.833 0.040
54030.119276 z 17.847 0.022
54030.120109 g 18.663 0.012
54032.106040 r 18.158 0.012
#54032.106874 i -99.000 0.012
54032.107707 u 20.049 0.068
#54032.108540 z -99.000 0.032
54032.109374 g 18.852 0.020
54034.176296 r 18.175 0.011
54034.177129 i 17.957 0.014
54034.177963 u 19.820 0.073
54034.178796 z 17.903 0.033
54034.179629 g 18.679 0.011
54037.098033 r 18.168 0.011
54037.098866 i 17.934 0.012
54037.099700 u 19.763 0.044
54037.100533 z 17.871 0.024
54037.101366 g 18.670 0.012
54040.112501 r 18.172 0.014
54040.113335 i 17.973 0.017
54040.114168 u 19.869 0.075
54040.115001 z 17.857 0.026
54040.115835 g 18.693 0.018
54050.097127 r 18.188 0.011
54050.097960 i 17.971 0.014
54050.098794 u 19.900 0.051
54050.099627 z 17.851 0.030
54050.100460 g 18.654 0.015
54053.103295 r 18.158 0.010
54053.104128 i 17.942 0.020
54053.104962 u 19.899 0.054
54053.105795 z 17.917 0.029
54053.106628 g 18.658 0.012
#54056.104982 r -99.000 0.019
54056.105815 i 17.885 0.029
54056.106649 u 19.942 0.062
54056.107482 z 17.919 0.035
54056.108315 g 18.698 0.014
54057.073626 r 18.161 0.012
54057.074459 i 18.005 0.014
54057.075293 u 19.991 0.054
54057.076126 z 17.907 0.031
54057.076959 g 19.154 0.047
54059.099243 r 18.222 0.012
54059.100076 i 18.020 0.014
54059.100909 u 20.109 0.079
54059.101743 z 17.874 0.027
54059.102576 g 18.838 0.016
54061.110335 r 18.224 0.014
54061.111168 i 17.954 0.016
54061.112001 u 19.978 0.067
54061.112835 z 17.918 0.031
54061.113668 g 18.671 0.017
54062.104144 r 18.175 0.010
54062.104977 i 17.951 0.016
54062.105811 u 19.908 0.069
54062.106644 z 17.882 0.033
54062.107477 g 18.678 0.011
54068.094130 r 18.140 0.015
54068.094963 i 17.955 0.012
54068.095797 u 19.926 0.141
54068.096630 z 17.823 0.031
54068.097463 g 18.652 0.019
54357.142457 r 18.163 0.013
54357.143291 i 17.948 0.010
54357.144124 u 19.941 0.049
54357.144957 z 17.903 0.024
54357.145791 g 18.659 0.014
54365.140313 r 18.213 0.016
54365.141146 i 17.961 0.015
54365.141979 u 19.950 0.097
54365.142813 z 17.870 0.032
54365.143646 g 18.695 0.018
54385.190264 r 18.181 0.009
54385.191097 i 17.979 0.015
54385.191930 u 19.976 0.053
54385.192764 z 17.840 0.028
54385.193597 g 18.662 0.016
54387.190772 r 18.162 0.010
54387.191605 i 17.963 0.011
54387.192438 u 19.940 0.061
54387.193272 z 17.920 0.028
54387.194105 g 18.673 0.011
54390.193808 r 18.181 0.012
54390.194642 i 18.141 0.018
54390.195475 u 20.320 0.105
54390.196308 z 17.870 0.028
54390.197142 g 18.733 0.017
54392.185504 r 18.182 0.027
54392.186337 i 17.943 0.029
54392.187171 u 19.975 0.110
54392.188004 z 17.880 0.031
54392.188837 g 18.660 0.029
54402.183957 r 18.195 0.016
54402.184790 i 17.953 0.015
54402.185623 u 19.774 0.098
54402.186457 z 17.894 0.027
54402.187290 g 18.657 0.019
