52196.281738 r 18.860 0.011
52196.282571 i 17.444 0.006
52196.283405 u 22.864 0.546
52196.284238 z 16.675 0.010
52196.285071 g 20.234 0.021
52197.294846 r 18.742 0.010
52197.295679 i 17.436 0.007
52197.296513 u 23.445 0.823
52197.297346 z 16.552 0.009
52197.298179 g 20.133 0.019
52225.145043 r 18.961 0.011
52225.145876 i 17.361 0.006
52225.146710 u 23.731 0.767
52225.147543 z 16.778 0.010
52225.148376 g 20.285 0.020
52231.180827 r 18.906 0.011
52231.181660 i 17.524 0.007
52231.182494 u 22.627 0.369
52231.183327 z 16.681 0.009
52231.184160 g 20.209 0.019
52557.288831 r 18.761 0.011
52557.289664 i 17.472 0.006
#52557.290498 u 24.690 1.497
52557.291331 z 16.540 0.009
52557.292164 g 20.122 0.021
52578.184914 r 18.822 0.010
52578.185747 i 17.397 0.006
52578.186581 u 22.673 0.406
52578.187414 z 16.683 0.009
52578.188247 g 20.182 0.018
52936.191222 r 18.851 0.010
52936.192055 i 18.717 0.011
52936.192889 u 23.013 0.526
52936.193722 z 16.856 0.010
52936.194555 g 20.272 0.021
53288.232435 r 18.889 0.010
53288.233268 i 17.512 0.006
53288.234102 u 22.854 0.498
53288.234935 z 16.689 0.009
53288.235768 g 20.256 0.020
53302.228104 r 18.843 0.017
53302.228937 i 17.444 0.007
53302.229771 u 22.286 0.781
53302.230604 z 16.668 0.010
53302.231437 g 20.211 0.052
53623.279409 r 18.907 0.011
53623.280242 i 17.518 0.006
53623.281076 u 22.811 0.583
#53623.281909 z -99.000 0.012
53623.282742 g 20.213 0.023
53626.265622 r 18.866 0.012
53626.266455 i 17.395 0.006
#53626.267289 u 23.433 1.110
53626.268122 z 16.636 0.009
53626.268955 g 20.205 0.030
53639.297480 r 18.773 0.010
53639.298313 i 17.465 0.006
53639.299147 u 22.575 0.481
53639.299980 z 16.571 0.009
53639.300813 g 20.076 0.022
53654.279173 r 18.913 0.011
53654.280006 i 18.402 0.010
53654.280840 u 23.211 0.711
53654.281673 z 16.830 0.011
53654.282506 g 20.243 0.021
53663.240075 r 18.886 0.013
53663.240908 i 17.255 0.006
#53663.241742 u 23.521 1.733
53663.242575 z 16.709 0.009
53663.243408 g 20.192 0.037
53677.220432 r 18.866 0.010
53677.221265 i 18.414 0.009
#53677.222099 u 24.398 1.063
53677.222932 z 16.677 0.009
53677.223765 g 20.300 0.019
53693.208996 r 18.646 0.013
53693.209829 i 17.301 0.006
#53693.210663 u 22.451 1.154
53693.211496 z 16.467 0.009
53693.212329 g 19.994 0.050
53974.284984 r 18.880 0.028
53974.285817 i 18.202 0.479
53974.286651 u 23.234 0.700
53974.287484 z 16.687 0.026
53974.288317 g 20.250 0.030
53989.288377 r 18.839 0.028
53989.289211 i 17.464 0.028
#53989.290044 u 23.057 1.328
53989.290877 z 16.679 0.032
53989.291711 g 20.198 0.047
54007.313987 r 18.861 0.026
54007.314820 i 17.442 0.028
54007.315654 u 23.371 0.985
54007.316487 z 16.702 0.029
54007.317320 g 20.211 0.027
54011.302217 r 18.882 0.029
54011.303051 i 17.470 0.033
54011.303884 u 22.693 0.686
54011.304717 z 16.698 0.033
#54011.305551 g -99.000 0.043
54381.307453 r 18.903 0.028
54381.308287 i 17.489 0.031
54381.309120 u 22.746 0.455
54381.309953 z 16.676 0.029
54381.310787 g 20.335 0.038
54388.304003 r 18.929 0.033
54388.304836 i 18.396 0.795
54388.305670 u 22.762 0.618
54388.306503 z 16.836 0.039
54388.307336 g 20.367 0.040
