51081.270401 r 20.345 0.042
51081.271234 i 20.015 0.045
51081.272068 u 20.669 0.101
51081.272901 z 19.766 0.121
51081.273734 g 20.513 0.032
51467.365545 r 20.173 0.038
51467.366378 i 19.808 0.041
51467.367212 u 20.653 0.114
51467.368045 z 19.625 0.145
51467.368878 g 20.335 0.034
51819.341533 r 20.115 0.025
51819.342366 i 19.739 0.025
51819.343200 u 20.479 0.070
51819.344033 z 19.690 0.090
51819.344866 g 20.268 0.028
52558.306810 r 20.361 0.027
52558.307643 i 19.917 0.024
52558.308477 u 20.834 0.083
52558.309310 z 19.884 0.086
52558.310143 g 20.582 0.026
52577.194308 r 20.326 0.033
52577.195141 i 19.908 0.037
52577.195975 u 20.781 0.094
52577.196808 z 19.946 0.129
52577.197641 g 20.485 0.027
52586.197787 r 20.258 0.036
52586.198620 i 19.896 0.040
52586.199454 u 20.683 0.090
52586.200287 z 19.806 0.146
52586.201120 g 20.507 0.030
52910.278269 r 20.288 0.023
52910.279102 i 19.868 0.024
52910.279936 u 20.798 0.070
52910.280769 z 19.948 0.097
52910.281602 g 20.488 0.023
52931.208469 r 20.224 0.027
52931.209302 i 19.847 0.026
52931.210136 u 20.813 0.084
52931.210969 z 19.767 0.095
52931.211802 g 20.513 0.028
52935.205434 r 20.278 0.030
52935.206267 i 19.863 0.028
52935.207101 u 20.767 0.078
52935.207934 z 19.783 0.095
52935.208767 g 20.429 0.024
52959.148761 r 20.221 0.025
52959.149594 i 19.858 0.024
52959.150428 u 20.664 0.061
52959.151261 z 19.783 0.073
52959.152094 g 20.424 0.022
52963.128505 r 20.218 0.022
52963.129338 i 19.809 0.021
52963.130172 u 20.766 0.061
52963.131005 z 19.762 0.065
52963.131838 g 20.436 0.021
53313.198633 r 19.740 0.026
53313.199466 i 19.540 0.031
53313.200300 u 20.234 0.074
53313.201133 z 19.359 0.099
#53313.201966 g -99.000 0.021
53352.099571 r 19.706 0.017
53352.100404 i 19.506 0.021
53352.101238 u 20.043 0.042
53352.102071 z 19.421 0.065
53352.102904 g 19.866 0.015
53622.307875 r 19.564 0.019
53622.308708 i 19.308 0.022
53622.309542 u 19.977 0.052
53622.310375 z 19.194 0.072
53622.311208 g 19.605 0.016
53634.257346 r 19.608 0.037
53634.258179 i 19.287 0.031
53634.259013 u 19.879 0.132
53634.259846 z 19.209 0.095
53634.260679 g 19.702 0.046
#53636.262878 r -99.000 0.028
53636.263711 i 19.264 0.024
53636.264545 u 19.793 0.089
#53636.265378 z -99.000 0.178
53636.266211 g 19.655 0.058
53638.298679 r 19.523 0.017
53638.299512 i 19.258 0.017
53638.300346 u 19.955 0.050
53638.301179 z 19.172 0.052
53638.302012 g 19.625 0.016
#53640.262715 r -99.000 0.022
#53640.263548 i -99.000 0.047
#53640.264382 u -99.000 0.140
#53640.265215 z -99.000 0.141
53640.266048 g 19.794 0.153
53655.234885 r 19.461 0.034
#53655.235718 i -99.000 0.035
53655.236552 u 19.917 0.120
53655.237385 z 19.204 0.113
53655.238218 g 19.553 0.032
53664.259843 r 19.479 0.028
53664.260676 i 19.229 0.024
#53664.261510 u -99.000 0.080
53664.262343 z 19.158 0.067
53664.263176 g 19.600 0.032
53666.223446 r 19.486 0.016
53666.224279 i 19.228 0.017
53666.225113 u 19.880 0.047
53666.225946 z 19.313 0.064
53666.226779 g 19.577 0.016
53669.219085 r 19.504 0.015
53669.219918 i 19.260 0.018
53669.220752 u 19.848 0.039
53669.221585 z 19.190 0.051
53669.222418 g 19.582 0.013
53671.303861 r 19.519 0.019
53671.304694 i 19.280 0.022
53671.305528 u 19.813 0.059
53671.306361 z 19.118 0.065
53671.307194 g 19.603 0.016
53674.203319 r 19.414 0.018
53674.204152 i 19.240 0.020
53674.204986 u 19.914 0.052
53674.205819 z 19.283 0.063
53674.206652 g 19.587 0.014
53676.292803 r 19.492 0.018
53676.293636 i 19.265 0.018
53676.294470 u 19.855 0.052
53676.295303 z 19.239 0.055
53676.296136 g 19.607 0.015
53679.264692 r 19.475 0.020
53679.265525 i 19.268 0.022
53679.266359 u 19.926 0.056
53679.267192 z 19.220 0.067
53679.268025 g 19.601 0.015
53681.256205 r 19.473 0.016
53681.257038 i 19.233 0.017
53681.257872 u 19.747 0.044
53681.258705 z 19.154 0.053
53681.259538 g 19.599 0.015
53685.215256 r 19.398 0.055
#53685.216089 i -99.000 0.081
53685.216923 u 19.700 0.170
53685.217756 z 18.951 0.129
#53685.218589 g -99.000 0.085
53694.229135 r 19.512 0.048
53694.229968 i 19.226 0.045
#53694.230802 u -99.000 0.163
53694.231635 z 19.672 0.196
53694.232468 g 19.678 0.063
53697.213227 r 19.515 0.031
53697.214060 i 19.210 0.028
53697.214894 u 19.784 0.071
53697.215727 z 19.192 0.079
53697.216560 g 19.699 0.027
53700.212187 r 19.455 0.019
53700.213020 i 19.224 0.020
53700.213854 u 19.933 0.055
53700.214687 z 19.166 0.067
53700.215520 g 19.573 0.014
53705.198856 r 19.479 0.016
53705.199689 i 19.205 0.017
53705.200523 u 19.898 0.048
53705.201356 z 19.035 0.047
53705.202189 g 19.614 0.015
53975.283865 r 19.573 0.021
53975.284698 i 19.311 0.023
53975.285531 u 20.025 0.051
53975.286365 z 19.243 0.063
53975.287198 g 19.707 0.035
53994.306848 r 19.589 0.021
53994.307681 i 19.312 0.017
53994.308514 u 19.962 0.037
53994.309348 z 19.254 0.049
53994.310181 g 19.682 0.016
53996.290581 r 19.604 0.023
53996.291415 i 19.266 0.030
53996.292248 u 19.982 0.045
53996.293081 z 19.294 0.065
53996.293915 g 19.704 0.023
53998.259217 r 19.595 0.019
53998.260050 i 19.310 0.023
53998.260883 u 20.017 0.039
53998.261717 z 19.246 0.043
53998.262550 g 19.778 0.030
54005.289450 r 19.595 0.017
54005.290283 i 19.308 0.017
54005.291116 u 19.967 0.040
54005.291950 z 19.274 0.045
54005.292783 g 19.751 0.021
54010.244700 r 19.604 0.023
54010.245533 i 19.297 0.023
54010.246366 u 20.029 0.055
54010.247200 z 19.205 0.043
54010.248033 g 19.801 0.021
54012.237582 r 19.574 0.026
54012.238415 i 19.293 0.022
54012.239248 u 20.033 0.089
54012.240082 z 19.155 0.047
54012.240915 g 19.697 0.029
54020.243540 r 19.632 0.025
54020.244373 i 19.308 0.020
54020.245206 u 20.078 0.055
54020.246040 z 19.170 0.061
54020.246873 g 19.713 0.028
54024.325125 r 19.571 0.021
54024.325958 i 19.317 0.025
54024.326791 u 20.117 0.066
54024.327625 z 19.349 0.081
54024.328458 g 19.740 0.020
54028.233933 r 19.621 0.021
54028.234766 i 19.280 0.022
54028.235599 u 20.091 0.095
54028.236433 z 19.225 0.053
54028.237266 g 19.734 0.032
54030.237107 r 19.606 0.022
54030.237941 i 19.280 0.022
54030.238774 u 20.074 0.043
54030.239607 z 19.189 0.042
54030.240441 g 19.774 0.019
54035.312858 r 19.617 0.030
54035.313691 i 19.285 0.026
54035.314524 u 20.258 0.081
54035.315358 z 19.145 0.072
54035.316191 g 19.763 0.020
54037.218315 r 19.561 0.023
54037.219148 i 19.342 0.024
54037.219982 u 20.073 0.050
54037.220815 z 19.310 0.063
54037.221648 g 19.765 0.024
54040.232813 r 19.565 0.027
54040.233646 i 19.324 0.025
54040.234479 u 20.136 0.095
54040.235313 z 19.329 0.067
54040.236146 g 19.726 0.033
#54047.263377 r -99.000 0.121
54047.264211 i 19.404 0.064
54047.265044 u 20.369 0.259
54047.265877 z 19.163 0.085
54047.266711 g 19.691 0.077
54049.259254 r 19.641 0.026
54049.260088 i 19.269 0.026
54049.260921 u 20.050 0.105
54049.261754 z 19.191 0.071
54049.262588 g 19.717 0.032
54053.223624 r 19.603 0.019
54053.224458 i 19.345 0.023
54053.225291 u 20.118 0.050
54053.226124 z 19.295 0.059
54053.226958 g 19.755 0.016
54056.225263 r 19.610 0.024
54056.226096 i 19.339 0.025
54056.226929 u 20.247 0.083
54056.227763 z 19.417 0.095
54056.228596 g 19.752 0.027
54059.219547 r 19.635 0.024
54059.220380 i 19.327 0.024
54059.221213 u 19.994 0.068
#54059.222047 z -99.000 0.119
54059.222880 g 19.711 0.038
54062.224680 r 19.578 0.026
54062.225513 i 19.283 0.028
54062.226347 u 20.080 0.100
54062.227180 z 19.174 0.083
54062.228013 g 19.743 0.021
54357.262760 r 19.527 0.036
54357.263594 i 19.202 0.021
54357.264427 u 19.834 0.041
54357.265260 z 19.265 0.054
54357.266094 g 19.610 0.030
#54362.312542 r -99.000 0.049
#54362.313375 i -99.000 0.043
54362.314209 u 19.829 0.061
#54362.315042 z -99.000 0.149
#54362.315875 g -99.000 0.033
54382.292805 r 19.438 0.031
54382.293638 i 19.207 0.023
54382.294471 u 19.780 0.052
54382.295305 z 19.054 0.065
54382.296138 g 19.583 0.020
54385.310586 r 19.421 0.018
54385.311420 i 19.202 0.031
#54385.312253 u -99.000 0.044
54385.313086 z 19.153 0.049
54385.313920 g 19.594 0.023
54387.311077 r 19.479 0.038
54387.311910 i 19.269 0.023
54387.312743 u 19.870 0.048
54387.313577 z 19.093 0.058
54387.314410 g 19.564 0.033
54392.305827 r 19.442 0.023
54392.306660 i 19.212 0.023
54392.307494 u 19.788 0.046
54392.308327 z 19.136 0.051
54392.309160 g 19.551 0.026
54402.304243 r 19.395 0.024
54402.305076 i 19.267 0.025
54402.305909 u 19.957 0.112
54402.306743 z 19.225 0.063
54402.307576 g 19.647 0.034
