52075.322578 r 17.750 0.006
52075.323411 i 17.506 0.007
52075.324245 u 20.903 0.117
52075.325078 z 17.256 0.016
52075.325911 g 18.603 0.008
52197.131215 r 17.739 0.006
52197.132048 i 17.412 0.007
52197.132882 u 20.661 0.067
52197.133715 z 17.259 0.015
52197.134548 g 18.627 0.008
52557.169063 r 17.822 0.006
52557.169896 i 17.557 0.007
52557.170730 u 20.666 0.096
52557.171563 z 17.238 0.015
52557.172396 g 18.732 0.009
52934.075523 r 17.739 0.006
52934.076356 i 17.465 0.007
52934.077190 u 20.682 0.076
52934.078023 z 17.248 0.015
52934.078856 g 18.655 0.008
53243.256660 r 17.865 0.008
53243.257493 i 17.407 0.007
53243.258327 u 20.685 0.166
53243.259160 z 17.248 0.018
53243.259993 g 18.617 0.015
53270.135543 r 17.806 0.017
#53270.136376 i -99.000 0.009
53270.137210 u 20.593 0.087
53270.138043 z 17.256 0.018
53270.138876 g 18.600 0.013
53288.112665 r 17.926 0.007
53288.113498 i 17.420 0.006
53288.114332 u 20.575 0.090
53288.115165 z 17.325 0.017
53288.115998 g 18.789 0.009
53302.108333 r 17.742 0.007
53302.109166 i 17.467 0.007
53302.110000 u 20.718 0.174
53302.110833 z 17.226 0.014
53302.111666 g 18.597 0.011
53312.063862 r 17.983 0.166
53312.064696 i 17.836 0.084
53312.065529 u 20.854 0.159
53312.066362 z 17.266 0.026
53312.067196 g 19.049 0.194
53314.065061 r 17.725 0.006
53314.065894 i 17.445 0.007
53314.066728 u 20.653 0.077
53314.067561 z 17.218 0.015
53314.068394 g 18.579 0.008
53626.145856 r 17.756 0.007
53626.146689 i 17.440 0.007
53626.147523 u 20.627 0.116
53626.148356 z 17.250 0.015
53626.149189 g 18.614 0.011
53628.130721 r 17.729 0.008
53628.131554 i 17.428 0.008
53628.132388 u 20.595 0.203
53628.133221 z 17.262 0.018
53628.134054 g 18.709 0.017
53637.132332 r 17.836 0.007
53637.133165 i 17.587 0.007
53637.133999 u 20.722 0.140
53637.134832 z 17.281 0.018
53637.135665 g 18.792 0.011
53644.124793 r 17.740 0.019
53644.125626 i 17.391 0.017
53644.126460 u 20.872 0.087
53644.127293 z 17.219 0.017
53644.128126 g 18.641 0.017
#53649.119403 r -99.000 0.017
53649.120236 i 17.432 0.014
#53649.121070 u -99.000 0.409
#53649.121903 z -99.000 0.061
#53649.122736 g -99.000 0.034
#53665.098273 r -99.000 0.018
#53665.099106 i -99.000 0.018
53665.099940 u 20.339 0.261
#53665.100773 z -99.000 0.048
#53665.101606 g -99.000 0.016
53668.109905 r 17.759 0.007
53668.110738 i 17.419 0.008
53668.111572 u 20.724 0.133
#53668.112405 z -99.000 0.026
53668.113238 g 18.596 0.010
53673.082739 r 17.874 0.007
53673.083572 i 17.580 0.007
53673.084406 u 20.749 0.091
53673.085239 z 17.258 0.015
53673.086072 g 18.667 0.009
53677.100661 r 17.765 0.007
53677.101494 i 17.448 0.007
53677.102328 u 20.772 0.076
53677.103161 z 17.242 0.014
53677.103994 g 18.624 0.008
53693.089232 r 17.770 0.007
53693.090065 i 17.440 0.006
53693.090899 u 20.538 0.098
53693.091732 z 17.253 0.015
53693.092565 g 18.780 0.012
53702.084910 r 17.785 0.187
53702.085744 i 17.434 0.202
53702.086577 u 20.591 0.114
#53702.087410 z -99.000 0.060
53702.088244 g 18.551 0.274
53703.094036 r 17.958 0.096
53703.094869 i 17.631 0.031
53703.095703 u 20.879 0.201
53703.096536 z 17.195 0.025
53703.097369 g 18.789 0.125
53704.072561 r 17.831 0.007
53704.073394 i 17.447 0.006
53704.074228 u 20.767 0.126
53704.075061 z 17.269 0.016
53704.075894 g 18.671 0.009
53974.160525 r 17.751 0.019
53974.161358 i 17.511 0.011
53974.162191 u 20.658 0.078
53974.163025 z 17.241 0.017
53974.163858 g 18.647 0.017
53989.149935 r 17.733 0.018
53989.150769 i 17.416 0.021
53989.151602 u 20.622 0.083
53989.152435 z 17.261 0.021
53989.153269 g 18.584 0.011
53995.157854 r 17.792 0.012
53995.158688 i 17.460 0.014
53995.159521 u 20.588 0.061
53995.160354 z 17.291 0.017
53995.161188 g 18.625 0.010
53997.136227 r 17.772 0.029
53997.137060 i 17.461 0.053
53997.137893 u 20.461 0.858
53997.138727 z 17.277 0.023
53997.139560 g 18.632 0.275
54005.108077 r 17.745 0.008
54005.108910 i 17.419 0.010
54005.109743 u 20.618 0.070
54005.110577 z 17.262 0.017
54005.111410 g 18.580 0.012
54007.120826 r 17.747 0.016
54007.121660 i 17.495 0.012
54007.122493 u 21.231 0.205
54007.123326 z 17.246 0.019
54007.124160 g 18.617 0.022
54009.117946 r 17.755 0.009
54009.118779 i 17.426 0.007
54009.119613 u 20.765 0.099
54009.120446 z 17.247 0.021
54009.121279 g 18.592 0.011
54011.182427 r 17.723 0.011
54011.183261 i 17.429 0.011
54011.184094 u 20.551 0.119
54011.184927 z 17.265 0.022
54011.185761 g 18.580 0.016
54019.132638 r 17.897 0.167
54019.133471 i 17.563 0.065
54019.134304 u 20.811 0.697
54019.135138 z 17.242 0.020
54019.135971 g 18.750 0.181
54025.181548 r 17.774 0.041
54025.182381 i 17.440 0.010
54025.183214 u 20.701 0.099
54025.184048 z 17.239 0.194
54025.184881 g 18.595 0.183
54029.111784 r 17.754 0.009
54029.112617 i 17.479 0.008
54029.113451 u 20.644 0.070
54029.114284 z 17.228 0.017
54029.115117 g 18.612 0.172
#54051.088356 r -99.000 0.029
#54051.089189 i -99.000 0.022
54051.090022 u 20.294 0.220
#54051.090856 z -99.000 0.050
#54051.091689 g -99.000 0.027
54356.189951 r 17.779 0.019
54356.190785 i 17.442 0.018
54356.191618 u 20.580 0.075
54356.192451 z 17.242 0.019
54356.193285 g 18.636 0.028
54358.135017 r 17.830 0.087
54358.135850 i 17.531 0.033
54358.136683 u 20.840 0.136
54358.137517 z 17.269 0.024
54358.138350 g 18.649 0.018
54373.167122 r 17.760 0.148
54373.167956 i 17.410 0.015
54373.168789 u 20.579 0.313
54373.169622 z 17.226 0.020
54373.170456 g 18.634 0.022
54381.179799 r 17.733 0.174
54381.180633 i 17.551 0.094
54381.181466 u 20.683 0.135
54381.182299 z 17.287 0.026
54381.183133 g 18.639 0.170
54382.177204 r 17.856 0.161
54382.178037 i 17.410 0.180
54382.178871 u 20.506 0.118
54382.179704 z 17.209 0.033
54382.180537 g 18.623 0.228
54383.182941 r 17.852 0.010
54383.183774 i 17.515 0.016
54383.184608 u 20.446 0.077
54383.185441 z 17.261 0.020
54383.186274 g 18.653 0.534
54386.179951 r 17.754 0.007
#54386.180784 i -99.000 0.005
54386.181618 u 20.688 0.078
54386.182451 z 17.271 0.017
54386.183284 g 18.577 0.013
54388.184218 r 17.833 0.018
54388.185052 i 17.463 0.015
54388.185885 u 20.708 0.113
54388.186718 z 17.270 0.019
54388.187552 g 18.624 0.028
54403.097998 r 17.759 0.016
54403.098831 i 17.427 0.006
54403.099664 u 20.776 0.079
54403.100498 z 17.231 0.017
54403.101331 g 18.638 0.015
54406.091825 r 17.731 0.021
54406.092658 i 17.379 0.054
54406.093491 u 20.561 0.077
54406.094325 z 17.266 0.020
54406.095158 g 18.596 0.029
54412.094753 r 17.727 0.019
54412.095587 i 17.422 0.012
54412.096420 u 20.691 0.092
54412.097253 z 17.236 0.018
54412.098087 g 18.629 0.031
