51075.276257 r 20.492 0.037
51075.277090 i 20.079 0.044
51075.277924 u 21.172 0.118
51075.278757 z 20.451 0.276
51075.279590 g 20.743 0.033
52196.276765 r 20.664 0.041
52196.277598 i 20.199 0.042
52196.278432 u 21.588 0.177
52196.279265 z 20.931 0.376
52196.280098 g 20.817 0.032
52197.289867 r 20.650 0.034
52197.290700 i 20.343 0.037
52197.291534 u 21.540 0.134
52197.292367 z 20.112 0.137
52197.293200 g 20.911 0.032
52225.140068 r 20.693 0.037
52225.140901 i 20.357 0.040
52225.141735 u 21.375 0.118
52225.142568 z 20.327 0.163
52225.143401 g 20.982 0.032
52231.175852 r 20.657 0.033
52231.176685 i 20.360 0.036
52231.177519 u 21.287 0.112
52231.178352 z 20.270 0.147
52231.179185 g 20.883 0.031
52253.162025 r 20.734 0.053
52253.162858 i 20.375 0.048
52253.163692 u 21.425 0.226
52253.164525 z 20.168 0.188
52253.165358 g 20.941 0.049
52557.283855 r 20.253 0.031
52557.284688 i 20.117 0.040
52557.285522 u 20.776 0.100
52557.286355 z 20.409 0.223
52557.287188 g 20.492 0.027
52578.179937 r 20.381 0.030
52578.180770 i 19.982 0.031
52578.181604 u 20.788 0.080
52578.182437 z 20.047 0.127
52578.183270 g 20.493 0.022
52908.258422 r 20.181 0.026
52908.259255 i 19.937 0.029
52908.260089 u 20.761 0.087
52908.260922 z 19.843 0.122
52908.261755 g 20.320 0.021
52911.272207 r 20.228 0.026
52911.273040 i 20.006 0.030
52911.273874 u 20.659 0.081
52911.274707 z 20.039 0.144
52911.275540 g 20.372 0.022
52930.149580 r 20.199 0.023
52930.150413 i 19.924 0.026
52930.151247 u 20.725 0.081
52930.152080 z 19.885 0.112
52930.152913 g 20.410 0.022
52934.190322 r 20.326 0.033
52934.191155 i 20.037 0.037
52934.191989 u 20.796 0.102
52934.192822 z 19.890 0.141
52934.193655 g 20.432 0.025
52936.186247 r 20.160 0.023
52936.187080 i 19.952 0.028
52936.187914 u 20.781 0.079
52936.188747 z 19.776 0.096
52936.189580 g 20.474 0.022
52962.111769 r 20.272 0.030
52962.112602 i 19.985 0.032
52962.113436 u 20.922 0.099
52962.114269 z 19.789 0.123
52962.115102 g 20.526 0.027
53270.250308 r 20.167 0.023
53270.251141 i 19.878 0.028
53270.251974 u 20.649 0.082
53270.252808 z 19.819 0.112
53270.253641 g 20.307 0.024
53272.300253 r 20.006 0.038
53272.301086 i 19.761 0.033
53272.301920 u 20.824 0.183
53272.302753 z 19.605 0.114
53272.303586 g 20.268 0.042
53286.268971 r 20.032 0.035
53286.269804 i 19.822 0.038
53286.270638 u 20.556 0.103
53286.271471 z 19.842 0.146
53286.272304 g 20.254 0.027
53288.227461 r 20.155 0.022
53288.228294 i 19.859 0.023
53288.229128 u 20.626 0.071
53288.229961 z 19.816 0.090
53288.230794 g 20.331 0.019
53294.254788 r 20.096 0.029
53294.255621 i 19.870 0.034
53294.256454 u 20.582 0.085
53294.257288 z 19.820 0.128
53294.258121 g 20.317 0.024
53312.178661 r 20.134 0.029
53312.179494 i 19.830 0.031
53312.180327 u 20.630 0.079
53312.181161 z 20.096 0.152
53312.181994 g 20.286 0.027
53314.179857 r 20.160 0.026
53314.180690 i 19.832 0.028
53314.181524 u 20.631 0.079
53314.182357 z 19.742 0.118
53314.183190 g 20.301 0.021
53616.284223 r 20.090 0.028
53616.285056 i 19.909 0.086
53616.285890 u 20.671 0.168
53616.286723 z 19.876 0.167
53616.287556 g 20.229 0.025
53623.274434 r 20.021 0.024
53623.275267 i 19.789 0.027
53623.276101 u 20.426 0.073
53623.276934 z 19.767 0.116
53623.277767 g 20.222 0.023
53626.260648 r 20.067 0.030
53626.261481 i 19.765 0.029
53626.262315 u 20.617 0.100
53626.263148 z 19.725 0.104
53626.263981 g 20.222 0.031
53628.245512 r 20.035 0.041
53628.246345 i 19.805 0.040
53628.247179 u 20.712 0.208
53628.248012 z 20.034 0.175
53628.248845 g 20.224 0.056
53637.247128 r 20.022 0.034
53637.247961 i 19.859 0.043
53637.248795 u 20.680 0.138
53637.249628 z 19.657 0.151
53637.250461 g 20.258 0.036
53639.292504 r 20.095 0.022
53639.293337 i 19.850 0.025
53639.294171 u 20.866 0.099
53639.295004 z 19.912 0.115
53639.295837 g 20.245 0.022
53644.239582 r 20.093 0.023
53644.240415 i 19.781 0.024
53644.241248 u 20.664 0.068
53644.242082 z 19.670 0.065
53644.242915 g 20.265 0.027
53654.274197 r 20.094 0.024
53654.275030 i 19.820 0.027
53654.275864 u 20.641 0.082
53654.276697 z 19.479 0.087
53654.277530 g 20.258 0.020
53656.221791 r 20.119 0.067
53656.222624 i 19.831 0.055
53656.223458 u 20.862 0.308
53656.224291 z 19.668 0.158
53656.225124 g 20.279 0.083
53663.235100 r 20.041 0.030
53663.235933 i 19.805 0.027
53663.236767 u 20.665 0.138
53663.237600 z 19.684 0.087
53663.238433 g 20.224 0.035
53668.224700 r 20.093 0.028
53668.225533 i 19.854 0.039
53668.226367 u 20.579 0.099
53668.227200 z 19.390 0.110
53668.228033 g 20.234 0.024
53670.229553 r 20.054 0.022
53670.230386 i 19.786 0.026
53670.231220 u 20.596 0.077
53670.232053 z 19.845 0.116
53670.232886 g 20.251 0.020
53673.197537 r 20.081 0.026
53673.198370 i 19.798 0.030
53673.199204 u 20.670 0.103
53673.200037 z 19.763 0.132
53673.200870 g 20.252 0.022
53675.194425 r 20.016 0.031
53675.195258 i 19.689 0.034
53675.196092 u 20.427 0.083
53675.196925 z 19.836 0.157
53675.197758 g 20.179 0.023
53677.215457 r 20.039 0.022
53677.216290 i 19.787 0.023
53677.217124 u 20.709 0.079
53677.217957 z 19.820 0.093
53677.218790 g 20.241 0.019
53680.202123 r 20.065 0.026
53680.202956 i 19.814 0.027
53680.203790 u 20.740 0.084
53680.204623 z 19.811 0.099
53680.205456 g 20.248 0.020
53693.204021 r 20.026 0.034
53693.204854 i 19.785 0.030
53693.205688 u 20.728 0.186
53693.206521 z 19.826 0.114
53693.207354 g 20.212 0.042
53704.187345 r 20.075 0.024
53704.188178 i 19.786 0.026
53704.189012 u 20.579 0.087
53704.189845 z 19.817 0.118
53704.190678 g 20.243 0.021
53974.280004 r 19.942 0.024
53974.280837 i 19.646 0.020
53974.281670 u 20.471 0.059
53974.282504 z 19.614 0.071
53974.283337 g 20.054 0.018
53989.283439 r 19.939 0.031
53989.284272 i 19.695 0.030
53989.285106 u 20.456 0.117
53989.285939 z 19.688 0.086
53989.286772 g 20.046 0.035
#53997.379365 r -99.000 0.023
53997.380198 i 19.725 0.029
53997.381032 u 20.484 0.079
#53997.381865 z -99.000 0.094
#53997.382698 g -99.000 0.021
54007.308985 r 19.984 0.024
54007.309818 i 19.678 0.025
54007.310652 u 20.424 0.072
54007.311485 z 19.667 0.102
54007.312318 g 20.134 0.024
54009.232773 r 19.976 0.023
54009.233607 i 19.669 0.024
54009.234440 u 20.553 0.076
54009.235273 z 19.644 0.080
54009.236107 g 20.104 0.024
54011.297220 r 20.015 0.027
54011.298054 i 19.702 0.025
54011.298887 u 20.601 0.093
54011.299720 z 19.599 0.069
54011.300554 g 20.191 0.032
54019.247522 r 19.986 0.030
54019.248356 i 19.728 0.034
54019.249189 u 20.591 0.164
54019.250022 z 19.605 0.128
54019.250856 g 20.078 0.039
54025.296250 r 20.007 0.031
54025.297083 i 19.658 0.052
54025.297917 u 20.363 0.093
54025.298750 z 19.592 0.121
54025.299583 g 20.209 0.027
54029.226584 r 19.981 0.028
54029.227417 i 19.749 0.034
54029.228251 u 20.604 0.076
54029.229084 z 19.699 0.088
54029.229917 g 20.164 0.022
54348.294003 r 19.983 0.028
54348.294837 i 19.708 0.031
54348.295670 u 20.376 0.075
54348.296503 z 19.552 0.097
54348.297337 g 20.098 0.026
54358.249850 r 19.905 0.028
54358.250683 i 19.662 0.029
54358.251517 u 20.425 0.086
54358.252350 z 19.699 0.113
54358.253183 g 20.138 0.030
54373.357142 r 19.941 0.049
54373.357975 i 19.692 0.038
54373.358809 u 20.792 0.259
54373.359642 z 19.493 0.114
54373.360475 g 20.230 0.063
54381.302477 r 19.974 0.027
54381.303311 i 19.672 0.025
54381.304144 u 20.634 0.075
54381.304977 z 19.754 0.102
54381.305811 g 20.184 0.022
54386.294753 r 20.006 0.022
54386.295586 i 19.676 0.027
54386.296420 u 20.564 0.074
54386.297253 z 19.574 0.091
54386.298086 g 20.206 0.033
54388.299034 r 19.914 0.023
54388.299867 i 19.708 0.023
54388.300701 u 20.696 0.086
54388.301534 z 19.698 0.089
54388.302367 g 20.121 0.022
54403.212809 r 20.017 0.031
54403.213642 i 19.741 0.033
54403.214475 u 20.689 0.127
54403.215309 z 19.707 0.101
54403.216142 g 20.168 0.034
54404.270350 r 19.961 0.026
54404.271184 i 19.699 0.024
54404.272017 u 20.751 0.121
54404.272850 z 19.758 0.092
54404.273684 g 20.278 0.035
54405.268320 r 19.996 0.028
54405.269153 i 19.717 0.029
54405.269986 u 20.496 0.084
54405.270820 z 19.737 0.119
54405.271653 g 20.193 0.029
54406.206621 r 20.007 0.030
54406.207454 i 19.651 0.030
54406.208287 u 20.514 0.077
54406.209121 z 19.676 0.108
54406.209954 g 20.175 0.023
54412.209564 r 20.010 0.022
54412.210397 i 19.758 0.026
54412.211230 u 20.556 0.078
54412.212064 z 19.647 0.086
54412.212897 g 20.173 0.023
