52172.239533 r 17.619 0.006
52172.240366 i 17.437 0.007
52172.241200 u 19.218 0.027
52172.242033 z 17.363 0.014
52172.242866 g 18.059 0.007
52576.101495 r 17.616 0.006
52576.102328 i 17.447 0.007
52576.103162 u 19.206 0.025
52576.103995 z 17.373 0.015
52576.104828 g 18.078 0.006
52577.076729 r 17.622 0.006
52577.077562 i 17.429 0.007
52577.078396 u 19.207 0.026
52577.079229 z 17.347 0.015
52577.080062 g 18.067 0.006
52930.090060 r 17.620 0.006
52930.090893 i 17.425 0.007
52930.091727 u 19.193 0.027
52930.092560 z 17.362 0.014
52930.093393 g 18.062 0.006
52931.090890 r 17.628 0.006
52931.091723 i 17.443 0.007
52931.092557 u 19.215 0.025
52931.093390 z 17.384 0.013
52931.094223 g 18.064 0.006
52935.087854 r 17.621 0.006
52935.088687 i 17.453 0.007
52935.089521 u 19.250 0.025
52935.090354 z 17.366 0.013
52935.091187 g 18.067 0.006
53313.081055 r 17.615 0.006
53313.081888 i 17.433 0.007
53313.082722 u 19.261 0.030
53313.083555 z 17.372 0.016
53313.084388 g 18.069 0.006
53622.190303 r 17.616 0.006
53622.191136 i 17.430 0.007
53622.191970 u 19.208 0.031
53622.192803 z 17.428 0.017
53622.193636 g 18.105 0.007
53625.186267 r 17.629 0.006
53625.187100 i 17.438 0.007
53625.187934 u 19.220 0.028
53625.188767 z 17.349 0.013
53625.189600 g 18.068 0.007
53634.139771 r 17.607 0.007
53634.140604 i 17.425 0.008
53634.141438 u 19.141 0.045
53634.142271 z 17.397 0.020
53634.143104 g 18.079 0.010
53636.145303 r 17.618 0.006
53636.146136 i 17.434 0.007
53636.146970 u 19.176 0.026
53636.147803 z 17.350 0.013
53636.148636 g 18.077 0.006
53645.204971 r 17.627 0.007
53645.205804 i 17.437 0.007
53645.206638 u 19.204 0.029
53645.207471 z 17.383 0.014
53645.208304 g 18.074 0.007
53655.117308 r 17.617 0.007
53655.118141 i 17.449 0.007
53655.118975 u 19.205 0.036
53655.119808 z 17.373 0.015
53655.120641 g 18.055 0.009
53657.204725 r 17.743 0.016
#53657.205558 i -99.000 0.013
53657.206392 u 19.330 0.151
#53657.207225 z -99.000 0.028
53657.208058 g 18.092 0.021
53664.142268 r 17.613 0.006
53664.143101 i 17.445 0.007
53664.143935 u 19.239 0.036
53664.144768 z 17.372 0.015
53664.145601 g 18.062 0.008
53666.105867 r 17.613 0.006
53666.106700 i 17.439 0.007
53666.107534 u 19.236 0.026
53666.108367 z 17.369 0.015
53666.109200 g 18.059 0.007
53669.101506 r 17.624 0.006
53669.102339 i 17.423 0.007
53669.103173 u 19.302 0.026
53669.104006 z 17.385 0.013
53669.104839 g 18.060 0.007
53674.085741 r 17.616 0.006
53674.086574 i 17.437 0.007
53674.087408 u 19.190 0.026
53674.088241 z 17.388 0.015
53674.089074 g 18.068 0.006
#53676.175247 r -99.000 0.009
#53676.176080 i -99.000 0.007
#53676.176914 u -99.000 0.028
#53676.177747 z -99.000 0.013
#53676.178580 g -99.000 0.007
53681.138636 r 17.653 0.021
53681.139469 i 17.403 0.029
53681.140303 u 19.196 0.126
53681.141136 z 17.354 0.046
53681.141969 g 18.062 0.022
53685.097680 r 17.599 0.008
53685.098513 i 17.437 0.009
53685.099347 u 19.309 0.068
53685.100180 z 17.431 0.019
53685.101013 g 18.095 0.012
53687.136031 r 17.621 0.007
53687.136864 i 17.430 0.008
53687.137698 u 19.393 0.069
53687.138531 z 17.383 0.015
53687.139364 g 18.076 0.011
53694.111573 r 17.674 0.008
53694.112406 i 17.438 0.009
53694.113240 u 19.178 0.049
53694.114073 z 17.371 0.025
#53694.114906 g -99.000 0.009
53697.095660 r 17.602 0.016
53697.096493 i 17.486 0.020
53697.097327 u 19.315 0.105
53697.098160 z 17.357 0.057
53697.098993 g 18.062 0.021
53700.094623 r 17.618 0.006
53700.095456 i 17.451 0.007
53700.096290 u 19.264 0.031
53700.097123 z 17.364 0.015
53700.097956 g 18.073 0.007
53705.081292 r 17.610 0.006
53705.082125 i 17.445 0.007
53705.082959 u 19.235 0.030
53705.083792 z 17.384 0.014
53705.084625 g 18.058 0.006
53975.166284 r 17.629 0.008
53975.167118 i 17.435 0.018
53975.167951 u 19.253 0.027
53975.168784 z 17.380 0.019
53975.169618 g 18.071 0.016
53996.173012 r 17.617 0.007
53996.173845 i 17.457 0.008
53996.174679 u 19.260 0.028
53996.175512 z 17.367 0.019
53996.176345 g 18.055 0.013
53998.141636 r 17.584 0.012
53998.142470 i 17.433 0.011
53998.143303 u 19.226 0.028
53998.144136 z 17.374 0.019
53998.144970 g 18.064 0.012
54005.178897 r 17.625 0.008
54005.179731 i 17.441 0.009
54005.180564 u 19.231 0.025
54005.181397 z 17.384 0.016
54005.182231 g 18.067 0.011
54010.127116 r 17.628 0.008
54010.127950 i 17.436 0.012
54010.128783 u 19.247 0.030
54010.129616 z 17.377 0.015
54010.130450 g 18.081 0.011
54012.119973 r 17.613 0.013
54012.120806 i 17.499 0.016
54012.121639 u 19.223 0.046
54012.122473 z 17.415 0.019
54012.123306 g 18.076 0.016
54020.125954 r 17.599 0.008
54020.126787 i 17.431 0.012
54020.127621 u 19.263 0.026
54020.128454 z 17.343 0.021
54020.129287 g 18.057 0.008
#54022.175538 r -99.000 0.011
54022.176371 i 17.415 0.011
54022.177205 u 19.258 0.031
54022.178038 z 17.357 0.016
#54022.178871 g -99.000 0.010
54028.116309 r 17.611 0.012
54028.117142 i 17.424 0.018
54028.117976 u 19.253 0.034
54028.118809 z 17.335 0.027
54028.119642 g 18.062 0.011
54030.119496 r 17.624 0.007
54030.120330 i 17.420 0.017
54030.121163 u 19.260 0.026
54030.121996 z 17.396 0.017
54030.122830 g 18.066 0.009
#54032.109074 r -99.000 0.010
54032.109907 i 17.431 0.012
54032.110740 u 19.340 0.040
#54032.111574 z -99.000 0.021
#54032.112407 g -99.000 0.011
#54034.178994 r -99.000 0.010
54034.179827 i 17.434 0.012
54034.180660 u 19.354 0.037
#54034.181494 z -99.000 0.022
#54034.182327 g -99.000 0.012
54037.100753 r 17.634 0.010
54037.101587 i 17.426 0.014
54037.102420 u 19.235 0.028
54037.103253 z 17.355 0.015
54037.104087 g 18.057 0.009
54040.115227 r 17.619 0.010
54040.116060 i 17.439 0.010
54040.116894 u 19.275 0.043
54040.117727 z 17.361 0.019
54040.118560 g 18.067 0.014
54050.099850 r 17.612 0.010
54050.100683 i 17.447 0.014
54050.101517 u 19.235 0.030
54050.102350 z 17.388 0.023
54050.103183 g 18.097 0.010
54053.106037 r 17.601 0.008
54053.106871 i 17.436 0.016
54053.107704 u 19.241 0.029
54053.108537 z 17.383 0.021
54053.109371 g 18.067 0.020
54056.107693 r 17.620 0.023
54056.108526 i 17.443 0.012
54056.109359 u 19.280 0.038
54056.110193 z 17.369 0.025
54056.111026 g 18.116 0.039
54057.076337 r 17.605 0.018
54057.077170 i 17.430 0.015
54057.078003 u 19.275 0.031
54057.078837 z 17.318 0.021
54057.079670 g 18.066 0.012
54059.101971 r 17.617 0.012
54059.102804 i 17.424 0.009
54059.103637 u 19.276 0.040
54059.104471 z 17.366 0.019
54059.105304 g 18.073 0.010
54061.113014 r 17.615 0.012
54061.113847 i 17.433 0.014
54061.114681 u 19.246 0.032
54061.115514 z 17.342 0.020
54061.116347 g 18.063 0.015
54062.106866 r 17.609 0.010
54062.107699 i 17.417 0.011
54062.108533 u 19.239 0.036
54062.109366 z 17.389 0.026
54062.110199 g 18.051 0.010
54068.096840 r 18.529 0.067
54068.097673 i 18.413 0.093
54068.098507 u 19.477 0.097
54068.099340 z 18.064 0.061
54068.100173 g 19.214 0.090
54357.145170 r 17.608 0.017
54357.146003 i 17.445 0.016
54357.146837 u 19.237 0.029
54357.147670 z 17.346 0.016
54357.148503 g 18.074 0.009
54365.143042 r 17.610 0.016
54365.143875 i 17.437 0.012
54365.144708 u 19.246 0.049
54365.145542 z 17.391 0.020
54365.146375 g 18.094 0.020
54385.192986 r 17.610 0.009
54385.193820 i 17.434 0.018
54385.194653 u 19.210 0.034
54385.195486 z 17.379 0.016
54385.196320 g 18.064 0.017
54387.193485 r 17.610 0.008
54387.194319 i 17.424 0.008
54387.195152 u 19.173 0.032
54387.195985 z 17.380 0.020
54387.196819 g 18.058 0.011
54390.196502 r 17.619 0.010
54390.197336 i 17.437 0.013
54390.198169 u 19.325 0.040
54390.199002 z 17.375 0.021
54390.199836 g 18.072 0.010
54392.188239 r 17.598 0.010
54392.189072 i 17.427 0.013
54392.189905 u 19.160 0.048
54392.190739 z 17.407 0.024
54392.191572 g 18.093 0.011
54402.186673 r 17.619 0.013
54402.187506 i 17.416 0.010
54402.188339 u 19.232 0.058
54402.189173 z 17.395 0.023
54402.190006 g 18.079 0.014
