51075.443031 r 19.969 0.022
51075.443864 i 19.664 0.026
51075.444698 u 20.988 0.088
51075.445531 z 19.308 0.094
51075.446364 g 20.337 0.022
51818.412659 r 20.036 0.022
51818.413492 i 19.733 0.024
51818.414326 u 20.829 0.080
51818.415159 z 19.498 0.087
51818.415992 g 20.331 0.022
52171.400805 r 19.972 0.021
52171.401638 i 19.687 0.023
52171.402472 u 20.760 0.081
52171.403305 z 19.346 0.072
52171.404138 g 20.203 0.019
52173.377087 r 19.906 0.022
52173.377920 i 19.653 0.025
52173.378754 u 20.887 0.100
52173.379587 z 19.388 0.095
52173.380420 g 20.181 0.021
52224.357204 r 19.961 0.020
52224.358037 i 19.718 0.023
52224.358871 u 20.973 0.092
52224.359704 z 19.430 0.072
52224.360537 g 20.268 0.019
52234.313696 r 19.987 0.023
52234.314529 i 19.693 0.024
52234.315363 u 20.906 0.100
52234.316196 z 19.245 0.064
52234.317029 g 20.255 0.022
52261.277051 r 19.936 0.019
52261.277884 i 19.678 0.020
52261.278718 u 20.843 0.084
52261.279551 z 19.424 0.064
52261.280384 g 20.283 0.019
52283.144427 r 20.027 0.029
52283.145260 i 19.787 0.034
52283.146094 u 20.797 0.102
52283.146927 z 19.468 0.110
52283.147760 g 20.332 0.024
52287.157549 r 19.897 0.021
52287.158382 i 19.633 0.023
52287.159216 u 20.788 0.082
52287.160049 z 19.271 0.062
52287.160882 g 20.265 0.021
52552.476239 r 19.855 0.018
52552.477072 i 19.706 0.023
52552.477906 u 20.423 0.061
52552.478739 z 19.255 0.063
52552.479572 g 20.102 0.017
52557.450599 r 19.889 0.020
52557.451432 i 19.636 0.023
52557.452266 u 20.510 0.067
52557.453099 z 19.428 0.082
52557.453932 g 20.108 0.017
52585.351929 r 19.859 0.018
52585.352762 i 19.628 0.021
52585.353596 u 20.544 0.061
52585.354429 z 19.520 0.081
52585.355262 g 20.105 0.017
52908.425167 r 19.817 0.019
52908.426000 i 19.556 0.021
52908.426834 u 20.550 0.074
52908.427667 z 19.491 0.079
52908.428500 g 20.113 0.018
52912.404606 r 19.829 0.018
52912.405439 i 19.658 0.022
52912.406273 u 20.648 0.078
52912.407106 z 19.302 0.070
52912.407939 g 20.171 0.019
52934.357074 r 19.852 0.020
52934.357907 i 19.774 0.026
52934.358741 u 20.558 0.074
52934.359574 z 19.322 0.082
52934.360407 g 20.157 0.019
52936.353000 r 19.895 0.020
52936.353833 i 19.667 0.021
52936.354667 u 20.692 0.072
52936.355500 z 19.414 0.071
52936.356333 g 20.201 0.018
53270.417053 r 19.974 0.019
53270.417886 i 19.718 0.021
53270.418719 u 20.719 0.064
53270.419553 z 19.479 0.066
53270.420386 g 20.248 0.025
53272.466997 r 19.922 0.019
53272.467830 i 19.709 0.022
53272.468664 u 20.718 0.078
53272.469497 z 19.375 0.070
53272.470330 g 20.234 0.018
53286.435717 r 20.006 0.023
53286.436550 i 19.715 0.025
53286.437384 u 20.898 0.114
53286.438217 z 19.443 0.079
53286.439050 g 20.250 0.023
53288.394211 r 19.917 0.020
53288.395044 i 19.639 0.022
53288.395878 u 20.659 0.077
53288.396711 z 19.461 0.075
53288.397544 g 20.211 0.019
53294.441883 r 19.933 0.022
53294.442716 i 19.654 0.022
53294.443550 u 20.674 0.082
53294.444383 z 19.306 0.072
53294.445216 g 20.211 0.022
53296.388929 r 19.941 0.042
53296.389762 i 19.749 0.033
53296.390596 u 20.711 0.079
53296.391429 z 19.530 0.082
53296.392262 g 20.336 0.044
53298.438659 r 19.992 0.025
53298.439492 i 19.646 0.026
53298.440326 u 20.702 0.081
53298.441159 z 19.293 0.078
53298.441992 g 20.231 0.019
53312.345454 r 19.927 0.044
53312.346287 i 19.694 0.041
53312.347121 u 20.865 0.140
53312.347954 z 19.483 0.094
53312.348787 g 20.350 0.048
53314.346611 r 19.936 0.022
53314.347444 i 19.641 0.024
53314.348278 u 20.642 0.095
53314.349111 z 19.406 0.080
53314.349944 g 20.220 0.024
53319.334408 r 20.008 0.029
53319.335241 i 19.726 0.029
53319.336075 u 20.971 0.133
53319.336908 z 19.447 0.099
53319.337741 g 20.356 0.029
53616.450960 r 19.805 0.020
53616.451793 i 19.613 0.024
53616.452627 u 20.402 0.076
53616.453460 z 19.283 0.075
53616.454293 g 19.975 0.017
53626.427390 r 19.727 0.020
53626.428223 i 19.477 0.019
#53626.429057 u -99.000 0.171
#53626.429890 z -99.000 0.092
#53626.430723 g -99.000 0.024
53628.412254 r 19.805 0.027
53628.413087 i 19.503 0.028
53628.413921 u 20.311 0.075
53628.414754 z 19.111 0.076
53628.415587 g 20.008 0.019
53639.459250 r 19.663 0.019
53639.460083 i 19.483 0.020
53639.460917 u 20.212 0.067
53639.461750 z 19.393 0.070
53639.462583 g 19.970 0.021
53641.458415 r 19.638 0.020
53641.459248 i 19.447 0.025
53641.460082 u 20.270 0.084
53641.460915 z 19.235 0.087
53641.461748 g 19.885 0.019
53657.417301 r 19.836 0.027
53657.418134 i 19.597 0.029
53657.418968 u 20.504 0.103
53657.419801 z 19.224 0.090
53657.420634 g 19.993 0.020
53663.401849 r 19.820 0.037
53663.402682 i 19.546 0.031
53663.403516 u 20.411 0.186
53663.404349 z 19.405 0.083
53663.405182 g 19.999 0.039
53665.379821 r 19.573 0.036
53665.380654 i 19.509 0.030
53665.381488 u 20.357 0.119
53665.382321 z 19.433 0.144
53665.383154 g 19.918 0.030
53666.471929 r 19.717 0.025
53666.472762 i 19.450 0.022
53666.473596 u 20.509 0.135
53666.474429 z 19.284 0.072
53666.475262 g 19.954 0.027
53668.391450 r 19.894 0.031
53668.392283 i 19.554 0.029
53668.393117 u 20.449 0.112
53668.393950 z 19.274 0.089
53668.394783 g 20.122 0.029
53669.479056 r 19.766 0.029
53669.479889 i 19.543 0.030
53669.480723 u 20.784 0.190
53669.481556 z 19.376 0.104
53669.482389 g 20.138 0.032
53670.396302 r 19.815 0.028
53670.397135 i 19.581 0.029
53670.397969 u 20.543 0.106
53670.398802 z 19.192 0.082
53670.399635 g 20.016 0.025
53673.364290 r 19.754 0.018
53673.365123 i 19.498 0.018
53673.365957 u 20.445 0.066
53673.366790 z 19.277 0.060
53673.367623 g 19.997 0.016
53675.361177 r 19.747 0.020
53675.362010 i 19.495 0.021
53675.362844 u 20.514 0.073
53675.363677 z 19.291 0.068
53675.364510 g 19.976 0.017
53676.480820 r 19.702 0.067
53676.481653 i 19.390 0.064
53676.482487 u 20.827 0.390
53676.483320 z 19.449 0.229
53676.484153 g 20.037 0.047
53680.368875 r 19.728 0.017
53680.369708 i 19.511 0.018
53680.370542 u 20.430 0.062
53680.371375 z 19.217 0.059
53680.372208 g 19.965 0.016
53683.427422 r 19.690 0.050
53683.428255 i 19.654 0.070
53683.429089 u 20.397 0.211
53683.429922 z 19.104 0.214
53683.430755 g 19.934 0.040
53686.368305 r 19.771 0.028
53686.369138 i 19.655 0.030
53686.369972 u 20.667 0.147
53686.370805 z 19.188 0.068
53686.371638 g 20.033 0.035
53693.370764 r 19.691 0.044
53693.371597 i 19.559 0.044
53693.372431 u 20.080 0.174
53693.373264 z 19.289 0.106
53693.374097 g 19.954 0.057
53699.391598 r 19.726 0.021
53699.392431 i 19.611 0.025
53699.393265 u 20.710 0.129
53699.394098 z 19.301 0.071
53699.394931 g 20.018 0.023
53704.354084 r 19.803 0.023
53704.354917 i 19.509 0.026
53704.355751 u 20.359 0.085
53704.356584 z 19.218 0.076
53704.357417 g 20.122 0.020
53989.450140 r 19.984 0.031
53989.450973 i 19.775 0.032
53989.451806 u 20.479 0.117
53989.452640 z 19.405 0.062
53989.453473 g 20.213 0.041
54000.425577 r 19.992 0.054
54000.426410 i 19.796 0.052
54000.427243 u 20.730 0.101
54000.428077 z 19.608 0.117
54000.428910 g 20.259 0.047
54007.475743 r 19.959 0.021
54007.476576 i 19.746 0.024
54007.477409 u 20.660 0.073
54007.478243 z 19.540 0.077
54007.479076 g 20.200 0.019
54009.399484 r 19.965 0.018
54009.400317 i 19.763 0.022
54009.401151 u 20.651 0.061
54009.401984 z 19.559 0.057
54009.402817 g 20.222 0.026
54011.463972 r 19.967 0.022
54011.464805 i 19.789 0.021
54011.465639 u 20.620 0.058
54011.466472 z 19.556 0.054
54011.467305 g 20.248 0.021
54012.476838 r 19.998 0.027
54012.477671 i 19.726 0.032
54012.478504 u 20.749 0.087
54012.479338 z 19.282 0.061
54012.480171 g 20.234 0.023
54019.458985 r 19.930 0.029
54019.459818 i 19.748 0.027
54019.460652 u 20.725 0.144
54019.461485 z 19.571 0.077
54019.462318 g 20.225 0.041
54025.462972 r 19.991 0.030
54025.463805 i 19.657 0.030
54025.464639 u 20.630 0.089
54025.465472 z 19.264 0.066
54025.466305 g 20.298 0.041
54346.456796 r 20.052 0.041
54346.457630 i 19.829 0.031
54346.458463 u 20.858 0.160
54346.459296 z 19.415 0.077
54346.460130 g 20.532 0.061
54348.460759 r 20.080 0.047
54348.461593 i 19.797 0.051
54348.462426 u 20.717 0.116
54348.463259 z 19.345 0.074
54348.464093 g 20.390 0.035
54358.416555 r 20.095 0.062
54358.417388 i 19.889 0.037
54358.418221 u 20.884 0.096
54358.419055 z 19.533 0.084
54358.419888 g 20.444 0.039
54365.449610 r 20.117 0.022
54365.450443 i 19.815 0.022
54365.451276 u 20.940 0.075
54365.452110 z 19.600 0.064
54365.452943 g 20.398 0.028
54381.469181 r 20.139 0.029
54381.470015 i 19.925 0.036
54381.470848 u 20.790 0.081
54381.471681 z 19.429 0.072
54381.472515 g 20.456 0.031
54386.461508 r 20.162 0.027
54386.462341 i 19.848 0.028
54386.463174 u 20.722 0.112
54386.464008 z 19.642 0.113
54386.464841 g 20.485 0.027
54388.465753 r 20.236 0.044
54388.466587 i 19.992 0.038
54388.467420 u 21.007 0.118
54388.468253 z 19.542 0.086
54388.469087 g 20.520 0.061
54392.463307 r 20.131 0.047
54392.464140 i 19.823 0.032
54392.464973 u 20.976 0.108
54392.465807 z 19.495 0.088
54392.466640 g 20.464 0.052
54403.379597 r 20.112 0.072
54403.380430 i 19.808 0.047
54403.381264 u 20.813 0.166
54403.382097 z 19.513 0.077
54403.382930 g 20.478 0.053
#54404.437147 r -99.000 0.195
#54404.437980 i -99.000 0.124
#54404.438813 u -99.000 0.606
#54404.439647 z -99.000 99.999
#54404.440480 g -99.000 0.201
54406.373398 r 20.164 0.023
54406.374232 i 19.872 0.024
54406.375065 u 20.788 0.081
54406.375898 z 19.450 0.054
54406.376732 g 20.451 0.025
54409.378252 r 20.141 0.026
54409.379086 i 19.865 0.024
54409.379919 u 20.924 0.089
54409.380752 z 19.616 0.070
54409.381586 g 20.423 0.024
54412.399160 r 20.101 0.039
54412.399994 i 19.871 0.037
54412.400827 u 21.048 0.159
54412.401660 z 19.473 0.115
54412.402494 g 20.429 0.041
