51818.408590 r 19.573 0.021
51818.409423 i 21.232 0.131
51818.410257 u 20.271 0.062
51818.411090 z 21.144 0.348
51818.411923 g 20.205 0.025
52171.396714 r 19.679 0.021
52171.397547 i 24.363 0.620
52171.398381 u 20.316 0.064
52171.399214 z 19.551 0.077
52171.400047 g 19.878 0.017
52224.353114 r 20.565 0.042
52224.353947 i 20.240 0.039
52224.354781 u 20.331 0.061
52224.355614 z 19.771 0.107
52224.356447 g 19.902 0.018
52234.309627 r 20.651 0.046
52234.310460 i 20.739 0.067
52234.311294 u 20.299 0.071
52234.312127 z 22.840 0.739
52234.312960 g 20.039 0.020
52261.272982 r 20.221 0.034
52261.273815 i 19.862 0.031
52261.274649 u 20.328 0.065
52261.275482 z 22.847 0.567
52261.276315 g 20.195 0.023
52287.153480 r 19.644 0.024
52287.154313 i 19.763 0.034
52287.155147 u 20.314 0.064
52287.155980 z 19.600 0.106
52287.156813 g 20.837 0.043
52552.472172 r 20.308 0.035
52552.473005 i 24.365 0.665
52552.473839 u 20.334 0.061
52552.474672 z 19.474 0.083
#52552.475505 g -99.000 0.020
52557.446531 r 20.122 0.031
52557.447364 i 20.862 0.082
52557.448198 u 20.269 0.057
52557.449031 z 20.387 0.179
52557.449864 g 20.259 0.023
52585.347860 r 20.046 0.025
52585.348693 i 22.252 0.265
52585.349527 u 20.322 0.053
52585.350360 z 20.148 0.148
52585.351193 g 19.931 0.017
52908.421098 r 19.942 0.029
52908.421931 i 19.624 0.028
52908.422765 u 20.354 0.065
52908.423598 z 19.480 0.082
52908.424431 g 19.998 0.019
52912.400537 r 21.006 0.069
52912.401370 i 19.207 0.018
52912.402204 u 20.386 0.075
52912.403037 z 21.246 0.386
52912.403870 g 20.126 0.022
52934.353005 r 20.704 0.054
52934.353838 i 19.879 0.032
52934.354672 u 20.377 0.065
52934.355505 z 19.737 0.099
52934.356338 g 19.928 0.018
52936.348931 r 20.042 0.027
52936.349764 i 21.890 0.173
52936.350598 u 20.228 0.055
52936.351431 z 20.045 0.120
52936.352264 g 19.891 0.017
#53270.412995 r 20.187 1.198
#53270.413828 i 99.990 99.999
53270.414662 u 20.312 0.052
#53270.415495 z 20.097 5.201
53270.416328 g 20.061 0.222
53272.462929 r 19.594 0.021
#53272.463762 i 24.388 1.104
53272.464596 u 20.399 0.069
53272.465429 z 19.181 0.060
53272.466262 g 20.224 0.023
53286.431649 r 21.552 0.130
53286.432482 i 20.636 0.069
53286.433316 u 20.343 0.079
53286.434149 z 20.080 0.160
53286.434982 g 20.200 0.028
53294.437813 r 20.937 0.066
53294.438646 i 19.582 0.030
53294.439480 u 20.312 0.069
53294.440313 z 20.678 0.266
53294.441146 g 19.880 0.020
#53296.384835 r 21.598 2.898
#53296.385668 i 23.177 99.999
53296.386501 u 20.261 0.069
#53296.387335 z 28.943 99.999
#53296.388168 g 29.843 99.999
53298.434590 r 20.280 0.040
53298.435423 i 19.388 0.024
53298.436257 u 20.335 0.069
53298.437090 z 22.883 0.927
53298.437923 g 19.922 0.019
53302.385811 r 21.027 0.073
53302.386644 i 20.215 0.075
53302.387478 u 20.355 0.078
53302.388311 z 22.823 0.623
53302.389144 g 20.074 0.027
53314.342541 r 20.956 0.074
53314.343374 i 21.952 0.217
53314.344208 u 20.361 0.076
53314.345041 z 21.643 0.563
53314.345874 g 20.016 0.022
#53626.423320 r -99.000 0.043
#53626.424153 i -99.000 0.758
53626.424987 u 20.246 0.069
53626.425820 z 21.755 0.601
53626.426653 g 19.831 0.020
53663.397780 r 21.018 0.131
53663.398613 i 20.378 0.079
53663.399447 u 20.473 0.236
53663.400280 z 22.874 0.960
53663.401113 g 19.776 0.050
53665.375752 r 20.634 0.060
53665.376585 i 20.238 0.054
53665.377419 u 20.349 0.119
53665.378252 z 20.128 0.156
53665.379085 g 19.884 0.039
53666.467862 r 21.283 0.109
53666.468695 i 20.722 0.072
53666.469529 u 20.208 0.108
53666.470362 z 22.826 0.767
53666.471195 g 20.420 0.047
53668.387381 r 18.457 0.012
53668.388214 i 17.556 0.007
53668.389048 u 19.980 0.102
53668.389881 z 17.310 0.019
53668.390714 g 19.758 0.029
53669.474989 r 20.182 0.052
53669.475822 i 19.055 0.021
53669.476656 u 20.628 0.181
53669.477489 z 19.067 0.076
53669.478322 g 20.665 0.057
53670.392233 r 21.192 0.155
53670.393066 i 19.807 0.060
53670.393900 u 19.973 0.097
53670.394733 z 19.133 0.108
53670.395566 g 22.256 0.262
53673.360220 r 20.767 0.051
53673.361053 i 24.380 0.503
53673.361887 u 20.305 0.062
53673.362720 z 22.856 0.595
53673.363553 g 19.881 0.018
53675.357108 r 20.636 0.053
53675.357941 i 24.396 0.709
53675.358775 u 20.330 0.064
53675.359608 z 18.952 0.053
53675.360441 g 20.128 0.022
53676.476755 r 19.979 0.096
53676.477588 i 23.360 0.997
53676.478422 u 19.779 0.185
#53676.479255 z 21.496 1.070
53676.480088 g 19.993 0.067
53680.364806 r 20.194 0.027
53680.365639 i 20.142 0.033
53680.366473 u 20.456 0.067
53680.367306 z 22.872 0.561
53680.368139 g 19.728 0.015
53683.423355 r 21.182 0.153
53683.424188 i 21.032 0.170
53683.425022 u 20.496 0.185
53683.425855 z 21.924 0.917
53683.426688 g 20.014 0.041
53699.387530 r 19.896 0.029
53699.388363 i 19.153 0.020
53699.389197 u 20.423 0.103
53699.390030 z 21.803 0.564
53699.390863 g 19.998 0.026
53704.350016 r 19.142 0.016
53704.350849 i 19.401 0.026
53704.351683 u 20.284 0.086
53704.352516 z 18.771 0.057
53704.353349 g 19.880 0.022
#53989.446068 r 20.516 1.734
#53989.446901 i 20.181 2.710
53989.447735 u 20.252 0.113
#53989.448568 z 30.507 99.999
53989.449401 g 19.834 0.175
#53997.469627 r 20.062 1.024
#53997.470460 i 20.445 3.786
53997.471294 u 20.374 0.054
#53997.472127 z 19.678 2.695
53997.472960 g 20.182 0.281
54000.421487 r 18.751 0.137
54000.422320 i 18.871 0.451
54000.423153 u 20.292 0.071
54000.423987 z 18.257 0.435
54000.424820 g 19.558 0.073
#54007.471654 r 21.569 4.746
#54007.472487 i 20.944 6.153
54007.473321 u 20.360 0.063
#54007.474154 z 19.800 3.821
54007.474987 g 20.007 0.214
54012.472720 r 19.434 0.388
54012.473553 i 19.316 0.888
54012.474386 u 20.355 0.073
#54012.475220 z 99.989 99.999
54012.476053 g 20.605 0.346
54019.454913 r 19.916 0.786
#54019.455746 i 20.016 2.200
54019.456580 u 20.332 0.116
#54019.457413 z 20.712 5.562
54019.458246 g 20.156 0.245
54346.452687 r 19.918 0.674
#54346.453521 i 99.999 99.999
54346.454354 u 20.252 0.092
54346.455187 z 18.324 0.629
54346.456021 g 19.850 0.155
54348.456668 r 20.111 0.956
#54348.457501 i 19.916 1.946
54348.458335 u 20.318 0.074
#54348.459168 z 99.987 99.999
54348.460001 g 20.357 0.305
54358.412470 r 19.550 0.519
#54358.413304 i 32.940 99.999
54358.414137 u 20.186 0.066
54358.414970 z 18.465 0.771
54358.415804 g 20.278 0.265
54365.445549 r 20.010 0.987
#54365.446382 i 21.998 99.999
54365.447216 u 20.384 0.052
#54365.448049 z 21.287 5.375
54365.448882 g 19.936 0.221
#54381.465120 r 22.343 9.560
#54381.465953 i 33.184 99.999
54381.466787 u 20.502 0.076
#54381.467620 z 19.370 1.945
54381.468453 g 20.621 0.381
#54386.457418 r 21.335 3.414
#54386.458251 i 32.497 99.999
54386.459085 u 20.379 0.069
#54386.459918 z 19.459 1.848
54386.460751 g 19.910 0.208
54388.461686 r 19.895 0.459
#54388.462519 i 19.907 1.162
54388.463352 u 20.374 0.071
#54388.464186 z 99.991 99.999
54388.465019 g 19.993 0.154
54392.459245 r 19.923 0.474
#54392.460078 i 19.989 1.258
54392.460912 u 20.221 0.076
#54392.461745 z 28.650 99.999
54392.462578 g 19.867 0.111
54406.369309 r 20.012 0.968
#54406.370142 i 19.944 2.206
54406.370976 u 20.397 0.066
#54406.371809 z 32.682 99.999
54406.372642 g 20.194 0.269
#54409.374148 r 20.371 1.342
#54409.374982 i 20.374 3.410
54409.375815 u 20.360 0.058
#54409.376648 z 22.794 2.800
54409.377482 g 19.889 0.202
54412.395070 r 19.290 0.396
54412.395903 i 18.561 0.498
54412.396737 u 20.376 0.091
#54412.397570 z 21.358 99.999
54412.398403 g 19.912 0.177
