52075.334511 r 19.255 0.015
52075.335344 i 18.914 0.015
52075.336178 u 21.411 0.150
52075.337011 z 18.772 0.038
52075.337844 g 19.926 0.021
52172.243835 r 19.246 0.013
52172.244668 i 18.928 0.014
52172.245502 u 21.511 0.136
52172.246335 z 18.746 0.039
52172.247168 g 19.915 0.019
52197.143157 r 19.199 0.013
52197.143990 i 18.882 0.014
52197.144824 u 21.432 0.117
52197.145657 z 18.756 0.041
52197.146490 g 19.844 0.017
52557.181009 r 19.239 0.014
52557.181842 i 18.938 0.016
52557.182676 u 21.465 0.153
52557.183509 z 18.732 0.050
52557.184342 g 19.844 0.021
52558.193540 r 19.235 0.013
52558.194373 i 18.905 0.014
52558.195207 u 21.393 0.117
52558.196040 z 18.692 0.037
52558.196873 g 19.922 0.019
52576.105797 r 19.180 0.014
52576.106630 i 18.848 0.016
52576.107464 u 21.721 0.179
52576.108297 z 18.713 0.046
52576.109130 g 19.904 0.020
52577.081030 r 19.249 0.015
52577.081863 i 18.948 0.016
52577.082697 u 21.298 0.116
52577.083530 z 18.821 0.048
52577.084363 g 19.954 0.019
52578.077085 r 19.287 0.017
52578.077918 i 18.913 0.023
52578.078752 u 21.485 0.194
52578.079585 z 18.649 0.052
52578.080418 g 19.894 0.025
52929.107312 r 19.282 0.013
52929.108145 i 18.969 0.015
52929.108979 u 21.381 0.121
52929.109812 z 18.758 0.038
52929.110645 g 19.883 0.018
52930.094361 r 19.251 0.013
52930.095194 i 18.920 0.014
52930.096028 u 21.213 0.105
52930.096861 z 18.744 0.036
52930.097694 g 19.916 0.018
52931.095191 r 19.238 0.013
52931.096024 i 18.921 0.014
52931.096858 u 21.530 0.138
52931.097691 z 18.700 0.035
52931.098524 g 19.937 0.018
52934.087468 r 19.211 0.013
52934.088301 i 18.916 0.015
52934.089135 u 21.422 0.150
52934.089968 z 18.760 0.045
52934.090801 g 19.948 0.022
52935.092155 r 19.231 0.013
52935.092988 i 18.934 0.014
52935.093822 u 21.351 0.125
52935.094655 z 18.702 0.043
52935.095488 g 19.964 0.021
52936.083394 r 19.237 0.013
52936.084227 i 18.952 0.015
52936.085061 u 21.371 0.104
52936.085894 z 18.867 0.041
52936.086727 g 19.901 0.017
53243.268605 r 19.179 0.019
53243.269438 i 18.889 0.018
53243.270272 u 21.480 0.292
53243.271105 z 18.712 0.041
53243.271938 g 19.870 0.035
53270.147465 r 19.263 0.021
53270.148298 i 18.954 0.019
53270.149132 u 21.347 0.157
53270.149965 z 18.805 0.041
53270.150798 g 19.886 0.041
53272.197406 r 19.224 0.022
53272.198239 i 18.933 0.020
53272.199073 u 21.029 0.263
53272.199906 z 18.686 0.044
53272.200739 g 19.913 0.044
53288.124607 r 19.253 0.014
53288.125440 i 18.953 0.016
53288.126274 u 21.376 0.149
53288.127107 z 18.751 0.044
53288.127940 g 19.888 0.020
53302.120278 r 19.236 0.018
53302.121111 i 18.934 0.017
53302.121945 u 21.152 0.220
53302.122778 z 18.800 0.044
53302.123611 g 19.929 0.036
53312.075822 r 19.273 0.019
53312.076656 i 18.951 0.022
53312.077489 u 21.406 0.161
53312.078322 z 18.798 0.061
53312.079156 g 19.954 0.026
53313.085356 r 19.242 0.014
53313.086189 i 18.927 0.016
53313.087023 u 21.666 0.159
53313.087856 z 18.781 0.047
53313.088689 g 19.983 0.025
53314.077004 r 19.198 0.015
53314.077837 i 18.913 0.017
53314.078671 u 21.206 0.114
53314.079504 z 18.688 0.048
53314.080337 g 19.883 0.019
53622.194602 r 19.318 0.018
53622.195435 i 18.963 0.019
53622.196269 u 21.465 0.204
53622.197102 z 18.682 0.046
53622.197935 g 19.968 0.027
53623.171587 r 19.238 0.015
53623.172420 i 18.953 0.015
53623.173254 u 21.554 0.158
53623.174087 z 18.753 0.036
53623.174920 g 19.890 0.019
53625.190567 r 19.271 0.014
53625.191400 i 18.988 0.015
53625.192234 u 21.677 0.182
53625.193067 z 18.794 0.035
53625.193900 g 19.971 0.024
53626.157799 r 19.219 0.018
53626.158632 i 18.951 0.017
53626.159466 u 21.205 0.194
53626.160299 z 18.760 0.041
53626.161132 g 19.888 0.034
53628.142664 r 19.208 0.028
53628.143497 i 19.008 0.025
53628.144331 u 21.279 0.379
53628.145164 z 18.809 0.059
53628.145997 g 19.981 0.059
53634.144071 r 19.250 0.023
53634.144904 i 18.930 0.026
53634.145738 u 21.602 0.493
53634.146571 z 18.664 0.066
53634.147404 g 20.171 0.063
53636.149603 r 19.259 0.013
53636.150436 i 18.921 0.013
53636.151270 u 21.215 0.112
53636.152103 z 18.702 0.036
53636.152936 g 19.875 0.018
53637.144278 r 19.205 0.016
53637.145111 i 18.919 0.017
53637.145945 u 21.336 0.193
53637.146778 z 18.849 0.057
53637.147611 g 19.890 0.022
53644.136728 r 19.262 0.015
53644.137561 i 18.979 0.018
53644.138395 u 21.393 0.118
53644.139228 z 18.791 0.040
53644.140061 g 19.931 0.020
53645.209272 r 19.229 0.017
53645.210105 i 18.956 0.024
#53645.210939 u -99.000 1.288
53645.211772 z 18.796 0.101
#53645.212605 g -99.000 0.041
53654.171349 r 19.245 0.018
53654.172182 i 18.866 0.017
53654.173016 u 21.247 0.186
53654.173849 z 18.768 0.049
53654.174682 g 19.872 0.029
53655.121608 r 19.264 0.022
53655.122441 i 18.959 0.020
53655.123275 u 21.278 0.226
53655.124108 z 18.653 0.045
53655.124941 g 19.901 0.031
53656.118939 r 19.248 0.028
53656.119772 i 18.960 0.026
53656.120606 u 21.228 0.329
53656.121439 z 18.648 0.055
53656.122272 g 19.987 0.055
53657.209027 r 19.200 0.050
53657.209860 i 18.914 0.038
53657.210694 u 20.936 0.528
53657.211527 z 18.781 0.094
53657.212360 g 20.094 0.140
53664.146568 r 19.214 0.017
53664.147401 i 18.950 0.017
53664.148235 u 21.060 0.168
53664.149068 z 18.803 0.048
53664.149901 g 19.944 0.031
53665.110218 r 19.257 0.040
53665.111051 i 18.981 0.040
53665.111885 u 21.315 0.324
53665.112718 z 18.939 0.141
53665.113551 g 19.794 0.046
53666.110168 r 19.258 0.013
53666.111001 i 18.912 0.015
53666.111835 u 21.350 0.110
53666.112668 z 18.924 0.047
53666.113501 g 19.926 0.018
53668.121850 r 19.215 0.015
53668.122683 i 18.981 0.019
53668.123517 u 21.305 0.154
53668.124350 z 18.726 0.057
53668.125183 g 19.959 0.022
53669.105807 r 19.262 0.013
53669.106640 i 18.978 0.014
53669.107474 u 21.431 0.116
53669.108307 z 18.833 0.038
53669.109140 g 19.934 0.017
53670.126703 r 19.259 0.015
53670.127536 i 18.951 0.018
53670.128370 u 21.469 0.179
53670.129203 z 18.720 0.055
53670.130036 g 19.965 0.024
53673.094685 r 19.222 0.014
53673.095518 i 18.909 0.016
53673.096352 u 21.434 0.149
53673.097185 z 18.656 0.039
53673.098018 g 19.912 0.019
53674.090042 r 19.271 0.014
53674.090875 i 18.928 0.015
53674.091709 u 21.386 0.127
53674.092542 z 18.695 0.037
53674.093375 g 19.888 0.018
53675.091574 r 19.219 0.015
53675.092407 i 18.894 0.016
53675.093241 u 21.284 0.125
53675.094074 z 18.673 0.044
53675.094907 g 19.907 0.019
53676.179549 r 19.289 0.014
53676.180382 i 19.022 0.015
53676.181216 u 21.545 0.145
53676.182049 z 18.775 0.037
53676.182882 g 19.922 0.018
53677.112607 r 19.233 0.013
53677.113440 i 18.987 0.016
53677.114274 u 21.414 0.161
53677.115107 z 18.778 0.042
53677.115940 g 19.884 0.020
53680.099272 r 19.197 0.013
53680.100105 i 18.869 0.014
53680.100939 u 21.706 0.188
53680.101772 z 18.729 0.039
53680.102605 g 19.885 0.020
53681.142937 r 19.177 0.058
53681.143770 i 18.991 0.071
#53681.144604 u -99.000 0.837
#53681.145437 z -99.000 0.172
#53681.146270 g -99.000 0.101
53685.101981 r 19.209 0.029
53685.102814 i 18.813 0.024
53685.103648 u 21.155 0.384
53685.104481 z 18.821 0.065
53685.105314 g 19.930 0.067
53687.140333 r 19.246 0.022
53687.141166 i 18.972 0.020
53687.142000 u 20.916 0.290
53687.142833 z 18.776 0.042
53687.143666 g 19.858 0.048
53693.101177 r 19.298 0.022
53693.102010 i 18.958 0.020
53693.102844 u 21.004 0.178
53693.103677 z 18.753 0.053
53693.104510 g 20.118 0.046
53697.099961 r 19.214 0.080
53697.100794 i 18.919 0.069
53697.101628 u 21.198 0.593
53697.102461 z 18.749 0.245
53697.103294 g 20.054 0.133
53700.098923 r 19.252 0.015
53700.099756 i 18.941 0.017
53700.100590 u 21.235 0.135
53700.101423 z 18.688 0.053
53700.102256 g 19.941 0.022
53702.096844 r 19.402 0.260
53702.097677 i 19.096 0.245
53702.098510 u 22.111 0.507
53702.099344 z 19.147 0.688
53702.100177 g 20.004 0.308
53703.105988 r 19.419 0.189
53703.106821 i 19.004 0.103
53703.107654 u 22.186 0.615
#53703.108488 z -99.000 0.247
53703.109321 g 20.157 0.327
53704.084505 r 19.214 0.015
53704.085338 i 18.971 0.018
53704.086172 u 21.210 0.152
53704.087005 z 18.744 0.047
53704.087838 g 19.899 0.022
53705.085593 r 19.206 0.016
53705.086426 i 18.889 0.018
53705.087260 u 21.684 0.221
53705.088093 z 18.666 0.044
53705.088926 g 19.898 0.025
53974.172456 r 19.277 0.015
53974.173289 i 19.005 0.018
53974.174123 u 21.493 0.112
53974.174956 z 18.790 0.040
53974.175789 g 19.921 0.019
53975.170584 r 19.262 0.016
53975.171418 i 18.930 0.021
53975.172251 u 21.883 0.220
53975.173084 z 18.762 0.044
53975.173918 g 19.940 0.024
53989.180562 r 19.259 0.019
53989.181395 i 19.007 0.019
53989.182228 u 21.225 0.139
53989.183062 z 18.808 0.036
53989.183895 g 19.980 0.028
53995.169795 r 19.238 0.012
53995.170628 i 19.008 0.018
53995.171462 u 21.362 0.101
53995.172295 z 18.823 0.033
53995.173128 g 19.937 0.019
53996.177304 r 19.364 0.063
53996.178137 i 18.987 0.017
53996.178970 u 21.402 0.115
53996.179804 z 18.789 0.035
53996.180637 g 19.980 0.020
53997.148174 r 19.158 0.019
53997.149007 i 18.958 0.023
53997.149840 u 21.355 0.135
53997.150674 z 18.774 0.039
53997.151507 g 19.906 0.022
53998.145938 r 19.280 0.013
53998.146772 i 19.001 0.015
53998.147605 u 21.512 0.116
53998.148438 z 18.790 0.033
53998.149272 g 19.970 0.024
54005.120032 r 19.268 0.015
54005.120865 i 18.993 0.016
54005.121699 u 21.092 0.088
54005.122532 z 18.791 0.032
54005.123365 g 19.925 0.019
54005.183199 r 19.326 0.011
54005.184032 i 19.035 0.012
54005.184866 u 21.288 0.099
54005.185699 z 18.809 0.033
54005.186532 g 20.016 0.020
54007.132777 r 19.258 0.015
54007.133610 i 18.951 0.017
54007.134443 u 21.524 0.147
54007.135277 z 18.688 0.036
54007.136110 g 19.916 0.024
54009.129883 r 19.290 0.017
54009.130716 i 19.031 0.018
54009.131549 u 21.279 0.137
54009.132383 z 18.824 0.037
54009.133216 g 19.959 0.026
54010.131418 r 19.350 0.015
54010.132252 i 19.049 0.017
54010.133085 u 21.321 0.163
54010.133918 z 18.870 0.033
54010.134752 g 19.982 0.031
54011.194380 r 19.303 0.020
54011.195213 i 19.019 0.020
54011.196047 u 21.128 0.219
54011.196880 z 18.857 0.040
54011.197713 g 19.996 0.039
54012.124258 r 19.381 0.022
54012.125091 i 18.998 0.021
54012.125925 u 21.854 0.463
54012.126758 z 18.788 0.041
54012.127591 g 19.936 0.042
54019.144589 r 19.322 0.015
54019.145423 i 19.007 0.015
54019.146256 u 21.541 0.148
54019.147089 z 18.799 0.037
54019.147923 g 19.958 0.024
54020.130239 r 19.384 0.015
54020.131072 i 18.977 0.017
54020.131905 u 21.585 0.155
54020.132739 z 18.729 0.040
54020.133572 g 19.928 0.019
54022.179518 r 19.312 0.014
54022.180352 i 19.034 0.026
#54022.181185 u -99.000 1.796
54022.182018 z 18.866 0.049
54022.182852 g 19.939 0.023
54025.193392 r 19.255 0.014
54025.194225 i 18.956 0.017
54025.195058 u 21.176 0.114
54025.195892 z 18.753 0.038
54025.196725 g 19.962 0.021
54028.120614 r 19.372 0.020
54028.121447 i 18.945 0.021
54028.122280 u 21.511 0.203
54028.123114 z 18.727 0.045
54028.123947 g 19.977 0.028
54029.123728 r 19.264 0.014
54029.124561 i 19.030 0.018
54029.125394 u 21.501 0.125
54029.126228 z 18.874 0.037
54029.127061 g 19.911 0.021
54030.123796 r 19.321 0.011
54030.124629 i 19.023 0.014
54030.125463 u 21.652 0.131
54030.126296 z 18.843 0.032
54030.127129 g 19.963 0.021
54032.113057 r 19.290 0.018
54032.113891 i 19.017 0.020
54032.114724 u 21.348 0.157
54032.115557 z 18.690 0.059
54032.116391 g 19.919 0.037
54034.183302 r 19.356 0.064
54034.184136 i 18.989 0.047
54034.184969 u 21.920 0.416
#54034.185802 z -99.000 0.072
54034.186636 g 19.982 0.191
54037.105036 r 19.304 0.016
54037.105869 i 18.993 0.014
54037.106702 u 21.680 0.176
54037.107536 z 18.760 0.034
54037.108369 g 19.942 0.025
54040.119529 r 19.274 0.024
54040.120362 i 19.097 0.020
54040.121195 u 21.133 0.234
54040.122029 z 18.763 0.043
54040.122862 g 19.857 0.039
54050.104151 r 19.245 0.020
54050.104985 i 18.976 0.017
54050.105818 u 21.523 0.164
54050.106651 z 18.716 0.043
54050.107485 g 19.946 0.021
54051.100319 r 19.263 0.036
54051.101152 i 18.936 0.075
54051.101985 u 21.536 0.608
54051.102819 z 18.771 0.106
54051.103652 g 19.923 0.040
54053.110320 r 19.248 0.018
54053.111153 i 18.939 0.018
54053.111986 u 21.582 0.172
54053.112820 z 18.795 0.051
54053.113653 g 19.973 0.023
54056.111998 r 19.375 0.054
#54056.112831 i -99.000 0.144
#54056.113664 u -99.000 0.258
#54056.114498 z -99.000 0.062
54056.115331 g 20.227 0.221
54057.080638 r 19.293 0.019
54057.081471 i 19.002 0.021
54057.082304 u 21.448 0.150
54057.083138 z 18.716 0.049
54057.083971 g 19.898 0.021
54059.106267 r 19.311 0.018
54059.107100 i 18.934 0.019
54059.107934 u 21.592 0.197
54059.108767 z 18.664 0.044
54059.109600 g 19.929 0.023
54061.117318 r 19.278 0.021
54061.118151 i 18.861 0.026
54061.118985 u 21.838 0.299
54061.119818 z 18.617 0.057
54061.120651 g 19.991 0.031
54062.111183 r 19.452 0.072
54062.112016 i 18.918 0.034
54062.112850 u 21.717 0.305
54062.113683 z 18.766 0.063
54062.114516 g 20.144 0.432
54068.101142 r 19.451 0.105
54068.101975 i 18.960 0.042
54068.102809 u 21.002 0.362
54068.103642 z 19.118 0.095
54068.104475 g 19.939 0.322
54356.201894 r 19.313 0.024
54356.202728 i 18.938 0.018
54356.203561 u 21.328 0.118
54356.204394 z 18.769 0.041
54356.205228 g 19.951 0.020
54357.149466 r 19.300 0.019
54357.150300 i 19.016 0.017
54357.151133 u 21.301 0.108
54357.151966 z 18.791 0.035
54357.152800 g 19.966 0.022
54358.146954 r 19.426 0.301
54358.147787 i 18.928 0.071
54358.148621 u 21.356 0.176
54358.149454 z 18.712 0.044
54358.150287 g 20.083 0.043
54365.147339 r 19.248 0.024
54365.148173 i 18.967 0.022
54365.149006 u 21.883 0.436
54365.149839 z 18.786 0.046
54365.150673 g 19.976 0.037
54381.191743 r 19.217 0.023
54381.192576 i 18.901 0.037
54381.193410 u 21.269 0.177
54381.194243 z 18.856 0.070
54381.195076 g 19.988 0.031
54382.189141 r 19.326 0.054
54382.189974 i 18.933 0.033
54382.190807 u 21.365 0.239
54382.191641 z 19.049 0.118
54382.192474 g 20.007 0.040
54383.194877 r 19.225 0.014
54383.195711 i 18.931 0.020
54383.196544 u 21.559 0.172
54383.197377 z 18.833 0.044
54383.198211 g 19.909 0.021
54385.197291 r 19.303 0.016
54385.198125 i 18.953 0.021
54385.198958 u 21.069 0.106
54385.199791 z 18.778 0.033
54385.200625 g 19.878 0.021
54386.191901 r 19.296 0.018
54386.192735 i 18.989 0.018
54386.193568 u 21.360 0.125
54386.194401 z 18.850 0.041
54386.195235 g 19.919 0.022
54387.197789 r 19.383 0.020
54387.198623 i 18.958 0.021
54387.199456 u 21.343 0.190
54387.200289 z 18.691 0.045
54387.201123 g 19.949 0.024
54388.196175 r 19.271 0.017
54388.197008 i 18.949 0.019
54388.197842 u 21.579 0.208
54388.198675 z 18.744 0.043
54388.199508 g 19.905 0.023
54390.200805 r 19.305 0.041
54390.201639 i 18.922 0.024
54390.202472 u 21.139 0.167
54390.203305 z 18.717 0.052
54390.204139 g 20.152 0.489
54392.192516 r 19.267 0.024
54392.193349 i 19.041 0.036
54392.194182 u 21.813 0.472
54392.195016 z 18.856 0.067
54392.195849 g 20.234 0.078
54402.190989 r 19.362 0.025
54402.191822 i 18.971 0.021
54402.192656 u 21.471 0.462
54402.193489 z 18.796 0.053
54402.194322 g 20.038 0.052
54403.109945 r 19.276 0.016
54403.110779 i 18.997 0.017
54403.111612 u 21.365 0.107
54403.112445 z 18.838 0.038
54403.113279 g 19.953 0.021
54406.103780 r 19.240 0.017
54406.104614 i 18.962 0.020
54406.105447 u 21.516 0.144
54406.106280 z 18.841 0.049
54406.107114 g 19.931 0.020
54412.106706 r 19.308 0.015
54412.107539 i 18.983 0.018
54412.108372 u 21.233 0.110
54412.109206 z 18.792 0.042
54412.110039 g 19.868 0.022
54415.144261 r 19.279 0.014
54415.145095 i 19.062 0.018
54415.145928 u 21.569 0.153
54415.146761 z 18.778 0.040
54415.147595 g 19.902 0.022
