51081.413558 r 19.524 0.018
51081.414391 i 19.518 0.026
51081.415225 u 19.986 0.045
51081.416058 z 19.455 0.078
51081.416891 g 19.568 0.016
51875.228460 r 19.180 0.013
51875.229293 i 19.189 0.019
51875.230127 u 19.517 0.029
51875.230960 z 18.954 0.052
51875.231793 g 19.191 0.012
52171.460889 r 19.253 0.013
52171.461722 i 19.266 0.017
52171.462556 u 19.589 0.030
52171.463389 z 19.083 0.044
52171.464222 g 19.306 0.012
52225.309336 r 19.281 0.013
52225.310169 i 19.300 0.017
52225.311003 u 19.691 0.033
52225.311836 z 19.079 0.046
52225.312669 g 19.311 0.012
52288.143759 r 19.362 0.014
52288.144592 i 19.383 0.018
52288.145426 u 19.852 0.037
52288.146259 z 19.166 0.046
#52288.147092 g -99.000 0.013
52551.417046 r 19.391 0.015
52551.417879 i 19.354 0.020
52551.418713 u 19.747 0.035
52551.419546 z 19.118 0.052
52551.420379 g 19.432 0.013
52558.449920 r 19.429 0.014
52558.450753 i 19.459 0.019
52558.451587 u 19.876 0.036
52558.452420 z 19.212 0.053
52558.453253 g 19.473 0.013
52578.321529 r 19.389 0.013
52578.322362 i 19.392 0.017
52578.323196 u 19.803 0.033
52578.324029 z 19.124 0.045
52578.324862 g 19.424 0.012
52585.284509 r 19.394 0.015
52585.285342 i 19.323 0.022
52585.286176 u 19.749 0.033
52585.287009 z 19.171 0.062
52585.287842 g 19.423 0.013
52909.451142 r 19.134 0.012
52909.451975 i 19.163 0.016
52909.452809 u 19.478 0.028
52909.453642 z 18.990 0.039
52909.454475 g 19.149 0.011
52910.421384 r 19.186 0.013
#52910.422217 i -99.000 0.021
52910.423051 u 19.435 0.030
52910.423884 z 18.955 0.041
52910.424717 g 19.148 0.012
52935.348555 r 19.135 0.013
52935.349388 i 19.132 0.018
52935.350222 u 19.423 0.028
52935.351055 z 18.901 0.047
52935.351888 g 19.130 0.011
52963.271633 r 19.139 0.012
52963.272466 i 19.175 0.016
52963.273300 u 19.424 0.026
52963.274133 z 18.975 0.040
52963.274966 g 19.165 0.011
53351.193937 r 19.334 0.014
53351.194770 i 19.305 0.020
53351.195604 u 19.562 0.036
53351.196437 z 19.287 0.062
53351.197270 g 19.318 0.013
53622.450984 r 19.429 0.013
53622.451817 i 19.416 0.017
53622.452651 u 19.882 0.036
53622.453484 z 19.189 0.041
53622.454317 g 19.472 0.013
53627.408082 r 19.376 0.015
53627.408915 i 19.404 0.021
53627.409749 u 19.820 0.040
53627.410582 z 19.177 0.048
53627.411415 g 19.488 0.014
53634.400455 r 19.558 0.031
53634.401288 i 19.482 0.033
53634.402122 u 19.853 0.090
53634.402955 z 19.302 0.069
53634.403788 g 19.444 0.028
53638.441793 r 19.427 0.016
53638.442626 i 19.441 0.023
53638.443460 u 19.835 0.048
53638.444293 z 19.242 0.065
53638.445126 g 19.456 0.018
53643.448304 r 19.454 0.018
53643.449137 i 19.472 0.025
53643.449971 u 19.775 0.045
53643.450804 z 19.434 0.078
53643.451637 g 19.479 0.016
53646.467236 r 19.423 0.015
53646.468069 i 19.453 0.021
53646.468903 u 19.809 0.042
53646.469736 z 19.252 0.058
53646.470569 g 19.471 0.014
53657.450271 r 19.388 0.016
53657.451104 i 19.368 0.023
53657.451938 u 19.798 0.048
53657.452771 z 19.089 0.058
#53657.453604 g -99.000 0.015
53663.467654 r 19.488 0.030
53663.468487 i 19.505 0.035
53663.469321 u 19.803 0.127
53663.470154 z 19.527 0.100
53663.470987 g 19.471 0.037
53664.402958 r 19.418 0.023
53664.403791 i 19.507 0.035
53664.404625 u 19.716 0.081
53664.405458 z 19.137 0.108
53664.406291 g 19.388 0.045
53665.467586 r 19.425 0.023
53665.468419 i 19.448 0.029
53665.469253 u 19.797 0.084
53665.470086 z 19.366 0.092
53665.470919 g 19.501 0.028
53668.456200 r 19.359 0.021
53668.457033 i 19.433 0.032
#53668.457867 u -99.000 0.079
53668.458700 z 19.452 0.113
53668.459533 g 19.445 0.023
53669.362204 r 19.398 0.021
53669.363037 i 19.343 0.025
#53669.363871 u -99.000 0.050
53669.364704 z 19.317 0.073
53669.365537 g 19.388 0.018
53670.462176 r 19.460 0.022
53670.463009 i 19.567 0.036
53670.463843 u 19.922 0.080
#53670.464676 z -99.000 0.122
53670.465509 g 19.503 0.023
53671.446953 r 19.401 0.018
53671.447786 i 19.369 0.023
53671.448620 u 19.881 0.056
53671.449453 z 19.131 0.057
53671.450286 g 19.456 0.016
53674.346441 r 19.456 0.018
53674.347274 i 19.466 0.029
53674.348108 u 19.813 0.050
53674.348941 z 19.487 0.098
53674.349774 g 19.451 0.016
53676.435896 r 19.402 0.020
53676.436729 i 19.371 0.024
53676.437563 u 19.728 0.046
53676.438396 z 19.269 0.068
53676.439229 g 19.469 0.017
53679.407798 r 19.334 0.020
53679.408631 i 19.367 0.030
53679.409465 u 19.744 0.050
53679.410298 z 19.373 0.099
53679.411131 g 19.357 0.015
53681.399312 r 19.421 0.017
53681.400145 i 19.435 0.021
53681.400979 u 19.724 0.043
53681.401812 z 19.381 0.065
53681.402645 g 19.385 0.015
53684.360810 r 19.314 0.039
53684.361643 i 19.311 0.049
53684.362477 u 19.567 0.073
53684.363310 z 19.249 0.146
53684.364143 g 19.340 0.021
53687.302124 r 19.379 0.031
53687.302957 i 19.333 0.031
53687.303791 u 19.443 0.097
53687.304624 z 19.115 0.074
53687.305457 g 19.353 0.035
53694.372270 r 19.295 0.024
53694.373103 i 19.375 0.031
53694.373937 u 19.574 0.083
53694.374770 z 19.255 0.081
53694.375603 g 19.325 0.027
53696.365030 r 19.333 0.016
53696.365863 i 19.360 0.020
53696.366697 u 19.704 0.054
53696.367530 z 19.277 0.064
#53696.368363 g -99.000 0.017
53697.356337 r 19.326 0.017
53697.357170 i 19.302 0.021
#53697.358004 u -99.000 0.049
53697.358837 z 19.157 0.058
53697.359670 g 19.356 0.017
53700.355293 r 19.263 0.016
53700.356126 i 19.325 0.025
53700.356960 u 19.635 0.042
53700.357793 z 19.610 0.124
53700.358626 g 19.315 0.015
53705.341963 r 19.336 0.016
53705.342796 i 19.397 0.026
53705.343630 u 19.635 0.047
53705.344463 z 19.394 0.085
53705.345296 g 19.325 0.016
53975.426980 r 19.378 0.023
53975.427813 i 19.353 0.047
53975.428647 u 19.602 0.044
53975.429480 z 19.521 0.143
53975.430313 g 19.384 0.024
53994.449969 r 19.312 0.018
53994.450803 i 19.303 0.045
53994.451636 u 19.609 0.046
53994.452469 z 19.114 0.064
53994.453303 g 19.324 0.028
53996.433702 r 19.327 0.024
53996.434535 i 19.333 0.049
53996.435368 u 19.544 0.038
53996.436202 z 19.371 0.125
53996.437035 g 19.309 0.030
54005.446896 r 19.294 0.019
54005.447729 i 19.286 0.055
54005.448562 u 19.575 0.032
54005.449396 z 19.103 0.072
54005.450229 g 19.332 0.019
54009.460683 r 19.291 0.022
54009.461516 i 19.343 0.049
54009.462350 u 19.609 0.032
54009.463183 z 19.220 0.083
54009.464016 g 19.350 0.034
54010.387815 r 19.328 0.021
54010.388649 i 19.320 0.032
54010.389482 u 19.588 0.038
54010.390315 z 19.231 0.077
54010.391149 g 19.339 0.030
54012.380688 r 19.335 0.020
54012.381521 i 19.366 0.048
54012.382354 u 19.652 0.038
54012.383188 z 19.213 0.067
54012.384021 g 19.338 0.019
54020.418794 r 19.338 0.022
54020.419627 i 19.484 0.058
54020.420461 u 19.699 0.060
54020.421294 z 19.397 0.110
54020.422127 g 19.338 0.026
54024.468306 r 19.313 0.023
54024.469139 i 19.341 0.050
54024.469972 u 19.692 0.055
54024.470806 z 19.204 0.111
54024.471639 g 19.375 0.024
54028.456533 r 19.335 0.030
54028.457366 i 19.375 0.054
54028.458199 u 19.850 0.054
54028.459033 z 19.230 0.083
54028.459866 g 19.378 0.028
54030.412196 r 19.363 0.020
#54030.413030 i -99.000 0.048
54030.413863 u 19.697 0.039
54030.414696 z 19.108 0.055
54030.415530 g 19.367 0.022
54035.455933 r 19.385 0.028
54035.456766 i 19.416 0.056
54035.457599 u 19.697 0.047
54035.458433 z 19.185 0.098
54035.459266 g 19.365 0.022
54037.361452 r 19.337 0.021
54037.362285 i 19.383 0.044
54037.363118 u 19.658 0.034
54037.363952 z 19.107 0.067
54037.364785 g 19.409 0.028
54040.375914 r 19.348 0.019
54040.376748 i 19.358 0.045
54040.377581 u 19.630 0.033
54040.378414 z 19.242 0.084
54040.379248 g 19.390 0.019
54041.411439 r 19.357 0.016
54041.412272 i 19.400 0.037
54041.413105 u 19.656 0.035
54041.413939 z 19.155 0.049
54041.414772 g 19.400 0.028
54047.406451 r 19.302 0.083
54047.407284 i 19.335 0.056
54047.408117 u 19.677 0.105
54047.408951 z 19.085 0.087
54047.409784 g 19.409 0.065
54049.402499 r 19.354 0.026
54049.403332 i 19.375 0.051
#54049.404166 u -99.000 0.066
54049.404999 z 19.305 0.113
54049.405832 g 19.318 0.027
54050.362551 r 19.335 0.029
54050.363384 i 19.369 0.055
54050.364217 u 19.676 0.071
54050.365051 z 19.377 0.138
54050.365884 g 19.317 0.032
54053.382026 r 19.356 0.020
54053.382860 i 19.406 0.052
54053.383693 u 19.640 0.041
#54053.384526 z -99.000 0.118
54053.385360 g 19.338 0.019
54056.368394 r 19.340 0.024
54056.369227 i 19.338 0.047
54056.370061 u 19.625 0.036
54056.370894 z 19.234 0.092
54056.371727 g 19.391 0.025
54059.362646 r 19.322 0.026
54059.363479 i 19.368 0.050
54059.364313 u 19.616 0.040
54059.365146 z 19.293 0.103
54059.365979 g 19.409 0.030
54061.373756 r 19.320 0.029
54061.374589 i 19.350 0.050
54061.375423 u 19.742 0.057
54061.376256 z 19.547 0.155
54061.377089 g 19.381 0.026
54062.367629 r 19.376 0.020
54062.368462 i 19.371 0.029
54062.369295 u 19.700 0.042
54062.370129 z 19.271 0.061
54062.370962 g 19.422 0.030
54064.363982 r 19.364 0.021
54064.364815 i 19.349 0.050
54064.365648 u 19.660 0.042
54064.366482 z 19.146 0.091
54064.367315 g 19.398 0.020
54068.348265 r 19.378 0.039
54068.349099 i 19.207 0.048
54068.349932 u 19.722 0.054
54068.350765 z 19.207 0.123
54068.351599 g 19.386 0.044
54357.405855 r 19.310 0.031
54357.406689 i 19.318 0.048
54357.407522 u 19.581 0.036
54357.408355 z 19.240 0.089
54357.409189 g 19.326 0.028
54362.455660 r 19.314 0.020
54362.456493 i 19.373 0.054
54362.457326 u 19.578 0.034
54362.458160 z 19.173 0.080
54362.458993 g 19.315 0.018
54376.450749 r 19.375 0.026
54376.451583 i 19.372 0.039
54376.452416 u 19.653 0.036
54376.453249 z 19.311 0.060
54376.454083 g 19.390 0.022
54382.435914 r 19.407 0.025
54382.436747 i 19.415 0.052
54382.437581 u 19.762 0.041
54382.438414 z 19.185 0.083
54382.439247 g 19.373 0.032
54385.453665 r 19.346 0.024
54385.454498 i 19.434 0.028
54385.455332 u 19.664 0.034
54385.456165 z 19.272 0.055
54385.456998 g 19.400 0.021
54387.454162 r 19.395 0.025
54387.454995 i 19.398 0.054
54387.455828 u 19.650 0.045
54387.456662 z 19.314 0.097
54387.457495 g 19.381 0.022
54390.446593 r 19.366 0.027
54390.447426 i 19.281 0.072
54390.448260 u 19.630 0.048
54390.449093 z 19.348 0.156
54390.449926 g 19.378 0.023
54391.455126 r 19.355 0.031
54391.455959 i 19.268 0.056
54391.456793 u 19.695 0.056
54391.457626 z 19.262 0.130
54391.458459 g 19.373 0.022
54402.447431 r 19.382 0.030
54402.448264 i 19.473 0.062
54402.449098 u 19.603 0.106
54402.449931 z 19.120 0.098
#54402.450764 g -99.000 0.034
