52172.240744 r 17.295 0.006
52172.241577 i 15.867 0.005
52172.242411 u 21.318 0.114
52172.243244 z 15.115 0.005
52172.244077 g 18.691 0.009
52558.190450 r 17.286 0.006
52558.191283 i 15.864 0.005
52558.192117 u 21.479 0.125
52558.192950 z 15.096 0.005
52558.193783 g 18.684 0.009
52576.102707 r 17.282 0.005
52576.103540 i 15.876 0.004
52576.104374 u 21.222 0.114
52576.105207 z 15.108 0.005
52576.106040 g 18.693 0.009
52577.077940 r 17.277 0.005
52577.078773 i 15.873 0.004
52577.079607 u 21.430 0.132
52577.080440 z 15.099 0.005
52577.081273 g 18.697 0.009
52930.091270 r 17.288 0.005
52930.092103 i 15.865 0.004
52930.092937 u 21.328 0.118
52930.093770 z 15.098 0.005
52930.094603 g 18.695 0.009
52931.092101 r 17.289 0.005
52931.092934 i 15.875 0.004
52931.093768 u 21.395 0.117
52931.094601 z 15.094 0.005
52931.095434 g 18.701 0.009
52935.089065 r 17.290 0.005
52935.089898 i 15.866 0.005
52935.090732 u 21.495 0.126
52935.091565 z 15.103 0.005
52935.092398 g 18.691 0.009
53313.082265 r 17.295 0.005
53313.083098 i 15.874 0.004
53313.083932 u 21.365 0.127
53313.084765 z 15.111 0.005
53313.085598 g 18.714 0.009
53622.191512 r 17.291 0.005
53622.192345 i 15.881 0.004
53622.193179 u 21.180 0.170
53622.194012 z 15.109 0.005
53622.194845 g 18.717 0.011
53625.187477 r 17.306 0.006
53625.188310 i 15.884 0.005
53625.189144 u 21.542 0.165
53625.189977 z 15.117 0.006
53625.190810 g 18.716 0.010
53634.140981 r 17.303 0.006
53634.141814 i 15.880 0.003
53634.142648 u 21.494 0.390
53634.143481 z 15.104 0.005
53634.144314 g 18.761 0.017
53636.146513 r 17.305 0.006
53636.147346 i 15.876 0.005
53636.148180 u 21.418 0.124
53636.149013 z 15.121 0.005
53636.149846 g 18.724 0.009
53645.206182 r 17.305 0.006
53645.207015 i 15.892 0.005
53645.207849 u 21.262 0.154
53645.208682 z 15.116 0.005
53645.209515 g 18.805 0.012
53655.118518 r 17.307 0.006
53655.119351 i 15.885 0.005
53655.120185 u 21.362 0.262
53655.121018 z 15.106 0.005
53655.121851 g 18.686 0.014
53657.205937 r 17.316 0.011
53657.206770 i 15.885 0.004
#53657.207604 u 22.639 2.882
#53657.208437 z -99.000 0.006
53657.209270 g 18.750 0.036
53664.143477 r 17.308 0.006
53664.144310 i 15.885 0.004
53664.145144 u 21.066 0.178
53664.145977 z 15.106 0.005
53664.146810 g 18.712 0.012
53666.107078 r 17.310 0.006
53666.107911 i 15.880 0.005
53666.108745 u 21.392 0.111
53666.109578 z 15.109 0.006
53666.110411 g 18.719 0.009
53669.102717 r 17.301 0.006
53669.103550 i 15.888 0.005
53669.104384 u 21.461 0.142
53669.105217 z 15.108 0.005
53669.106050 g 18.741 0.009
53674.086952 r 17.307 0.006
53674.087785 i 15.893 0.004
53674.088619 u 21.558 0.144
53674.089452 z 15.122 0.005
53674.090285 g 18.727 0.009
53676.176458 r 17.303 0.006
53676.177291 i 15.892 0.006
53676.178125 u 21.248 0.111
53676.178958 z 15.114 0.006
53676.179791 g 18.730 0.009
#53681.139847 r -99.000 0.018
#53681.140680 i -99.000 0.008
#53681.141514 u -99.000 0.437
53681.142347 z 15.116 0.011
#53681.143180 g -99.000 0.035
53685.098891 r 17.295 0.007
53685.099724 i 15.900 0.004
53685.100558 u 21.591 0.563
53685.101391 z 15.110 0.005
53685.102224 g 18.723 0.021
53687.137242 r 17.331 0.006
53687.138075 i 15.897 0.005
53687.138909 u 22.053 0.816
53687.139742 z 15.113 0.005
53687.140575 g 18.726 0.018
53694.112785 r 17.321 0.006
53694.113618 i 15.852 0.004
53694.114452 u 21.356 0.326
53694.115285 z 15.100 0.005
#53694.116118 g -99.000 0.018
53697.096871 r 17.324 0.015
53697.097704 i 15.908 0.008
#53697.098538 u -99.000 0.414
#53697.099371 z -99.000 0.013
53697.100204 g 18.680 0.035
53700.095834 r 17.312 0.005
53700.096667 i 15.894 0.004
53700.097501 u 21.416 0.148
53700.098334 z 15.120 0.005
53700.099167 g 18.735 0.010
53705.082503 r 17.313 0.005
53705.083336 i 15.897 0.004
53705.084170 u 21.584 0.174
53705.085003 z 15.113 0.005
53705.085836 g 18.727 0.011
53975.167513 r 17.278 0.010
53975.168346 i 15.896 0.014
53975.169180 u 21.131 0.103
53975.170013 z 15.099 0.015
53975.170846 g 18.685 0.017
53996.174216 r 17.298 0.009
53996.175049 i 15.892 0.015
53996.175882 u 21.346 0.125
53996.176716 z 15.114 0.016
53996.177549 g 18.706 0.015
53998.142846 r 17.318 0.013
53998.143679 i 15.862 0.017
53998.144513 u 21.296 0.113
53998.145346 z 15.076 0.017
53998.146179 g 18.707 0.013
54005.180115 r 17.276 0.008
54005.180948 i 15.877 0.007
54005.181782 u 21.496 0.126
54005.182615 z 15.089 0.015
54005.183448 g 18.689 0.015
54010.128325 r 17.278 0.010
54010.129158 i 15.860 0.012
54010.129991 u 21.657 0.216
54010.130825 z 15.128 0.014
54010.131658 g 18.712 0.020
54012.121178 r 17.285 0.011
54012.122011 i 15.841 0.014
54012.122845 u 21.700 0.387
54012.123678 z 15.115 0.014
54012.124511 g 18.715 0.017
54020.127154 r 17.286 0.007
54020.127987 i 15.878 0.009
54020.128820 u 21.478 0.134
54020.129654 z 15.093 0.014
54020.130487 g 18.699 0.012
54022.176435 r 17.265 0.010
54022.177269 i 15.876 0.010
54022.178102 u 21.172 0.115
54022.178935 z 15.111 0.013
54022.179769 g 18.691 0.014
54028.117521 r 17.316 0.015
54028.118354 i 15.898 0.027
#54028.119187 u 24.929 3.834
54028.120021 z 15.099 0.014
54028.120854 g 18.708 0.016
54030.120705 r 17.278 0.011
54030.121538 i 15.860 0.010
54030.122372 u 21.479 0.116
54030.123205 z 15.117 0.013
54030.124038 g 18.675 0.017
54032.109974 r 17.314 0.012
54032.110808 i 15.890 0.012
54032.111641 u 21.590 0.213
54032.112474 z 15.118 0.012
54032.113308 g 18.700 0.015
54034.180201 r 17.285 0.009
54034.181034 i 15.871 0.011
54034.181868 u 21.231 0.187
#54034.182701 z -99.000 0.012
54034.183534 g 18.705 0.013
54037.101948 r 17.280 0.009
54037.102781 i 15.869 0.014
54037.103615 u 21.191 0.120
54037.104448 z 15.100 0.014
54037.105281 g 18.696 0.015
54040.116442 r 17.268 0.012
54040.117276 i 15.875 0.012
54040.118109 u 21.656 0.398
54040.118942 z 15.094 0.010
54040.119776 g 18.704 0.020
54050.101062 r 17.280 0.012
54050.101895 i 15.878 0.010
54050.102729 u 21.340 0.143
54050.103562 z 15.107 0.017
54050.104395 g 18.695 0.013
54053.107219 r 17.263 0.011
54053.108052 i 15.855 0.018
54053.108886 u 21.629 0.192
54053.109719 z 15.120 0.017
54053.110552 g 18.688 0.012
54056.108896 r 17.289 0.017
54056.109730 i 15.917 0.011
54056.110563 u 21.591 0.223
#54056.111396 z -99.000 0.021
#54056.112230 g -99.000 0.033
54057.077550 r 17.281 0.011
54057.078383 i 15.891 0.013
54057.079217 u 21.516 0.163
54057.080050 z 15.090 0.016
54057.080883 g 18.699 0.016
54059.103178 r 17.282 0.011
54059.104011 i 15.852 0.014
54059.104844 u 21.295 0.163
54059.105678 z 15.093 0.015
54059.106511 g 18.707 0.016
54061.114235 r 17.297 0.011
54061.115069 i 15.869 0.009
54061.115902 u 21.721 0.260
54061.116735 z 15.114 0.017
54061.117569 g 18.715 0.020
54062.108083 r 17.279 0.012
54062.108916 i 15.871 0.015
54062.109749 u 21.378 0.192
54062.110583 z 15.106 0.011
#54062.111416 g -99.000 0.012
54068.098129 r 17.295 0.011
54068.098962 i 15.895 0.010
#54068.099795 u 22.073 1.068
54068.100629 z 15.125 0.019
54068.101462 g 18.726 0.024
54357.146367 r 17.304 0.011
54357.147200 i 15.836 0.024
54357.148034 u 21.290 0.104
54357.148867 z 15.104 0.017
54357.149700 g 18.693 0.014
54365.144235 r 17.305 0.009
54365.145068 i 15.870 0.012
54365.145902 u 21.540 0.329
54365.146735 z 15.104 0.018
54365.147568 g 18.702 0.020
54385.194195 r 17.284 0.009
54385.195028 i 15.881 0.017
54385.195862 u 21.244 0.120
54385.196695 z 15.107 0.016
54385.197528 g 18.685 0.016
54387.194705 r 17.295 0.012
54387.195538 i 15.872 0.011
54387.196371 u 21.406 0.205
54387.197205 z 15.112 0.015
54387.198038 g 18.714 0.014
54390.197722 r 17.293 0.012
54390.198555 i 15.856 0.013
54390.199389 u 21.175 0.163
54390.200222 z 15.138 0.015
54390.201055 g 18.698 0.014
54392.189432 r 17.996 0.053
54392.190265 i 16.232 0.024
54392.191099 u 22.406 0.949
54392.191932 z 15.442 0.026
54392.192765 g 19.095 0.033
54402.187949 r 17.324 0.013
54402.188782 i 15.850 0.013
#54402.189615 u 22.510 1.156
54402.190449 z 15.117 0.012
54402.191282 g 18.696 0.020
