52934.079734 r 18.272 0.008
52934.080567 i 18.094 0.009
52934.081401 u 20.099 0.045
52934.082234 z 18.065 0.023
52934.083067 g 18.829 0.009
52936.075659 r 18.422 0.008
52936.076492 i 18.269 0.010
52936.077326 u 20.012 0.039
52936.078159 z 18.151 0.024
52936.078992 g 18.857 0.009
53270.139728 r 18.282 0.010
53270.140561 i 18.190 0.016
53270.141394 u 20.091 0.055
53270.142228 z 18.001 0.023
53270.143061 g 18.846 0.017
53312.068074 r 18.157 0.009
53312.068908 i 17.981 0.013
53312.069741 u 19.853 0.046
53312.070574 z 17.917 0.028
53312.071408 g 18.686 0.011
53626.150066 r 18.348 0.010
53626.150899 i 18.167 0.010
53626.151733 u 20.101 0.071
53626.152566 z 18.044 0.022
53626.153399 g 18.832 0.014
53654.163616 r 18.249 0.009
53654.164449 i 18.137 0.011
53654.165283 u 20.075 0.069
53654.166116 z 17.970 0.026
53654.166949 g 18.809 0.013
53702.089115 r 18.149 0.014
53702.089948 i 17.989 0.016
53702.090781 u 19.977 0.088
53702.091615 z 17.861 0.034
53702.092448 g 18.659 0.013
53703.098251 r 18.155 0.010
53703.099084 i 18.009 0.047
53703.099918 u 19.724 0.051
53703.100751 z 17.871 0.028
53703.101584 g 18.650 0.015
53974.164717 r 18.376 0.017
53974.165550 i 18.124 0.015
53974.166383 u 20.021 0.040
53974.167217 z 18.021 0.023
53974.168050 g 18.862 0.020
53989.154149 r 18.369 0.015
53989.154982 i 18.167 0.019
53989.155815 u 20.072 0.052
53989.156649 z 18.035 0.026
53989.157482 g 18.813 0.016
53995.162097 r 18.370 0.013
53995.162930 i 18.159 0.015
53995.163763 u 20.080 0.038
53995.164597 z 18.075 0.023
53995.165430 g 18.892 0.017
54011.186659 r 18.367 0.018
54011.187492 i 18.195 0.018
54011.188325 u 20.252 0.088
54011.189159 z 18.058 0.028
54011.189992 g 18.886 0.027
54381.184044 r 18.137 0.008
#54381.184877 i -99.000 0.009
54381.185710 u 19.838 0.046
54381.186544 z 17.930 0.037
54381.187377 g 18.735 0.014
54403.102210 r 18.353 0.014
54403.103043 i 18.183 0.015
54403.103876 u 20.060 0.043
54403.104710 z 18.059 0.025
54403.105543 g 18.844 0.017
54412.098963 r 18.387 0.017
54412.099797 i 18.149 0.015
54412.100630 u 20.065 0.045
54412.101463 z 18.078 0.028
54412.102297 g 18.816 0.014
54415.136525 r 18.384 0.022
54415.137358 i 18.199 0.023
54415.138192 u 20.158 0.058
54415.139025 z 18.112 0.038
54415.139858 g 18.944 0.030
