51081.428712 r 19.641 0.018
51081.429545 i 19.581 0.027
51081.430379 u 20.366 0.064
51081.431212 z 19.493 0.086
51081.432045 g 19.943 0.021
51875.243691 r 19.485 0.016
51875.244524 i 19.422 0.021
51875.245358 u 20.130 0.042
51875.246191 z 19.200 0.054
51875.247024 g 19.698 0.016
52171.476114 r 19.508 0.016
52171.476947 i 19.457 0.022
52171.477781 u 20.210 0.049
52171.478614 z 19.142 0.052
52171.479447 g 19.754 0.017
52225.324531 r 19.432 0.014
52225.325364 i 19.405 0.018
52225.326198 u 20.112 0.043
52225.327031 z 19.258 0.049
52225.327864 g 19.680 0.015
52288.158956 r 19.504 0.016
52288.159789 i 19.405 0.019
52288.160623 u 20.262 0.049
52288.161456 z 19.053 0.044
52288.162289 g 19.784 0.017
52551.432239 r 19.407 0.015
52551.433072 i 19.444 0.022
52551.433906 u 20.128 0.048
52551.434739 z 19.316 0.063
52551.435572 g 19.650 0.015
52558.465112 r 19.411 0.014
52558.465945 i 19.336 0.018
52558.466779 u 20.138 0.043
52558.467612 z 19.115 0.048
52558.468445 g 19.703 0.015
52578.336724 r 19.368 0.013
52578.337557 i 19.290 0.016
52578.338391 u 20.078 0.042
52578.339224 z 19.041 0.043
52578.340057 g 19.663 0.015
52585.299704 r 19.384 0.014
52585.300537 i 19.341 0.019
52585.301371 u 20.067 0.039
52585.302204 z 19.087 0.050
52585.303037 g 19.651 0.014
52909.466336 r 19.294 0.012
52909.467169 i 19.248 0.016
52909.468003 u 19.904 0.037
52909.468836 z 19.072 0.040
52909.469669 g 19.558 0.014
52910.436578 r 19.341 0.015
52910.437411 i 19.196 0.016
52910.438245 u 19.906 0.046
52910.439078 z 18.998 0.045
52910.439911 g 19.508 0.015
52935.363749 r 19.294 0.014
52935.364582 i 19.224 0.018
52935.365416 u 19.922 0.039
52935.366249 z 19.009 0.050
52935.367082 g 19.553 0.014
53351.209132 r 19.293 0.014
53351.209965 i 19.245 0.020
53351.210799 u 20.007 0.048
53351.211632 z 18.965 0.050
53351.212465 g 19.500 0.015
53622.466178 r 19.152 0.011
53622.467011 i 19.082 0.014
53622.467845 u 19.750 0.033
53622.468678 z 18.875 0.033
53622.469511 g 19.410 0.012
53627.423276 r 19.168 0.012
53627.424109 i 19.094 0.016
53627.424943 u 19.851 0.042
53627.425776 z 18.888 0.041
53627.426609 g 19.433 0.014
53634.415649 r 19.164 0.022
53634.416482 i 19.108 0.026
53634.417316 u 19.843 0.112
53634.418149 z 18.928 0.051
53634.418982 g 19.383 0.037
53638.456987 r 19.158 0.015
53638.457820 i 19.091 0.019
53638.458654 u 19.797 0.051
53638.459487 z 18.918 0.050
53638.460320 g 19.397 0.017
53640.421022 r 19.159 0.014
53640.421855 i 19.090 0.017
53640.422689 u 19.778 0.046
53640.423522 z 18.986 0.048
53640.424355 g 19.398 0.015
53643.463498 r 19.267 0.015
53643.464331 i 19.145 0.017
53643.465165 u 19.916 0.048
53643.465998 z 18.922 0.043
53643.466831 g 19.462 0.015
53657.301173 r 19.273 0.030
53657.302006 i 19.147 0.033
53657.302840 u 19.765 0.130
53657.303673 z 18.817 0.080
53657.304506 g 19.452 0.046
53657.465463 r 19.203 0.014
53657.466296 i 19.171 0.018
53657.467130 u 19.893 0.052
53657.467963 z 18.937 0.048
53657.468796 g 19.443 0.015
53663.482845 r 19.249 0.026
53663.483678 i 19.178 0.027
53663.484512 u 19.998 0.151
53663.485345 z 18.921 0.058
53663.486178 g 19.486 0.038
53664.418152 r 19.247 0.105
53664.418985 i 19.353 0.238
53664.419819 u 19.527 0.230
53664.420652 z 18.843 0.231
#53664.421485 g -99.000 0.153
53665.482777 r 19.224 0.019
53665.483610 i 19.163 0.022
53665.484444 u 19.851 0.091
53665.485277 z 19.033 0.073
53665.486110 g 19.513 0.029
53668.471393 r 19.247 0.021
53668.472226 i 19.169 0.028
53668.473060 u 19.829 0.086
53668.473893 z 18.970 0.078
53668.474726 g 19.591 0.027
53669.377398 r 19.232 0.014
53669.378231 i 19.144 0.019
53669.379065 u 19.926 0.054
53669.379898 z 19.060 0.053
53669.380731 g 19.490 0.018
53670.477365 r 19.265 0.022
53670.478198 i 19.152 0.024
53670.479032 u 20.068 0.091
53670.479865 z 18.925 0.066
53670.480698 g 19.541 0.025
53671.462144 r 19.217 0.015
53671.462977 i 19.176 0.021
53671.463811 u 19.916 0.067
53671.464644 z 18.872 0.050
53671.465477 g 19.511 0.017
53674.361635 r 19.286 0.019
53674.362468 i 19.239 0.028
53674.363302 u 19.873 0.061
53674.364135 z 19.022 0.072
53674.364968 g 19.536 0.019
53676.451087 r 19.217 0.016
53676.451920 i 19.180 0.020
53676.452754 u 19.820 0.055
53676.453587 z 19.036 0.062
53676.454420 g 19.532 0.019
53679.422991 r 19.287 0.016
53679.423824 i 19.188 0.020
53679.424658 u 19.980 0.051
53679.425491 z 18.981 0.053
53679.426324 g 19.539 0.016
53681.414505 r 19.254 0.016
53681.415338 i 19.133 0.019
53681.416172 u 19.811 0.056
53681.417005 z 19.067 0.060
53681.417838 g 19.487 0.018
53684.376003 r 19.268 0.017
53684.376836 i 19.244 0.023
53684.377670 u 19.811 0.050
53684.378503 z 18.993 0.061
53684.379336 g 19.497 0.016
53687.317319 r 19.191 0.029
53687.318152 i 19.177 0.043
53687.318986 u 19.845 0.145
53687.319819 z 18.855 0.067
53687.320652 g 19.512 0.045
53694.387470 r 19.206 0.021
53694.388303 i 19.145 0.025
53694.389137 u 19.924 0.123
53694.389970 z 18.945 0.060
53694.390803 g 19.390 0.032
53696.380222 r 19.211 0.015
53696.381055 i 19.168 0.018
53696.381889 u 19.849 0.063
53696.382722 z 18.963 0.053
53696.383555 g 19.493 0.020
53697.371530 r 19.240 0.015
53697.372363 i 19.157 0.018
53697.373197 u 19.797 0.052
53697.374030 z 19.006 0.047
53697.374863 g 19.485 0.017
53700.370486 r 19.259 0.015
53700.371319 i 19.206 0.021
53700.372153 u 19.829 0.052
53700.372986 z 19.006 0.074
53700.373819 g 19.471 0.018
53705.357156 r 19.311 0.018
53705.357989 i 19.170 0.021
53705.358823 u 19.870 0.059
53705.359656 z 18.916 0.061
53705.360489 g 19.517 0.018
53975.442154 r 19.354 0.021
53975.442988 i 19.273 0.029
53975.443821 u 20.014 0.048
53975.444654 z 18.977 0.052
53975.445488 g 19.600 0.022
53994.465158 r 19.295 0.017
53994.465991 i 19.238 0.017
53994.466824 u 19.870 0.039
53994.467658 z 19.009 0.041
53994.468491 g 19.532 0.021
53996.448906 r 19.271 0.022
53996.449739 i 19.231 0.018
53996.450573 u 19.850 0.044
53996.451406 z 19.031 0.045
53996.452239 g 19.549 0.028
54005.462072 r 19.277 0.020
54005.462906 i 19.265 0.018
54005.463739 u 19.853 0.041
54005.464572 z 19.053 0.039
54005.465406 g 19.542 0.020
54009.475881 r 19.313 0.015
54009.476715 i 19.283 0.020
54009.477548 u 19.948 0.040
54009.478381 z 19.060 0.037
54009.479215 g 19.593 0.023
54010.403049 r 19.339 0.017
54010.403883 i 19.259 0.018
54010.404716 u 19.913 0.036
54010.405549 z 19.097 0.035
54010.406383 g 19.528 0.015
54012.395889 r 19.330 0.025
54012.396722 i 19.228 0.024
54012.397555 u 19.834 0.057
54012.398389 z 19.095 0.055
54012.399222 g 19.526 0.026
54020.433893 r 19.287 0.022
54020.434727 i 19.266 0.023
54020.435560 u 19.953 0.064
54020.436393 z 19.071 0.048
54020.437227 g 19.545 0.043
54024.483433 r 19.274 0.022
54024.484266 i 19.306 0.025
54024.485099 u 19.927 0.060
54024.485933 z 19.102 0.057
54024.486766 g 19.575 0.020
54028.471730 r 19.254 0.021
54028.472563 i 19.231 0.030
54028.473396 u 19.831 0.061
54028.474230 z 19.055 0.058
54028.475063 g 19.546 0.021
54030.427153 r 19.294 0.016
54030.427986 i 19.287 0.019
54030.428820 u 19.882 0.039
54030.429653 z 19.013 0.045
54030.430486 g 19.517 0.017
54035.471135 r 19.302 0.020
54035.471969 i 19.167 0.024
54035.472802 u 19.910 0.050
54035.473635 z 18.892 0.054
54035.474469 g 19.520 0.059
54037.376653 r 19.298 0.019
54037.377486 i 19.236 0.017
54037.378319 u 19.832 0.037
54037.379153 z 19.076 0.036
54037.379986 g 19.527 0.025
54040.391131 r 19.267 0.015
54040.391964 i 19.236 0.018
54040.392797 u 19.829 0.041
54040.393631 z 18.967 0.044
54040.394464 g 19.548 0.021
54041.426629 r 19.285 0.013
54041.427463 i 19.239 0.018
54041.428296 u 19.849 0.042
54041.429129 z 19.028 0.040
54041.429963 g 19.560 0.022
54047.421776 r 19.245 0.025
54047.422610 i 19.182 0.032
54047.423443 u 19.949 0.136
54047.424276 z 18.996 0.054
54047.425110 g 19.562 0.041
54049.417575 r 19.230 0.019
54049.418408 i 19.219 0.023
54049.419242 u 19.838 0.077
54049.420075 z 19.040 0.058
54049.420908 g 19.505 0.034
54050.377782 r 19.229 0.042
54050.378615 i 19.122 0.031
54050.379448 u 19.751 0.081
54050.380282 z 18.927 0.073
54050.381115 g 19.468 0.026
54053.397268 r 19.299 0.023
54053.398101 i 19.157 0.027
54053.398934 u 19.850 0.060
#54053.399768 z -99.000 1.000
#54053.400601 g -99.000 0.058
54056.383603 r 19.245 0.023
54056.384436 i 19.211 0.031
54056.385269 u 19.826 0.042
54056.386103 z 19.098 0.057
54056.386936 g 19.486 0.028
54059.377848 r 19.267 0.021
54059.378682 i 19.208 0.023
54059.379515 u 19.795 0.040
54059.380348 z 19.043 0.058
54059.381182 g 19.465 0.019
54061.388952 r 19.302 0.031
54061.389786 i 19.258 0.036
54061.390619 u 19.826 0.063
54061.391452 z 18.932 0.061
54061.392286 g 19.511 0.023
54062.382738 r 19.303 0.016
54062.383571 i 19.190 0.020
54062.384404 u 19.852 0.040
54062.385238 z 18.953 0.045
54062.386071 g 19.484 0.021
54064.379185 r 19.234 0.020
54064.380019 i 19.173 0.023
54064.380852 u 19.864 0.057
54064.381685 z 18.962 0.049
54064.382519 g 19.477 0.017
54068.363340 r 19.257 0.020
54068.364174 i 19.174 0.022
54068.365007 u 19.850 0.053
54068.365840 z 19.162 0.064
54068.366674 g 19.490 0.023
54357.421065 r 19.101 0.015
54357.421898 i 19.087 0.018
54357.422731 u 19.634 0.030
54357.423565 z 18.931 0.037
54357.424398 g 19.331 0.014
54362.470843 r 19.101 0.020
54362.471676 i 19.066 0.017
54362.472509 u 19.606 0.034
54362.473343 z 18.841 0.038
54362.474176 g 19.284 0.021
54376.465932 r 19.095 0.016
54376.466765 i 19.073 0.017
54376.467599 u 19.630 0.036
54376.468432 z 18.895 0.041
54376.469265 g 19.336 0.021
54382.451090 r 19.082 0.020
54382.451923 i 19.048 0.021
54382.452757 u 19.619 0.035
54382.453590 z 18.817 0.040
54382.454423 g 19.310 0.018
54385.468867 r 19.123 0.015
54385.469700 i 19.035 0.017
54385.470534 u 19.593 0.034
54385.471367 z 18.909 0.038
54385.472200 g 19.347 0.018
54387.469392 r 19.109 0.018
54387.470226 i 19.002 0.017
54387.471059 u 19.643 0.039
54387.471892 z 18.814 0.041
54387.472726 g 19.291 0.019
54390.461766 r 19.074 0.021
54390.462599 i 19.043 0.027
#54390.463433 u -99.000 0.103
#54390.464266 z -99.000 0.906
#54390.465099 g -99.000 0.041
54391.470202 r 19.150 0.021
54391.471035 i 19.019 0.023
54391.471869 u 19.598 0.046
54391.472702 z 18.928 0.071
54391.473535 g 19.283 0.028
54402.462525 r 19.001 0.031
54402.463358 i 18.993 0.027
54402.464192 u 19.411 0.096
54402.465025 z 18.853 0.059
54402.465858 g 19.278 0.039
