52172.240223 r 19.900 0.051
52172.241056 i 17.534 0.012
52172.241890 u 22.428 0.844
52172.242723 z 16.795 0.020
52172.243556 g 19.756 0.032
52576.102185 r 19.508 0.018
52576.103018 i 18.209 0.010
52576.103852 u 23.117 0.528
52576.104685 z 17.442 0.016
52576.105518 g 20.983 0.039
52577.077419 r 18.727 0.010
52577.078252 i 17.526 0.007
52577.079086 u 22.400 0.279
52577.079919 z 16.811 0.011
52577.080752 g 20.135 0.020
52930.090750 r 18.737 0.010
52930.091583 i 17.551 0.007
52930.092417 u 22.844 0.395
52930.093250 z 16.907 0.010
52930.094083 g 20.255 0.021
52931.091580 r 18.676 0.009
52931.092413 i 17.495 0.007
52931.093247 u 22.347 0.243
52931.094080 z 16.808 0.010
52931.094913 g 20.097 0.018
52935.088545 r 18.750 0.010
52935.089378 i 17.520 0.007
52935.090212 u 22.755 0.334
52935.091045 z 16.827 0.010
52935.091878 g 20.149 0.019
53313.081745 r 18.745 0.012
53313.082578 i 17.510 0.007
53313.083412 u 22.335 0.301
53313.084245 z 16.812 0.010
53313.085078 g 20.151 0.020
53622.190992 r 18.839 0.012
53622.191825 i 17.546 0.007
#53622.192659 u 25.155 1.258
53622.193492 z 16.870 0.012
53622.194325 g 20.383 0.033
53625.186957 r 18.697 0.010
53625.187790 i 17.477 0.007
53625.188624 u 22.407 0.335
53625.189457 z 16.816 0.010
53625.190290 g 20.179 0.026
53634.140461 r 18.665 0.015
53634.141294 i 17.388 0.008
53634.142128 u 22.320 0.861
53634.142961 z 16.717 0.012
53634.143794 g 20.403 0.069
53636.145994 r 18.756 0.010
53636.146827 i 17.544 0.007
53636.147661 u 22.150 0.213
53636.148494 z 16.828 0.010
53636.149327 g 20.242 0.020
53645.205662 r 18.625 0.010
53645.206495 i 17.442 0.007
53645.207329 u 23.621 0.918
53645.208162 z 16.757 0.010
53645.208995 g 20.075 0.021
53655.117998 r 18.838 0.012
53655.118831 i 17.686 0.008
#53655.119665 u 23.935 1.821
53655.120498 z 17.070 0.013
53655.121331 g 20.431 0.055
53657.205416 r 18.674 0.034
53657.206249 i 17.470 0.015
#53657.207083 u 22.288 2.333
53657.207916 z 16.767 0.019
53657.208749 g 20.480 0.205
53664.142958 r 19.442 0.020
53664.143791 i 18.169 0.010
#53664.144625 u 23.118 1.004
53664.145458 z 17.406 0.016
53664.146291 g 20.871 0.065
53666.106557 r 18.714 0.010
53666.107390 i 17.489 0.007
53666.108224 u 22.905 0.360
53666.109057 z 16.791 0.010
53666.109890 g 19.972 0.016
53669.102196 r 18.759 0.010
53669.103029 i 17.537 0.007
53669.103863 u 22.377 0.230
53669.104696 z 16.848 0.010
53669.105529 g 20.212 0.018
53674.086431 r 18.711 0.010
53674.087264 i 17.480 0.007
53674.088098 u 22.413 0.271
53674.088931 z 16.793 0.010
53674.089764 g 20.110 0.018
53676.175937 r 18.669 0.010
53676.176770 i 17.485 0.007
53676.177604 u 21.797 0.165
#53676.178437 z -99.000 0.010
53676.179270 g 20.086 0.018
53681.139326 r 19.701 0.151
#53681.140159 i -99.000 0.062
#53681.140993 u 23.058 1.060
53681.141826 z 17.476 0.057
53681.142659 g 21.095 0.235
53685.098370 r 18.661 0.022
53685.099203 i 17.395 0.009
53685.100037 u 21.766 0.713
53685.100870 z 16.719 0.012
53685.101703 g 20.207 0.079
53687.136721 r 18.774 0.016
53687.137554 i 17.601 0.008
#53687.138388 u 26.217 1.749
53687.139221 z 16.879 0.011
53687.140054 g 20.164 0.057
53697.096350 r 18.803 0.042
53697.097183 i 17.676 0.024
53697.098017 u 23.514 0.775
53697.098850 z 16.946 0.042
53697.099683 g 20.492 0.150
53700.095312 r 18.713 0.010
53700.096145 i 17.487 0.007
53700.096979 u 23.189 0.605
53700.097812 z 16.808 0.010
53700.098645 g 20.186 0.022
53705.081982 r 18.749 0.011
53705.082815 i 17.559 0.007
53705.083649 u 23.003 0.528
53705.084482 z 16.926 0.011
53705.085315 g 20.184 0.024
53975.166974 r 19.030 0.036
53975.167808 i 17.742 0.016
53975.168641 u 22.702 0.325
53975.169474 z 17.011 0.020
53975.170308 g 20.306 0.070
53996.173704 r 18.664 0.019
53996.174537 i 17.469 0.014
53996.175371 u 23.408 0.909
53996.176204 z 16.809 0.015
53996.177037 g 20.161 0.046
53998.142326 r 18.807 0.029
53998.143159 i 17.581 0.013
53998.143993 u 22.220 0.195
53998.144826 z 16.828 0.018
53998.145659 g 20.230 0.065
54005.179584 r 18.698 0.023
54005.180417 i 17.484 0.014
54005.181251 u 22.336 0.242
54005.182084 z 16.796 0.015
54005.182917 g 20.147 0.044
54010.127807 r 18.706 0.032
54010.128640 i 17.483 0.013
54010.129474 u 21.886 0.255
54010.130307 z 16.790 0.015
54010.131140 g 20.168 0.065
54012.120654 r 18.718 0.030
54012.121487 i 17.489 0.015
#54012.122320 u 23.492 99.999
54012.123154 z 16.788 0.017
54012.123987 g 20.199 0.088
54020.126641 r 18.672 0.021
54020.127474 i 17.479 0.012
54020.128307 u 23.124 0.579
54020.129141 z 16.785 0.016
54020.129974 g 20.160 0.044
#54022.175916 r -99.000 0.020
54022.176749 i 17.465 0.012
54022.177582 u 22.666 0.406
54022.178416 z 16.809 0.015
#54022.179249 g -99.000 0.052
54028.117007 r 18.729 0.025
54028.117840 i 17.530 0.026
54028.118674 u 23.181 0.755
54028.119507 z 16.798 0.017
54028.120340 g 20.189 0.067
54030.120187 r 18.713 0.019
54030.121021 i 17.482 0.014
54030.121854 u 22.857 0.365
54030.122687 z 16.812 0.013
54030.123521 g 20.145 0.044
#54032.109588 r -99.000 0.040
54032.110422 i 17.730 0.017
54032.111255 u 21.635 0.234
#54032.112088 z -99.000 0.019
#54032.112922 g -99.000 0.070
#54034.179678 r -99.000 0.025
54034.180511 i 17.514 0.012
#54034.181345 u 99.995 99.999
#54034.182178 z -99.000 0.015
#54034.183011 g -99.000 0.074
54037.101425 r 18.682 0.021
54037.102258 i 17.474 0.015
54037.103092 u 22.022 0.248
54037.103925 z 16.789 0.013
54037.104758 g 20.093 0.053
54040.115911 r 18.739 0.031
54040.116744 i 17.503 0.013
54040.117578 u 22.827 0.901
54040.118411 z 16.803 0.017
54040.119244 g 20.262 0.072
54050.100553 r 19.262 0.044
54050.101386 i 18.053 0.020
#54050.102219 u 100.006 99.999
54050.103053 z 17.356 0.024
54050.103886 g 21.118 0.095
54053.106699 r 18.718 0.026
54053.107532 i 17.502 0.016
54053.108366 u 22.623 0.463
54053.109199 z 16.814 0.022
54053.110032 g 20.195 0.069
54056.108382 r 18.690 0.028
54056.109216 i 17.506 0.019
54056.110049 u 22.558 0.534
54056.110882 z 16.865 0.024
54056.111716 g 20.268 0.071
54057.077027 r 19.510 0.045
54057.077861 i 18.183 0.022
54057.078694 u 22.435 0.357
54057.079527 z 17.422 0.028
54057.080361 g 20.839 0.082
54059.102661 r 19.043 0.030
54059.103494 i 17.818 0.016
54059.104327 u 22.979 0.473
54059.105161 z 17.158 0.016
54059.105994 g 20.782 0.089
54061.113705 r 18.781 0.030
54061.114538 i 17.523 0.012
54061.115371 u 22.833 0.704
54061.116205 z 16.833 0.019
54061.117038 g 20.249 0.071
54062.107554 r 18.725 0.023
54062.108387 i 17.464 0.011
54062.109221 u 22.039 0.284
54062.110054 z 16.793 0.015
54062.110887 g 20.242 0.064
54068.097558 r 18.731 0.024
54068.098391 i 17.555 0.012
54068.099224 u 21.927 0.906
54068.100058 z 16.883 0.018
54068.100891 g 20.494 0.109
54357.145851 r 18.681 0.035
54357.146684 i 17.469 0.027
54357.147518 u 22.667 0.318
54357.148351 z 16.791 0.018
54357.149184 g 20.125 0.062
54365.143714 r 18.760 0.027
54365.144547 i 17.527 0.016
#54365.145380 u 99.991 99.999
54365.146214 z 16.825 0.020
54365.147047 g 20.473 0.106
54385.193676 r 18.736 0.024
54385.194510 i 17.607 0.018
54385.195343 u 22.334 0.293
54385.196176 z 16.812 0.018
54385.197010 g 20.191 0.051
54387.194176 r 18.738 0.025
54387.195010 i 17.506 0.012
#54387.195843 u 99.999 99.999
54387.196676 z 16.814 0.016
54387.197510 g 20.202 0.064
54390.197194 r 19.060 0.036
54390.198028 i 17.738 0.017
#54390.198861 u 23.633 3.753
54390.199694 z 16.997 0.021
54390.200528 g 20.375 0.055
54392.188910 r 18.770 0.026
54392.189743 i 17.482 0.014
#54392.190577 u 23.205 1.882
54392.191410 z 16.811 0.020
54392.192243 g 20.387 0.068
54402.187374 r 18.781 0.032
54402.188207 i 17.522 0.016
54402.189041 u 21.919 0.904
54402.189874 z 16.781 0.018
54402.190707 g 20.323 0.095
