52172.241824 r 18.395 0.008
52172.242657 i 18.115 0.009
52172.243491 u 21.396 0.123
52172.244324 z 17.926 0.021
52172.245157 g 19.197 0.011
52558.191528 r 18.393 0.008
52558.192361 i 18.114 0.009
52558.193195 u 21.301 0.107
52558.194028 z 17.915 0.020
52558.194861 g 19.240 0.011
52576.103786 r 18.387 0.008
52576.104619 i 18.099 0.009
52576.105453 u 21.264 0.115
52576.106286 z 17.935 0.024
52576.107119 g 19.199 0.011
52577.079019 r 18.386 0.008
52577.079852 i 18.118 0.009
52577.080686 u 21.256 0.119
52577.081519 z 17.971 0.025
52577.082352 g 19.205 0.011
52930.092350 r 18.391 0.008
52930.093183 i 18.110 0.009
52930.094017 u 21.328 0.116
52930.094850 z 17.970 0.021
52930.095683 g 19.204 0.010
52931.093181 r 18.380 0.008
52931.094014 i 18.115 0.009
52931.094848 u 21.493 0.119
52931.095681 z 17.976 0.021
52931.096514 g 19.201 0.011
52935.090145 r 18.392 0.008
52935.090978 i 18.117 0.009
52935.091812 u 21.286 0.110
52935.092645 z 17.936 0.021
52935.093478 g 19.194 0.010
53313.083345 r 18.372 0.009
53313.084178 i 18.124 0.009
53313.085012 u 21.336 0.123
53313.085845 z 17.947 0.024
53313.086678 g 19.223 0.011
53622.192594 r 18.400 0.009
53622.193427 i 18.127 0.010
53622.194261 u 21.152 0.159
53622.195094 z 18.010 0.029
53622.195927 g 19.217 0.014
53625.188559 r 18.395 0.009
53625.189392 i 18.117 0.009
53625.190226 u 21.355 0.134
53625.191059 z 17.953 0.020
53625.191892 g 19.219 0.013
53634.142063 r 18.610 0.014
#53634.142896 i -99.000 0.012
53634.143730 u 21.606 0.363
#53634.144563 z -99.000 0.032
53634.145396 g 19.918 0.060
53636.147594 r 18.378 0.008
53636.148427 i 18.103 0.009
53636.149261 u 21.445 0.128
53636.150094 z 17.960 0.020
53636.150927 g 19.204 0.011
53645.207261 r 18.381 0.009
53645.208094 i 18.103 0.009
53645.208928 u 21.208 0.133
53645.209761 z 17.967 0.033
53645.210594 g 19.188 0.018
53655.119598 r 18.418 0.010
53655.120431 i 18.115 0.010
53655.121265 u 21.235 0.248
53655.122098 z 17.933 0.026
53655.122931 g 19.188 0.018
53657.207019 r 18.365 0.024
53657.207852 i 18.127 0.021
53657.208686 u 20.789 0.601
53657.209519 z 17.907 0.045
53657.210352 g 19.173 0.046
53664.144560 r 18.393 0.010
53664.145393 i 18.111 0.010
53664.146227 u 21.267 0.197
53664.147060 z 17.943 0.024
53664.147893 g 19.209 0.016
53666.108157 r 18.389 0.008
53666.108990 i 18.107 0.009
53666.109824 u 21.273 0.101
53666.110657 z 17.927 0.021
53666.111490 g 19.215 0.010
53669.103797 r 18.390 0.008
53669.104630 i 18.110 0.009
53669.105464 u 21.399 0.110
53669.106297 z 17.970 0.021
53669.107130 g 19.204 0.010
53674.088034 r 18.386 0.008
53674.088867 i 18.124 0.009
53674.089701 u 21.198 0.104
53674.090534 z 17.995 0.022
53674.091367 g 19.221 0.011
53676.177527 r 18.387 0.009
53676.178360 i 18.110 0.009
53676.179194 u 21.240 0.111
53676.180027 z 17.911 0.020
53676.180860 g 19.224 0.011
#53681.140927 r -99.000 0.032
#53681.141760 i -99.000 0.034
53681.142594 u 22.025 0.910
#53681.143427 z -99.000 0.084
#53681.144260 g -99.000 0.051
53685.099971 r 18.385 0.014
53685.100804 i 18.138 0.013
53685.101638 u 20.901 0.299
53685.102471 z 17.935 0.030
53685.103304 g 19.197 0.028
53687.138324 r 18.421 0.012
53687.139157 i 18.116 0.010
53687.139991 u 20.915 0.285
53687.140824 z 17.991 0.025
53687.141657 g 19.208 0.025
53694.113866 r 19.317 0.029
53694.114699 i 18.736 0.027
#53694.115533 u 24.684 3.158
#53694.116366 z -99.000 0.088
53694.117199 g 19.979 0.036
53697.097952 r 18.378 0.037
53697.098785 i 18.093 0.037
#53697.099619 u 22.325 1.178
53697.100452 z 17.971 0.100
53697.101285 g 19.145 0.043
53700.096913 r 18.408 0.009
53700.097746 i 18.114 0.009
53700.098580 u 21.237 0.135
53700.099413 z 17.958 0.024
53700.100246 g 19.199 0.012
53705.083584 r 18.396 0.009
53705.084417 i 18.136 0.009
53705.085251 u 21.357 0.163
53705.086084 z 18.013 0.028
53705.086917 g 19.205 0.012
53975.168575 r 18.377 0.014
53975.169408 i 18.107 0.012
53975.170242 u 21.237 0.129
53975.171075 z 17.980 0.032
53975.171908 g 19.198 0.012
53996.175305 r 18.379 0.009
53996.176139 i 18.099 0.011
53996.176972 u 21.067 0.104
53996.177805 z 17.974 0.025
53996.178639 g 19.218 0.011
53998.143926 r 18.395 0.010
53998.144759 i 18.119 0.008
53998.145593 u 21.208 0.096
53998.146426 z 17.954 0.023
53998.147259 g 19.201 0.014
54005.181178 r 18.379 0.009
54005.182012 i 18.111 0.013
54005.182845 u 21.287 0.096
54005.183678 z 17.990 0.023
54005.184512 g 19.223 0.011
54010.129406 r 18.368 0.012
54010.130239 i 18.103 0.014
54010.131073 u 21.341 0.162
54010.131906 z 17.938 0.021
54010.132739 g 19.200 0.015
54012.122246 r 18.412 0.012
54012.123079 i 18.068 0.016
54012.123912 u 21.138 0.229
54012.124746 z 17.933 0.024
54012.125579 g 19.179 0.022
54020.128245 r 18.370 0.009
54020.129078 i 18.091 0.013
54020.129912 u 21.260 0.106
54020.130745 z 17.958 0.025
54020.131578 g 19.214 0.012
54022.177893 r 18.390 0.009
54022.178727 i 18.097 0.012
54022.179560 u 21.136 0.105
54022.180393 z 17.996 0.025
#54022.181227 g -99.000 0.046
54028.118602 r 18.387 0.017
54028.119435 i 18.101 0.011
54028.120269 u 21.582 0.190
54028.121102 z 17.906 0.023
54028.121935 g 19.239 0.013
54030.121786 r 18.379 0.009
54030.122619 i 18.105 0.010
54030.123452 u 21.281 0.098
54030.124286 z 17.997 0.020
54030.125119 g 19.213 0.013
54037.103037 r 18.381 0.009
54037.103871 i 18.118 0.011
54037.104704 u 21.325 0.135
54037.105537 z 18.006 0.021
54037.106371 g 19.220 0.013
54040.117520 r 18.376 0.013
54040.118353 i 18.102 0.018
54040.119186 u 22.002 0.502
54040.120020 z 17.938 0.026
54040.120853 g 19.196 0.020
54050.102140 r 18.381 0.010
54050.102974 i 18.117 0.016
54050.103807 u 21.126 0.141
54050.104640 z 17.966 0.031
54050.105474 g 19.190 0.013
54053.108301 r 18.406 0.011
54053.109134 i 18.130 0.013
54053.109967 u 21.152 0.123
54053.110801 z 17.990 0.028
54053.111634 g 19.205 0.014
#54056.109985 r -99.000 0.015
54056.110819 i 18.125 0.021
54056.111652 u 21.420 0.232
54056.112485 z 18.008 0.036
54056.113319 g 19.196 0.031
54057.078631 r 18.388 0.014
54057.079464 i 18.127 0.016
54057.080298 u 21.407 0.142
54057.081131 z 17.957 0.026
54057.081964 g 19.203 0.013
54059.104263 r 18.400 0.018
54059.105096 i 18.084 0.012
54059.105930 u 21.339 0.174
54059.106763 z 18.002 0.030
54059.107596 g 19.204 0.015
54061.115308 r 18.400 0.012
54061.116141 i 18.116 0.015
54061.116975 u 21.097 0.142
54061.117808 z 17.921 0.034
54061.118641 g 19.256 0.020
54062.109156 r 18.425 0.014
54062.109989 i 18.130 0.038
54062.110823 u 21.090 0.162
#54062.111656 z -99.000 0.039
54062.112489 g 19.189 0.018
54068.099131 r 18.550 0.030
54068.099964 i 18.111 0.017
54068.100797 u 21.873 0.935
54068.101631 z 17.974 0.038
54068.102464 g 19.233 0.030
54357.147450 r 18.375 0.013
54357.148284 i 18.118 0.014
54357.149117 u 21.317 0.106
54357.149950 z 17.959 0.026
54357.150784 g 19.190 0.010
54365.145302 r 18.393 0.016
54365.146136 i 18.125 0.015
54365.146969 u 21.048 0.210
54365.147802 z 18.031 0.036
54365.148636 g 19.240 0.022
54385.195285 r 18.377 0.011
54385.196118 i 18.123 0.014
54385.196951 u 21.405 0.133
54385.197785 z 17.940 0.026
54385.198618 g 19.203 0.015
54387.195778 r 18.392 0.010
54387.196611 i 18.093 0.012
54387.197444 u 21.110 0.160
54387.198278 z 17.994 0.028
54387.199111 g 19.198 0.013
54390.198794 r 18.371 0.012
54390.199627 i 18.108 0.012
54390.200460 u 21.071 0.164
54390.201294 z 17.931 0.032
54390.202127 g 19.205 0.013
54392.190527 r 18.450 0.036
54392.191360 i 18.086 0.015
54392.192194 u 21.445 0.296
54392.193027 z 17.960 0.030
54392.193860 g 19.254 0.026
54402.188962 r 18.378 0.014
54402.189795 i 18.087 0.014
54402.190629 u 21.548 0.475
54402.191462 z 17.967 0.028
54402.192295 g 19.233 0.027
