51075.439609 r 17.398 0.006
51075.440442 i 16.722 0.005
51075.441276 u 21.790 0.160
51075.442109 z 16.351 0.010
51075.442942 g 18.902 0.010
51818.409250 r 17.380 0.006
51818.410083 i 16.656 0.005
51818.410917 u 21.939 0.191
51818.411750 z 16.274 0.009
51818.412583 g 18.774 0.009
52171.397353 r 17.317 0.006
52171.398186 i 16.655 0.006
52171.399020 u 21.626 0.146
52171.399853 z 16.258 0.009
52171.400686 g 18.831 0.009
52173.373619 r 17.244 0.005
52173.374452 i 16.633 0.005
52173.375286 u 22.007 0.278
52173.376119 z 16.193 0.009
52173.376952 g 18.741 0.009
52224.353794 r 17.266 0.006
52224.354627 i 16.630 0.006
52224.355461 u 21.795 0.173
52224.356294 z 16.202 0.009
52224.357127 g 18.806 0.009
52234.310275 r 17.273 0.005
52234.311108 i 16.566 0.005
52234.311942 u 21.377 0.168
52234.312775 z 16.207 0.008
52234.313608 g 18.762 0.009
52261.273630 r 17.250 0.006
52261.274463 i 16.622 0.006
52261.275297 u 21.513 0.145
52261.276130 z 16.252 0.009
52261.276963 g 18.785 0.009
52283.141004 r 17.251 0.005
52283.141837 i 16.642 0.005
52283.142671 u 22.611 0.551
52283.143504 z 16.632 0.013
52283.144337 g 18.950 0.010
52287.154127 r 17.291 0.005
52287.154960 i 16.643 0.005
52287.155794 u 21.707 0.165
52287.156627 z 16.220 0.008
52287.157460 g 18.821 0.009
52552.472818 r 17.236 0.005
52552.473651 i 16.634 0.005
52552.474485 u 21.509 0.145
52552.475318 z 16.235 0.009
52552.476151 g 18.820 0.009
52557.447178 r 17.281 0.006
52557.448011 i 16.618 0.006
52557.448845 u 21.957 0.197
52557.449678 z 16.221 0.009
52557.450511 g 18.864 0.009
52585.348507 r 17.367 0.007
52585.349340 i 16.650 0.006
52585.350174 u 22.043 0.192
52585.351007 z 16.338 0.009
52585.351840 g 18.817 0.009
52908.421745 r 17.260 0.005
52908.422578 i 16.594 0.005
52908.423412 u 21.307 0.118
52908.424245 z 16.195 0.008
52908.425078 g 18.773 0.009
52912.401185 r 17.313 0.006
52912.402018 i 16.684 0.005
52912.402852 u 21.881 0.235
52912.403685 z 16.277 0.009
52912.404518 g 18.848 0.009
52934.353653 r 17.396 0.006
52934.354486 i 16.670 0.006
52934.355320 u 22.445 0.310
52934.356153 z 16.285 0.009
52934.356986 g 18.978 0.010
52936.349579 r 17.258 0.006
52936.350412 i 16.594 0.006
52936.351246 u 21.744 0.162
52936.352079 z 16.255 0.009
52936.352912 g 18.822 0.009
53270.413627 r 17.282 0.051
53270.414461 i 16.597 0.056
53270.415294 u 21.435 0.107
53270.416127 z 16.226 0.047
53270.416961 g 18.749 0.060
53272.463576 r 17.269 0.005
53272.464409 i 16.572 0.005
53272.465243 u 21.916 0.197
53272.466076 z 16.211 0.008
53272.466909 g 18.819 0.009
53288.390790 r 17.304 0.006
53288.391623 i 16.650 0.005
53288.392457 u 22.323 0.323
53288.393290 z 16.265 0.009
53288.394123 g 18.906 0.010
53294.438461 r 17.247 0.005
53294.439294 i 16.633 0.005
53294.440128 u 21.744 0.209
53294.440961 z 16.208 0.009
53294.441794 g 18.796 0.009
53296.385494 r 17.265 0.044
53296.386327 i 16.582 0.037
53296.387160 u 21.671 0.195
53296.387994 z 16.170 0.041
53296.388827 g 18.872 0.058
53298.435238 r 17.300 0.006
53298.436071 i 16.589 0.005
53298.436905 u 22.226 0.302
53298.437738 z 16.235 0.009
53298.438571 g 18.749 0.008
53302.386459 r 17.344 0.008
53302.387292 i 16.629 0.005
53302.388126 u 21.604 0.191
53302.388959 z 16.278 0.009
53302.389792 g 18.793 0.011
53312.341994 r 17.258 0.047
53312.342827 i 16.588 0.042
53312.343661 u 21.999 0.351
53312.344494 z 16.214 0.049
53312.345327 g 18.832 0.055
53314.343190 r 17.259 0.005
53314.344023 i 16.622 0.005
53314.344857 u 21.644 0.221
53314.345690 z 16.225 0.009
53314.346523 g 18.815 0.010
53319.330987 r 17.194 0.005
53319.331820 i 16.470 0.004
53319.332654 u 22.467 0.551
53319.333487 z 16.014 0.008
53319.334320 g 18.767 0.010
53616.447539 r 17.175 0.005
53616.448372 i 16.530 0.005
53616.449206 u 21.905 0.262
53616.450039 z 16.230 0.009
53616.450872 g 18.754 0.009
#53626.423969 r -99.000 0.006
53626.424802 i 16.583 0.005
53626.425636 u 22.134 0.519
53626.426469 z 16.289 0.010
53626.427302 g 18.850 0.010
53628.408833 r 17.650 0.007
53628.409666 i 16.682 0.005
53628.410500 u 22.781 0.640
53628.411333 z 16.486 0.012
53628.412166 g 18.914 0.011
53639.455829 r 17.312 0.005
53639.456662 i 16.604 0.005
53639.457496 u 21.512 0.194
53639.458329 z 16.246 0.008
53639.459162 g 18.796 0.009
53641.454994 r 17.320 0.005
53641.455827 i 16.678 0.005
53641.456661 u 21.694 0.246
53641.457494 z 16.270 0.009
53641.458327 g 18.826 0.011
53657.413880 r 17.452 0.006
53657.414713 i 16.847 0.005
53657.415547 u 22.774 0.693
53657.416380 z 16.228 0.009
53657.417213 g 19.090 0.012
53663.398428 r 17.352 0.006
53663.399261 i 16.533 0.005
#53663.400095 u 23.134 1.921
53663.400928 z 16.167 0.008
53663.401761 g 18.849 0.018
53665.376400 r 17.381 0.006
53665.377233 i 16.730 0.006
53665.378067 u 22.209 0.505
53665.378900 z 16.272 0.010
53665.379733 g 18.801 0.016
53666.468508 r 17.338 0.006
53666.469341 i 16.617 0.006
53666.470175 u 22.474 0.739
53666.471008 z 16.299 0.009
53666.471841 g 19.110 0.015
53668.388029 r 17.491 0.006
53668.388862 i 16.790 0.005
53668.389696 u 21.335 0.282
53668.390529 z 16.551 0.012
53668.391362 g 19.122 0.015
53669.475635 r 17.240 0.006
53669.476468 i 16.631 0.005
53669.477302 u 21.450 0.381
53669.478135 z 16.193 0.010
53669.478968 g 18.894 0.013
53670.392880 r 17.306 0.006
53670.393713 i 16.769 0.005
53670.394547 u 21.207 0.209
53670.395380 z 16.322 0.010
53670.396213 g 18.946 0.012
53673.360868 r 17.267 0.006
53673.361701 i 16.604 0.006
53673.362535 u 21.441 0.156
53673.363368 z 16.226 0.008
53673.364201 g 18.790 0.008
53675.357757 r 17.285 0.005
53675.358590 i 16.602 0.005
53675.359424 u 22.119 0.269
53675.360257 z 16.394 0.009
53675.361090 g 18.757 0.009
53676.477400 r 17.315 0.010
53676.478233 i 16.653 0.008
#53676.479067 u 22.284 1.534
53676.479900 z 16.224 0.018
53676.480733 g 19.023 0.026
53680.365453 r 17.314 0.006
53680.366286 i 16.618 0.006
53680.367120 u 21.874 0.185
53680.367953 z 16.296 0.009
53680.368786 g 18.824 0.009
53683.424001 r 17.262 0.008
53683.424834 i 16.637 0.007
53683.425668 u 21.564 0.422
53683.426501 z 16.228 0.016
53683.427334 g 18.775 0.016
53686.364884 r 17.332 0.006
53686.365717 i 16.698 0.005
53686.366551 u 21.579 0.324
53686.367384 z 16.235 0.008
53686.368217 g 18.765 0.013
53693.367342 r 17.691 0.009
#53693.368175 i -99.000 0.005
53693.369009 u 22.083 0.874
#53693.369842 z -99.000 0.009
53693.370675 g 19.060 0.023
53699.388178 r 17.285 0.006
53699.389011 i 16.591 0.005
53699.389845 u 21.564 0.251
53699.390678 z 16.273 0.009
53699.391511 g 18.821 0.010
53704.350663 r 17.260 0.005
53704.351496 i 16.563 0.005
53704.352330 u 21.874 0.298
53704.353163 z 16.249 0.009
53704.353996 g 18.848 0.009
53989.446710 r 17.303 0.071
53989.447543 i 16.630 0.056
53989.448376 u 21.209 0.228
53989.449210 z 16.232 0.082
53989.450043 g 18.853 0.100
53997.470271 r 17.281 0.089
53997.471104 i 16.635 0.052
53997.471938 u 22.060 0.209
53997.472771 z 16.205 0.057
53997.473604 g 18.879 0.104
54000.422132 r 17.664 0.070
54000.422965 i 16.617 0.040
54000.423798 u 22.217 0.368
54000.424632 z 16.353 0.077
54000.425465 g 19.096 0.065
54000.422132 r 16.972 0.020
54000.422965 i 16.447 0.033
54000.423799 u 20.918 0.122
54000.424632 z 16.013 0.027
54000.425465 g 18.409 0.025
54007.472294 r 17.259 0.053
54007.473127 i 16.608 0.049
54007.473960 u 21.538 0.148
54007.474794 z 16.219 0.053
54007.475627 g 18.761 0.056
54009.396081 r 17.285 0.051
54009.396914 i 16.625 0.061
54009.397748 u 21.618 0.123
54009.398581 z 16.239 0.050
54009.399414 g 18.803 0.058
54011.460545 r 17.275 0.055
54011.461378 i 16.606 0.064
54011.462212 u 21.544 0.114
54011.463045 z 16.242 0.058
54011.463878 g 18.771 0.063
54012.473360 r 17.320 0.070
54012.474193 i 16.620 0.055
54012.475027 u 21.418 0.154
54012.475860 z 16.237 0.047
54012.476693 g 18.751 0.058
54019.455626 r 17.317 0.064
54019.456460 i 16.610 0.052
54019.457293 u 21.176 0.215
54019.458126 z 16.262 0.071
54019.458960 g 18.779 0.069
54025.459551 r 17.261 0.050
54025.460384 i 16.609 0.049
54025.461217 u 21.888 0.292
54025.462051 z 16.237 0.053
54025.462884 g 19.048 0.076
54346.453329 r 17.252 0.046
54346.454162 i 16.547 0.041
54346.454995 u 21.434 0.265
54346.455829 z 16.203 0.048
54346.456662 g 18.837 0.051
54348.457291 r 17.326 0.064
54348.458125 i 16.633 0.053
54348.458958 u 21.411 0.191
54348.459791 z 16.249 0.065
54348.460625 g 18.866 0.089
54358.413123 r 17.285 0.046
54358.413956 i 16.540 0.039
54358.414790 u 21.630 0.197
54358.415623 z 16.184 0.044
54358.416456 g 18.801 0.053
54365.446204 r 17.272 0.050
54365.447038 i 16.621 0.060
54365.447871 u 21.424 0.112
54365.448704 z 16.185 0.045
54365.449538 g 18.761 0.055
54381.465767 r 17.298 0.057
54381.466600 i 16.605 0.059
54381.467434 u 22.225 0.322
54381.468267 z 16.182 0.051
54381.469100 g 18.814 0.057
54386.458074 r 17.276 0.058
54386.458907 i 16.599 0.057
54386.459740 u 21.845 0.243
54386.460574 z 16.216 0.059
54386.461407 g 18.766 0.072
54388.462325 r 17.308 0.062
54388.463159 i 16.609 0.049
54388.463992 u 22.054 0.255
54388.464825 z 16.206 0.055
54388.465659 g 18.909 0.096
54392.459892 r 17.375 0.061
54392.460725 i 16.626 0.050
54392.461559 u 21.552 0.184
54392.462392 z 16.282 0.050
54392.463225 g 18.777 0.049
54403.376136 r 17.338 0.071
54403.376969 i 16.678 0.067
#54403.377803 u 22.382 1.742
54403.378636 z 16.189 0.065
54403.379469 g 18.824 0.078
54404.433825 r 17.344 0.072
#54404.434658 i -99.000 0.064
#54404.435491 u 21.955 2.919
#54404.436325 z -99.000 0.087
#54404.437158 g -99.000 0.142
54406.369999 r 17.285 0.047
54406.370833 i 16.597 0.055
54406.371666 u 21.402 0.137
54406.372499 z 16.209 0.052
54406.373333 g 18.765 0.054
54409.374803 r 17.287 0.055
54409.375637 i 16.593 0.059
54409.376470 u 21.597 0.151
54409.377303 z 16.215 0.050
54409.378137 g 18.773 0.051
54412.395716 r 17.262 0.053
54412.396549 i 16.608 0.058
54412.397382 u 22.411 0.504
54412.398216 z 16.202 0.051
54412.399049 g 18.786 0.075
