52075.333382 r 17.188 0.005
52075.334215 i 16.765 0.005
52075.335049 u 20.190 0.062
52075.335882 z 16.533 0.009
52075.336715 g 18.150 0.007
52197.142073 r 17.194 0.005
52197.142906 i 16.772 0.005
52197.143740 u 20.327 0.052
52197.144573 z 16.531 0.009
52197.145406 g 18.147 0.006
52557.179860 r 17.180 0.005
52557.180693 i 16.772 0.005
52557.181527 u 20.351 0.067
52557.182360 z 16.539 0.009
52557.183193 g 18.162 0.006
52578.075937 r 17.177 0.005
52578.076770 i 16.783 0.005
52578.077604 u 20.196 0.077
52578.078437 z 16.554 0.011
52578.079270 g 18.161 0.007
52929.106164 r 17.184 0.005
52929.106997 i 16.765 0.005
52929.107831 u 20.348 0.057
52929.108664 z 16.533 0.012
52929.109497 g 18.152 0.006
52934.086321 r 17.182 0.005
52934.087154 i 16.765 0.005
52934.087988 u 20.463 0.065
52934.088821 z 16.512 0.009
52934.089654 g 18.153 0.006
52936.082248 r 17.188 0.006
52936.083081 i 16.798 0.005
52936.083915 u 20.349 0.053
52936.084748 z 16.540 0.009
52936.085581 g 18.159 0.007
53243.267456 r 17.188 0.006
53243.268289 i 16.771 0.005
53243.269123 u 20.454 0.111
53243.269956 z 16.556 0.009
53243.270789 g 18.157 0.009
53270.146307 r 17.189 0.009
53270.147140 i 16.748 0.011
53270.147973 u 20.282 0.069
53270.148807 z 16.527 0.013
53270.149640 g 18.159 0.014
53272.196258 r 17.180 0.006
53272.197091 i 16.796 0.005
53272.197925 u 20.433 0.141
53272.198758 z 16.543 0.010
53272.199591 g 18.163 0.010
53288.123463 r 17.183 0.005
53288.124296 i 16.763 0.005
53288.125130 u 20.442 0.079
53288.125963 z 16.521 0.009
53288.126796 g 18.167 0.006
53302.119131 r 17.181 0.006
53302.119964 i 16.774 0.005
53302.120798 u 20.382 0.104
53302.121631 z 16.498 0.025
53302.122464 g 18.160 0.009
53312.074662 r 17.171 0.008
53312.075495 i 16.750 0.008
53312.076328 u 20.322 0.068
53312.077162 z 16.552 0.014
53312.077995 g 18.151 0.010
53314.075858 r 17.177 0.005
53314.076691 i 16.766 0.005
53314.077525 u 20.474 0.068
53314.078358 z 16.546 0.010
53314.079191 g 18.164 0.006
53623.170441 r 17.189 0.005
53623.171274 i 16.764 0.005
53623.172108 u 20.293 0.064
53623.172941 z 16.537 0.009
53623.173774 g 18.173 0.007
53626.156654 r 17.186 0.006
53626.157487 i 16.766 0.006
53626.158321 u 20.395 0.095
53626.159154 z 16.522 0.009
53626.159987 g 18.167 0.009
53628.141520 r 17.194 0.006
53628.142353 i 16.761 0.006
53628.143187 u 20.724 0.241
53628.144020 z 16.561 0.012
53628.144853 g 18.149 0.012
53637.143132 r 17.181 0.005
53637.143965 i 16.755 0.005
53637.144799 u 20.473 0.092
53637.145632 z 16.520 0.010
53637.146465 g 18.164 0.007
53644.135576 r 17.185 0.009
53644.136409 i 16.781 0.008
53644.137242 u 20.311 0.053
53644.138076 z 16.530 0.020
53644.138909 g 18.129 0.016
53654.170202 r 17.179 0.005
53654.171035 i 16.768 0.005
53654.171869 u 20.334 0.092
53654.172702 z 16.540 0.010
53654.173535 g 18.164 0.008
53656.117794 r 17.178 0.007
53656.118627 i 16.772 0.007
53656.119461 u 20.438 0.171
53656.120294 z 16.538 0.012
53656.121127 g 18.165 0.011
53665.109071 r 17.202 0.009
53665.109904 i 16.773 0.010
53665.110738 u 20.437 0.169
53665.111571 z 16.587 0.021
53665.112404 g 18.167 0.012
53668.120705 r 17.173 0.005
53668.121538 i 16.762 0.005
53668.122372 u 20.367 0.075
53668.123205 z 16.539 0.010
53668.124038 g 18.147 0.006
53670.125557 r 17.196 0.005
53670.126390 i 16.751 0.005
53670.127224 u 20.211 0.064
53670.128057 z 16.553 0.010
53670.128890 g 18.165 0.007
53673.093538 r 17.179 0.005
53673.094371 i 16.762 0.005
53673.095205 u 20.389 0.066
53673.096038 z 16.571 0.027
53673.096871 g 18.163 0.007
53675.090427 r 17.183 0.005
53675.091260 i 16.765 0.006
53675.092094 u 20.263 0.062
53675.092927 z 16.554 0.010
53675.093760 g 18.164 0.006
53677.111461 r 17.189 0.005
53677.112294 i 16.777 0.005
53677.113128 u 20.343 0.069
53677.113961 z 16.516 0.009
53677.114794 g 18.147 0.006
53680.098126 r 17.189 0.005
53680.098959 i 16.762 0.005
53680.099793 u 20.351 0.063
53680.100626 z 16.513 0.009
53680.101459 g 18.152 0.007
53693.100030 r 17.172 0.005
53693.100863 i 16.756 0.005
53693.101697 u 20.385 0.110
53693.102530 z 16.544 0.009
53693.103363 g 18.188 0.010
53702.095696 r 17.174 0.008
53702.096530 i 16.759 0.011
53702.097363 u 20.465 0.110
53702.098196 z 16.556 0.017
53702.099030 g 18.163 0.010
53703.104859 r 17.160 0.018
53703.105692 i 16.760 0.015
53703.106526 u 20.556 0.166
53703.107359 z 16.559 0.017
53703.108192 g 18.162 0.008
53704.083357 r 17.181 0.005
53704.084190 i 16.766 0.005
53704.085024 u 20.397 0.079
53704.085857 z 16.529 0.009
53704.086690 g 18.157 0.007
53974.171311 r 17.160 0.007
53974.172144 i 16.756 0.009
53974.172977 u 20.255 0.053
53974.173811 z 16.550 0.013
53974.174644 g 18.186 0.010
53989.179413 r 17.192 0.012
53989.180246 i 16.779 0.010
53989.181080 u 20.343 0.069
53989.181913 z 16.523 0.012
53989.182746 g 18.199 0.012
53995.168652 r 17.177 0.009
53995.169486 i 16.741 0.008
53995.170319 u 20.369 0.053
53995.171152 z 16.533 0.016
53995.171986 g 18.153 0.010
53997.147024 r 17.186 0.018
53997.147857 i 16.747 0.015
53997.148690 u 20.291 0.074
53997.149524 z 16.519 0.016
53997.150357 g 18.142 0.010
54005.118876 r 17.177 0.009
54005.119709 i 16.767 0.009
54005.120543 u 20.276 0.052
54005.121376 z 16.534 0.012
54005.122209 g 18.145 0.009
54007.131628 r 17.178 0.008
54007.132462 i 16.746 0.009
54007.133295 u 20.357 0.066
54007.134128 z 16.527 0.015
54007.134962 g 18.156 0.009
54009.128739 r 17.667 0.051
#54009.129573 i -99.000 0.097
54009.130406 u 20.895 0.118
#54009.131239 z -99.000 0.076
54009.132073 g 19.155 0.094
54009.128740 r 17.746 0.053
#54009.129573 i -99.000 0.034
54009.130406 u 21.180 0.159
#54009.131240 z -99.000 0.059
54009.132073 g 18.492 0.030
54011.193228 r 17.179 0.010
54011.194061 i 16.824 0.012
54011.194894 u 20.305 0.093
54011.195728 z 16.586 0.015
54011.196561 g 18.169 0.014
54019.143433 r 17.170 0.006
54019.144267 i 16.800 0.007
54019.145100 u 20.415 0.063
54019.145933 z 16.516 0.012
54019.146767 g 18.141 0.010
54025.192241 r 17.175 0.013
54025.193075 i 16.767 0.010
54025.193908 u 20.565 0.072
54025.194741 z 16.538 0.013
54025.195575 g 18.136 0.013
54029.122586 r 17.268 0.009
54029.123419 i 16.837 0.009
54029.124253 u 20.427 0.055
54029.125086 z 16.529 0.014
54029.125919 g 18.191 0.010
54051.099160 r 17.179 0.014
54051.099993 i 16.765 0.021
54051.100827 u 20.431 0.158
54051.101660 z 16.525 0.034
54051.102493 g 18.140 0.016
54356.200777 r 17.186 0.012
54356.201611 i 16.786 0.016
54356.202444 u 20.422 0.066
54356.203277 z 16.518 0.015
54356.204111 g 18.161 0.013
54358.145805 r 17.168 0.011
54358.146638 i 16.748 0.024
54358.147472 u 20.339 0.097
#54358.148305 z -99.000 0.030
54358.149138 g 18.169 0.015
54373.177916 r 17.183 0.012
54373.178749 i 16.745 0.012
54373.179582 u 20.347 0.095
54373.180416 z 16.520 0.018
54373.181249 g 18.153 0.011
54381.190601 r 17.175 0.010
54381.191434 i 16.749 0.010
54381.192267 u 20.250 0.078
54381.193101 z 16.570 0.017
54381.193934 g 18.162 0.018
54382.188007 r 17.234 0.022
54382.188840 i 16.770 0.014
54382.189673 u 20.252 0.084
54382.190507 z 16.550 0.018
54382.191340 g 18.132 0.007
54383.193742 r 17.166 0.011
54383.194575 i 16.762 0.011
54383.195409 u 20.290 0.071
54383.196242 z 16.549 0.016
54383.197075 g 18.142 0.013
54386.190763 r 17.169 0.009
54386.191596 i 16.794 0.007
54386.192430 u 20.406 0.064
54386.193263 z 16.540 0.014
54386.194096 g 18.157 0.010
54388.195017 r 17.179 0.009
54388.195850 i 16.768 0.008
54388.196684 u 20.496 0.085
54388.197517 z 16.530 0.013
54388.198350 g 18.165 0.010
54403.108807 r 17.252 0.009
54403.109640 i 16.802 0.011
54403.110473 u 20.476 0.059
54403.111307 z 16.537 0.013
54403.112140 g 18.158 0.010
54406.102633 r 17.173 0.008
54406.103466 i 16.763 0.016
54406.104299 u 20.383 0.057
54406.105133 z 16.554 0.019
54406.105966 g 18.152 0.014
54412.105550 r 17.164 0.010
#54412.106383 i -99.000 0.011
54412.107216 u 20.369 0.061
#54412.108050 z -99.000 0.014
54412.108883 g 18.168 0.012
54415.143104 r 17.176 0.009
54415.143938 i 16.765 0.014
54415.144771 u 20.451 0.067
54415.145604 z 16.518 0.015
54415.146438 g 18.145 0.011
