52172.236649 r 19.379 0.014
52172.237482 i 19.042 0.015
52172.238316 u 22.264 0.250
52172.239149 z 18.785 0.039
52172.239982 g 20.288 0.024
52576.098611 r 19.351 0.016
52576.099444 i 19.027 0.019
52576.100278 u 22.460 0.342
52576.101111 z 18.877 0.056
52576.101944 g 20.305 0.028
52577.073844 r 19.403 0.016
52577.074677 i 19.062 0.018
52577.075511 u 22.941 0.498
52577.076344 z 18.900 0.057
52577.077177 g 20.336 0.026
52930.087174 r 19.375 0.014
52930.088007 i 19.016 0.015
52930.088841 u 22.961 0.496
52930.089674 z 18.795 0.040
52930.090507 g 20.257 0.025
52931.088005 r 19.395 0.014
52931.088838 i 19.039 0.016
52931.089672 u 23.312 0.582
52931.090505 z 18.833 0.040
52931.091338 g 20.263 0.023
52935.084969 r 19.356 0.015
52935.085802 i 19.006 0.016
52935.086636 u 22.261 0.278
52935.087469 z 18.795 0.038
52935.088302 g 20.271 0.022
53622.187417 r 19.623 0.022
53622.188250 i 19.145 0.022
#53622.189084 u 24.232 1.502
53622.189917 z 19.019 0.071
53622.190750 g 21.123 0.069
53625.183380 r 19.412 0.016
53625.184213 i 19.066 0.016
53625.185047 u 22.468 0.395
53625.185880 z 18.867 0.040
53625.186713 g 20.331 0.032
53636.142417 r 19.347 0.014
53636.143250 i 19.033 0.016
53636.144084 u 22.275 0.281
53636.144917 z 18.883 0.041
53636.145750 g 20.290 0.023
53645.202086 r 19.288 0.015
53645.202919 i 18.947 0.016
53645.203753 u 22.837 0.542
53645.204586 z 18.736 0.056
53645.205419 g 20.211 0.028
53655.114422 r 19.406 0.019
53655.115255 i 19.032 0.018
53655.116089 u 22.645 0.650
53655.116922 z 18.878 0.046
53655.117755 g 20.234 0.037
53664.139382 r 19.467 0.020
53664.140215 i 19.077 0.019
53664.141049 u 22.241 0.499
53664.141882 z 18.913 0.054
53664.142715 g 20.579 0.051
53666.102981 r 19.396 0.014
53666.103814 i 19.036 0.016
53666.104648 u 22.537 0.301
53666.105481 z 18.875 0.046
53666.106314 g 20.301 0.022
53669.098620 r 19.390 0.014
53669.099453 i 18.999 0.015
53669.100287 u 22.346 0.267
53669.101120 z 18.851 0.041
53669.101953 g 20.258 0.022
53674.082855 r 19.397 0.016
53674.083688 i 19.030 0.017
53674.084522 u 22.375 0.301
53674.085355 z 18.865 0.046
53674.086188 g 20.274 0.024
53681.135752 r 19.359 0.039
53681.136585 i 19.019 0.060
#53681.137419 u -99.000 1.243
53681.138252 z 18.865 0.185
53681.139085 g 20.490 0.207
53687.133148 r 19.454 0.028
53687.133981 i 19.047 0.021
#53687.134815 u 23.979 3.763
53687.135648 z 18.827 0.046
53687.136481 g 20.403 0.068
53700.091739 r 19.373 0.016
53700.092572 i 18.986 0.016
53700.093406 u 23.121 0.647
53700.094239 z 18.824 0.046
53700.095072 g 20.259 0.027
53705.078409 r 19.379 0.016
53705.079242 i 19.066 0.018
53705.080076 u 23.018 0.608
53705.080909 z 18.893 0.053
53705.081742 g 20.218 0.030
53975.163431 r 19.718 0.048
53975.164264 i 19.059 0.040
#53975.165097 u 25.823 8.307
53975.165931 z 19.061 0.067
53975.166764 g 20.371 0.039
53996.170120 r 19.687 0.056
53996.170954 i 19.117 0.036
#53996.171787 u 99.996 99.999
53996.172620 z 18.987 0.048
53996.173454 g 20.367 0.048
53998.138750 r 19.424 0.036
53998.139583 i 19.054 0.032
53998.140417 u 22.591 0.295
53998.141250 z 18.926 0.051
53998.142083 g 20.347 0.057
54005.176004 r 19.421 0.039
54005.176837 i 19.062 0.032
54005.177671 u 22.039 0.198
54005.178504 z 18.876 0.046
54005.179337 g 20.330 0.052
54010.124269 r 19.390 0.036
54010.125102 i 19.072 0.041
#54010.125936 u 99.992 99.999
54010.126769 z 18.853 0.045
54010.127602 g 20.306 0.053
54012.117071 r 19.489 0.049
54012.117904 i 19.137 0.052
#54012.118737 u 23.023 1.354
54012.119571 z 18.996 0.069
54012.120404 g 20.425 0.087
54020.123053 r 19.404 0.033
54020.123887 i 19.077 0.031
#54020.124720 u 99.999 99.999
54020.125553 z 18.787 0.050
54020.126387 g 20.332 0.045
54022.172334 r 19.407 0.035
54022.173168 i 19.028 0.036
#54022.174001 u 99.966 99.999
54022.174834 z 18.843 0.058
54022.175668 g 20.237 0.046
54028.113440 r 19.605 0.043
54028.114274 i 19.189 0.048
#54028.115107 u 23.571 1.148
54028.115940 z 18.955 0.059
#54028.116774 g -99.000 0.075
54030.116615 r 19.378 0.035
54030.117448 i 19.026 0.033
54030.118282 u 22.373 0.278
54030.119115 z 18.850 0.045
54030.119948 g 20.348 0.051
54032.105874 r 19.421 0.038
54032.106707 i 19.077 0.035
54032.107541 u 22.503 0.519
54032.108374 z 18.900 0.069
54032.109207 g 20.325 0.052
54037.097855 r 19.429 0.035
54037.098688 i 19.034 0.028
54037.099522 u 22.458 0.385
54037.100355 z 18.842 0.046
54037.101188 g 20.373 0.048
54040.112360 r 19.486 0.046
54040.113194 i 19.089 0.042
#54040.114027 u 22.889 1.223
54040.114860 z 19.061 0.069
54040.115694 g 20.389 0.084
54050.096964 r 19.547 0.044
54050.097797 i 19.071 0.039
#54050.098631 u 99.986 99.999
54050.099464 z 18.777 0.056
54050.100297 g 20.906 0.118
54053.103129 r 19.449 0.038
54053.103962 i 19.214 0.044
#54053.104796 u 23.659 1.323
54053.105629 z 18.980 0.072
54053.106462 g 21.203 0.158
#54056.104801 r -99.000 0.044
54056.105635 i 19.086 0.047
54056.106468 u 22.837 0.640
54056.107301 z 19.016 0.079
54056.108135 g 20.642 0.090
54057.073489 r 19.587 0.049
54057.074322 i 19.105 0.039
#54057.075156 u 27.477 99.999
54057.075989 z 18.844 0.066
54057.076822 g 20.345 0.045
54357.142276 r 19.436 0.031
54357.143109 i 19.053 0.030
54357.143943 u 23.886 0.836
54357.144776 z 18.861 0.049
54357.145609 g 20.347 0.050
54385.190111 r 19.400 0.035
54385.190944 i 19.028 0.034
54385.191777 u 22.377 0.351
54385.192611 z 18.952 0.049
54385.193444 g 20.370 0.068
54402.183794 r 19.513 0.046
54402.184628 i 19.107 0.038
#54402.185461 u 22.899 4.694
54402.186294 z 18.908 0.061
54402.187128 g 20.726 0.144
