51081.416495 r 19.506 0.018
51081.417328 i 19.499 0.026
51081.418162 u 20.749 0.093
51081.418995 z 19.377 0.077
51081.419828 g 19.682 0.016
51875.231466 r 19.663 0.021
51875.232299 i 19.624 0.027
51875.233133 u 21.162 0.109
51875.233966 z 19.622 0.089
51875.234799 g 19.768 0.015
52171.463889 r 19.714 0.018
52171.464722 i 19.707 0.028
52171.465556 u 21.271 0.113
52171.466389 z 19.556 0.067
52171.467222 g 19.844 0.015
52225.312320 r 19.727 0.019
52225.313153 i 19.689 0.026
52225.313987 u 21.325 0.118
52225.314820 z 19.637 0.077
52225.315653 g 19.877 0.016
52288.146743 r 19.750 0.019
52288.147576 i 19.783 0.028
#52288.148410 u -99.000 0.129
52288.149243 z 19.676 0.078
52288.150076 g 19.858 0.016
52551.420028 r 19.806 0.020
52551.420861 i 19.777 0.030
#52551.421695 u -99.000 0.128
52551.422528 z 19.664 0.096
52551.423361 g 19.861 0.017
52558.452901 r 19.747 0.021
52558.453734 i 19.767 0.029
52558.454568 u 21.192 0.109
52558.455401 z 19.770 0.096
52558.456234 g 19.831 0.015
52578.324510 r 19.772 0.018
52578.325343 i 19.757 0.027
52578.326177 u 21.110 0.109
52578.327010 z 19.639 0.075
52578.327843 g 19.839 0.015
52585.287490 r 19.740 0.020
52585.288323 i 19.851 0.066
52585.289157 u 21.223 0.117
52585.289990 z 19.710 0.110
52585.290823 g 19.844 0.016
52909.454122 r 19.908 0.021
52909.454955 i 19.891 0.030
52909.455789 u 21.592 0.149
52909.456622 z 19.719 0.086
52909.457455 g 19.995 0.017
52910.424367 r 19.921 0.022
52910.425200 i 19.899 0.035
52910.426034 u 21.647 0.214
52910.426867 z 19.917 0.115
52910.427700 g 19.997 0.020
52935.351537 r 19.928 0.025
52935.352370 i 19.846 0.036
52935.353204 u 21.752 0.185
52935.354037 z 19.769 0.125
52935.354870 g 20.004 0.020
52963.274616 r 19.982 0.022
52963.275449 i 19.955 0.032
52963.276283 u 21.793 0.172
52963.277116 z 19.866 0.105
52963.277949 g 20.009 0.018
53351.196920 r 19.847 0.022
53351.197753 i 19.764 0.031
53351.198587 u 21.593 0.167
53351.199420 z 19.767 0.110
53351.200253 g 19.998 0.018
53622.453968 r 19.630 0.015
53622.454801 i 19.605 0.021
53622.455635 u 20.946 0.084
53622.456468 z 19.647 0.064
53622.457301 g 19.749 0.014
53627.411066 r 19.637 0.019
53627.411899 i 19.635 0.026
53627.412733 u 20.955 0.105
53627.413566 z 19.511 0.075
53627.414399 g 19.770 0.015
53634.403439 r 19.633 0.031
53634.404272 i 19.581 0.032
53634.405106 u 21.102 0.269
53634.405939 z 19.598 0.096
53634.406772 g 19.808 0.038
53638.444776 r 19.669 0.022
53638.445609 i 19.690 0.032
53638.446443 u 21.094 0.163
53638.447276 z 19.763 0.117
53638.448109 g 19.810 0.022
53640.408812 r 19.637 0.020
53640.409645 i 19.660 0.028
53640.410479 u 21.171 0.147
53640.411312 z 19.578 0.088
53640.412145 g 19.741 0.018
53643.451273 r 19.647 0.021
53643.452106 i 19.572 0.028
53643.452940 u 20.982 0.150
53643.453773 z 19.630 0.106
53643.454606 g 19.792 0.018
53646.470220 r 19.593 0.021
53646.471053 i 19.582 0.028
53646.471887 u 20.802 0.105
53646.472720 z 19.547 0.084
53646.473553 g 19.740 0.019
53657.288964 r 19.625 0.063
53657.289797 i 19.656 0.080
53657.290631 u 21.060 0.567
53657.291464 z 19.651 0.222
#53657.292297 g -99.000 0.055
53657.453239 r 19.667 0.021
53657.454072 i 19.609 0.028
53657.454906 u 20.985 0.131
53657.455739 z 19.526 0.083
53657.456572 g 19.791 0.017
53663.470633 r 19.625 0.038
53663.471466 i 19.627 0.043
53663.472300 u 21.409 0.522
53663.473133 z 19.742 0.122
53663.473966 g 19.698 0.044
#53664.405941 r -99.000 0.049
53664.406774 i 19.853 0.151
53664.407608 u 21.456 0.672
53664.408441 z 18.877 0.168
53664.409274 g 19.868 0.094
53665.470567 r 19.680 0.031
53665.471400 i 19.689 0.041
53665.472234 u 20.986 0.276
53665.473067 z 19.439 0.117
53665.473900 g 19.756 0.032
53668.459183 r 19.700 0.030
53668.460016 i 19.682 0.040
#53668.460850 u -99.000 0.185
53668.461683 z 19.839 0.164
#53668.462516 g -99.000 0.025
53669.365187 r 19.697 0.023
53669.366020 i 19.671 0.033
53669.366854 u 21.040 0.159
53669.367687 z 19.519 0.092
53669.368520 g 19.809 0.021
53670.465156 r 19.653 0.032
53670.465989 i 19.640 0.042
53670.466823 u 21.438 0.334
53670.467656 z 19.976 0.201
53670.468489 g 19.701 0.023
53671.449932 r 19.670 0.022
53671.450765 i 19.630 0.031
53671.451599 u 21.310 0.179
53671.452432 z 19.662 0.093
53671.453265 g 19.728 0.017
53674.349425 r 19.680 0.023
53674.350258 i 19.677 0.034
53674.351092 u 21.089 0.138
53674.351925 z 19.725 0.120
53674.352758 g 19.836 0.017
53676.438875 r 19.601 0.022
53676.439708 i 19.656 0.030
53676.440542 u 21.322 0.162
53676.441375 z 19.525 0.092
53676.442208 g 19.733 0.017
53679.410779 r 19.625 0.023
53679.411612 i 19.622 0.033
53679.412446 u 21.183 0.163
53679.413279 z 19.665 0.111
53679.414112 g 19.800 0.017
53681.402293 r 19.619 0.021
53681.403126 i 19.603 0.028
53681.403960 u 21.175 0.172
53681.404793 z 19.497 0.078
53681.405626 g 19.744 0.017
53684.363791 r 19.705 0.039
53684.364624 i 19.657 0.050
53684.365458 u 21.146 0.213
53684.366291 z 19.390 0.122
#53684.367124 g -99.000 0.021
53687.305108 r 19.523 0.038
53687.305941 i 19.677 0.046
53687.306775 u 20.549 0.257
53687.307608 z 19.631 0.128
#53687.308441 g -99.000 0.048
53694.375251 r 19.665 0.032
53694.376084 i 19.653 0.038
53694.376918 u 21.374 0.367
53694.377751 z 19.639 0.099
53694.378584 g 19.832 0.033
53696.368013 r 19.623 0.024
53696.368846 i 19.574 0.030
53696.369680 u 21.298 0.239
53696.370513 z 19.579 0.100
53696.371346 g 19.722 0.023
53697.359319 r 19.603 0.022
53697.360152 i 19.620 0.029
53697.360986 u 21.020 0.165
53697.361819 z 19.646 0.092
#53697.362652 g -99.000 0.021
53700.358275 r 19.614 0.024
53700.359108 i 19.596 0.032
53700.359942 u 21.289 0.167
53700.360775 z 19.499 0.093
53700.361608 g 19.739 0.015
53705.344946 r 19.633 0.022
53705.345779 i 19.645 0.034
53705.346613 u 21.042 0.187
53705.347446 z 19.481 0.097
53705.348279 g 19.722 0.019
53975.429996 r 19.761 0.045
53975.430829 i 19.740 0.039
#53975.431662 u -99.000 0.257
53975.432496 z 19.706 0.152
53975.433329 g 19.857 0.052
53994.452969 r 19.739 0.023
53994.453803 i 19.667 0.030
#53994.454636 u -99.000 0.130
53994.455469 z 19.593 0.077
53994.456303 g 19.899 0.021
53996.436708 r 19.759 0.030
53996.437541 i 19.727 0.034
53996.438375 u 21.423 0.180
53996.439208 z 19.626 0.089
53996.440041 g 19.905 0.027
54005.449856 r 19.688 0.022
54005.450689 i 19.714 0.028
54005.451523 u 21.204 0.113
54005.452356 z 19.803 0.092
54005.453189 g 19.850 0.026
54009.463663 r 19.764 0.020
54009.464496 i 19.743 0.026
54009.465329 u 21.206 0.100
54009.466163 z 19.706 0.072
54009.466996 g 19.846 0.021
54010.390798 r 19.749 0.020
54010.391632 i 19.719 0.025
#54010.392465 u -99.000 0.121
54010.393298 z 19.619 0.067
54010.394132 g 19.844 0.019
54012.383633 r 19.762 0.030
54012.384466 i 19.648 0.034
54012.385299 u 21.305 0.170
#54012.386133 z -99.000 0.090
54012.386966 g 19.876 0.028
54020.421745 r 19.766 0.034
54020.422578 i 19.747 0.033
54020.423412 u 21.263 0.243
54020.424245 z 19.615 0.093
54020.425078 g 19.916 0.045
54024.471261 r 19.747 0.029
54024.472095 i 19.626 0.043
#54024.472928 u 22.744 1.047
54024.473761 z 19.768 0.122
54024.474595 g 19.823 0.027
54028.459512 r 19.772 0.022
54028.460346 i 19.741 0.032
54028.461179 u 21.208 0.159
54028.462012 z 19.848 0.122
54028.462846 g 19.877 0.023
54030.414936 r 19.750 0.024
54030.415769 i 19.668 0.030
54030.416603 u 21.256 0.108
54030.417436 z 19.785 0.093
54030.418269 g 19.830 0.040
54035.458934 r 19.755 0.027
54035.459768 i 19.776 0.036
54035.460601 u 21.123 0.158
54035.461434 z 19.634 0.095
54035.462268 g 19.909 0.022
54037.364435 r 19.738 0.019
54037.365268 i 19.662 0.027
54037.366101 u 21.727 0.155
54037.366935 z 19.664 0.072
54037.367768 g 19.963 0.019
54040.378939 r 19.858 0.023
54040.379772 i 19.627 0.028
54040.380606 u 21.178 0.105
54040.381439 z 19.501 0.076
54040.382272 g 19.847 0.019
54041.414420 r 19.870 0.026
54041.415254 i 19.707 0.033
54041.416087 u 21.083 0.112
54041.416920 z 19.650 0.080
54041.417754 g 19.861 0.022
54047.409435 r 19.883 0.052
54047.410268 i 19.828 0.050
54047.411102 u 21.139 0.388
54047.411935 z 19.538 0.100
54047.412768 g 19.899 0.053
54049.405357 r 19.792 0.034
54049.406190 i 19.678 0.041
#54049.407024 u -99.000 0.350
54049.407857 z 20.052 0.160
#54049.408690 g -99.000 0.034
54050.365615 r 19.749 0.034
54050.366448 i 19.808 0.054
54050.367281 u 20.972 0.281
54050.368115 z 19.718 0.156
54050.368948 g 19.884 0.034
54053.385003 r 19.735 0.025
#54053.385836 i -99.000 0.041
54053.386669 u 20.924 0.128
#54053.387503 z -99.000 0.108
54053.388336 g 19.905 0.025
54056.371346 r 19.787 0.028
54056.372179 i 19.697 0.031
54056.373013 u 21.186 0.135
54056.373846 z 19.645 0.091
54056.374679 g 19.853 0.022
54059.365648 r 19.730 0.028
54059.366481 i 19.798 0.037
54059.367315 u 21.207 0.164
54059.368148 z 19.640 0.118
54059.368981 g 19.899 0.026
54061.376734 r 19.783 0.029
54061.377567 i 19.708 0.044
54061.378400 u 21.338 0.267
54061.379234 z 19.797 0.142
54061.380067 g 19.896 0.028
54062.370558 r 19.819 0.023
54062.371392 i 19.754 0.032
54062.372225 u 21.005 0.101
54062.373058 z 19.532 0.077
54062.373892 g 19.944 0.021
54064.366971 r 19.835 0.025
54064.367804 i 19.713 0.035
54064.368637 u 21.187 0.160
54064.369471 z 19.421 0.083
54064.370304 g 19.869 0.019
54068.351103 r 19.819 0.039
54068.351937 i 19.800 0.062
54068.352770 u 21.604 0.302
54068.353603 z 19.587 0.120
54068.354437 g 19.868 0.024
54357.408828 r 19.793 0.023
54357.409662 i 19.733 0.035
54357.410495 u 21.409 0.143
54357.411328 z 19.568 0.068
54357.412162 g 19.815 0.027
54362.458652 r 19.771 0.022
54362.459485 i 19.806 0.029
54362.460318 u 21.126 0.100
54362.461152 z 19.829 0.084
54362.461985 g 19.884 0.021
54376.453810 r 19.793 0.023
54376.454643 i 19.773 0.030
54376.455476 u 20.777 0.110
54376.456310 z 19.973 0.137
54376.457143 g 19.895 0.028
54382.438866 r 19.792 0.024
54382.439700 i 19.801 0.033
54382.440533 u 20.930 0.106
54382.441366 z 19.738 0.096
54382.442200 g 19.847 0.028
54385.456668 r 19.811 0.019
54385.457501 i 19.737 0.028
54385.458334 u 21.428 0.141
54385.459168 z 19.803 0.086
54385.460001 g 19.845 0.019
54387.457175 r 19.733 0.024
54387.458008 i 19.770 0.035
54387.458841 u 21.091 0.138
54387.459675 z 19.731 0.084
54387.460508 g 19.825 0.019
54390.449605 r 19.742 0.039
54390.450438 i 19.763 0.044
#54390.451271 u -99.000 0.295
54390.452105 z 20.519 0.340
#54390.452938 g -99.000 0.038
54391.457965 r 19.717 0.030
54391.458799 i 19.791 0.046
#54391.459632 u -99.000 0.165
54391.460465 z 19.667 0.174
54391.461299 g 19.854 0.037
54402.450381 r 19.734 0.043
54402.451215 i 19.699 0.047
#54402.452048 u -99.000 0.958
54402.452881 z 19.782 0.123
54402.453715 g 19.755 0.049
