52075.326344 r 18.688 0.011
52075.327177 i 18.538 0.013
52075.328011 u 20.304 0.069
52075.328844 z 18.528 0.035
52075.329677 g 19.175 0.013
52557.172831 r 18.587 0.012
52557.173664 i 18.332 0.013
52557.174498 u 20.329 0.068
52557.175331 z 18.298 0.035
52557.176164 g 19.065 0.013
52578.068907 r 18.419 0.012
52578.069740 i 18.359 0.014
52578.070574 u 20.149 0.061
52578.071407 z 18.109 0.034
52578.072240 g 22.077 0.102
52929.099135 r 18.724 0.010
52929.099968 i 18.497 0.012
52929.100802 u 20.210 0.050
52929.101635 z 18.443 0.031
52929.102468 g 19.151 0.011
52934.079291 r 18.704 0.010
52934.080124 i 18.496 0.012
52934.080958 u 20.303 0.054
52934.081791 z 18.389 0.033
52934.082624 g 19.166 0.011
52936.075217 r 18.700 0.010
52936.076050 i 18.481 0.011
52936.076884 u 20.251 0.049
52936.077717 z 18.405 0.032
52936.078550 g 19.122 0.010
53270.139276 r 18.692 0.823
53270.140109 i 18.473 0.521
53270.140943 u 20.256 0.069
53270.141776 z 18.612 0.054
53270.142609 g 19.165 0.186
53288.116434 r 18.878 0.013
53288.117267 i 18.496 0.016
53288.118101 u 20.449 0.079
53288.118934 z 18.429 0.035
53288.119767 g 19.215 0.013
53312.067637 r 18.669 0.851
53312.068471 i 18.494 0.863
53312.069304 u 20.377 0.379
53312.070137 z 18.826 0.853
53312.070971 g 19.056 0.766
53314.068829 r 18.690 0.011
53314.069662 i 18.500 0.014
53314.070496 u 20.187 0.055
53314.071329 z 18.337 0.034
53314.072162 g 19.162 0.011
53623.163414 r 18.643 0.014
53623.164247 i 18.424 0.014
53623.165081 u 20.368 0.074
53623.165914 z 18.411 0.031
53623.166747 g 19.071 0.013
53626.149625 r 18.708 0.013
53626.150458 i 18.464 0.013
53626.151292 u 20.233 0.085
53626.152125 z 18.426 0.032
53626.152958 g 19.173 0.018
53628.134491 r 18.644 0.020
53628.135324 i 18.502 0.020
53628.136158 u 19.913 0.119
53628.136991 z 18.284 0.047
53628.137824 g 19.119 0.030
53637.136103 r 18.632 0.014
53637.136936 i 18.438 0.016
53637.137770 u 20.144 0.075
53637.138603 z 18.440 0.051
53637.139436 g 19.038 0.016
53644.128571 r 18.680 0.796
53644.129404 i 18.453 0.950
53644.130238 u 20.336 0.076
53644.131071 z 18.338 0.043
53644.131904 g 19.130 0.117
53649.123175 r 18.830 0.059
#53649.124008 i -99.000 0.111
#53649.124842 u -99.000 1.126
#53649.125675 z -99.000 0.209
#53649.126508 g -99.000 0.253
53656.110764 r 18.439 0.019
53656.111597 i 18.324 0.020
53656.112431 u 20.688 0.247
53656.113264 z 18.333 0.058
53656.114097 g 19.014 0.029
53665.102043 r 18.654 0.024
53665.102876 i 18.635 0.045
53665.103710 u 20.231 0.236
53665.104543 z 18.271 0.089
53665.105376 g 19.109 0.022
53673.086508 r 18.698 0.011
53673.087341 i 18.440 0.014
53673.088175 u 20.517 0.082
53673.089008 z 18.488 0.040
53673.089841 g 19.120 0.013
53677.104432 r 18.620 0.011
53677.105265 i 18.429 0.012
53677.106099 u 20.331 0.063
53677.106932 z 18.428 0.037
53677.107765 g 19.094 0.013
53680.091097 r 18.609 0.011
53680.091930 i 18.422 0.012
53680.092764 u 20.275 0.059
53680.093597 z 18.382 0.028
53680.094430 g 19.060 0.010
#53703.097825 r 18.681 1.044
53703.098659 i 18.412 1.000
53703.099492 u 20.142 0.312
53703.100325 z 18.399 0.815
53703.101159 g 18.867 0.699
53704.076329 r 18.573 0.012
53704.077162 i 18.383 0.013
53704.077996 u 20.354 0.084
53704.078829 z 18.428 0.037
53704.079662 g 19.026 0.014
53974.164273 r 18.659 0.569
53974.165106 i 18.487 0.213
53974.165939 u 20.149 0.056
53974.166773 z 18.450 0.093
53974.167606 g 19.080 0.683
53989.153709 r 18.623 0.213
53989.154543 i 18.486 0.287
53989.155376 u 20.284 0.075
53989.156209 z 18.596 0.054
53989.157043 g 19.117 0.276
53995.161622 r 18.657 0.476
53995.162455 i 18.453 0.106
53995.163288 u 20.174 0.051
53995.164122 z 18.452 0.038
53995.164955 g 19.140 0.054
54005.111882 r 18.687 0.391
54005.112716 i 18.459 0.574
54005.113549 u 20.191 0.054
54005.114382 z 18.559 0.409
54005.115216 g 19.124 0.221
54009.121706 r 18.579 0.112
#54009.122539 i -99.000 0.292
54009.123372 u 20.190 0.070
54009.124206 z 18.404 0.039
54009.125039 g 19.160 0.252
54029.115551 r 18.668 0.128
#54029.116384 i 18.439 1.049
54029.117217 u 20.190 0.054
54029.118051 z 18.379 0.117
54029.118884 g 19.125 0.041
54356.193715 r 18.698 0.095
54356.194548 i 18.437 0.598
54356.195382 u 20.417 0.084
54356.196215 z 18.447 0.167
54356.197048 g 19.179 0.258
54358.138783 r 18.616 0.939
54358.139616 i 18.446 0.725
54358.140449 u 20.573 0.094
54358.141283 z 18.461 0.059
54358.142116 g 19.082 0.499
54373.170932 r 18.728 0.424
54373.171765 i 18.552 0.573
54373.172599 u 20.938 0.210
54373.173432 z 18.533 0.050
54373.174265 g 19.142 0.339
54381.183630 r 18.639 0.903
#54381.184464 i 18.576 1.274
54381.185297 u 20.366 0.309
#54381.186130 z 18.768 1.213
54381.186964 g 19.035 0.795
#54386.183718 r 18.639 1.123
54386.184552 i 18.405 0.999
54386.185385 u 20.169 0.070
54386.186218 z 18.400 0.319
54386.187052 g 19.133 0.146
54403.101781 r 18.641 0.492
54403.102614 i 18.456 0.975
54403.103448 u 20.237 0.056
54403.104281 z 18.424 0.037
54403.105114 g 19.126 0.291
#54415.136076 r 18.603 1.145
#54415.136909 i 18.410 1.233
54415.137742 u 20.111 0.767
54415.138576 z 18.385 0.291
#54415.139409 g 19.091 1.157
