52075.332016 r 19.005 0.012
52075.332849 i 18.469 0.012
52075.333683 u 21.163 0.122
52075.334516 z 18.258 0.026
52075.335349 g 20.160 0.023
52197.140656 r 19.092 0.012
52197.141489 i 18.508 0.011
52197.142323 u 21.214 0.093
52197.143156 z 18.124 0.022
52197.143989 g 20.222 0.019
52557.178496 r 19.134 0.013
52557.179329 i 18.602 0.013
52557.180163 u 21.196 0.114
52557.180996 z 18.354 0.029
52557.181829 g 20.868 0.037
52578.074572 r 19.132 0.013
52578.075405 i 18.851 0.017
52578.076239 u 21.239 0.124
52578.077072 z 18.284 0.032
#52578.077905 g -99.000 0.040
52929.104799 r 19.045 0.011
52929.105632 i 18.522 0.011
52929.106466 u 21.302 0.106
52929.107299 z 18.189 0.023
52929.108132 g 20.250 0.020
52934.084956 r 19.036 0.012
52934.085789 i 18.459 0.011
52934.086623 u 21.382 0.119
52934.087456 z 18.137 0.024
52934.088289 g 20.217 0.022
52936.080882 r 19.089 0.011
52936.081715 i 18.509 0.011
52936.082549 u 21.207 0.086
52936.083382 z 18.308 0.026
52936.084215 g 20.193 0.018
53243.266092 r 19.018 0.016
53243.266925 i 18.507 0.014
53243.267759 u 20.973 0.185
53243.268592 z 18.110 0.024
53243.269425 g 20.220 0.045
53270.144947 r 19.260 0.028
53270.145780 i 18.626 0.024
53270.146613 u 21.776 0.269
53270.147447 z 18.116 0.030
53270.148280 g 20.185 0.033
53272.194893 r 19.055 0.021
53272.195726 i 18.864 0.022
53272.196560 u 21.541 0.409
53272.197393 z 18.325 0.032
53272.198226 g 20.545 0.074
53288.122097 r 19.035 0.012
53288.122930 i 18.477 0.012
53288.123764 u 21.104 0.114
53288.124597 z 18.129 0.025
53288.125430 g 20.176 0.022
53312.073302 r 19.142 0.051
53312.074136 i 18.586 0.062
53312.074969 u 20.932 0.109
53312.075802 z 18.277 0.038
53312.076636 g 20.222 0.039
53314.074491 r 19.024 0.013
53314.075324 i 18.492 0.012
53314.076158 u 21.299 0.114
53314.076991 z 18.170 0.028
53314.077824 g 20.422 0.024
53623.169075 r 19.196 0.013
53623.169908 i 18.540 0.012
53623.170742 u 21.326 0.123
53623.171575 z 18.186 0.024
53623.172408 g 20.211 0.023
53626.155287 r 19.063 0.015
53626.156120 i 18.551 0.013
53626.156954 u 21.166 0.183
53626.157787 z 18.165 0.024
53626.158620 g 20.072 0.032
53628.140153 r 19.142 0.024
53628.140986 i 19.371 0.035
53628.141820 u 21.987 0.681
53628.142653 z 18.237 0.034
53628.143486 g 20.433 0.080
53637.141766 r 19.123 0.014
53637.142599 i 18.996 0.019
53637.143433 u 20.970 0.124
53637.144266 z 18.415 0.037
53637.145099 g 20.525 0.032
53644.134207 r 19.107 0.015
53644.135040 i 18.525 0.018
53644.135874 u 21.097 0.086
53644.136707 z 18.164 0.024
53644.137540 g 20.215 0.025
53654.168837 r 19.083 0.016
53654.169670 i 18.491 0.014
53654.170504 u 21.557 0.245
53654.171337 z 18.188 0.029
53654.172170 g 20.421 0.042
53656.116428 r 19.104 0.027
53656.117261 i 18.629 0.022
53656.118095 u 20.537 0.171
53656.118928 z 18.234 0.035
53656.119761 g 20.414 0.080
53665.107705 r 18.950 0.037
53665.108538 i 18.427 0.029
53665.109372 u 21.097 0.299
53665.110205 z 18.039 0.061
53665.111038 g 20.008 0.043
53668.119337 r 18.951 0.015
53668.120170 i 18.531 0.016
53668.121004 u 21.145 0.137
53668.121837 z 18.157 0.032
53668.122670 g 20.079 0.021
53670.124190 r 19.068 0.013
#53670.125023 i -99.000 0.016
53670.125857 u 21.051 0.118
53670.126690 z 18.190 0.030
53670.127523 g 20.326 0.026
53677.110094 r 19.012 0.013
53677.110927 i 18.451 0.011
53677.111761 u 21.221 0.110
53677.112594 z 18.158 0.023
53677.113427 g 20.240 0.024
53693.098664 r 18.996 0.016
53693.099497 i 18.776 0.018
53693.100331 u 21.107 0.174
53693.101164 z 18.233 0.029
53693.101997 g 20.198 0.045
#53702.094351 r 19.579 7.198
#53702.095184 i 19.075 4.823
#53702.096017 u 21.773 5.091
53702.096851 z 18.393 0.168
#53702.097684 g 20.356 99.999
#53703.103471 r 22.156 1.565
#53703.104304 i -99.000 0.193
#53703.105137 u 99.991 99.999
53703.105971 z 18.713 0.106
#53703.106804 g 32.374 99.999
53704.081991 r 18.976 0.012
53704.082824 i 18.467 0.012
53704.083658 u 21.194 0.129
53704.084491 z 18.292 0.028
53704.085324 g 20.357 0.030
53974.169937 r 19.054 0.014
53974.170770 i 18.513 0.014
53974.171603 u 21.128 0.084
53974.172437 z 18.130 0.023
53974.173270 g 20.190 0.024
53989.159372 r 19.133 0.018
53989.160206 i 18.531 0.019
53989.161039 u 21.357 0.153
53989.161872 z 18.163 0.023
53989.162706 g 20.531 0.063
53989.178032 r 19.147 0.018
#53989.178866 i -99.000 0.023
53989.179699 u 21.214 0.142
53989.180532 z 18.181 0.024
53989.181366 g 20.183 0.027
53995.167287 r 19.133 0.015
53995.168120 i 18.561 0.016
53995.168953 u 21.115 0.083
53995.169787 z 18.173 0.024
53995.170620 g 20.471 0.053
53997.145664 r 19.092 0.026
53997.146498 i 18.711 0.028
53997.147331 u 21.393 0.156
53997.148164 z 18.229 0.033
53997.148998 g 20.498 0.054
54005.117515 r 19.076 0.016
54005.118348 i 18.494 0.014
54005.119181 u 21.184 0.091
54005.120015 z 18.225 0.026
54005.120848 g 20.237 0.027
54007.130257 r 19.178 0.022
54007.131090 i 18.515 0.017
54007.131924 u 21.332 0.138
54007.132757 z 18.134 0.029
54007.133590 g 20.225 0.032
54011.191861 r 19.105 0.019
54011.192694 i 18.531 0.018
54011.193527 u 20.968 0.156
54011.194361 z 18.131 0.025
54011.195194 g 20.138 0.042
54019.142070 r 19.040 0.190
54019.142904 i 18.494 0.036
54019.143737 u 21.179 0.103
54019.144570 z 18.177 0.023
54019.145404 g 20.220 0.088
54025.190881 r 19.034 0.016
54025.191714 i 18.535 0.019
54025.192547 u 21.124 0.110
54025.193381 z 18.209 0.024
54025.194214 g 20.207 0.031
54029.121210 r 19.138 0.015
54029.122043 i 18.588 0.016
54029.122876 u 21.016 0.079
54029.123710 z 18.207 0.024
54029.124543 g 20.236 0.026
54356.199384 r 19.080 0.016
54356.200218 i 18.506 0.017
54356.201051 u 21.267 0.123
54356.201884 z 18.222 0.029
54356.202718 g 20.268 0.026
54358.144441 r 19.060 0.199
54358.145274 i 18.588 0.053
54358.146107 u 21.789 0.175
54358.146941 z 18.178 0.038
#54358.147774 g -99.000 0.058
54373.176539 r 19.113 0.021
54373.177372 i 18.523 0.018
54373.178205 u 21.452 0.219
54373.179039 z 18.282 0.045
54373.179872 g 20.420 0.063
54381.189230 r 19.035 0.037
54381.190063 i 18.564 0.033
54381.190896 u 21.147 0.128
54381.191730 z 18.164 0.044
54381.192563 g 20.203 0.046
54382.186626 r 19.164 0.110
54382.187460 i 19.834 0.172
54382.188293 u 21.123 0.148
54382.189126 z 18.342 0.054
54382.189960 g 22.099 0.428
54383.192370 r 19.102 0.020
54383.193203 i 18.655 0.026
54383.194037 u 21.490 0.185
54383.194870 z 18.262 0.028
54383.195703 g 20.540 0.050
54388.193653 r 19.089 0.019
54388.194487 i 18.646 0.023
54388.195320 u 21.151 0.129
54388.196153 z 18.274 0.032
54388.196987 g 20.464 0.049
54403.107440 r 19.097 0.048
54403.108274 i 18.548 0.047
54403.109107 u 21.485 0.106
54403.109940 z 18.159 0.023
54403.110774 g 20.543 0.099
54406.101259 r 19.080 0.020
54406.102093 i 18.479 0.018
54406.102926 u 21.132 0.102
54406.103759 z 18.202 0.029
54406.104593 g 20.224 0.026
