52075.329464 r 17.855 0.007
52075.330297 i 16.451 0.004
52075.331131 u 22.173 0.345
52075.331964 z 15.686 0.007
52075.332797 g 19.304 0.014
52557.175957 r 17.865 0.007
52557.176790 i 16.450 0.004
52557.177624 u 21.492 0.166
52557.178457 z 15.703 0.007
52557.179290 g 19.325 0.013
52578.072032 r 17.868 0.007
52578.072865 i 16.465 0.005
52578.073699 u 21.813 0.209
52578.074532 z 15.709 0.007
52578.075365 g 19.335 0.014
53243.263554 r 17.836 0.008
53243.264387 i 16.428 0.005
53243.265221 u 21.922 0.476
53243.266054 z 15.684 0.007
53243.266887 g 19.297 0.023
53270.142405 r 17.977 0.155
53270.143239 i 16.554 0.062
53270.144072 u 21.472 0.176
53270.144905 z 15.793 0.034
53270.145739 g 19.404 0.347
53272.192353 r 17.828 0.009
53272.193186 i 16.425 0.004
53272.194020 u 21.413 0.358
53272.194853 z 15.689 0.007
53272.195686 g 19.317 0.029
53288.119558 r 17.868 0.007
53288.120391 i 16.471 0.004
53288.121225 u 21.930 0.255
53288.122058 z 15.674 0.006
53288.122891 g 19.269 0.013
53312.070771 r 17.907 0.145
53312.071604 i 16.503 0.044
53312.072437 u 22.131 0.359
53312.073271 z 15.744 0.029
53312.074104 g 19.326 0.289
53314.071953 r 17.866 0.007
53314.072786 i 16.487 0.005
53314.073620 u 21.619 0.176
53314.074453 z 15.676 0.007
53314.075286 g 19.307 0.012
53628.137614 r 17.865 0.010
53628.138447 i 16.458 0.005
53628.139281 u 22.231 0.945
53628.140114 z 15.693 0.007
53628.140947 g 19.292 0.029
53637.139226 r 17.841 0.007
53637.140059 i 16.447 0.004
#53637.140893 u 23.507 1.264
53637.141726 z 15.705 0.007
53637.142559 g 19.335 0.014
53656.113888 r 17.909 0.010
53656.114721 i 16.459 0.005
#53656.115555 u 22.886 1.694
53656.116388 z 15.716 0.007
53656.117221 g 19.388 0.034
53668.116798 r 17.777 0.007
53668.117631 i 16.410 0.004
53668.118465 u 22.199 0.497
53668.119298 z 15.640 0.007
53668.120131 g 19.267 0.014
53670.121651 r 17.865 0.007
53670.122484 i 16.437 0.004
53670.123318 u 22.466 0.465
53670.124151 z 15.696 0.007
53670.124984 g 19.265 0.013
53673.089633 r 17.824 0.007
53673.090466 i 16.431 0.004
53673.091300 u 22.012 0.303
53673.092133 z 15.685 0.007
53673.092966 g 19.278 0.013
53675.086522 r 17.846 0.007
53675.087355 i 16.438 0.004
#53675.088189 u 23.278 1.017
53675.089022 z 15.693 0.007
53675.089855 g 19.254 0.012
53677.107554 r 17.866 0.007
53677.108387 i 16.414 0.004
53677.109221 u 22.133 0.307
53677.110054 z 15.699 0.006
53677.110887 g 19.290 0.012
53693.096124 r 17.773 0.008
53693.096957 i 16.399 0.004
53693.097791 u 22.411 0.637
53693.098624 z 15.692 0.007
53693.099457 g 19.241 0.020
53702.091794 r 17.817 0.123
53702.092627 i 16.460 0.043
#53702.093461 u 23.232 1.675
53702.094294 z 15.735 0.030
53702.095127 g 19.130 0.216
53703.100938 r 17.847 0.118
53703.101771 i 16.429 0.041
53703.102604 u 22.375 1.000
53703.103438 z 15.739 0.029
53703.104271 g 19.244 0.258
53704.079453 r 17.805 0.007
53704.080286 i 16.414 0.004
53704.081120 u 22.005 0.329
53704.081953 z 15.682 0.007
53704.082786 g 19.233 0.014
53995.164752 r 18.002 0.169
53995.165586 i 16.573 0.065
53995.166419 u 21.992 0.194
53995.167252 z 15.809 0.031
53995.168086 g 19.368 0.290
53997.143119 r 17.901 0.166
53997.143952 i 16.531 0.045
53997.144785 u 21.709 0.234
53997.145619 z 15.780 0.030
53997.146452 g 19.338 0.280
54007.127718 r 17.955 0.168
54007.128552 i 16.546 0.058
54007.129385 u 22.197 0.294
54007.130218 z 15.812 0.022
54007.131052 g 19.398 0.461
54019.139530 r 17.908 0.165
54019.140363 i 16.518 0.050
54019.141197 u 21.387 0.181
54019.142030 z 15.814 0.032
54019.142863 g 19.408 0.401
54025.188337 r 17.945 0.170
54025.189170 i 16.605 0.061
54025.190004 u 21.710 0.199
54025.190837 z 15.810 0.035
54025.191670 g 19.345 0.308
#54051.095283 r -99.000 0.175
54051.096116 i 16.513 0.054
54051.096950 u 22.301 0.572
54051.097783 z 15.778 0.038
54051.098616 g 19.364 0.307
54356.196838 r 17.917 0.156
54356.197672 i 16.526 0.050
54356.198505 u 21.814 0.211
54356.199338 z 15.815 0.036
54356.200172 g 19.327 0.319
54358.141899 r 17.929 0.167
54358.142732 i 16.493 0.053
#54358.143565 u 23.551 1.631
54358.144399 z 15.781 0.034
54358.145232 g 19.339 0.261
54373.173993 r 17.948 0.190
54373.174826 i 16.538 0.054
54373.175659 u 22.392 0.581
54373.176493 z 15.813 0.037
54373.177326 g 19.405 0.410
54381.186694 r 17.918 0.148
54381.187528 i 16.489 0.049
#54381.188361 u 99.997 99.999
54381.189194 z 15.765 0.031
54381.190028 g 19.304 0.285
54382.184088 r 17.877 0.116
54382.184922 i 16.504 0.041
54382.185755 u 23.150 0.923
54382.186588 z 15.752 0.026
#54382.187422 g -99.000 0.266
54383.189829 r 17.954 0.176
54383.190662 i 16.540 0.056
54383.191495 u 22.366 0.398
54383.192329 z 15.821 0.031
54383.193162 g 19.338 0.344
54388.191141 r 17.889 0.158
54388.191974 i 16.530 0.054
54388.192808 u 22.102 0.362
54388.193641 z 15.806 0.030
54388.194474 g 19.349 0.313
54406.098719 r 17.928 0.174
54406.099552 i 16.560 0.057
54406.100386 u 22.179 0.274
54406.101219 z 15.824 0.029
54406.102052 g 19.357 0.241
54412.101651 r 17.968 0.187
54412.102485 i 16.564 0.060
54412.103318 u 22.098 0.280
54412.104151 z 15.817 0.029
54412.104985 g 19.572 0.570
