52172.242180 r 19.496 0.015
52172.243013 i 19.524 0.020
52172.243847 u 20.556 0.067
52172.244680 z 19.521 0.080
52172.245513 g 19.483 0.013
52558.191857 r 19.500 0.015
52558.192690 i 19.510 0.020
52558.193524 u 20.530 0.066
52558.194357 z 19.447 0.076
52558.195190 g 19.478 0.012
52576.104115 r 19.465 0.017
52576.104948 i 19.540 0.024
52576.105782 u 20.761 0.082
52576.106615 z 19.629 0.108
52576.107448 g 19.535 0.013
52577.079349 r 19.523 0.017
52577.080182 i 19.572 0.025
52577.081016 u 20.536 0.071
52577.081849 z 19.571 0.107
52577.082682 g 19.492 0.013
52930.092680 r 19.535 0.016
52930.093513 i 19.557 0.020
52930.094347 u 20.633 0.073
52930.095180 z 19.593 0.088
52930.096013 g 19.491 0.012
52931.093509 r 19.473 0.015
52931.094342 i 19.554 0.020
52931.095176 u 20.533 0.062
52931.096009 z 19.596 0.088
52931.096842 g 19.487 0.012
52935.090473 r 19.508 0.015
52935.091306 i 19.522 0.019
52935.092140 u 20.663 0.075
52935.092973 z 19.634 0.089
52935.093806 g 19.518 0.013
53313.083674 r 19.509 0.018
53313.084507 i 19.536 0.023
53313.085341 u 20.515 0.070
53313.086174 z 19.534 0.099
53313.087007 g 19.481 0.013
53622.192921 r 19.523 0.022
53622.193754 i 19.642 0.031
53622.194588 u 20.759 0.132
53622.195421 z 19.858 0.165
53622.196254 g 19.542 0.016
53625.188886 r 19.697 0.019
53625.189719 i 19.764 0.024
53625.190553 u 21.147 0.118
53625.191386 z 19.889 0.097
53625.192219 g 19.770 0.018
53636.147922 r 19.527 0.015
53636.148755 i 19.559 0.020
53636.149589 u 20.677 0.074
53636.150422 z 19.565 0.077
53636.151255 g 19.496 0.012
53645.207591 r 19.693 0.020
53645.208424 i 19.722 0.026
53645.209258 u 20.859 0.124
53645.210091 z 19.754 0.192
53645.210924 g 19.793 0.035
53655.119927 r 19.486 0.023
53655.120760 i 19.535 0.030
53655.121594 u 20.585 0.150
53655.122427 z 19.413 0.100
53655.123260 g 19.503 0.021
53657.207345 r 19.814 0.085
53657.208178 i 19.758 0.087
53657.209012 u 21.405 0.961
53657.209845 z 19.762 0.249
53657.210678 g 19.914 0.085
53664.144886 r 19.491 0.021
53664.145719 i 19.576 0.028
53664.146553 u 20.654 0.119
53664.147386 z 19.717 0.111
53664.148219 g 19.469 0.019
53666.108486 r 19.495 0.015
53666.109319 i 19.550 0.021
53666.110153 u 20.572 0.064
53666.110986 z 19.677 0.092
53666.111819 g 19.494 0.012
53669.104125 r 19.510 0.015
53669.104958 i 19.567 0.020
53669.105792 u 20.699 0.070
53669.106625 z 19.730 0.094
53669.107458 g 19.485 0.012
53674.088360 r 19.503 0.017
53674.089193 i 19.516 0.022
53674.090027 u 20.617 0.074
53674.090860 z 19.592 0.096
53674.091693 g 19.485 0.012
53676.177865 r 19.504 0.016
53676.178698 i 19.550 0.021
53676.179532 u 20.704 0.082
53676.180365 z 19.658 0.089
53676.181198 g 19.501 0.012
53681.141254 r 19.442 0.083
53681.142087 i 19.476 0.123
53681.142921 u 21.147 0.523
#53681.143754 z -99.000 0.418
#53681.144587 g -99.000 0.075
53685.100299 r 19.500 0.037
53685.101132 i 19.566 0.043
53685.101966 u 20.960 0.318
53685.102799 z 19.590 0.141
53685.103632 g 19.501 0.035
53687.138651 r 19.471 0.029
53687.139484 i 19.525 0.030
53687.140318 u 20.295 0.174
53687.141151 z 19.565 0.102
53687.141984 g 19.517 0.031
53700.097241 r 19.538 0.018
53700.098074 i 19.531 0.023
53700.098908 u 20.632 0.092
53700.099741 z 19.571 0.104
53700.100574 g 19.515 0.014
53705.083911 r 19.505 0.017
53705.084744 i 19.594 0.027
53705.085578 u 20.731 0.106
53705.086411 z 19.854 0.147
53705.087244 g 19.514 0.015
53975.168905 r 19.534 0.016
53975.169738 i 19.615 0.025
53975.170571 u 20.611 0.084
53975.171405 z 19.661 0.120
53975.172238 g 19.495 0.017
53996.175629 r 19.540 0.015
53996.176463 i 19.608 0.021
53996.177296 u 20.625 0.075
53996.178129 z 19.772 0.103
53996.178963 g 19.523 0.013
53998.144258 r 19.624 0.016
53998.145091 i 19.613 0.021
53998.145924 u 20.723 0.071
53998.146758 z 19.739 0.084
53998.147591 g 19.611 0.013
54005.181519 r 19.706 0.015
54005.182352 i 19.751 0.020
54005.183185 u 20.769 0.072
54005.184019 z 19.815 0.081
54005.184852 g 19.777 0.013
54010.129746 r 19.505 0.017
54010.130579 i 19.570 0.020
54010.131412 u 20.718 0.095
54010.132246 z 19.619 0.066
54010.133079 g 19.505 0.017
54012.122612 r 19.479 0.024
54012.123445 i 19.561 0.030
54012.124279 u 20.578 0.140
54012.125112 z 19.694 0.092
54012.125945 g 19.485 0.026
54020.128560 r 19.505 0.015
54020.129394 i 19.534 0.020
54020.130227 u 20.613 0.071
54020.131060 z 19.671 0.102
54020.131894 g 19.510 0.012
54022.177840 r 19.575 0.016
54022.178673 i 19.623 0.021
54022.179507 u 20.874 0.098
#54022.180340 z -99.000 0.135
54022.181173 g 19.542 0.028
54028.118940 r 19.499 0.021
54028.119774 i 19.571 0.025
54028.120607 u 20.755 0.104
54028.121440 z 19.627 0.114
54028.122274 g 19.456 0.016
54030.122115 r 19.517 0.014
54030.122948 i 19.554 0.017
54030.123781 u 20.521 0.059
54030.124615 z 19.679 0.075
54030.125448 g 19.528 0.012
#54032.111632 r -99.000 0.020
54032.112465 i 19.523 0.027
54032.113299 u 20.540 0.092
#54032.114132 z -99.000 0.116
#54032.114965 g -99.000 0.014
#54034.181607 r -99.000 0.021
54034.182441 i 19.650 0.037
54034.183274 u 20.631 0.134
#54034.184107 z -99.000 0.173
#54034.184941 g -99.000 0.016
54037.103367 r 19.500 0.015
54037.104200 i 19.542 0.018
54037.105033 u 20.623 0.079
54037.105867 z 19.638 0.074
54037.106700 g 19.525 0.014
54040.117837 r 19.475 0.025
54040.118670 i 19.483 0.029
54040.119504 u 20.567 0.138
54040.120337 z 19.632 0.099
54040.121170 g 19.537 0.026
54050.102474 r 19.498 0.025
54050.103307 i 19.650 0.033
54050.104140 u 20.700 0.111
54050.104974 z 19.594 0.105
54050.105807 g 19.496 0.015
54053.108626 r 19.514 0.020
54053.109459 i 19.558 0.032
54053.110293 u 20.501 0.079
54053.111126 z 19.650 0.127
54053.111959 g 19.477 0.015
54056.110323 r 19.539 0.021
54056.111157 i 19.555 0.035
54056.111990 u 20.587 0.113
#54056.112823 z -99.000 0.182
54056.113657 g 19.510 0.035
#54057.078964 r -99.000 0.018
54057.079798 i 19.593 0.027
54057.080631 u 20.669 0.096
54057.081464 z 19.558 0.103
#54057.082298 g -99.000 0.015
54061.115645 r 19.540 0.021
54061.116478 i 19.502 0.028
54061.117311 u 20.623 0.106
54061.118145 z 19.533 0.140
54061.118978 g 19.526 0.020
54062.109482 r 19.472 0.024
54062.110315 i 19.622 0.035
54062.111148 u 20.637 0.116
54062.111982 z 19.683 0.168
54062.112815 g 19.529 0.020
54068.099468 r 19.526 0.041
54068.100301 i 19.558 0.046
54068.101134 u 20.959 0.383
54068.101968 z 19.813 0.184
54068.102801 g 19.515 0.035
54357.147779 r 19.542 0.016
54357.148612 i 19.579 0.022
54357.149445 u 20.615 0.066
54357.150279 z 19.479 0.074
54357.151112 g 19.538 0.014
54365.145634 r 19.700 0.034
54365.146468 i 19.745 0.035
54365.147301 u 20.767 0.163
54365.148134 z 19.875 0.139
54365.148968 g 19.754 0.029
54385.195613 r 19.613 0.016
54385.196446 i 19.613 0.019
54385.197280 u 20.713 0.086
54385.198113 z 19.732 0.093
54385.198946 g 19.557 0.016
54387.196124 r 19.607 0.020
54387.196957 i 19.607 0.027
54387.197790 u 20.593 0.111
54387.198624 z 19.646 0.127
54387.199457 g 19.595 0.015
54390.199121 r 19.540 0.020
54390.199954 i 19.677 0.031
54390.200787 u 20.627 0.123
54390.201621 z 19.371 0.109
54390.202454 g 19.579 0.016
54392.190833 r 19.642 0.034
54392.191667 i 19.597 0.034
54392.192500 u 20.735 0.155
54392.193333 z 19.927 0.196
54392.194167 g 19.538 0.026
54402.189294 r 19.637 0.029
54402.190127 i 19.627 0.031
54402.190961 u 20.527 0.206
54402.191794 z 19.703 0.116
54402.192627 g 19.646 0.034
