51081.273082 r 19.522 0.020
51081.273915 i 19.457 0.025
51081.274749 u 20.156 0.059
51081.275582 z 19.105 0.069
51081.276415 g 19.753 0.019
51467.368353 r 19.614 0.024
51467.369186 i 19.529 0.032
51467.370020 u 20.300 0.092
51467.370853 z 19.284 0.098
51467.371686 g 19.931 0.024
51819.344251 r 19.442 0.016
51819.345084 i 19.367 0.021
51819.345918 u 19.927 0.052
51819.346751 z 19.287 0.072
51819.347584 g 19.665 0.019
52558.309524 r 19.573 0.016
52558.310357 i 19.524 0.018
#52558.311191 u -99.000 0.048
52558.312024 z 19.353 0.048
52558.312857 g 19.843 0.015
52577.197022 r 19.546 0.016
52577.197855 i 19.535 0.026
52577.198689 u 20.245 0.059
52577.199522 z 19.211 0.071
52577.200355 g 19.818 0.016
52586.200501 r 19.595 0.021
52586.201334 i 19.480 0.028
52586.202168 u 20.146 0.052
52586.203001 z 19.273 0.089
52586.203834 g 19.865 0.019
52910.280983 r 19.636 0.016
52910.281816 i 19.556 0.019
52910.282650 u 20.140 0.045
52910.283483 z 19.380 0.059
52910.284316 g 19.984 0.016
52931.211185 r 19.647 0.018
52931.212018 i 19.568 0.022
52931.212852 u 20.234 0.055
52931.213685 z 19.310 0.060
52931.214518 g 19.984 0.018
52935.208148 r 19.687 0.019
52935.208981 i 19.592 0.023
52935.209815 u 20.210 0.053
52935.210648 z 19.362 0.068
52935.211481 g 19.930 0.017
52959.151475 r 19.613 0.016
52959.152308 i 19.547 0.018
52959.153142 u 20.206 0.044
52959.153975 z 19.268 0.050
52959.154808 g 19.968 0.016
52963.131220 r 19.612 0.015
52963.132053 i 19.575 0.018
#52963.132887 u -99.000 0.043
52963.133720 z 19.310 0.045
52963.134553 g 19.929 0.016
53313.201348 r 19.673 0.024
53313.202181 i 19.575 0.031
53313.203015 u 20.312 0.076
53313.203848 z 19.187 0.087
53313.204681 g 20.013 0.022
53352.102285 r 19.711 0.017
53352.103118 i 19.605 0.022
53352.103952 u 20.332 0.051
53352.104785 z 19.408 0.066
53352.105618 g 20.031 0.018
53622.310590 r 19.712 0.021
53622.311423 i 19.636 0.029
53622.312257 u 20.351 0.076
53622.313090 z 19.280 0.070
53622.313923 g 20.029 0.021
53634.260059 r 19.686 0.043
53634.260892 i 19.602 0.043
#53634.261726 u -99.000 0.165
#53634.262559 z -99.000 0.094
53634.263392 g 19.982 0.053
53636.265593 r 19.746 0.090
53636.266426 i 19.543 0.070
53636.267260 u 20.746 0.289
53636.268093 z 19.343 0.128
53636.268926 g 20.093 0.043
53638.301394 r 19.647 0.019
53638.302227 i 19.554 0.021
53638.303061 u 20.321 0.067
53638.303894 z 19.306 0.060
53638.304727 g 20.047 0.022
#53640.265430 r -99.000 0.144
#53640.266263 i -99.000 0.112
#53640.267097 u -99.000 0.346
#53640.267930 z -99.000 0.911
#53640.268763 g -99.000 0.049
53655.237601 r 19.711 0.047
53655.238434 i 19.568 0.048
53655.239268 u 20.477 0.210
53655.240101 z 19.455 0.147
#53655.240934 g -99.000 0.052
53664.262557 r 19.653 0.030
53664.263390 i 19.488 0.043
#53664.264224 u -99.000 0.181
53664.265057 z 19.285 0.138
#53664.265890 g -99.000 0.081
53666.226161 r 19.672 0.019
53666.226994 i 19.646 0.025
#53666.227828 u -99.000 0.070
53666.228661 z 19.223 0.058
53666.229494 g 20.048 0.021
53669.221799 r 19.701 0.017
53669.222632 i 19.634 0.022
53669.223466 u 20.354 0.053
53669.224299 z 19.380 0.062
53669.225132 g 20.128 0.017
53671.306574 r 19.649 0.022
53671.307407 i 19.591 0.029
53671.308241 u 20.347 0.102
53671.309074 z 19.433 0.082
#53671.309907 g -99.000 0.025
53674.206034 r 19.666 0.020
53674.206867 i 19.560 0.023
53674.207701 u 20.335 0.063
53674.208534 z 19.273 0.059
53674.209367 g 20.062 0.019
53676.295517 r 19.703 0.020
53676.296350 i 19.588 0.022
53676.297184 u 20.398 0.076
53676.298017 z 19.281 0.053
53676.298850 g 20.102 0.019
53679.267406 r 19.659 0.021
53679.268239 i 19.597 0.028
53679.269073 u 20.502 0.088
53679.269906 z 19.173 0.076
53679.270739 g 20.078 0.022
53681.258919 r 19.673 0.019
53681.259752 i 19.593 0.023
53681.260586 u 20.313 0.070
53681.261419 z 19.351 0.067
53681.262252 g 20.064 0.022
53685.217970 r 19.724 0.081
53685.218803 i 19.615 0.098
53685.219637 u 20.249 0.242
53685.220470 z 18.959 0.099
53685.221303 g 20.299 0.119
53694.231849 r 19.709 0.048
53694.232682 i 19.713 0.071
53694.233516 u 20.237 0.267
53694.234349 z 19.262 0.138
53694.235182 g 20.113 0.089
53697.215941 r 19.647 0.032
53697.216774 i 19.585 0.042
53697.217608 u 20.330 0.112
53697.218441 z 19.438 0.097
53697.219274 g 20.064 0.031
53700.214901 r 19.668 0.020
53700.215734 i 19.564 0.025
53700.216568 u 20.372 0.069
53700.217401 z 19.331 0.069
53700.218234 g 20.091 0.020
53705.201570 r 19.670 0.019
53705.202403 i 19.599 0.023
53705.203237 u 20.395 0.068
53705.204070 z 19.303 0.055
53705.204903 g 20.094 0.020
53975.286568 r 19.668 0.020
53975.287401 i 19.624 0.035
53975.288235 u 20.245 0.089
53975.289068 z 19.330 0.081
53975.289901 g 20.048 0.023
53993.354407 r 19.717 0.021
53993.355240 i 19.575 0.024
53993.356073 u 20.292 0.062
53993.356907 z 19.343 0.059
53993.357740 g 20.087 0.023
53994.309562 r 19.686 0.017
53994.310396 i 19.590 0.021
#53994.311229 u -99.000 0.053
53994.312062 z 19.332 0.058
53994.312896 g 20.104 0.023
53996.293325 r 19.687 0.022
53996.294159 i 19.549 0.030
53996.294992 u 20.500 0.083
53996.295825 z 19.381 0.071
53996.296659 g 20.143 0.023
53998.261988 r 19.692 0.017
53998.262821 i 19.595 0.022
53998.263655 u 20.560 0.056
53998.264488 z 19.297 0.044
53998.265321 g 20.110 0.023
54005.292193 r 19.687 0.017
54005.293027 i 19.575 0.019
54005.293860 u 20.350 0.048
54005.294693 z 19.461 0.050
54005.295527 g 20.117 0.020
54010.247421 r 19.709 0.020
54010.248254 i 19.925 0.040
54010.249087 u 20.518 0.069
54010.249921 z 19.298 0.048
54010.250754 g 20.074 0.025
54012.240322 r 19.728 0.029
54012.241156 i 19.583 0.029
54012.241989 u 20.473 0.122
54012.242822 z 19.465 0.058
54012.243656 g 20.117 0.043
54020.246230 r 19.697 0.028
54020.247063 i 19.598 0.032
54020.247896 u 20.319 0.083
54020.248730 z 19.386 0.085
54020.249563 g 20.059 0.031
54024.327869 r 19.670 0.023
54024.328702 i 19.649 0.030
54024.329535 u 20.290 0.083
54024.330369 z 19.302 0.084
54024.331202 g 20.100 0.025
54028.236604 r 19.704 0.024
54028.237437 i 19.575 0.023
54028.238270 u 20.339 0.056
54028.239104 z 19.322 0.063
54028.239937 g 20.057 0.022
54030.239798 r 19.690 0.017
54030.240632 i 19.602 0.022
54030.241465 u 20.395 0.057
54030.242298 z 19.386 0.053
54030.243132 g 20.098 0.022
54035.315554 r 19.656 0.026
54035.316387 i 19.575 0.030
54035.317221 u 20.288 0.084
54035.318054 z 19.385 0.099
54035.318887 g 20.084 0.026
54037.221041 r 19.678 0.022
54037.221874 i 19.582 0.026
54037.222708 u 20.326 0.061
54037.223541 z 19.387 0.065
54037.224374 g 20.070 0.024
54040.235566 r 19.641 0.028
54040.236399 i 19.540 0.030
54040.237232 u 20.229 0.102
54040.238066 z 19.456 0.072
54040.238899 g 20.028 0.041
54047.266058 r 19.747 0.047
54047.266891 i 19.536 0.035
54047.267724 u 20.399 0.186
54047.268558 z 19.270 0.077
54047.269391 g 20.101 0.061
54049.262050 r 19.679 0.028
54049.262883 i 19.558 0.033
54049.263717 u 20.207 0.115
54049.264550 z 19.353 0.082
54049.265383 g 20.016 0.042
54053.226314 r 19.665 0.020
54053.227148 i 19.574 0.024
54053.227981 u 20.315 0.056
54053.228814 z 19.306 0.057
54053.229648 g 20.063 0.022
54056.228129 r 19.692 0.035
54056.228962 i 19.587 0.037
#54056.229795 u -99.000 0.120
54056.230629 z 19.194 0.111
54056.231462 g 20.000 0.028
54062.227169 r 19.644 0.023
54062.228002 i 19.607 0.036
54062.228835 u 20.329 0.087
54062.229669 z 19.151 0.084
54062.230502 g 20.034 0.035
54357.265454 r 19.546 0.021
54357.266287 i 19.453 0.030
#54357.267121 u -99.000 0.056
54357.267954 z 19.282 0.052
54357.268787 g 19.988 0.031
#54362.315262 r -99.000 0.053
#54362.316095 i -99.000 0.040
#54362.316929 u -99.000 0.238
#54362.317762 z -99.000 0.297
#54362.318595 g -99.000 0.317
54382.295501 r 19.564 0.021
54382.296335 i 19.538 0.030
#54382.297168 u -99.000 0.088
54382.298001 z 19.310 0.091
54382.298835 g 20.020 0.025
54385.313268 r 19.572 0.020
54385.314102 i 19.498 0.022
54385.314935 u 20.360 0.056
54385.315768 z 19.207 0.049
54385.316602 g 19.967 0.026
54387.313768 r 19.593 0.020
54387.314602 i 19.510 0.028
54387.315435 u 20.384 0.078
54387.316268 z 19.292 0.068
54387.317102 g 20.007 0.028
54392.308524 r 19.596 0.022
54392.309357 i 19.549 0.025
54392.310190 u 20.322 0.067
54392.311024 z 19.271 0.059
54392.311857 g 19.972 0.024
54402.307097 r 19.567 0.029
54402.307931 i 19.504 0.032
54402.308764 u 20.192 0.167
54402.309597 z 19.287 0.072
54402.310431 g 19.981 0.044
