51081.261416 r 18.647 0.011
51081.262249 i 17.964 0.009
51081.263083 u 22.065 0.368
51081.263916 z 17.564 0.020
51081.264749 g 19.890 0.021
51467.356573 r 18.673 0.012
51467.357406 i 17.989 0.009
51467.358240 u 22.250 0.591
51467.359073 z 17.529 0.023
51467.359906 g 19.868 0.022
51819.332559 r 18.640 0.010
51819.333392 i 17.959 0.008
51819.334226 u 23.078 0.642
51819.335059 z 17.530 0.016
51819.335892 g 19.814 0.017
52558.297829 r 18.748 0.010
52558.298662 i 18.037 0.008
52558.299496 u 22.549 0.419
52558.300329 z 17.537 0.014
52558.301162 g 19.937 0.017
52577.185326 r 18.635 0.010
52577.186159 i 17.984 0.008
52577.186993 u 22.490 0.432
52577.187826 z 17.495 0.018
52577.188659 g 19.793 0.017
52586.188805 r 18.676 0.010
52586.189638 i 17.989 0.008
52586.190472 u 22.485 0.376
52586.191305 z 17.565 0.018
52586.192138 g 19.864 0.016
52910.269287 r 18.689 0.009
52910.270120 i 17.997 0.008
52910.270954 u 22.219 0.234
52910.271787 z 17.565 0.015
52910.272620 g 19.884 0.016
52931.199488 r 18.705 0.010
52931.200321 i 18.013 0.008
52931.201155 u 22.740 0.470
52931.201988 z 17.535 0.015
52931.202821 g 19.959 0.018
52935.196451 r 18.736 0.010
52935.197284 i 18.026 0.008
52935.198118 u 21.947 0.249
52935.198951 z 17.559 0.016
52935.199784 g 19.913 0.017
52959.139779 r 18.660 0.009
52959.140612 i 17.962 0.008
52959.141446 u 22.303 0.295
52959.142279 z 17.547 0.014
52959.143112 g 19.850 0.016
52963.119523 r 18.671 0.009
52963.120356 i 17.993 0.008
52963.121190 u 22.258 0.238
52963.122023 z 17.537 0.014
52963.122856 g 19.873 0.015
53313.189652 r 18.656 0.011
53313.190485 i 18.003 0.009
53313.191319 u 22.620 0.578
53313.192152 z 17.573 0.020
53313.192985 g 19.899 0.020
53352.090588 r 18.628 0.009
53352.091421 i 18.026 0.008
53352.092255 u 22.643 0.354
53352.093088 z 17.552 0.016
53352.093921 g 19.924 0.017
53622.298892 r 18.629 0.011
53622.299725 i 17.964 0.009
53622.300559 u 23.105 0.913
53622.301392 z 17.543 0.019
53622.302225 g 19.801 0.018
#53634.248363 r -99.000 0.022
53634.249196 i 18.016 0.014
53634.250030 u 21.723 0.813
#53634.250863 z -99.000 0.023
#53634.251696 g -99.000 0.062
53636.253896 r 18.711 0.013
53636.254729 i 18.025 0.009
53636.255563 u 21.586 0.336
53636.256396 z 17.581 0.020
53636.257229 g 19.936 0.040
53638.289697 r 18.656 0.010
53638.290530 i 17.972 0.008
53638.291364 u 22.177 0.331
53638.292197 z 17.519 0.015
53638.293030 g 19.838 0.018
#53640.253732 r -99.000 0.052
#53640.254565 i -99.000 0.064
53640.255399 u 22.819 0.939
#53640.256232 z -99.000 0.028
#53640.257065 g -99.000 0.024
53655.225903 r 18.654 0.018
53655.226736 i 17.962 0.012
#53655.227570 u 25.814 2.560
53655.228403 z 17.532 0.022
53655.229236 g 19.939 0.048
53664.250860 r 18.623 0.013
53664.251693 i 17.946 0.009
#53664.252527 u 25.645 2.310
53664.253360 z 17.484 0.017
53664.254193 g 19.782 0.031
53666.214464 r 18.746 0.011
53666.215297 i 18.021 0.008
53666.216131 u 22.153 0.310
53666.216964 z 17.558 0.016
53666.217797 g 19.955 0.021
53669.210102 r 18.633 0.009
53669.210935 i 17.941 0.008
53669.211769 u 22.001 0.225
53669.212602 z 17.496 0.016
53669.213435 g 19.790 0.015
53671.294880 r 18.499 0.010
53671.295713 i 17.889 0.008
53671.296547 u 20.718 0.143
53671.297380 z 17.462 0.017
53671.298213 g 19.647 0.017
53674.194337 r 18.681 0.010
53674.195170 i 17.970 0.008
53674.196004 u 22.258 0.317
53674.196837 z 17.530 0.014
53674.197670 g 19.871 0.016
53676.283823 r 18.651 0.011
53676.284656 i 17.962 0.008
#53676.285490 u 23.358 1.129
53676.286323 z 17.524 0.016
53676.287156 g 19.826 0.017
53679.255711 r 18.773 0.012
53679.256544 i 18.056 0.009
53679.257378 u 22.303 0.448
53679.258211 z 17.606 0.019
53679.259044 g 19.989 0.021
53681.247223 r 18.629 0.011
53681.248056 i 17.962 0.009
53681.248890 u 21.954 0.280
53681.249723 z 17.520 0.015
53681.250556 g 19.815 0.016
53685.206273 r 18.718 0.031
53685.207106 i 17.966 0.018
#53685.207940 u -99.000 0.704
53685.208773 z 17.593 0.030
53685.209606 g 20.019 0.098
53687.244613 r 18.759 0.017
53687.245446 i 18.051 0.010
53687.246280 u 21.775 0.705
53687.247113 z 17.574 0.017
53687.247946 g 19.983 0.054
53694.220154 r 18.704 0.023
53694.220987 i 17.979 0.013
53694.221821 u 21.368 0.722
#53694.222654 z -99.000 0.033
53694.223487 g 19.757 0.069
53697.204246 r 18.700 0.022
53697.205079 i 17.985 0.012
#53697.205913 u 23.113 1.215
53697.206746 z 17.506 0.021
53697.207579 g 19.871 0.025
53700.203205 r 18.735 0.011
53700.204038 i 18.040 0.009
53700.204872 u 22.803 0.680
53700.205705 z 17.515 0.018
53700.206538 g 19.934 0.019
53705.189875 r 18.755 0.010
53705.190708 i 18.032 0.008
53705.191542 u 22.187 0.349
53705.192375 z 17.550 0.015
53705.193208 g 19.948 0.018
53975.274878 r 18.650 0.020
53975.275711 i 17.973 0.018
53975.276545 u 21.870 0.281
53975.277378 z 17.529 0.024
53975.278211 g 19.849 0.025
53993.342690 r 18.658 0.018
53993.343524 i 17.997 0.018
53993.344357 u 22.228 0.452
53993.345190 z 17.520 0.029
#53993.346024 g -99.000 0.034
53996.281649 r 18.601 0.016
53996.282483 i 17.951 0.016
53996.283316 u 21.968 0.232
53996.284149 z 17.519 0.023
53996.284983 g 19.788 0.020
53998.250228 r 18.694 0.014
53998.251061 i 17.991 0.018
53998.251894 u 22.056 0.233
53998.252728 z 17.527 0.022
53998.253561 g 19.869 0.021
54005.280520 r 18.613 0.017
54005.281353 i 17.934 0.018
#54005.282186 u -99.000 0.203
54005.283020 z 17.489 0.026
54005.283853 g 19.824 0.023
54010.235723 r 18.636 0.013
54010.236557 i 17.960 0.020
54010.237390 u 21.512 0.187
54010.238223 z 17.523 0.017
54010.239057 g 19.815 0.022
54012.228566 r 18.695 0.017
54012.229400 i 17.985 0.017
54012.230233 u 21.820 0.467
54012.231066 z 17.541 0.020
54012.231900 g 19.865 0.043
54020.234567 r 18.685 0.017
54020.235401 i 18.012 0.017
54020.236234 u 22.996 0.902
54020.237067 z 17.531 0.025
54020.237901 g 19.876 0.024
54022.283813 r 18.590 0.013
54022.284646 i 17.959 0.016
54022.285479 u 21.867 0.401
54022.286313 z 17.471 0.024
54022.287146 g 19.775 0.034
54028.224935 r 18.684 0.015
54028.225768 i 18.006 0.015
54028.226601 u 22.333 0.367
54028.227435 z 17.530 0.024
54028.228268 g 19.900 0.024
54030.228121 r 18.631 0.015
54030.228954 i 17.947 0.014
54030.229788 u 21.702 0.168
54030.230621 z 17.527 0.023
54030.231454 g 19.831 0.017
54035.303956 r 18.677 0.017
54035.304789 i 17.999 0.015
54035.305623 u 22.140 0.530
54035.306456 z 17.567 0.024
54035.307289 g 19.867 0.022
54037.209334 r 18.673 0.017
54037.210167 i 17.993 0.017
54037.211001 u 21.897 0.298
54037.211834 z 17.535 0.022
54037.212667 g 19.975 0.027
54040.223822 r 18.681 0.016
54040.224656 i 18.001 0.014
#54040.225489 u 25.757 99.999
54040.226322 z 17.535 0.022
54040.227156 g 19.878 0.042
54047.254394 r 18.565 0.027
54047.255227 i 17.910 0.019
#54047.256060 u -99.000 0.508
54047.256894 z 17.511 0.021
54047.257727 g 19.799 0.049
54049.250286 r 18.646 0.023
54049.251119 i 17.987 0.015
54049.251952 u 22.129 0.678
54049.252786 z 17.555 0.023
54049.253619 g 19.802 0.034
54050.208628 r 18.664 0.020
#54050.209462 i -99.000 0.017
54050.210295 u 22.304 0.693
54050.211128 z 17.559 0.039
54050.211962 g 19.919 0.050
54053.214598 r 18.705 0.016
54053.215431 i 18.007 0.023
54053.216264 u 22.640 0.441
54053.217098 z 17.531 0.018
54053.217931 g 19.903 0.021
54056.216294 r 18.579 0.022
54056.217127 i 17.967 0.018
54056.217961 u 21.630 0.324
54056.218794 z 17.471 0.058
54056.219627 g 19.754 0.028
54059.210598 r 18.677 0.052
54059.211431 i 18.016 0.033
54059.212265 u 22.140 0.546
54059.213098 z 17.552 0.022
54059.213931 g 19.912 0.035
54062.215452 r 18.671 0.040
54062.216286 i 17.976 0.022
54062.217119 u 22.956 0.959
54062.217952 z 17.530 0.025
54062.218786 g 19.885 0.034
54357.253832 r 18.633 0.024
54357.254666 i 17.991 0.021
54357.255499 u 22.583 0.495
54357.256332 z 17.516 0.031
54357.257166 g 19.889 0.027
54362.303726 r 18.612 0.019
54362.304560 i 17.945 0.014
#54362.305393 u 99.981 99.999
54362.306226 z 17.510 0.025
54362.307060 g 19.831 0.025
54385.301613 r 18.637 0.057
54385.302447 i 17.973 0.029
54385.303280 u 21.920 0.308
54385.304113 z 17.534 0.019
54385.304947 g 19.871 0.025
54387.302096 r 18.596 0.014
54387.302929 i 17.925 0.016
54387.303762 u 22.050 0.362
54387.304596 z 17.522 0.024
54387.305429 g 19.804 0.022
54392.296897 r 18.626 0.024
54392.297730 i 17.952 0.019
#54392.298564 u 99.987 99.999
54392.299397 z 17.488 0.034
#54392.300230 g -99.000 0.027
54402.295283 r 18.657 0.019
54402.296116 i 17.978 0.016
54402.296950 u 21.747 0.637
54402.297783 z 17.513 0.023
54402.298616 g 19.902 0.041
