52558.467769 r 18.541 0.009
52558.468602 i 18.235 0.010
52558.469436 u 21.235 0.099
52558.470269 z 18.058 0.023
52558.471102 g 19.329 0.012
52585.302360 r 18.508 0.009
52585.303193 i 18.193 0.010
52585.304027 u 21.084 0.088
52585.304860 z 17.993 0.023
52585.305693 g 19.299 0.012
52909.468993 r 18.542 0.009
52909.469826 i 18.223 0.009
52909.470660 u 21.207 0.098
52909.471493 z 18.030 0.020
52909.472326 g 19.323 0.012
52935.366405 r 18.493 0.009
52935.367238 i 18.177 0.010
52935.368072 u 21.358 0.115
52935.368905 z 17.995 0.025
52935.369738 g 19.269 0.012
53622.468834 r 18.572 0.009
53622.469667 i 18.253 0.009
53622.470501 u 21.302 0.099
53622.471334 z 18.095 0.020
53622.472167 g 19.367 0.013
53638.459642 r 18.510 0.010
53638.460475 i 18.232 0.011
53638.461309 u 20.989 0.138
53638.462142 z 18.074 0.027
53638.462975 g 19.331 0.016
53657.303829 r 18.407 0.018
53657.304662 i 18.102 0.017
53657.305496 u 20.584 0.285
53657.306329 z 17.844 0.037
53657.307162 g 19.233 0.037
53663.485501 r 18.560 0.015
53663.486334 i 18.231 0.013
53663.487168 u 21.735 0.780
53663.488001 z 18.070 0.028
53663.488834 g 19.386 0.034
53665.485433 r 18.474 0.013
53665.486266 i 18.179 0.013
53665.487100 u 20.696 0.192
53665.487933 z 17.976 0.030
53665.488766 g 19.269 0.022
53671.464800 r 18.519 0.010
53671.465633 i 18.206 0.010
53671.466467 u 21.137 0.170
53671.467300 z 18.036 0.025
53671.468133 g 19.331 0.015
53676.453742 r 18.517 0.011
53676.454575 i 18.212 0.013
53676.455409 u 20.985 0.244
53676.456242 z 18.045 0.039
53676.457075 g 19.327 0.018
53681.417161 r 18.532 0.012
53681.417994 i 18.195 0.012
53681.418828 u 21.095 0.166
53681.419661 z 18.008 0.027
53681.420494 g 19.273 0.015
53696.382879 r 18.519 0.010
53696.383712 i 18.206 0.011
53696.384546 u 21.498 0.281
53696.385379 z 18.028 0.028
53696.386212 g 19.331 0.019
53697.374186 r 18.537 0.010
53697.375019 i 18.206 0.010
53697.375853 u 21.454 0.241
53697.376686 z 18.029 0.025
53697.377519 g 19.298 0.019
54005.464717 r 18.610 0.014
54005.465550 i 18.296 0.014
54005.466384 u 21.365 0.112
54005.467217 z 18.148 0.025
54005.468050 g 19.381 0.028
54009.478534 r 18.602 0.014
54009.479367 i 18.303 0.020
54009.480201 u 21.268 0.096
54009.481034 z 18.146 0.022
54009.481867 g 19.403 0.022
54010.405663 r 18.611 0.016
54010.406496 i 18.303 0.016
54010.407329 u 21.143 0.081
54010.408163 z 18.138 0.022
54010.408996 g 19.397 0.023
54020.436594 r 18.602 0.015
54020.437428 i 18.277 0.018
54020.438261 u 20.978 0.165
54020.439094 z 18.082 0.025
54020.439928 g 19.385 0.020
54030.429805 r 18.625 0.016
54030.430639 i 18.335 0.018
54030.431472 u 21.150 0.096
54030.432305 z 18.076 0.023
54030.433139 g 19.401 0.022
54037.379284 r 18.634 0.018
54037.380118 i 18.306 0.017
54037.380951 u 21.274 0.087
54037.381784 z 18.170 0.024
54037.382618 g 19.382 0.023
54040.393765 r 18.625 0.013
54040.394598 i 18.290 0.015
54040.395432 u 21.366 0.109
54040.396265 z 18.120 0.025
54040.397098 g 19.405 0.025
54047.424420 r 18.591 0.016
54047.425253 i 18.266 0.021
54047.426086 u 20.698 0.266
54047.426920 z 18.091 0.027
54047.427753 g 19.350 0.037
54062.385381 r 18.641 0.014
54062.386214 i 18.295 0.022
54062.387048 u 21.397 0.128
54062.387881 z 18.164 0.025
54062.388714 g 19.421 0.025
54064.381850 r 18.593 0.014
54064.382683 i 18.282 0.016
54064.383517 u 21.220 0.136
54064.384350 z 18.076 0.030
54064.385183 g 19.368 0.024
54357.423717 r 18.606 0.015
54357.424551 i 18.310 0.015
54357.425384 u 21.373 0.095
54357.426217 z 18.128 0.033
54357.427051 g 19.385 0.018
54376.468602 r 18.629 0.013
54376.469436 i 18.304 0.019
54376.470269 u 21.459 0.159
54376.471102 z 18.127 0.024
54376.471936 g 19.390 0.027
