51081.431127 r 20.139 0.029
51081.431960 i 19.998 0.035
51081.432794 u 21.605 0.166
51081.433627 z 19.581 0.090
51081.434460 g 20.423 0.027
51875.246069 r 20.066 0.025
51875.246902 i 19.921 0.031
51875.247736 u 21.528 0.150
51875.248569 z 19.720 0.092
51875.249402 g 20.412 0.026
52171.478492 r 20.205 0.027
52171.479325 i 20.063 0.032
52171.480159 u 21.736 0.171
52171.480992 z 19.721 0.086
52171.481825 g 20.555 0.027
52225.326917 r 20.202 0.024
52225.327750 i 20.073 0.029
52225.328584 u 21.475 0.127
52225.329417 z 19.704 0.074
52225.330250 g 20.486 0.024
52288.161342 r 20.235 0.027
52288.162175 i 19.997 0.030
52288.163009 u 21.839 0.185
52288.163842 z 19.732 0.078
52288.164675 g 20.488 0.025
52551.434625 r 20.122 0.025
52551.435458 i 19.963 0.030
52551.436292 u 21.486 0.135
52551.437125 z 19.728 0.089
52551.437958 g 20.451 0.025
52558.467499 r 20.138 0.022
52558.468332 i 20.015 0.027
52558.469166 u 21.635 0.132
52558.469999 z 19.809 0.084
52558.470832 g 20.489 0.023
52578.339110 r 20.122 0.023
52578.339943 i 19.969 0.026
52578.340777 u 21.452 0.136
52578.341610 z 19.817 0.082
52578.342443 g 20.418 0.024
52585.302090 r 20.186 0.024
52585.302923 i 20.025 0.029
52585.303757 u 21.952 0.168
52585.304590 z 19.746 0.088
52585.305423 g 20.431 0.021
52909.468721 r 19.982 0.019
52909.469554 i 19.849 0.022
52909.470388 u 21.650 0.134
52909.471221 z 19.535 0.059
52909.472054 g 20.302 0.019
52910.438963 r 19.956 0.023
52910.439796 i 19.817 0.027
52910.440630 u 21.508 0.139
52910.441463 z 19.632 0.077
#52910.442296 g -99.000 0.028
52935.366135 r 19.994 0.022
52935.366968 i 19.867 0.027
52935.367802 u 21.483 0.121
52935.368635 z 19.638 0.084
52935.369468 g 20.318 0.020
53351.211518 r 20.003 0.026
53351.212351 i 19.919 0.035
53351.213185 u 21.651 0.191
53351.214018 z 19.883 0.119
53351.214851 g 20.368 0.024
53622.468565 r 20.054 0.019
53622.469398 i 19.939 0.023
53622.470232 u 21.605 0.130
53622.471065 z 19.684 0.061
53622.471898 g 20.375 0.020
53627.425663 r 20.059 0.027
53627.426496 i 19.922 0.030
53627.427330 u 21.660 0.202
53627.428163 z 19.771 0.092
53627.428996 g 20.428 0.026
53634.418036 r 19.956 0.052
53634.418869 i 19.888 0.052
53634.419703 u 22.181 0.943
53634.420536 z 19.554 0.102
53634.421369 g 20.400 0.086
53640.423409 r 20.013 0.026
53640.424242 i 19.950 0.032
53640.425076 u 21.859 0.251
53640.425909 z 19.633 0.082
53640.426742 g 20.350 0.028
53643.465885 r 20.080 0.025
53643.466718 i 19.973 0.032
53643.467552 u 21.470 0.176
53643.468385 z 19.781 0.094
53643.469218 g 20.364 0.025
53657.303561 r 20.069 0.067
53657.304394 i 20.098 0.085
53657.305228 u 20.811 0.346
#53657.306061 z -99.000 0.180
53657.306894 g 20.252 0.079
53657.467850 r 20.062 0.027
53657.468683 i 19.923 0.030
53657.469517 u 21.507 0.181
53657.470350 z 19.750 0.091
53657.471183 g 20.397 0.026
53663.485233 r 20.040 0.051
53663.486066 i 19.942 0.050
53663.486900 u 21.682 0.730
53663.487733 z 19.481 0.096
53663.488566 g 20.310 0.074
53665.485163 r 20.060 0.038
53665.485996 i 19.899 0.044
53665.486830 u 21.900 0.539
53665.487663 z 19.769 0.121
53665.488496 g 20.328 0.044
53668.473781 r 20.124 0.046
53668.474614 i 20.016 0.054
53668.475448 u 21.289 0.322
53668.476281 z 19.641 0.149
53668.477114 g 20.417 0.047
53670.479750 r 19.995 0.038
53670.480583 i 19.859 0.055
#53670.481417 u -99.000 1.096
53670.482250 z 19.765 0.183
53670.483083 g 20.320 0.046
53671.464530 r 20.061 0.032
53671.465363 i 19.872 0.031
53671.466197 u 21.539 0.256
53671.467030 z 19.709 0.097
53671.467863 g 20.380 0.028
53676.453473 r 20.026 0.032
53676.454306 i 19.883 0.035
#53676.455140 u -99.000 0.720
53676.455973 z 19.467 0.125
53676.456806 g 20.334 0.035
53679.425377 r 20.055 0.027
53679.426210 i 19.901 0.035
53679.427044 u 21.690 0.212
53679.427877 z 19.822 0.110
53679.428710 g 20.316 0.023
53681.416891 r 19.972 0.032
53681.417724 i 19.951 0.039
53681.418558 u 21.394 0.206
53681.419391 z 19.748 0.143
53681.420224 g 20.328 0.029
53684.378390 r 20.049 0.030
53684.379223 i 19.929 0.037
53684.380057 u 21.436 0.187
53684.380890 z 19.724 0.112
53684.381723 g 20.376 0.026
53687.319707 r 19.957 0.070
53687.320540 i 19.744 0.059
53687.321374 u 21.081 0.509
53687.322207 z 19.508 0.172
53687.323040 g 20.223 0.101
53694.389856 r 20.109 0.050
53694.390689 i 19.848 0.045
53694.391523 u 21.132 0.404
53694.392356 z 19.756 0.137
53694.393189 g 20.337 0.066
53696.382609 r 20.057 0.028
53696.383442 i 19.914 0.035
53696.384276 u 22.091 0.473
53696.385109 z 19.492 0.086
53696.385942 g 20.365 0.037
53697.373916 r 20.063 0.026
53697.374749 i 19.915 0.029
#53697.375583 u -99.000 0.194
53697.376416 z 19.846 0.108
53697.377249 g 20.365 0.035
53700.372872 r 20.075 0.028
53700.373705 i 19.893 0.035
53700.374539 u 21.692 0.213
53700.375372 z 19.648 0.103
53700.376205 g 20.289 0.023
53705.359543 r 19.975 0.031
53705.360376 i 19.810 0.039
53705.361210 u 21.161 0.193
53705.362043 z 19.549 0.124
53705.362876 g 20.313 0.030
53975.444547 r 19.976 0.026
53975.445381 i 19.884 0.033
53975.446214 u 21.097 0.117
53975.447047 z 19.684 0.081
53975.447881 g 20.234 0.023
53994.467550 r 19.956 0.024
53994.468384 i 19.864 0.031
53994.469217 u 21.502 0.161
53994.470050 z 19.584 0.064
53994.470884 g 20.211 0.023
53996.451320 r 19.932 0.025
53996.452153 i 19.858 0.027
#53996.452986 u -99.000 0.149
53996.453820 z 19.838 0.099
53996.454653 g 20.221 0.034
54005.464444 r 19.985 0.020
54005.465278 i 19.877 0.030
54005.466111 u 21.279 0.105
54005.466944 z 19.631 0.068
#54005.467778 g -99.000 0.028
54009.478267 r 19.987 0.022
54009.479100 i 19.888 0.027
54009.479934 u 21.241 0.091
54009.480767 z 19.637 0.056
54009.481600 g 20.241 0.020
54010.405389 r 19.982 0.019
54010.406223 i 19.864 0.024
54010.407056 u 21.314 0.080
54010.407889 z 19.664 0.055
54010.408723 g 20.264 0.024
54012.398245 r 19.949 0.029
54012.399078 i 19.909 0.033
#54012.399912 u -99.000 0.133
54012.400745 z 19.658 0.085
54012.401578 g 20.194 0.033
54020.436288 r 19.955 0.026
54020.437121 i 19.855 0.029
54020.437955 u 21.667 0.274
54020.438788 z 19.543 0.071
54020.439621 g 20.288 0.036
54024.485816 r 20.004 0.029
54024.486650 i 19.849 0.033
#54024.487483 u -99.000 0.202
54024.488316 z 19.533 0.079
54024.489150 g 20.278 0.028
54028.474124 r 19.958 0.026
54028.474957 i 19.919 0.036
54028.475790 u 21.148 0.153
54028.476624 z 19.746 0.114
54028.477457 g 20.275 0.027
54030.429547 r 19.985 0.022
54030.430381 i 19.900 0.027
#54030.431214 u -99.000 0.149
54030.432047 z 19.748 0.076
54030.432881 g 20.258 0.020
54035.473540 r 19.978 0.030
54035.474373 i 19.843 0.036
54035.475206 u 21.329 0.188
54035.476040 z 19.622 0.104
54035.476873 g 20.275 0.027
54037.379042 r 19.979 0.020
54037.379875 i 19.897 0.024
54037.380708 u 21.371 0.091
54037.381542 z 19.636 0.049
54037.382375 g 20.253 0.019
54040.393521 r 19.988 0.021
54040.394355 i 19.916 0.029
54040.395188 u 21.187 0.091
54040.396021 z 19.557 0.065
54040.396855 g 20.256 0.021
54041.429028 r 19.988 0.021
54041.429861 i 19.854 0.026
54041.430694 u 21.470 0.136
54041.431528 z 19.712 0.074
54041.432361 g 20.270 0.021
54047.424137 r 20.000 0.045
54047.424971 i 19.804 0.040
54047.425804 u 20.940 0.240
54047.426637 z 19.590 0.092
54047.427471 g 20.318 0.071
54049.420010 r 19.954 0.032
54049.420843 i 19.865 0.035
54049.421677 u 21.533 0.300
54049.422510 z 19.531 0.106
54049.423343 g 20.250 0.047
54050.380198 r 19.935 0.041
54050.381031 i 19.887 0.051
54050.381865 u 21.579 0.383
54050.382698 z 19.494 0.115
54050.383531 g 20.234 0.042
54053.399650 r 19.970 0.059
#54053.400484 i -99.000 0.047
54053.401317 u 21.082 0.185
#54053.402150 z -99.000 0.153
#54053.402984 g -99.000 0.034
54056.385986 r 20.005 0.031
54056.386819 i 19.933 0.031
#54056.387652 u -99.000 0.123
54056.388486 z 19.665 0.086
54056.389319 g 20.274 0.033
54059.380240 r 19.980 0.027
54059.381073 i 19.907 0.033
54059.381906 u 21.387 0.151
54059.382740 z 19.462 0.085
54059.383573 g 20.240 0.022
54061.391306 r 20.005 0.031
54061.392140 i 19.816 0.037
54061.392973 u 21.542 0.252
54061.393806 z 19.708 0.111
54061.394640 g 20.268 0.025
54062.385133 r 19.992 0.021
54062.385966 i 19.831 0.033
54062.386799 u 21.257 0.120
54062.387633 z 19.428 0.064
54062.388466 g 20.261 0.026
54064.381570 r 19.976 0.024
54064.382403 i 19.800 0.029
54064.383236 u 21.385 0.161
54064.384070 z 19.878 0.118
54064.384903 g 20.238 0.024
54068.365741 r 19.944 0.025
54068.366574 i 19.862 0.037
54068.367408 u 21.031 0.148
54068.368241 z 19.654 0.117
54068.369074 g 20.181 0.026
54357.423423 r 19.916 0.026
54357.424256 i 19.824 0.027
54357.425089 u 21.178 0.085
54357.425923 z 19.569 0.049
54357.426756 g 20.109 0.023
54362.473235 r 19.853 0.024
54362.474068 i 19.776 0.031
#54362.474902 u -99.000 0.077
54362.475735 z 19.509 0.055
54362.476568 g 20.129 0.020
54376.468321 r 19.838 0.022
54376.469154 i 19.807 0.027
54376.469988 u 21.206 0.130
54376.470821 z 19.555 0.063
54376.471654 g 20.123 0.023
54382.453450 r 19.856 0.023
54382.454283 i 19.775 0.027
54382.455116 u 21.049 0.101
54382.455950 z 19.414 0.067
54382.456783 g 20.070 0.020
54385.471259 r 19.859 0.024
54385.472092 i 19.794 0.028
54385.472925 u 20.948 0.087
54385.473759 z 19.711 0.073
54385.474592 g 20.101 0.022
54387.471747 r 19.855 0.021
54387.472580 i 19.775 0.026
54387.473413 u 21.183 0.126
54387.474247 z 19.539 0.076
54387.475080 g 20.116 0.026
54391.472604 r 19.823 0.031
54391.473438 i 19.721 0.043
54391.474271 u 21.193 0.217
54391.475104 z 19.671 0.149
54391.475938 g 20.102 0.023
54402.464999 r 19.918 0.049
54402.465832 i 19.844 0.045
54402.466665 u 21.187 0.487
54402.467499 z 19.559 0.104
54402.468332 g 20.038 0.063
