51081.271585 r 18.216 0.010
51081.272418 i 17.273 0.006
51081.273252 u 23.280 0.877
51081.274085 z 16.773 0.011
51081.274918 g 19.799 0.022
51467.366719 r 18.210 0.010
51467.367552 i 17.262 0.008
#51467.368386 u 24.015 1.869
51467.369219 z 16.769 0.013
51467.370052 g 19.919 0.027
51819.342696 r 18.157 0.008
51819.343529 i 17.261 0.006
51819.344363 u 23.193 0.628
51819.345196 z 16.762 0.010
51819.346029 g 19.698 0.019
52558.307982 r 18.229 0.008
52558.308815 i 17.259 0.006
52558.309649 u 22.883 0.425
52558.310482 z 16.802 0.009
52558.311315 g 19.813 0.018
52577.195481 r 18.060 0.008
52577.196314 i 17.224 0.007
52577.197148 u 22.080 0.243
52577.197981 z 16.668 0.011
52577.198814 g 19.631 0.019
52586.198959 r 18.122 0.008
52586.199792 i 17.238 0.007
52586.200626 u 23.136 0.648
52586.201459 z 16.764 0.011
52586.202292 g 19.732 0.018
52910.279443 r 18.163 0.007
52910.280276 i 17.278 0.007
52910.281110 u 23.583 0.596
52910.281943 z 16.755 0.010
52910.282776 g 19.765 0.015
52931.209643 r 18.174 0.008
52931.210476 i 17.273 0.006
52931.211310 u 22.544 0.338
52931.212143 z 16.805 0.010
52931.212976 g 19.685 0.018
52935.206607 r 18.201 0.008
52935.207440 i 17.265 0.006
52935.208274 u 23.801 0.848
52935.209107 z 16.789 0.010
52935.209940 g 19.729 0.017
52959.149935 r 18.177 0.008
52959.150768 i 17.445 0.007
52959.151602 u 23.134 0.383
52959.152435 z 16.784 0.009
52959.153268 g 19.705 0.016
52963.129679 r 18.167 0.008
52963.130512 i 17.276 0.007
52963.131346 u 22.511 0.216
52963.132179 z 16.765 0.009
52963.133012 g 19.815 0.015
53313.199808 r 18.124 0.009
53313.200641 i 17.207 0.007
#53313.201475 u 24.684 1.806
53313.202308 z 16.704 0.011
53313.203141 g 19.758 0.024
53352.100744 r 18.157 0.008
53352.101577 i 17.264 0.007
53352.102411 u 22.845 0.327
53352.103244 z 16.778 0.010
53352.104077 g 19.727 0.017
53622.309048 r 18.181 0.008
53622.309881 i 17.233 0.006
53622.310715 u 23.404 0.813
53622.311548 z 16.795 0.012
53622.312381 g 19.710 0.020
53634.258518 r 18.158 0.013
53634.259351 i 17.239 0.008
#53634.260185 u 25.036 4.696
53634.261018 z 16.768 0.012
53634.261851 g 19.900 0.054
53636.264052 r 18.153 0.010
53636.264885 i 17.230 0.008
#53636.265719 u 24.348 2.142
53636.266552 z 16.781 0.021
53636.267385 g 19.810 0.064
53638.299852 r 18.201 0.008
53638.300685 i 17.261 0.007
53638.301519 u 21.855 0.226
53638.302352 z 16.773 0.010
53638.303185 g 19.796 0.020
#53640.263887 r -99.000 0.036
#53640.264720 i -99.000 0.009
#53640.265554 u -99.000 1.580
#53640.266387 z -99.000 0.051
#53640.267220 g -99.000 0.092
53655.236059 r 18.323 0.015
53655.236892 i 17.298 0.008
53655.237726 u 21.425 0.423
53655.238559 z 16.768 0.013
53655.239392 g 19.459 0.035
53664.261014 r 18.153 0.010
53664.261847 i 17.220 0.007
#53664.262681 u 25.614 1.788
53664.263514 z 16.786 0.013
53664.264347 g 19.882 0.063
53666.224619 r 18.180 0.008
53666.225452 i 17.264 0.007
53666.226286 u 22.780 0.502
53666.227119 z 16.787 0.010
53666.227952 g 19.739 0.019
53669.220258 r 18.169 0.008
53669.221091 i 17.257 0.007
53669.221925 u 22.667 0.299
53669.222758 z 16.768 0.010
53669.223591 g 19.744 0.016
53671.305032 r 18.188 0.009
53671.305865 i 17.262 0.007
53671.306699 u 22.852 0.725
53671.307532 z 16.803 0.011
53671.308365 g 19.684 0.023
53674.204493 r 18.207 0.009
53674.205326 i 17.228 0.006
53674.206160 u 22.422 0.375
53674.206993 z 16.768 0.010
53674.207826 g 19.689 0.017
53676.293974 r 18.170 0.008
53676.294807 i 17.243 0.006
#53676.295641 u 24.460 1.407
53676.296474 z 16.772 0.010
53676.297307 g 19.680 0.017
53679.265864 r 18.159 0.008
53679.266697 i 17.257 0.006
53679.267531 u 23.195 0.797
53679.268364 z 16.764 0.010
53679.269197 g 19.699 0.020
53681.257376 r 18.195 0.008
53681.258209 i 17.250 0.007
53681.259043 u 23.512 0.717
53681.259876 z 16.787 0.010
53681.260709 g 19.698 0.019
53685.216427 r 18.311 0.026
53685.217260 i 17.376 0.014
#53685.218094 u 24.839 5.184
53685.218927 z 16.822 0.020
53685.219760 g 20.181 0.121
53694.230307 r 18.471 0.020
53694.231140 i 17.503 0.010
#53694.231974 u 23.103 2.683
#53694.232807 z -99.000 0.020
#53694.233640 g -99.000 0.106
53697.214401 r 18.224 0.012
53697.215234 i 17.267 0.008
#53697.216068 u 24.213 1.123
53697.216901 z 16.798 0.015
53697.217734 g 19.794 0.025
53700.213359 r 18.149 0.008
53700.214192 i 17.268 0.007
53700.215026 u 23.187 0.692
53700.215859 z 16.770 0.010
53700.216692 g 19.749 0.018
53705.200029 r 18.183 0.008
53705.200862 i 17.269 0.006
53705.201696 u 23.038 0.578
53705.202529 z 16.782 0.009
53705.203362 g 19.656 0.018
53975.285033 r 18.145 0.179
53975.285866 i 17.243 0.091
53975.286699 u 22.368 0.367
53975.287533 z 16.748 0.057
53975.288366 g 19.570 0.409
#53993.352869 r -99.000 0.206
#53993.353703 i -99.000 0.111
53993.354536 u 22.729 0.644
53993.355369 z 16.770 0.064
53993.356203 g 19.777 0.563
53994.308018 r 18.168 0.223
53994.308851 i 17.281 0.104
53994.309684 u 22.096 0.387
53994.310518 z 16.777 0.065
53994.311351 g 19.729 0.548
53996.291770 r 18.190 0.172
53996.292604 i 17.238 0.095
53996.293437 u 23.001 0.583
53996.294270 z 16.723 0.058
53996.295104 g 19.800 0.554
53998.260414 r 18.181 0.249
53998.261247 i 17.281 0.126
53998.262081 u 22.229 0.218
53998.262914 z 16.765 0.058
53998.263747 g 19.713 0.312
54005.290639 r 18.155 0.236
54005.291472 i 17.258 0.106
54005.292305 u 22.196 0.388
54005.293139 z 16.777 0.065
54005.293972 g 19.699 0.640
54010.245866 r 18.176 0.020
54010.246699 i 17.263 0.122
54010.247532 u 22.652 0.406
54010.248366 z 16.803 0.077
54010.249199 g 19.707 0.053
54012.238725 r 18.174 0.176
54012.239559 i 17.258 0.126
54012.240392 u 22.224 0.721
54012.241225 z 16.793 0.082
54012.242059 g 19.680 0.544
54020.244733 r 18.168 0.187
54020.245566 i 17.269 0.112
#54020.246399 u 25.670 99.999
54020.247233 z 16.777 0.073
54020.248066 g 19.880 0.524
54024.326307 r 18.205 0.177
54024.327140 i 17.228 0.092
#54024.327973 u 23.831 1.486
54024.328807 z 16.794 0.061
54024.329640 g 19.648 0.432
54028.235078 r 18.183 0.195
54028.235911 i 17.250 0.086
54028.236744 u 22.457 0.289
54028.237578 z 16.787 0.075
54028.238411 g 19.716 0.458
54030.238255 r 18.186 0.218
54030.239088 i 17.271 0.113
#54030.239922 u 23.022 1.008
54030.240755 z 16.767 0.061
54030.241588 g 19.647 0.596
54035.314019 r 18.214 0.179
54035.314852 i 17.260 0.098
#54035.315686 u 24.787 4.899
54035.316519 z 16.765 0.059
54035.317352 g 19.720 0.385
54037.219503 r 18.194 0.177
54037.220336 i 17.288 0.097
54037.221169 u 22.155 0.284
54037.222003 z 16.801 0.074
54037.222836 g 19.751 0.479
54040.233978 r 18.206 0.189
54040.234812 i 17.264 0.072
#54040.235645 u 23.089 1.349
54040.236478 z 16.805 0.077
54040.237312 g 19.741 0.561
#54047.264543 r -99.000 0.231
54047.265376 i 17.238 0.087
#54047.266209 u 99.986 99.999
54047.267043 z 16.804 0.054
54047.267876 g 19.861 0.537
54049.260446 r 18.186 0.201
54049.261279 i 17.270 0.087
#54049.262113 u 24.233 4.414
54049.262946 z 16.806 0.066
54049.263779 g 19.786 0.485
54053.224751 r 18.186 0.189
54053.225584 i 17.267 0.098
#54053.226417 u 24.416 1.945
54053.227251 z 16.786 0.063
54053.228084 g 19.681 0.472
54056.226454 r 18.136 0.160
54056.227287 i 17.268 0.089
#54056.228120 u 25.144 5.613
54056.228954 z 16.788 0.052
54056.229787 g 20.089 0.468
54059.220759 r 18.210 0.169
54059.221592 i 17.207 0.080
#54059.222426 u -99.000 99.999
54059.223259 z 16.754 0.064
54059.224092 g 19.806 0.466
54062.225602 r 18.209 0.193
54062.226435 i 17.234 0.093
#54062.227268 u 99.988 99.999
54062.228102 z 16.823 0.067
54062.228935 g 19.619 0.420
54357.263934 r 18.133 0.209
54357.264767 i 17.278 0.105
#54357.265600 u 23.949 1.315
54357.266434 z 16.767 0.078
54357.267267 g 19.682 0.473
54362.313720 r 18.067 0.152
54362.314553 i 17.187 0.079
#54362.315387 u -99.000 3.774
#54362.316220 z -99.000 0.065
#54362.317053 g -99.000 0.346
54382.293969 r 18.160 0.191
54382.294803 i 17.266 0.098
#54382.295636 u 26.592 99.999
54382.296469 z 16.776 0.061
54382.297303 g 19.736 0.396
54385.311732 r 18.184 0.223
54385.312565 i 17.257 0.091
54385.313399 u 22.861 0.451
54385.314232 z 16.805 0.070
54385.315065 g 19.680 0.466
54387.312229 r 18.183 0.160
54387.313062 i 17.279 0.099
#54387.313895 u 99.987 99.999
54387.314729 z 16.773 0.060
54387.315562 g 19.743 0.337
54392.306988 r 18.152 0.174
54392.307822 i 17.301 0.099
#54392.308655 u 99.996 99.999
54392.309488 z 16.762 0.064
54392.310322 g 19.752 0.468
54402.305400 r 18.167 0.205
54402.306233 i 17.259 0.110
#54402.307066 u 100.006 99.999
54402.307900 z 16.803 0.067
54402.308733 g 19.766 0.476
