51081.270173 r 20.133 0.035
51081.271006 i 20.053 0.050
51081.271840 u 20.786 0.109
51081.272673 z 20.084 0.159
#51081.273506 g -99.000 0.035
51467.365178 r 20.204 0.040
51467.366011 i 20.035 0.050
51467.366845 u 20.563 0.105
51467.367678 z 20.083 0.195
51467.368511 g 20.591 0.049
51819.341201 r 20.197 0.027
51819.342034 i 20.054 0.035
51819.342868 u 20.646 0.077
51819.343701 z 20.163 0.138
51819.344534 g 20.478 0.031
52558.306468 r 20.160 0.023
52558.307301 i 20.033 0.028
52558.308135 u 20.572 0.065
52558.308968 z 19.833 0.083
52558.309801 g 20.498 0.028
52577.193965 r 20.133 0.027
52577.194798 i 20.004 0.039
52577.195632 u 20.679 0.082
52577.196465 z 19.700 0.115
52577.197298 g 20.507 0.029
52586.197445 r 20.220 0.033
52586.198278 i 20.061 0.044
#52586.199112 u -99.000 0.085
52586.199945 z 19.980 0.161
52586.200778 g 20.495 0.034
52910.277927 r 20.285 0.024
52910.278760 i 20.159 0.032
52910.279594 u 20.973 0.079
52910.280427 z 20.092 0.103
52910.281260 g 20.678 0.031
52931.208128 r 20.284 0.029
52931.208961 i 20.198 0.036
52931.209795 u 20.826 0.082
52931.210628 z 19.917 0.098
52931.211461 g 20.642 0.033
52935.205092 r 20.272 0.030
52935.205925 i 20.119 0.036
52935.206759 u 20.767 0.078
52935.207592 z 20.090 0.122
52935.208425 g 20.697 0.033
52959.148418 r 20.281 0.025
52959.149251 i 20.168 0.031
52959.150085 u 20.842 0.074
52959.150918 z 20.128 0.093
52959.151751 g 20.655 0.028
52963.128163 r 20.255 0.023
52963.128996 i 20.128 0.028
52963.129830 u 20.691 0.058
52963.130663 z 19.996 0.080
52963.131496 g 20.622 0.027
53313.198292 r 20.180 0.038
53313.199125 i 19.981 0.047
53313.199959 u 20.573 0.088
#53313.200792 z -99.000 0.216
53313.201625 g 20.511 0.039
53352.099229 r 20.137 0.024
53352.100062 i 20.065 0.033
53352.100896 u 20.562 0.058
53352.101729 z 19.764 0.091
53352.102562 g 20.555 0.028
53622.307531 r 20.123 0.028
53622.308364 i 19.960 0.039
53622.309198 u 20.687 0.085
53622.310031 z 20.123 0.154
53622.310864 g 20.487 0.035
53634.257002 r 20.014 0.059
#53634.257835 i -99.000 0.059
53634.258669 u 20.622 0.271
53634.259502 z 20.098 0.208
53634.260335 g 20.363 0.094
53636.262535 r 20.116 0.045
53636.263368 i 19.919 0.046
53636.264202 u 20.872 0.195
53636.265035 z 19.784 0.229
53636.265868 g 20.776 0.196
53638.298336 r 20.115 0.025
53638.299169 i 20.023 0.031
53638.300003 u 20.582 0.079
53638.300836 z 19.805 0.087
53638.301669 g 20.484 0.033
53640.262371 r 20.041 0.030
#53640.263204 i -99.000 0.093
#53640.264038 u -99.000 0.744
#53640.264871 z -99.000 0.159
#53640.265704 g -99.000 0.354
53664.259499 r 20.139 0.052
53664.260332 i 20.010 0.050
53664.261166 u 20.763 0.182
53664.261999 z 19.931 0.122
53664.262832 g 20.457 0.064
53666.223102 r 20.087 0.026
53666.223935 i 19.975 0.032
53666.224769 u 20.896 0.103
53666.225602 z 20.031 0.123
53666.226435 g 20.377 0.033
53669.218741 r 20.183 0.025
53669.219574 i 20.060 0.034
53669.220408 u 20.637 0.064
53669.221241 z 19.843 0.090
53669.222074 g 20.523 0.026
53671.303518 r 20.136 0.032
53671.304351 i 20.038 0.041
53671.305185 u 20.608 0.114
53671.306018 z 19.827 0.120
53671.306851 g 20.555 0.039
53674.202977 r 20.162 0.030
53674.203810 i 19.995 0.038
53674.204644 u 20.596 0.084
53674.205477 z 19.705 0.092
53674.206310 g 20.519 0.033
53676.292461 r 20.098 0.028
53676.293294 i 20.009 0.035
53676.294128 u 20.559 0.093
53676.294961 z 19.838 0.092
53676.295794 g 20.467 0.033
53679.264349 r 20.078 0.034
53679.265182 i 20.014 0.042
53679.266016 u 20.830 0.112
53679.266849 z 19.635 0.102
53679.267682 g 20.515 0.036
53681.255862 r 20.069 0.024
53681.256695 i 20.014 0.031
53681.257529 u 20.718 0.083
53681.258362 z 19.864 0.093
53681.259195 g 20.494 0.032
53685.214912 r 20.063 0.096
53685.215745 i 20.089 0.152
53685.216579 u 21.356 0.740
53685.217412 z 20.074 0.366
53685.218245 g 20.200 0.156
53694.228792 r 20.115 0.076
#53694.229625 i -99.000 0.085
53694.230459 u 20.929 0.455
53694.231292 z 19.559 0.172
53694.232125 g 20.451 0.110
53697.212885 r 20.189 0.054
53697.213718 i 20.053 0.059
53697.214552 u 20.468 0.117
53697.215385 z 19.682 0.125
53697.216218 g 20.444 0.057
53700.211845 r 20.143 0.031
53700.212678 i 20.000 0.042
#53700.213512 u -99.000 0.096
53700.214345 z 20.128 0.159
53700.215178 g 20.426 0.032
53705.198514 r 20.077 0.025
53705.199347 i 19.937 0.030
53705.200181 u 20.641 0.081
53705.201014 z 19.733 0.080
53705.201847 g 20.415 0.031
53975.283508 r 19.897 0.025
53975.284341 i 19.874 0.039
53975.285174 u 20.243 0.058
53975.286008 z 19.789 0.098
53975.286841 g 20.169 0.028
53993.351350 r 19.953 0.030
#53993.352183 i -99.000 0.049
#53993.353017 u -99.000 0.137
#53993.353850 z -99.000 0.142
53993.354683 g 20.191 0.031
53994.306534 r 19.919 0.022
53994.307368 i 19.868 0.028
53994.308201 u 20.449 0.054
53994.309034 z 19.840 0.080
53994.309868 g 20.214 0.032
53996.290253 r 19.912 0.031
53996.291086 i 19.822 0.052
#53996.291919 u -99.000 0.071
53996.292753 z 19.762 0.095
53996.293586 g 20.184 0.028
53998.258898 r 19.938 0.022
53998.259732 i 19.818 0.024
#53998.260565 u -99.000 0.050
53998.261398 z 19.752 0.065
53998.262232 g 20.194 0.024
54005.289148 r 19.918 0.019
54005.289982 i 19.853 0.026
54005.290815 u 20.282 0.047
54005.291648 z 19.773 0.068
54005.292482 g 20.179 0.024
54010.244529 r 19.918 0.022
54010.245363 i 19.789 0.026
54010.246196 u 20.405 0.066
54010.247029 z 19.766 0.063
54010.247863 g 20.167 0.029
54012.237219 r 19.954 0.034
54012.238052 i 19.769 0.032
54012.238886 u 20.369 0.117
54012.239719 z 19.809 0.086
54012.240552 g 20.245 0.051
54020.243303 r 19.955 0.026
54020.244137 i 19.827 0.033
54020.244970 u 20.448 0.073
54020.245803 z 19.720 0.098
54020.246637 g 20.188 0.040
54024.324783 r 19.939 0.028
54024.325617 i 19.856 0.039
54024.326450 u 20.248 0.074
54024.327283 z 19.741 0.118
54024.328117 g 20.161 0.029
54028.233544 r 19.968 0.025
54028.234377 i 19.828 0.031
54028.235210 u 20.329 0.072
54028.236044 z 19.771 0.082
54028.236877 g 20.190 0.035
54030.236775 r 19.939 0.021
54030.237608 i 19.844 0.024
54030.238442 u 20.354 0.051
54030.239275 z 19.696 0.068
54030.240108 g 20.225 0.026
54035.312532 r 19.863 0.031
54035.313366 i 19.767 0.038
54035.314199 u 20.495 0.098
54035.315032 z 19.973 0.147
54035.315866 g 20.159 0.034
54037.217977 r 19.914 0.028
54037.218810 i 19.866 0.032
54037.219644 u 20.161 0.054
54037.220477 z 19.614 0.084
54037.221310 g 20.103 0.026
54040.232457 r 19.952 0.038
54040.233290 i 19.818 0.036
54040.234123 u 20.341 0.118
54040.234957 z 19.660 0.088
54040.235790 g 20.167 0.049
#54047.263215 r -99.000 0.095
#54047.264048 i -99.000 0.123
54047.264881 u 20.496 0.472
54047.265715 z 19.356 0.097
54047.266548 g 20.209 0.083
54049.259021 r 19.958 0.035
54049.259854 i 19.867 0.037
54049.260688 u 20.298 0.129
54049.261521 z 19.539 0.094
54049.262354 g 20.070 0.046
54053.223236 r 19.951 0.030
54053.224070 i 19.821 0.031
54053.224903 u 20.338 0.063
54053.225736 z 19.727 0.081
54053.226570 g 20.207 0.025
54056.225092 r 19.867 0.029
54056.225925 i 19.776 0.037
#54056.226758 u -99.000 0.085
54056.227592 z 19.592 0.118
#54056.228425 g -99.000 0.096
54062.224103 r 19.907 0.034
54062.224936 i 19.787 0.041
54062.225770 u 20.229 0.075
54062.226603 z 19.641 0.124
54062.227436 g 20.181 0.030
54357.262389 r 20.018 0.027
#54357.263223 i -99.000 0.043
54357.264056 u 20.408 0.058
#54357.264889 z -99.000 0.084
54357.265723 g 20.250 0.024
54382.292432 r 19.871 0.023
54382.293266 i 19.815 0.038
54382.294099 u 20.115 0.065
54382.294932 z 19.905 0.125
54382.295766 g 20.156 0.031
54385.310353 r 19.911 0.027
54385.311186 i 19.809 0.028
#54385.312019 u -99.000 0.054
54385.312853 z 19.879 0.084
54385.313686 g 20.113 0.022
54387.310748 r 19.912 0.025
54387.311581 i 19.877 0.033
54387.312414 u 20.356 0.068
54387.313248 z 19.694 0.091
54387.314081 g 20.102 0.027
54392.305455 r 19.881 0.026
54392.306289 i 19.858 0.032
54392.307122 u 20.289 0.062
54392.307955 z 19.735 0.088
54392.308789 g 20.137 0.033
54402.303890 r 19.852 0.037
54402.304724 i 19.783 0.039
54402.305557 u 20.600 0.203
54402.306390 z 19.820 0.102
54402.307224 g 20.166 0.057
