51081.261894 r 17.202 0.005
51081.262727 i 16.757 0.005
51081.263561 u 20.183 0.070
51081.264394 z 16.427 0.010
51081.265227 g 18.083 0.007
51467.357039 r 17.264 0.005
51467.357872 i 16.815 0.005
51467.358706 u 20.107 0.077
#51467.359539 z -99.000 0.011
51467.360372 g 18.147 0.008
51819.333047 r 17.394 0.006
51819.333880 i 16.886 0.006
51819.334714 u 20.397 0.062
51819.335547 z 16.535 0.010
51819.336380 g 18.325 0.007
52558.298330 r 17.261 0.005
52558.299163 i 16.785 0.005
52558.299997 u 20.106 0.050
52558.300830 z 16.458 0.009
52558.301663 g 18.148 0.007
52577.185828 r 17.290 0.005
52577.186661 i 16.804 0.005
52577.187495 u 20.107 0.055
52577.188328 z 16.480 0.010
52577.189161 g 18.188 0.006
52586.189307 r 17.279 0.005
52586.190140 i 16.810 0.005
52586.190974 u 20.144 0.049
52586.191807 z 16.468 0.009
52586.192640 g 18.187 0.006
52910.269789 r 17.223 0.006
52910.270622 i 16.754 0.006
52910.271456 u 20.097 0.043
52910.272289 z 16.428 0.009
52910.273122 g 18.117 0.007
52931.199991 r 17.197 0.005
52931.200824 i 16.742 0.005
52931.201658 u 20.071 0.046
52931.202491 z 16.417 0.009
52931.203324 g 18.094 0.006
52935.196953 r 17.203 0.005
52935.197786 i 16.745 0.005
52935.198620 u 19.957 0.044
52935.199453 z 16.422 0.009
52935.200286 g 18.080 0.006
52959.140281 r 17.164 0.006
52959.141114 i 16.720 0.005
52959.141948 u 19.960 0.043
52959.142781 z 16.413 0.009
52959.143614 g 18.051 0.006
52963.120025 r 17.167 0.006
52963.120858 i 16.713 0.006
52963.121692 u 19.991 0.038
52963.122525 z 16.401 0.008
52963.123358 g 18.064 0.006
53313.190154 r 17.152 0.005
53313.190987 i 16.704 0.005
53313.191821 u 20.014 0.058
53313.192654 z 16.415 0.010
53313.193487 g 18.058 0.006
53352.091091 r 17.120 0.006
53352.091924 i 16.685 0.006
53352.092758 u 19.898 0.038
53352.093591 z 16.391 0.009
53352.094424 g 17.995 0.006
53622.299396 r 17.144 0.005
53622.300229 i 16.704 0.005
53622.301063 u 19.896 0.053
53622.301896 z 16.391 0.010
53622.302729 g 18.058 0.007
53634.248866 r 17.144 0.007
#53634.249699 i -99.000 0.006
53634.250533 u 19.832 0.136
#53634.251366 z -99.000 0.010
53634.252199 g 18.027 0.012
53636.254400 r 17.156 0.005
53636.255233 i 16.715 0.005
53636.256067 u 19.964 0.078
53636.256900 z 16.413 0.010
53636.257733 g 18.094 0.010
53638.290200 r 17.147 0.005
53638.291033 i 16.702 0.006
53638.291867 u 20.001 0.054
53638.292700 z 16.382 0.009
53638.293533 g 18.016 0.007
#53640.254235 r -99.000 0.053
#53640.255068 i -99.000 0.009
53640.255902 u 19.951 0.062
#53640.256735 z -99.000 0.019
#53640.257568 g -99.000 0.008
53655.226406 r 17.155 0.006
53655.227239 i 16.721 0.005
#53655.228073 u -99.000 0.139
53655.228906 z 16.410 0.011
#53655.229739 g -99.000 0.011
53664.251363 r 17.180 0.006
53664.252196 i 16.718 0.005
53664.253030 u 20.015 0.094
53664.253863 z 16.406 0.009
53664.254696 g 18.046 0.009
53666.214967 r 17.162 0.006
53666.215800 i 16.717 0.006
53666.216634 u 20.003 0.050
53666.217467 z 16.404 0.009
53666.218300 g 18.055 0.007
53669.210605 r 17.146 0.010
53669.211438 i 16.682 0.011
53669.212272 u 19.946 0.043
53669.213105 z 16.384 0.014
53669.213938 g 18.030 0.010
53671.295383 r 17.146 0.005
53671.296216 i 16.701 0.005
53671.297050 u 20.044 0.074
53671.297883 z 16.394 0.009
53671.298716 g 18.035 0.007
53674.194840 r 17.156 0.005
53674.195673 i 16.703 0.005
53674.196507 u 19.984 0.046
53674.197340 z 16.407 0.008
53674.198173 g 18.041 0.006
53676.284326 r 17.164 0.005
53676.285159 i 16.703 0.005
53676.285993 u 20.056 0.061
53676.286826 z 16.399 0.009
53676.287659 g 18.044 0.007
53679.256213 r 17.167 0.005
53679.257046 i 16.710 0.005
53679.257880 u 19.953 0.056
53679.258713 z 16.404 0.009
53679.259546 g 18.037 0.006
53681.247726 r 17.169 0.006
53681.248559 i 16.717 0.006
53681.249393 u 20.028 0.053
53681.250226 z 16.404 0.009
53681.251059 g 18.050 0.007
53685.206776 r 17.177 0.010
#53685.207609 i -99.000 0.008
53685.208443 u 20.398 0.262
53685.209276 z 16.404 0.013
53685.210109 g 18.079 0.018
53687.245115 r 17.155 0.007
53687.245948 i 16.714 0.006
53687.246782 u 19.998 0.128
53687.247615 z 16.401 0.009
53687.248448 g 18.067 0.011
53694.220656 r 17.176 0.007
53694.221489 i 16.718 0.006
53694.222323 u 20.290 0.354
53694.223156 z 16.410 0.014
#53694.223989 g -99.000 0.014
53697.204748 r 17.174 0.007
53697.205581 i 16.729 0.006
53697.206415 u 19.977 0.083
53697.207248 z 16.439 0.011
53697.208081 g 18.021 0.008
53700.203709 r 17.178 0.005
53700.204542 i 16.728 0.005
53700.205376 u 20.145 0.063
53700.206209 z 16.415 0.009
53700.207042 g 18.073 0.007
53705.190378 r 17.181 0.005
53705.191211 i 16.729 0.005
53705.192045 u 19.985 0.051
53705.192878 z 16.426 0.008
53705.193711 g 18.065 0.006
53975.275370 r 17.074 0.012
53975.276203 i 16.646 0.014
53975.277036 u 19.903 0.059
53975.277870 z 16.355 0.024
53975.278703 g 17.986 0.015
53993.343190 r 17.074 0.011
53993.344023 i 16.649 0.011
53993.344857 u 19.854 0.048
#53993.345690 z -99.000 0.013
#53993.346523 g -99.000 0.013
53996.282119 r 17.063 0.011
53996.282952 i 16.646 0.011
53996.283785 u 19.827 0.037
53996.284619 z 16.350 0.018
53996.285452 g 17.965 0.014
53998.250765 r 17.090 0.017
53998.251598 i 16.650 0.018
53998.252431 u 19.861 0.035
53998.253265 z 16.339 0.021
53998.254098 g 17.951 0.019
54005.280987 r 17.094 0.016
54005.281820 i 16.647 0.012
54005.282654 u 19.917 0.039
54005.283487 z 16.373 0.018
54005.284320 g 17.948 0.014
54010.236214 r 17.072 0.012
54010.237048 i 16.641 0.017
54010.237881 u 19.887 0.044
54010.238714 z 16.358 0.020
54010.239548 g 17.969 0.017
54012.229110 r 17.082 0.014
54012.229943 i 16.649 0.013
54012.230777 u 20.082 0.090
54012.231610 z 16.355 0.018
54012.232443 g 17.940 0.015
54020.235052 r 17.074 0.012
54020.235885 i 16.614 0.016
54020.236719 u 19.816 0.054
54020.237552 z 16.382 0.026
54020.238385 g 17.950 0.020
54022.284361 r 17.092 0.014
54022.285194 i 16.651 0.014
#54022.286028 u -99.000 0.060
54022.286861 z 16.350 0.024
#54022.287694 g -99.000 0.017
54028.225447 r 17.073 0.015
54028.226281 i 16.635 0.014
54028.227114 u 19.856 0.041
54028.227947 z 16.344 0.015
54028.228781 g 17.923 0.019
54030.228592 r 17.064 0.012
54030.229425 i 16.636 0.012
54030.230258 u 19.817 0.034
54030.231092 z 16.330 0.018
54030.231925 g 17.944 0.018
54035.304397 r 17.070 0.021
54035.305230 i 16.632 0.010
54035.306063 u 19.891 0.061
54035.306897 z 16.339 0.024
54035.307730 g 17.951 0.013
54037.209867 r 17.054 0.013
54037.210701 i 16.643 0.013
54037.211534 u 19.823 0.052
54037.212367 z 16.367 0.027
54037.213201 g 17.955 0.014
54040.224316 r 17.075 0.009
54040.225149 i 16.642 0.014
54040.225982 u 19.789 0.075
54040.226816 z 16.345 0.020
54040.227649 g 17.970 0.012
#54047.254943 r -99.000 0.030
54047.255777 i 16.626 0.014
54047.256610 u 19.674 0.119
54047.257443 z 16.330 0.015
54047.258277 g 17.963 0.023
54049.250797 r 17.071 0.012
54049.251630 i 16.612 0.015
54049.252463 u 19.696 0.072
54049.253297 z 16.344 0.016
54049.254130 g 17.964 0.016
54050.209130 r 17.075 0.020
54050.209964 i 16.618 0.022
#54050.210797 u -99.000 0.074
54050.211630 z 16.319 0.038
#54050.212464 g -99.000 0.018
54053.215118 r 17.092 0.022
54053.215952 i 16.640 0.017
54053.216785 u 19.795 0.036
54053.217618 z 16.353 0.027
54053.218452 g 17.942 0.019
54056.216777 r 17.065 0.013
54056.217610 i 16.636 0.010
54056.218443 u 19.815 0.071
54056.219277 z 16.369 0.031
54056.220110 g 17.958 0.031
54059.211081 r 17.065 0.028
54059.211914 i 16.621 0.035
54059.212748 u 19.824 0.059
54059.213581 z 16.391 0.022
54059.214414 g 17.954 0.020
54062.216006 r 17.072 0.027
54062.216840 i 16.639 0.016
#54062.217673 u -99.000 0.058
54062.218506 z 16.352 0.028
54062.219340 g 17.956 0.017
54357.254304 r 17.048 0.027
54357.255137 i 16.644 0.016
54357.255970 u 19.900 0.044
54357.256804 z 16.366 0.015
54357.257637 g 17.965 0.029
54362.304069 r 17.071 0.016
54362.304902 i 16.624 0.016
54362.305736 u 19.846 0.041
54362.306569 z 16.341 0.017
54362.307402 g 17.941 0.027
54385.302103 r 17.065 0.020
54385.302936 i 16.645 0.019
54385.303769 u 19.844 0.047
54385.304603 z 16.369 0.018
54385.305436 g 17.923 0.018
54387.302592 r 17.072 0.017
54387.303425 i 16.646 0.017
54387.304259 u 19.920 0.049
54387.305092 z 16.335 0.018
54387.305925 g 17.938 0.010
54392.297324 r 17.063 0.023
54392.298157 i 16.662 0.019
54392.298991 u 19.916 0.050
54392.299824 z 16.360 0.028
54392.300657 g 17.940 0.021
54402.295751 r 17.074 0.016
54402.296584 i 16.633 0.016
54402.297417 u 19.840 0.117
54402.298251 z 16.351 0.021
54402.299084 g 17.948 0.020
