52075.329908 r 18.578 0.009
52075.330741 i 18.205 0.010
52075.331575 u 22.055 0.246
52075.332408 z 17.866 0.019
52075.333241 g 19.857 0.019
52197.138553 r 18.629 0.009
52197.139386 i 18.174 0.009
52197.140220 u 22.338 0.224
52197.141053 z 17.865 0.019
52197.141886 g 19.855 0.015
52578.072480 r 18.614 0.009
52578.073313 i 18.152 0.010
52578.074147 u 22.293 0.249
52578.074980 z 17.868 0.022
52578.075813 g 19.875 0.018
52929.102707 r 18.673 0.009
52929.103540 i 18.147 0.009
52929.104374 u 22.368 0.253
52929.105207 z 17.892 0.019
52929.106040 g 19.844 0.015
52934.082864 r 18.615 0.009
52934.083697 i 18.177 0.009
52934.084531 u 22.817 0.378
52934.085364 z 17.894 0.020
52934.086197 g 19.940 0.017
52936.078789 r 18.645 0.009
52936.079622 i 18.173 0.009
52936.080456 u 22.147 0.179
52936.081289 z 17.870 0.019
52936.082122 g 19.852 0.015
53243.263999 r 18.621 0.012
53243.264832 i 18.219 0.011
53243.265666 u 21.759 0.342
53243.266499 z 17.893 0.021
53243.267332 g 19.887 0.037
53270.142858 r 18.601 0.013
53270.143691 i 18.166 0.014
53270.144524 u 21.447 0.175
53270.145358 z 17.895 0.024
53270.146191 g 19.866 0.031
53272.192800 r 18.670 0.014
53272.193633 i 18.430 0.014
53272.194467 u 22.009 0.542
53272.195300 z 17.890 0.024
53272.196133 g 20.147 0.053
53288.120005 r 18.687 0.010
53288.120838 i 18.170 0.009
53288.121672 u 22.006 0.230
53288.122505 z 17.911 0.020
53288.123338 g 19.747 0.016
53302.115673 r 18.616 0.012
53302.116506 i 18.150 0.010
53302.117340 u 22.045 0.435
53302.118173 z 17.879 0.019
53302.119006 g 19.761 0.027
53312.071217 r 18.677 0.032
53312.072050 i 18.394 0.022
53312.072884 u 22.069 0.281
53312.073717 z 17.963 0.030
53312.074550 g 19.906 0.028
53314.072400 r 18.616 0.010
53314.073233 i 18.186 0.010
53314.074067 u 22.254 0.246
53314.074900 z 17.889 0.022
53314.075733 g 19.905 0.017
53623.166983 r 18.602 0.009
53623.167816 i 18.152 0.009
53623.168650 u 21.992 0.208
53623.169483 z 17.875 0.019
53623.170316 g 20.002 0.020
53626.153195 r 18.622 0.012
53626.154028 i 18.151 0.011
53626.154862 u 22.210 0.433
53626.155695 z 17.907 0.020
53626.156528 g 19.858 0.029
53628.138060 r 18.688 0.017
53628.138893 i 18.187 0.014
#53628.139727 u 23.097 1.739
53628.140560 z 17.877 0.026
53628.141393 g 19.765 0.044
53637.139674 r 18.612 0.010
53637.140507 i 18.301 0.012
53637.141341 u 22.148 0.362
53637.142174 z 17.911 0.024
53637.143007 g 19.965 0.021
53644.132123 r 18.625 0.009
53644.132956 i 18.181 0.013
53644.133790 u 21.945 0.177
53644.134623 z 17.878 0.022
53644.135456 g 19.844 0.019
53649.126744 r 18.676 0.069
#53649.127577 i -99.000 0.079
53649.128411 u 20.224 0.359
53649.129244 z 17.982 0.137
#53649.130077 g -99.000 0.112
53654.166744 r 18.596 0.011
53654.167577 i 18.146 0.011
53654.168411 u 22.026 0.348
53654.169244 z 17.930 0.023
53654.170077 g 19.802 0.025
53656.114334 r 18.655 0.017
53656.115167 i 18.185 0.015
53656.116001 u 21.725 0.608
53656.116834 z 17.969 0.030
53656.117667 g 19.737 0.043
53665.105612 r 18.569 0.022
53665.106445 i 18.111 0.019
53665.107279 u 22.600 0.900
53665.108112 z 17.859 0.059
53665.108945 g 19.715 0.037
53668.117245 r 18.531 0.011
53668.118078 i 18.168 0.013
53668.118912 u 21.969 0.322
53668.119745 z 17.829 0.028
53668.120578 g 19.841 0.019
53670.122098 r 18.534 0.010
53670.122931 i 18.119 0.011
53670.123765 u 21.543 0.180
53670.124598 z 17.866 0.024
53670.125431 g 19.800 0.023
53673.090080 r 18.581 0.010
53673.090913 i 18.159 0.010
53673.091747 u 22.433 0.351
53673.092580 z 17.840 0.022
53673.093413 g 19.823 0.017
53677.108002 r 18.564 0.009
53677.108835 i 18.134 0.010
53677.109669 u 21.626 0.163
53677.110502 z 17.854 0.019
53677.111335 g 19.918 0.017
53680.094666 r 18.614 0.009
53680.095499 i 18.181 0.009
53680.096333 u 21.819 0.165
53680.097166 z 17.907 0.018
53680.097999 g 19.847 0.016
53693.096572 r 18.938 0.016
53693.097405 i 18.462 0.014
#53693.098239 u 24.612 1.974
#53693.099072 z -99.000 0.026
53693.099905 g 20.503 0.053
53702.092258 r 18.744 0.191
53702.093091 i 18.470 0.061
#53702.093924 u 99.985 99.999
53702.094758 z 18.206 0.061
53702.095591 g 20.845 0.130
53704.079899 r 18.648 0.010
53704.080732 i 18.182 0.010
53704.081566 u 21.987 0.244
53704.082399 z 17.888 0.020
53704.083232 g 19.887 0.019
53974.167844 r 18.619 0.014
53974.168677 i 18.147 0.011
53974.169511 u 22.050 0.174
53974.170344 z 17.901 0.023
53974.171177 g 19.835 0.018
53989.157277 r 18.621 0.017
53989.158111 i 18.162 0.011
53989.158944 u 22.056 0.256
53989.159777 z 17.893 0.020
53989.160611 g 19.817 0.029
53989.175942 r 18.630 0.014
53989.176775 i 18.161 0.013
53989.177608 u 21.996 0.246
#53989.178442 z -99.000 0.025
53989.179275 g 19.832 0.026
53995.165200 r 18.645 0.010
53995.166033 i 18.169 0.011
53995.166866 u 22.052 0.180
53995.167700 z 17.882 0.019
53995.168533 g 19.826 0.017
53997.143565 r 18.616 0.152
53997.144399 i 18.322 0.041
53997.145232 u 21.736 0.185
53997.146065 z 17.910 0.028
53997.146899 g 19.932 0.137
54005.115429 r 18.623 0.009
54005.116263 i 18.166 0.009
54005.117096 u 21.939 0.163
54005.117929 z 17.905 0.021
54005.118763 g 19.783 0.018
54007.128188 r 18.654 0.010
54007.129021 i 18.179 0.011
54007.129854 u 22.111 0.237
54007.130688 z 17.853 0.022
54007.131521 g 19.842 0.020
54009.125278 r 18.606 0.010
54009.126111 i 18.165 0.020
54009.126945 u 22.376 0.446
54009.127778 z 17.874 0.023
54009.128611 g 19.831 0.022
54011.189787 r 18.629 0.017
54011.190621 i 18.166 0.015
54011.191454 u 21.701 0.284
54011.192287 z 17.925 0.023
54011.193121 g 19.811 0.031
54019.139976 r 18.616 0.032
54019.140810 i 18.216 0.015
54019.141643 u 22.101 0.263
54019.142476 z 17.887 0.020
54019.143310 g 19.893 0.023
54025.188811 r 18.640 0.042
54025.189644 i 18.196 0.012
54025.190478 u 21.589 0.160
54025.191311 z 17.920 0.024
#54025.192144 g 19.783 8.359
54029.119130 r 18.662 0.013
54029.119963 i 18.180 0.013
54029.120796 u 22.778 0.440
54029.121630 z 17.915 0.021
54029.122463 g 19.795 0.016
#54051.095698 r -99.000 0.035
54051.096531 i 18.128 0.021
54051.097364 u 21.427 0.178
54051.098198 z 17.910 0.030
54051.099031 g 19.868 0.033
54358.142366 r 18.613 0.016
54358.143199 i 18.443 0.028
54358.144032 u 22.168 0.394
54358.144866 z 17.940 0.031
54358.145699 g 19.912 0.034
54373.174454 r 18.608 0.015
54373.175287 i 18.156 0.013
54373.176120 u 22.632 0.664
54373.176954 z 17.835 0.022
54373.177787 g 19.823 0.027
54381.187153 r 18.655 0.026
54381.187987 i 18.152 0.017
54381.188820 u 21.819 0.245
54381.189653 z 17.903 0.032
54381.190487 g 19.803 0.048
54382.184533 r 18.561 0.050
54382.185367 i 18.565 0.044
54382.186200 u 22.604 0.461
54382.187033 z 17.906 0.031
54382.187867 g 19.932 0.157
54383.190280 r 18.570 0.071
54383.191113 i 18.199 0.192
54383.191947 u 21.565 0.165
54383.192780 z 17.884 0.024
#54383.193613 g 19.779 9.076
54386.187307 r 18.613 0.011
54386.188140 i 18.163 0.035
54386.188974 u 21.978 0.177
54386.189807 z 17.884 0.017
54386.190640 g 19.852 0.018
54388.191560 r 18.663 0.023
54388.192394 i 18.187 0.234
#54388.193227 u 21.813 1.901
54388.194060 z 17.910 0.023
54388.194894 g 19.834 0.141
54406.099165 r 18.578 0.023
54406.099999 i 18.159 0.013
54406.100832 u 22.295 0.267
54406.101665 z 17.843 0.025
54406.102499 g 19.816 0.077
54412.102123 r 18.602 0.068
54412.102956 i 18.169 0.015
54412.103789 u 21.990 0.207
54412.104623 z 17.887 0.024
54412.105456 g 19.837 0.080
54415.139648 r 18.631 0.013
54415.140482 i 18.147 0.012
54415.141315 u 22.123 0.214
54415.142148 z 17.877 0.020
54415.142982 g 19.795 0.024
