52172.232751 r 18.523 0.009
52172.233584 i 18.148 0.009
52172.234418 u 21.886 0.205
52172.235251 z 17.983 0.022
52172.236084 g 19.540 0.013
52930.083272 r 18.474 0.008
52930.084105 i 18.118 0.009
52930.084939 u 21.843 0.196
52930.085772 z 17.907 0.021
52930.086605 g 19.529 0.013
52931.084105 r 18.552 0.009
52931.084938 i 18.198 0.009
52931.085772 u 21.598 0.150
52931.086605 z 17.975 0.022
52931.087438 g 19.492 0.012
53625.179481 r 18.535 0.009
53625.180314 i 18.190 0.010
53625.181148 u 21.806 0.220
53625.181981 z 17.965 0.021
53625.182814 g 19.495 0.015
53636.138517 r 18.477 0.009
53636.139350 i 18.147 0.009
53636.140184 u 22.008 0.230
53636.141017 z 17.957 0.021
53636.141850 g 19.465 0.012
53645.198186 r 18.557 0.010
53645.199019 i 18.150 0.009
53645.199853 u 22.279 0.327
53645.200686 z 17.966 0.021
53645.201519 g 19.510 0.013
53655.110522 r 18.532 0.010
53655.111355 i 18.182 0.010
53655.112189 u 21.574 0.241
53655.113022 z 18.007 0.024
53655.113855 g 19.554 0.020
#53657.197943 r -99.000 0.032
#53657.198776 i -99.000 0.106
#53657.199610 u 27.561 1.120
#53657.200443 z -99.000 0.052
53657.201276 g 19.226 0.052
53666.099081 r 18.521 0.009
53666.099914 i 18.180 0.010
53666.100748 u 22.028 0.198
53666.101581 z 17.937 0.022
53666.102414 g 19.496 0.012
53669.094721 r 18.509 0.009
53669.095554 i 18.134 0.009
53669.096388 u 21.842 0.175
53669.097221 z 17.995 0.022
53669.098054 g 19.484 0.012
53685.090893 r 18.279 0.016
53685.091726 i 17.954 0.017
53685.092560 u 21.576 0.803
53685.093393 z 17.710 0.029
53685.094226 g 19.162 0.031
54005.172105 r 18.517 0.014
54005.172939 i 18.134 0.013
54005.173772 u 22.017 0.193
54005.174605 z 17.957 0.023
54005.175439 g 19.493 0.017
54010.120336 r 18.534 0.018
54010.121169 i 18.166 0.016
54010.122003 u 22.527 0.523
54010.122836 z 17.973 0.027
54010.123669 g 19.500 0.022
54034.172205 r 18.367 0.012
54034.173039 i 18.058 0.014
54034.173872 u 21.409 0.242
54034.174705 z 17.810 0.034
54034.175539 g 19.318 0.016
54053.099229 r 18.419 0.010
54053.100063 i 18.043 0.012
54053.100896 u 21.414 0.189
54053.101729 z 17.845 0.027
54053.102563 g 19.365 0.016
54059.095184 r 18.379 0.014
54059.096018 i 18.046 0.012
54059.096851 u 21.619 0.202
54059.097684 z 17.925 0.028
54059.098518 g 19.375 0.015
54068.090062 r 18.406 0.015
54068.090896 i 18.038 0.015
54068.091729 u 20.622 0.239
54068.092562 z 17.915 0.031
54068.093396 g 19.342 0.029
54357.138378 r 18.501 0.017
54357.139211 i 18.192 0.018
54357.140045 u 22.013 0.213
54357.140878 z 17.918 0.027
54357.141711 g 19.518 0.024
54387.186702 r 18.392 0.009
54387.187535 i 18.055 0.010
54387.188368 u 21.508 0.258
54387.189202 z 17.882 0.027
54387.190035 g 19.373 0.014
