52196.285248 r 18.096 0.008
52196.286081 i 17.211 0.006
52196.286915 u 22.909 0.449
52196.287748 z 17.004 0.013
52196.288581 g 19.609 0.015
52197.298356 r 17.856 0.008
52197.299189 i 17.117 0.006
52197.300023 u 21.471 0.141
52197.300856 z 16.953 0.012
52197.301689 g 19.499 0.014
52225.148535 r 18.043 0.008
52225.149368 i 17.078 0.006
52225.150202 u 22.589 0.290
52225.151035 z 17.209 0.014
52225.151868 g 19.438 0.013
52231.184319 r 17.902 0.007
52231.185152 i 17.170 0.007
#52231.185986 u -99.000 0.171
52231.186819 z 16.912 0.011
52231.187652 g 19.856 0.017
52578.188405 r 18.048 0.008
52578.189238 i 17.479 0.007
52578.190072 u 22.166 0.208
52578.190905 z 17.271 0.014
52578.191738 g 19.724 0.015
52908.266888 r 17.778 0.007
52908.267721 i 16.889 0.005
52908.268555 u 22.712 0.435
52908.269388 z 17.126 0.014
52908.270221 g 19.266 0.012
52911.280674 r 17.684 0.007
52911.281507 i 16.920 0.005
52911.282341 u 22.642 0.400
52911.283174 z 16.996 0.013
52911.284007 g 19.167 0.012
52934.198789 r 18.795 0.012
52934.199622 i 17.734 0.008
52934.200456 u 22.360 0.333
52934.201289 z 17.849 0.022
52934.202122 g 20.119 0.021
52936.194714 r 17.981 0.007
52936.195547 i 17.506 0.007
52936.196381 u 22.766 0.390
52936.197214 z 17.137 0.013
52936.198047 g 19.966 0.018
53288.235928 r 18.020 0.008
53288.236761 i 17.334 0.007
#53288.237595 u -99.000 0.465
53288.238428 z 17.041 0.012
53288.239261 g 19.499 0.013
53302.231595 r 17.981 0.009
53302.232428 i 17.272 0.007
#53302.233262 u 23.349 1.536
53302.234095 z 17.178 0.015
53302.234928 g 19.741 0.035
53623.282902 r 17.740 0.007
53623.283735 i 17.068 0.006
53623.284569 u 22.532 0.401
53623.285402 z 16.728 0.020
53623.286235 g 19.723 0.018
53626.269115 r 18.147 0.009
53626.269948 i 17.320 0.007
53626.270782 u 22.807 0.539
53626.271615 z 16.867 0.012
53626.272448 g 19.851 0.024
53663.243568 r 17.946 0.008
53663.244401 i 17.317 0.007
53663.245235 u 21.812 0.363
53663.246068 z 16.797 0.011
53663.246901 g 19.579 0.023
53670.238021 r 17.955 0.007
53670.238854 i 17.201 0.006
#53670.239688 u 23.941 1.040
53670.240521 z 17.082 0.013
53670.241354 g 19.647 0.016
53677.223925 r 17.816 0.008
53677.224758 i 17.071 0.006
53677.225592 u 21.848 0.155
53677.226425 z 16.948 0.011
53677.227258 g 19.069 0.011
53680.210590 r 18.291 0.009
53680.211423 i 17.447 0.007
#53680.212257 u 24.574 1.242
53680.213090 z 16.977 0.011
53680.213923 g 20.533 0.029
53704.195813 r 18.549 0.010
53704.196646 i 16.955 0.006
53704.197480 u 22.502 0.346
53704.198313 z 17.113 0.013
#53704.199146 g -99.000 0.024
53974.288491 r 18.044 0.162
53974.289324 i 17.196 0.089
53974.290158 u 23.014 0.391
53974.290991 z 16.928 0.092
53974.291824 g 19.410 0.166
54009.241248 r 18.131 0.145
54009.242081 i 17.126 0.074
54009.242914 u 22.550 0.298
54009.243748 z 17.189 0.115
54009.244581 g 19.436 0.150
54011.305689 r 17.825 0.168
54011.306523 i 17.250 0.098
54011.307356 u 22.539 0.503
54011.308189 z 16.830 0.091
54011.309023 g 19.475 0.302
54019.255899 r 17.868 0.139
54019.256732 i 17.239 0.122
#54019.257566 u 23.362 1.297
54019.258399 z 16.758 0.113
54019.259232 g 19.363 0.170
54381.310950 r 17.928 0.123
54381.311784 i 17.176 0.089
54381.312617 u 22.988 0.407
54381.313450 z 16.912 0.095
54381.314284 g 20.141 0.363
54404.278833 r 18.292 0.212
54404.279666 i 17.240 0.116
54404.280500 u 22.921 0.854
54404.281333 z 16.770 0.093
54404.282166 g 19.617 0.233
54405.276803 r 17.975 0.153
54405.277637 i 17.378 0.109
54405.278470 u 22.134 0.226
54405.279303 z 16.930 0.097
54405.280137 g 19.528 0.182
54406.215149 r 17.967 0.120
54406.215982 i 17.390 0.107
#54406.216816 u -99.000 0.981
54406.217649 z 16.749 0.082
54406.218482 g 20.091 0.342
