52075.332991 r 17.320 0.005
52075.333824 i 16.646 0.005
52075.334658 u 21.213 0.140
52075.335491 z 16.287 0.008
52075.336324 g 18.631 0.008
52197.141698 r 17.323 0.005
52197.142531 i 16.775 0.005
52197.143365 u 21.255 0.104
52197.144198 z 16.304 0.008
52197.145031 g 18.654 0.008
52557.179485 r 17.328 0.005
52557.180318 i 16.773 0.005
52557.181152 u 21.330 0.147
52557.181985 z 16.286 0.008
52557.182818 g 18.643 0.008
52578.075562 r 17.312 0.005
52578.076395 i 16.650 0.005
52578.077229 u 21.160 0.152
52578.078062 z 16.313 0.009
52578.078895 g 18.666 0.009
52929.105789 r 17.318 0.005
52929.106622 i 16.667 0.005
52929.107456 u 21.102 0.100
52929.108289 z 16.294 0.008
52929.109122 g 18.653 0.008
52934.085946 r 17.329 0.005
52934.086779 i 16.674 0.005
52934.087613 u 21.221 0.114
52934.088446 z 16.297 0.009
52934.089279 g 18.653 0.009
52936.081872 r 17.327 0.005
52936.082705 i 16.622 0.016
52936.083539 u 21.090 0.093
52936.084372 z 16.285 0.008
52936.085205 g 18.651 0.008
53243.267081 r 17.321 0.006
53243.267914 i 16.733 0.005
53243.268748 u 21.296 0.229
53243.269581 z 16.293 0.008
53243.270414 g 18.649 0.012
53270.145947 r 17.321 0.010
53270.146780 i 16.647 0.011
53270.147613 u 21.282 0.176
53270.148447 z 16.333 0.015
53270.149280 g 18.655 0.013
53272.195884 r 17.331 0.006
53272.196717 i 16.804 0.005
53272.197551 u 21.844 0.500
53272.198384 z 16.275 0.008
53272.199217 g 18.637 0.015
53288.123089 r 17.321 0.005
53288.123922 i 16.661 0.005
53288.124756 u 21.262 0.152
53288.125589 z 16.296 0.008
53288.126422 g 18.648 0.008
53302.118756 r 17.326 0.006
53302.119589 i 16.759 0.005
53302.120423 u 20.894 0.159
53302.121256 z 16.289 0.008
53302.122089 g 18.702 0.012
53312.074289 r 17.323 0.008
53312.075122 i 16.750 0.010
53312.075955 u 21.088 0.129
53312.076789 z 16.287 0.013
53312.077622 g 18.667 0.010
53314.075484 r 17.309 0.005
53314.076317 i 16.739 0.005
53314.077151 u 21.318 0.133
53314.077984 z 16.297 0.008
53314.078817 g 18.664 0.008
53623.170066 r 17.320 0.005
53623.170899 i 16.664 0.005
53623.171733 u 21.153 0.133
53623.172566 z 16.314 0.008
53623.173399 g 18.670 0.009
53626.156279 r 17.315 0.006
53626.157112 i 16.669 0.005
53626.157946 u 21.416 0.228
53626.158779 z 16.287 0.008
53626.159612 g 18.647 0.012
53628.141146 r 17.320 0.007
53628.141979 i 16.659 0.005
53628.142813 u 21.076 0.340
53628.143646 z 16.306 0.009
53628.144479 g 18.650 0.017
53637.142758 r 17.329 0.005
53637.143591 i 16.659 0.005
53637.144425 u 21.037 0.156
53637.145258 z 16.295 0.009
53637.146091 g 18.663 0.009
53644.135205 r 17.326 0.011
53644.136038 i 16.671 0.013
53644.136871 u 21.208 0.107
53644.137705 z 16.297 0.017
53644.138538 g 18.629 0.014
53654.169828 r 17.330 0.006
53654.170661 i 16.674 0.005
53654.171495 u 21.417 0.238
53654.172328 z 16.304 0.009
53654.173161 g 18.681 0.011
53656.117419 r 17.328 0.007
53656.118252 i 16.658 0.005
53656.119086 u 21.546 0.457
53656.119919 z 16.312 0.009
53656.120752 g 18.666 0.016
53665.108698 r 17.332 0.010
53665.109531 i 16.667 0.009
53665.110365 u 20.990 0.287
53665.111198 z 16.288 0.016
53665.112031 g 18.697 0.016
53670.125182 r 17.322 0.005
53670.126015 i 16.771 0.005
53670.126849 u 21.279 0.154
53670.127682 z 16.301 0.009
53670.128515 g 18.663 0.008
53673.093164 r 17.322 0.005
53673.093997 i 16.670 0.005
53673.094831 u 21.297 0.138
53673.095664 z 16.308 0.008
53673.096497 g 18.658 0.008
53675.090052 r 17.309 0.005
53675.090885 i 16.660 0.005
53675.091719 u 21.336 0.145
53675.092552 z 16.291 0.008
53675.093385 g 18.655 0.008
53677.111086 r 17.327 0.005
53677.111919 i 16.666 0.005
53677.112753 u 21.273 0.128
53677.113586 z 16.313 0.008
53677.114419 g 18.663 0.008
53680.097752 r 17.330 0.005
53680.098585 i 16.747 0.005
53680.099419 u 21.117 0.112
53680.100252 z 16.293 0.008
53680.101085 g 18.641 0.008
53693.099655 r 17.318 0.006
53693.100488 i 16.664 0.005
53693.101322 u 21.287 0.243
53693.102155 z 16.304 0.009
53693.102988 g 18.665 0.013
53702.095323 r 17.327 0.011
53702.096156 i 16.647 0.010
53702.096989 u 21.309 0.243
53702.097823 z 16.289 0.016
53702.098656 g 18.639 0.018
53703.104465 r 17.593 0.019
53703.105298 i 16.633 0.016
#53703.106131 u 23.117 1.752
53703.106965 z 16.319 0.018
53703.107798 g 18.779 0.016
53704.082983 r 17.328 0.005
53704.083816 i 16.651 0.005
53704.084650 u 21.659 0.213
53704.085483 z 16.309 0.008
53704.086316 g 18.639 0.009
53974.170935 r 17.305 0.011
53974.171768 i 16.662 0.010
53974.172601 u 21.356 0.123
53974.173435 z 16.309 0.014
53974.174268 g 18.661 0.012
53989.179037 r 17.363 0.011
53989.179871 i 16.645 0.010
53989.180704 u 21.170 0.139
#53989.181537 z -99.000 0.015
53989.182371 g 18.655 0.012
53995.168291 r 17.317 0.006
53995.169125 i 16.658 0.009
53995.169958 u 21.206 0.099
53995.170791 z 16.283 0.014
53995.171625 g 18.633 0.012
53997.146670 r 17.300 0.008
53997.147503 i 16.664 0.014
53997.148337 u 21.281 0.153
53997.149170 z 16.277 0.015
53997.150003 g 18.654 0.012
54005.118507 r 17.304 0.007
54005.119340 i 16.650 0.009
54005.120174 u 21.426 0.125
54005.121007 z 16.278 0.014
54005.121840 g 18.619 0.012
54007.131250 r 17.311 0.011
54007.132083 i 16.667 0.011
54007.132916 u 21.370 0.155
54007.133750 z 16.300 0.014
54007.134583 g 18.655 0.012
54009.128359 r 17.650 0.026
#54009.129193 i -99.000 0.064
54009.130026 u 21.868 0.257
#54009.130859 z -99.000 0.026
54009.131693 g 18.954 0.025
54009.128360 r 18.349 0.100
#54009.129193 i -99.000 0.045
54009.130027 u 23.278 0.931
#54009.130860 z -99.000 0.167
54009.131693 g 19.906 0.142
54011.192849 r 17.378 0.010
54011.193682 i 16.714 0.012
54011.194515 u 21.982 0.416
54011.195349 z 16.286 0.014
54011.196182 g 18.642 0.017
54019.143066 r 17.298 0.006
54019.143899 i 16.645 0.008
54019.144732 u 21.231 0.127
54019.145566 z 16.294 0.013
54019.146399 g 18.654 0.013
54025.191870 r 17.332 0.008
54025.192704 i 16.665 0.007
54025.193537 u 21.261 0.128
54025.194370 z 16.311 0.014
54025.195204 g 18.643 0.013
54029.122211 r 17.321 0.009
54029.123045 i 16.656 0.009
54029.123878 u 21.009 0.084
54029.124711 z 16.283 0.014
54029.125545 g 18.663 0.010
54051.098815 r 17.328 0.014
54051.099649 i 16.654 0.014
54051.100482 u 21.633 0.416
#54051.101315 z -99.000 0.027
54051.102149 g 18.636 0.027
54356.200374 r 17.332 0.015
54356.201207 i 16.688 0.011
54356.202040 u 21.092 0.122
54356.202874 z 16.316 0.015
54356.203707 g 18.637 0.014
54358.145426 r 17.363 0.013
54358.146260 i 16.710 0.019
54358.147093 u 21.106 0.192
54358.147926 z 16.307 0.018
54358.148760 g 18.664 0.013
54373.177531 r 17.316 0.012
54373.178364 i 16.655 0.014
54373.179197 u 21.124 0.190
54373.180031 z 16.296 0.018
54373.180864 g 18.647 0.016
54381.190231 r 17.310 0.012
54381.191064 i 16.635 0.010
54381.191897 u 21.426 0.225
54381.192731 z 16.330 0.018
54381.193564 g 18.648 0.014
54382.187648 r 17.368 0.034
54382.188481 i 16.758 0.013
54382.189314 u 21.668 0.289
54382.190148 z 16.285 0.024
54382.190981 g 18.648 0.011
54383.193356 r 17.324 0.009
54383.194189 i 16.686 0.010
54383.195023 u 21.433 0.166
54383.195856 z 16.301 0.016
54383.196689 g 18.657 0.015
54386.190388 r 17.325 0.009
54386.191222 i 16.641 0.006
54386.192055 u 21.436 0.151
54386.192888 z 16.287 0.014
54386.193722 g 18.654 0.011
54388.194641 r 17.315 0.010
54388.195475 i 16.703 0.011
54388.196308 u 21.745 0.205
54388.197141 z 16.291 0.014
54388.197975 g 18.662 0.010
54403.108420 r 17.301 0.008
54403.109253 i 16.644 0.010
54403.110086 u 21.257 0.105
54403.110920 z 16.314 0.012
54403.111753 g 18.664 0.013
54406.102258 r 17.331 0.008
54406.103091 i 16.635 0.016
54406.103925 u 21.271 0.116
54406.104758 z 16.308 0.018
54406.105591 g 18.705 0.014
54412.105509 r 17.289 0.011
#54412.106342 i -99.000 0.013
54412.107175 u 21.252 0.123
#54412.108009 z -99.000 0.014
54412.108842 g 18.680 0.014
54415.142754 r 17.539 0.010
54415.143587 i 16.663 0.013
54415.144420 u 21.684 0.177
54415.145254 z 16.292 0.016
54415.146087 g 18.652 0.014
