52075.321866 r 18.042 0.007
52075.322699 i 17.569 0.007
52075.323533 u 21.793 0.209
52075.324366 z 17.273 0.013
52075.325199 g 19.164 0.012
52197.130510 r 18.019 0.007
52197.131343 i 17.557 0.007
52197.132177 u 21.585 0.131
52197.133010 z 17.255 0.013
52197.133843 g 19.227 0.011
52936.070746 r 18.067 0.007
52936.071579 i 17.581 0.007
52936.072413 u 21.797 0.150
52936.073246 z 17.307 0.013
52936.074079 g 19.198 0.010
53243.255958 r 18.238 0.011
53243.256791 i 17.674 0.009
53243.257625 u 22.707 1.000
53243.258458 z 17.931 0.023
53243.259291 g 19.532 0.031
53272.184756 r 18.047 0.010
53272.185589 i 17.635 0.008
53272.186423 u 22.489 0.857
53272.187256 z 17.329 0.014
53272.188089 g 19.243 0.023
53288.111962 r 18.058 0.008
53288.112795 i 17.532 0.007
53288.113629 u 22.150 0.295
53288.114462 z 17.266 0.014
53288.115295 g 19.108 0.011
53312.063185 r 18.146 0.581
53312.064018 i 17.628 0.408
#53312.064852 u 25.785 99.999
53312.065685 z 17.389 0.337
#53312.066518 g 19.346 1.060
53628.130018 r 18.112 0.012
53628.130851 i 17.598 0.009
53628.131685 u 21.803 0.561
53628.132518 z 17.321 0.017
53628.133351 g 19.149 0.028
53637.131631 r 18.078 0.008
53637.132464 i 17.610 0.008
53637.133298 u 22.637 0.542
53637.134131 z 17.315 0.017
53637.134964 g 19.198 0.013
53644.124072 r 18.103 0.038
53644.124905 i 17.641 0.012
53644.125738 u 21.555 0.134
53644.126572 z 17.584 0.037
53644.127405 g 19.268 0.021
53649.118700 r 18.285 0.032
#53649.119533 i -99.000 0.018
53649.120367 u 21.984 0.767
#53649.121200 z -99.000 0.050
53649.122033 g 19.330 0.057
53654.158702 r 18.007 0.009
53654.159535 i 17.541 0.008
53654.160369 u 22.035 0.381
53654.161202 z 17.292 0.015
53654.162035 g 19.207 0.018
53656.106292 r 18.061 0.011
53656.107125 i 17.596 0.009
#53656.107959 u 22.954 1.630
53656.108792 z 17.350 0.018
53656.109625 g 19.764 0.049
53665.097570 r 18.060 0.024
53665.098403 i 17.579 0.020
53665.099237 u 21.370 0.563
#53665.100070 z -99.000 0.046
53665.100903 g 19.280 0.034
53668.109202 r 18.177 0.010
53668.110035 i 17.601 0.009
53668.110869 u 21.872 0.338
53668.111702 z 17.286 0.018
53668.112535 g 19.289 0.016
53670.114055 r 18.059 0.008
53670.114888 i 17.685 0.008
53670.115722 u 21.906 0.222
53670.116555 z 17.313 0.015
53670.117388 g 19.602 0.022
53673.082037 r 18.024 0.007
53673.082870 i 17.562 0.007
53673.083704 u 21.610 0.167
53673.084537 z 17.306 0.014
53673.085370 g 19.217 0.013
53675.078926 r 18.049 0.008
53675.079759 i 17.548 0.007
53675.080593 u 21.632 0.171
53675.081426 z 17.325 0.015
53675.082259 g 19.270 0.014
53693.088529 r 17.996 0.008
53693.089362 i 17.545 0.007
53693.090196 u 22.027 0.305
53693.091029 z 17.148 0.013
53693.091862 g 19.212 0.019
53702.084200 r 18.239 0.631
53702.085033 i 17.679 0.391
#53702.085867 u 24.292 3.174
53702.086700 z 17.546 0.493
#53702.087533 g 99.989 99.999
53703.093345 r 18.554 0.090
53703.094178 i 17.597 0.086
53703.095011 u 21.682 0.273
53703.095845 z 17.660 0.059
53703.096678 g 19.114 0.371
53704.071858 r 18.019 0.008
53704.072691 i 17.548 0.007
53704.073525 u 21.793 0.222
53704.074358 z 17.319 0.015
53704.075191 g 19.263 0.016
53974.159804 r 18.032 0.034
53974.160637 i 17.584 0.043
53974.161471 u 21.417 0.121
53974.162304 z 17.274 0.021
53974.163137 g 19.208 0.019
53997.135530 r 18.171 0.588
#53997.136363 i -99.000 0.122
53997.137197 u 22.237 0.301
#53997.138030 z -99.000 0.361
53997.138863 g 19.202 0.797
54005.107377 r 18.051 0.018
54005.108211 i 17.573 0.019
54005.109044 u 21.984 0.165
54005.109877 z 17.299 0.015
54005.110711 g 19.248 0.015
54007.120131 r 18.077 0.158
54007.120964 i 17.726 0.095
54007.121797 u 21.729 0.183
54007.122631 z 18.002 0.088
54007.123464 g 19.274 0.091
54009.117245 r 18.045 0.015
54009.118078 i 17.632 0.018
54009.118911 u 21.510 0.160
54009.119745 z 17.321 0.019
54009.120578 g 19.296 0.021
54011.181733 r 18.125 0.017
54011.182567 i 17.624 0.856
54011.183400 u 21.650 0.884
54011.184233 z 17.340 0.027
54011.185067 g 19.271 0.027
54019.131940 r 18.172 0.545
54019.132773 i 17.580 0.421
54019.133607 u 22.435 0.429
54019.134440 z 17.345 0.287
#54019.135273 g 19.338 1.357
54025.180759 r 18.043 0.559
54025.181592 i 17.558 0.335
54025.182425 u 21.519 0.148
54025.183259 z 17.589 0.350
54025.184092 g 19.300 0.330
54051.087653 r 18.068 0.027
54051.088486 i 17.651 0.028
54051.089320 u 21.345 1.000
54051.090153 z 17.393 0.046
54051.090986 g 19.274 0.041
54356.189240 r 18.082 0.013
54356.190074 i 17.594 0.015
54356.190907 u 21.681 0.129
54356.191740 z 17.320 0.021
54356.192574 g 19.184 0.016
54358.134318 r 18.192 0.108
54358.135151 i 17.706 0.295
54358.135985 u 22.003 0.313
54358.136818 z 17.352 0.021
54358.137651 g 19.263 0.037
54373.166406 r 18.053 0.469
54373.167240 i 17.558 0.119
54373.168073 u 22.096 1.000
54373.168906 z 17.320 0.021
54373.169740 g 19.241 0.043
54381.179102 r 18.332 0.447
54381.179935 i 17.782 0.355
54381.180768 u 21.917 0.454
54381.181602 z 17.442 0.039
54381.182435 g 19.865 0.076
54382.176502 r 18.833 0.224
54382.177335 i 17.560 0.377
54382.178168 u 21.304 0.246
54382.179002 z 17.280 0.049
54382.179835 g 19.511 0.292
54383.182233 r 18.041 0.041
54383.183067 i 17.637 0.010
54383.183900 u 21.791 0.190
54383.184733 z 17.378 0.020
54383.185567 g 19.289 0.020
54388.183522 r 18.088 0.632
54388.184355 i 17.643 0.381
54388.185188 u 21.448 0.165
54388.186022 z 17.236 0.679
#54388.186855 g 19.339 1.001
54403.097293 r 18.098 0.192
54403.098127 i 17.573 0.018
54403.098960 u 21.658 0.142
54403.099793 z 17.368 0.020
54403.100627 g 19.237 0.045
54406.091125 r 18.053 0.368
54406.091959 i 17.594 0.123
54406.092792 u 21.856 0.192
54406.093625 z 17.281 0.076
54406.094459 g 19.246 0.487
54412.094053 r 18.087 0.182
54412.094886 i 17.602 0.037
54412.095719 u 21.738 0.154
54412.096553 z 17.316 0.018
#54412.097386 g 19.249 2.074
