51081.263593 r 19.710 0.028
51081.264426 i 19.652 0.035
51081.265260 u 20.071 0.065
51081.266093 z 19.353 0.090
51081.266926 g 19.795 0.021
51467.358705 r 19.511 0.023
51467.359538 i 19.638 0.034
51467.360372 u 20.075 0.095
51467.361205 z 19.607 0.125
51467.362038 g 19.703 0.021
51819.334740 r 19.748 0.020
51819.335573 i 19.882 0.026
51819.336407 u 20.329 0.067
51819.337240 z 19.763 0.088
51819.338073 g 19.985 0.019
52558.299970 r 19.839 0.020
52558.300803 i 19.877 0.023
52558.301637 u 20.505 0.074
52558.302470 z 19.813 0.077
52558.303303 g 20.081 0.019
52577.187468 r 19.785 0.025
52577.188301 i 19.891 0.037
52577.189135 u 20.499 0.076
52577.189968 z 19.796 0.118
52577.190801 g 20.041 0.019
52586.190946 r 19.801 0.022
52586.191779 i 19.917 0.031
52586.192613 u 20.443 0.069
52586.193446 z 19.588 0.098
52586.194279 g 20.077 0.020
52910.271429 r 19.949 0.020
52910.272262 i 19.939 0.024
52910.273096 u 20.453 0.062
52910.273929 z 19.719 0.071
52910.274762 g 20.168 0.018
52931.201629 r 19.970 0.022
52931.202462 i 20.017 0.029
52931.203296 u 20.622 0.082
52931.204129 z 19.763 0.081
52931.204962 g 20.102 0.021
52935.198593 r 19.955 0.025
52935.199426 i 19.957 0.031
52935.200260 u 20.696 0.089
52935.201093 z 19.797 0.108
52935.201926 g 20.136 0.020
52959.141920 r 20.114 0.025
52959.142753 i 20.136 0.030
52959.143587 u 20.877 0.085
52959.144420 z 20.024 0.081
52959.145253 g 20.342 0.023
52963.121665 r 20.062 0.022
52963.122498 i 20.155 0.027
52963.123332 u 20.779 0.074
52963.124165 z 20.009 0.083
52963.124998 g 20.316 0.020
53313.191793 r 19.863 0.028
53313.192626 i 19.844 0.038
53313.193460 u 20.392 0.092
53313.194293 z 19.703 0.136
53313.195126 g 20.006 0.024
53352.092729 r 19.846 0.019
53352.093562 i 19.826 0.026
53352.094396 u 20.351 0.060
53352.095229 z 19.619 0.076
53352.096062 g 19.999 0.018
53622.301033 r 19.736 0.024
53622.301866 i 19.739 0.030
53622.302700 u 20.187 0.073
53622.303533 z 19.572 0.107
#53622.304366 g -99.000 0.020
53634.250503 r 19.748 0.051
53634.251336 i 19.677 0.052
#53634.252170 u -99.000 0.209
53634.253003 z 19.475 0.134
53634.253836 g 19.884 0.064
53636.256037 r 19.805 0.034
53636.256870 i 19.804 0.039
53636.257704 u 20.211 0.136
53636.258537 z 19.429 0.093
53636.259370 g 19.984 0.034
53638.291839 r 19.763 0.020
53638.292672 i 19.740 0.023
53638.293506 u 20.348 0.073
53638.294339 z 19.555 0.067
53638.295172 g 19.936 0.020
53640.255874 r 19.678 0.023
#53640.256707 i -99.000 0.068
#53640.257541 u -99.000 0.104
53640.258374 z 19.647 0.101
#53640.259207 g -99.000 0.029
53655.228044 r 19.745 0.041
#53655.228877 i -99.000 0.043
53655.229711 u 20.036 0.148
53655.230544 z 19.982 0.236
53655.231377 g 19.799 0.045
53664.253001 r 19.775 0.034
53664.253834 i 19.816 0.035
53664.254668 u 20.540 0.167
53664.255501 z 19.823 0.131
53664.256334 g 20.034 0.047
53666.216605 r 19.697 0.019
53666.217438 i 19.783 0.025
53666.218272 u 20.285 0.065
53666.219105 z 19.477 0.068
53666.219938 g 19.965 0.020
53669.212244 r 19.756 0.018
53669.213077 i 19.793 0.026
53669.213911 u 20.432 0.065
53669.214744 z 19.571 0.076
53669.215577 g 19.936 0.017
53671.297020 r 19.688 0.024
53671.297853 i 19.791 0.029
53671.298687 u 20.343 0.104
53671.299520 z 19.524 0.089
53671.300353 g 19.953 0.023
53674.196479 r 19.716 0.019
53674.197312 i 19.745 0.023
53674.198146 u 20.469 0.072
53674.198979 z 19.622 0.068
53674.199812 g 19.922 0.017
53676.285964 r 19.716 0.019
53676.286797 i 19.730 0.024
#53676.287631 u -99.000 0.095
53676.288464 z 19.766 0.101
53676.289297 g 19.922 0.019
53679.257852 r 19.702 0.024
53679.258685 i 19.761 0.032
53679.259519 u 20.228 0.079
53679.260352 z 19.793 0.120
53679.261185 g 20.023 0.022
53681.249364 r 19.729 0.020
53681.250197 i 19.768 0.023
53681.251031 u 20.425 0.072
53681.251864 z 19.580 0.067
53681.252697 g 19.913 0.018
53685.208414 r 19.656 0.082
53685.209247 i 19.716 0.092
53685.210081 u 20.416 0.347
53685.210914 z 19.273 0.156
53685.211747 g 19.840 0.093
53687.246754 r 19.679 0.036
53687.247587 i 19.722 0.034
53687.248421 u 20.242 0.177
53687.249254 z 19.511 0.082
53687.250087 g 19.951 0.059
53697.206387 r 19.753 0.036
53697.207220 i 19.775 0.035
53697.208054 u 20.393 0.127
53697.208887 z 19.614 0.132
53697.209720 g 20.033 0.034
53700.205346 r 19.725 0.022
53700.206179 i 19.789 0.027
53700.207013 u 20.557 0.094
53700.207846 z 19.855 0.110
53700.208679 g 20.015 0.020
53705.192016 r 19.788 0.020
53705.192849 i 19.869 0.024
53705.193683 u 20.489 0.083
53705.194516 z 19.693 0.076
53705.195349 g 20.034 0.021
53975.277038 r 19.976 0.029
53975.277871 i 19.877 0.043
53975.278705 u 20.684 0.102
53975.279538 z 19.858 0.109
53975.280371 g 20.182 0.022
53993.344826 r 19.894 0.031
53993.345660 i 19.899 0.034
53993.346493 u 20.471 0.136
#53993.347326 z -99.000 0.548
#53993.348160 g -99.000 0.280
53996.283784 r 19.905 0.024
53996.284618 i 19.942 0.027
53996.285451 u 20.647 0.079
53996.286284 z 19.729 0.082
53996.287118 g 20.046 0.028
53998.252405 r 19.877 0.023
53998.253238 i 19.827 0.023
53998.254072 u 20.704 0.071
53998.254905 z 19.717 0.061
53998.255738 g 20.066 0.019
54005.282651 r 19.835 0.021
54005.283484 i 19.913 0.024
54005.284317 u 20.679 0.068
54005.285151 z 19.756 0.066
54005.285984 g 20.075 0.021
54010.237906 r 19.838 0.021
54010.238739 i 19.937 0.025
54010.239572 u 20.366 0.069
54010.240406 z 19.871 0.066
54010.241239 g 20.097 0.027
54012.230701 r 19.813 0.032
54012.231535 i 19.841 0.034
54012.232368 u 20.561 0.151
54012.233201 z 19.771 0.079
54012.234035 g 20.080 0.043
54020.236744 r 19.826 0.026
54020.237577 i 19.827 0.028
54020.238410 u 20.592 0.095
54020.239244 z 19.910 0.119
54020.240077 g 20.035 0.027
54022.285950 r 19.826 0.032
54022.286783 i 19.859 0.052
54022.287617 u 20.471 0.139
54022.288450 z 20.149 0.206
54022.289283 g 20.056 0.038
54028.227051 r 19.846 0.026
54028.227884 i 19.868 0.030
54028.228717 u 20.558 0.085
54028.229551 z 19.682 0.089
54028.230384 g 20.018 0.027
54030.230256 r 19.856 0.022
54030.231089 i 19.854 0.023
#54030.231923 u -99.000 0.057
54030.232756 z 19.783 0.069
54030.233589 g 20.079 0.024
54035.306012 r 19.811 0.032
54035.306845 i 19.819 0.041
54035.307678 u 20.522 0.114
54035.308512 z 19.540 0.089
54035.309345 g 20.030 0.027
54037.211497 r 19.843 0.030
54037.212330 i 19.868 0.035
54037.213164 u 20.428 0.085
54037.213997 z 19.683 0.103
54037.214830 g 19.998 0.025
54040.226018 r 19.849 0.038
54040.226852 i 19.898 0.041
54040.227685 u 20.382 0.130
54040.228518 z 19.739 0.097
54040.229352 g 20.042 0.047
54047.256521 r 19.856 0.047
54047.257354 i 19.730 0.050
#54047.258188 u -99.000 0.214
54047.259021 z 19.672 0.135
54047.259854 g 19.873 0.077
54049.252462 r 19.846 0.030
54049.253295 i 19.837 0.034
54049.254128 u 20.389 0.146
54049.254962 z 19.851 0.116
54049.255795 g 20.011 0.040
54053.216829 r 19.854 0.021
54053.217662 i 19.852 0.024
54053.218495 u 20.496 0.070
54053.219329 z 19.729 0.078
54053.220162 g 20.018 0.020
54056.218469 r 19.869 0.050
54056.219302 i 19.885 0.052
54056.220135 u 20.360 0.119
#54056.220969 z -99.000 0.168
54056.221802 g 20.074 0.035
54059.212773 r 19.847 0.048
54059.213606 i 19.792 0.043
54059.214439 u 20.529 0.106
54059.215273 z 19.713 0.102
54059.216106 g 20.066 0.025
54062.217611 r 19.831 0.033
54062.218445 i 19.864 0.044
54062.219278 u 20.441 0.109
54062.220111 z 19.791 0.144
54062.220945 g 20.064 0.032
54357.255914 r 19.888 0.025
54357.256748 i 19.902 0.035
54357.257581 u 20.667 0.086
54357.258414 z 19.672 0.075
54357.259248 g 20.114 0.026
54362.305708 r 19.908 0.025
54362.306541 i 19.923 0.034
54362.307374 u 20.611 0.091
#54362.308208 z -99.000 0.139
#54362.309041 g -99.000 0.114
54385.303800 r 19.889 0.025
54385.304634 i 19.929 0.032
54385.305467 u 20.520 0.071
54385.306300 z 19.813 0.074
54385.307134 g 20.075 0.034
54387.304231 r 19.935 0.025
54387.305064 i 19.921 0.030
54387.305897 u 20.333 0.076
54387.306731 z 19.839 0.100
54387.307564 g 20.076 0.024
54392.298945 r 19.817 0.030
54392.299778 i 19.919 0.030
54392.300611 u 20.455 0.087
54392.301445 z 19.860 0.097
54392.302278 g 20.117 0.024
54402.297417 r 19.825 0.035
54402.298250 i 19.881 0.035
54402.299083 u 20.409 0.185
54402.299917 z 19.713 0.095
54402.300750 g 20.035 0.050
