51075.433665 r 17.414 0.005
51075.434498 i 17.404 0.006
51075.435332 u 18.777 0.018
51075.436165 z 17.391 0.017
51075.436998 g 17.520 0.005
51818.403369 r 17.846 0.006
51818.404202 i 17.720 0.007
51818.405036 u 19.402 0.028
51818.405869 z 17.650 0.018
51818.406702 g 18.154 0.007
52171.391419 r 17.854 0.009
52171.392252 i 17.697 0.011
52171.393086 u 19.379 0.028
52171.393919 z 17.651 0.019
52171.394752 g 18.145 0.010
52173.367704 r 17.963 0.007
52173.368537 i 17.867 0.009
52173.369371 u 19.536 0.034
52173.370204 z 17.761 0.021
52173.371037 g 18.311 0.007
52224.347817 r 17.751 0.007
52224.348650 i 17.636 0.007
52224.349484 u 19.218 0.024
52224.350317 z 17.608 0.016
52224.351150 g 18.027 0.006
52234.304329 r 17.712 0.008
52234.305162 i 17.590 0.009
52234.305996 u 19.189 0.027
52234.306829 z 17.555 0.017
52234.307662 g 17.946 0.007
52261.267684 r 17.938 0.007
52261.268517 i 17.788 0.007
52261.269351 u 19.478 0.029
52261.270184 z 17.730 0.016
52261.271017 g 18.264 0.007
52283.135058 r 17.944 0.007
52283.135891 i 17.805 0.009
52283.136725 u 19.420 0.032
52283.137558 z 17.787 0.025
52283.138391 g 18.280 0.007
52287.148180 r 17.236 0.005
52287.149013 i 17.267 0.006
52287.149847 u 18.469 0.015
52287.150680 z 17.265 0.012
52287.151513 g 17.234 0.005
52552.466873 r 17.882 0.006
52552.467706 i 17.743 0.007
52552.468540 u 19.461 0.028
52552.469373 z 17.687 0.017
52552.470206 g 18.211 0.007
52557.441232 r 17.860 0.007
52557.442065 i 17.722 0.008
52557.442899 u 19.414 0.028
52557.443732 z 17.646 0.018
52557.444565 g 18.175 0.007
52585.342562 r 17.515 0.006
52585.343395 i 17.466 0.007
52585.344229 u 18.925 0.019
52585.345062 z 17.437 0.014
52585.345895 g 17.647 0.006
52908.415799 r 17.578 0.006
52908.416632 i 17.499 0.007
52908.417466 u 18.996 0.023
52908.418299 z 17.480 0.015
52908.419132 g 17.728 0.006
52912.395238 r 17.938 0.007
52912.396071 i 17.813 0.008
52912.396905 u 19.508 0.030
52912.397738 z 17.739 0.017
52912.398571 g 18.281 0.007
52934.347707 r 18.009 0.007
52934.348540 i 17.903 0.008
52934.349374 u 19.550 0.031
52934.350207 z 17.865 0.021
52934.351040 g 18.325 0.007
52936.343633 r 17.256 0.005
52936.344466 i 17.301 0.006
52936.345300 u 18.506 0.016
52936.346133 z 17.313 0.013
52936.346966 g 17.229 0.005
53270.407682 r 17.958 0.012
53270.408515 i 17.797 0.019
53270.409349 u 19.444 0.026
53270.410182 z 17.766 0.021
53270.411015 g 18.285 0.023
53272.457630 r 17.737 0.009
53272.458463 i 17.646 0.010
53272.459297 u 18.978 0.022
53272.460130 z 17.568 0.017
53272.460963 g 17.826 0.007
53286.426349 r 17.736 0.006
53286.427182 i 17.632 0.007
53286.428016 u 19.272 0.028
53286.428849 z 17.596 0.015
53286.429682 g 17.990 0.006
53288.384842 r 17.890 0.007
53288.385675 i 17.747 0.007
53288.386509 u 19.432 0.028
53288.387342 z 17.669 0.016
53288.388175 g 18.242 0.007
53294.432514 r 17.494 0.006
53294.433347 i 17.465 0.007
53294.434181 u 18.916 0.030
53294.435014 z 17.432 0.018
53294.435847 g 17.637 0.006
53296.379538 r 17.703 0.018
53296.380371 i 17.574 0.023
53296.381204 u 19.173 0.024
53296.382038 z 17.584 0.021
53296.382871 g 17.912 0.014
53298.429290 r 17.952 0.007
53298.430123 i 17.787 0.008
53298.430957 u 19.464 0.029
53298.431790 z 17.788 0.021
53298.432623 g 18.277 0.007
53302.380512 r 17.929 0.007
53302.381345 i 17.829 0.008
53302.382179 u 19.305 0.030
53302.383012 z 17.776 0.018
53302.383845 g 18.131 0.008
53312.336043 r 18.081 0.015
53312.336876 i 17.943 0.011
53312.337710 u 19.503 0.042
53312.338543 z 17.886 0.020
53312.339376 g 18.357 0.013
53314.337243 r 17.364 0.005
53314.338076 i 17.364 0.006
53314.338910 u 18.692 0.021
53314.339743 z 17.372 0.015
53314.340576 g 17.416 0.005
53319.325040 r 17.329 0.005
53319.325873 i 17.328 0.006
53319.326707 u 18.665 0.020
53319.327540 z 17.335 0.015
53319.328373 g 17.375 0.005
53616.441594 r 17.919 0.010
53616.442427 i 17.772 0.011
53616.443261 u 19.436 0.033
53616.444094 z 17.722 0.021
53616.444927 g 18.225 0.008
53626.418022 r 17.902 0.006
53626.418855 i 17.755 0.007
53626.419689 u 19.503 0.032
53626.420522 z 17.722 0.017
53626.421355 g 18.262 0.008
53628.402886 r 17.997 0.007
53628.403719 i 17.834 0.008
53628.404553 u 19.540 0.036
53628.405386 z 17.758 0.021
53628.406219 g 18.309 0.008
53639.449883 r 17.805 0.006
53639.450716 i 17.677 0.007
53639.451550 u 19.322 0.037
53639.452383 z 17.631 0.016
53639.453216 g 18.089 0.007
53641.449049 r 17.937 0.007
53641.449882 i 17.793 0.008
53641.450716 u 19.481 0.040
53641.451549 z 17.787 0.021
53641.452382 g 18.255 0.008
53657.407933 r 17.511 0.006
53657.408766 i 17.432 0.008
53657.409600 u 18.928 0.027
53657.410433 z 17.438 0.020
53657.411266 g 17.647 0.006
53663.392481 r 17.988 0.009
53663.393314 i 17.875 0.009
53663.394148 u 19.514 0.070
53663.394981 z 17.801 0.020
53663.395814 g 18.298 0.012
53665.370454 r 17.536 0.006
53665.371287 i 17.500 0.007
53665.372121 u 18.789 0.026
53665.372954 z 17.507 0.016
53665.373787 g 17.599 0.006
53666.462564 r 17.980 0.008
53666.463397 i 17.842 0.008
53666.464231 u 19.575 0.057
53666.465064 z 17.758 0.019
53666.465897 g 18.324 0.009
53668.382082 r 18.005 0.008
53668.382915 i 17.869 0.009
53668.383749 u 19.520 0.049
53668.384582 z 17.863 0.023
53668.385415 g 18.304 0.009
53669.469692 r 17.923 0.008
53669.470525 i 17.803 0.008
53669.471359 u 19.517 0.057
53669.472192 z 17.717 0.023
53669.473025 g 18.255 0.010
53670.386935 r 17.195 0.005
53670.387768 i 17.256 0.006
53670.388602 u 18.488 0.023
53670.389435 z 17.269 0.017
53670.390268 g 17.189 0.005
53673.354922 r 17.969 0.007
53673.355755 i 17.851 0.008
53673.356589 u 19.529 0.030
53673.357422 z 17.811 0.017
53673.358255 g 18.284 0.007
53675.351809 r 17.471 0.005
53675.352642 i 17.463 0.006
53675.353476 u 18.741 0.020
53675.354309 z 17.472 0.016
53675.355142 g 17.486 0.005
53680.359507 r 17.274 0.005
53680.360340 i 17.300 0.006
53680.361174 u 18.549 0.018
53680.362007 z 17.313 0.013
53680.362840 g 17.243 0.005
53683.418057 r 18.040 0.012
53683.418890 i 17.897 0.015
53683.419724 u 19.519 0.073
53683.420557 z 17.903 0.053
53683.421390 g 18.332 0.012
53686.358938 r 17.958 0.008
53686.359771 i 17.815 0.009
53686.360605 u 19.481 0.055
53686.361438 z 17.792 0.020
53686.362271 g 18.278 0.010
53693.361398 r 18.070 0.011
53693.362231 i 17.943 0.010
53693.363065 u 19.802 0.104
53693.363898 z 17.887 0.025
53693.364731 g 18.421 0.018
53699.382233 r 17.910 0.007
53699.383066 i 17.775 0.008
53699.383900 u 19.406 0.040
53699.384733 z 17.678 0.017
53699.385566 g 18.229 0.008
53704.344718 r 17.873 0.007
53704.345551 i 17.743 0.008
53704.346385 u 19.436 0.036
53704.347218 z 17.725 0.021
53704.348051 g 18.180 0.008
53989.440773 r 17.962 0.012
53989.441606 i 17.805 0.013
53989.442440 u 19.415 0.044
53989.443273 z 17.733 0.019
53989.444106 g 18.297 0.001
53997.464330 r 17.864 0.013
53997.465163 i 17.683 0.023
53997.465996 u 19.405 0.028
53997.466830 z 17.689 0.018
53997.467663 g 18.226 0.020
54000.416231 r 17.535 0.016
54000.417064 i 17.471 0.014
54000.417898 u 18.923 0.023
54000.418731 z 17.437 0.017
54000.419564 g 17.641 0.011
54007.466332 r 17.912 0.013
54007.467165 i 17.752 0.013
54007.467999 u 19.465 0.032
54007.468832 z 17.679 0.017
54007.469665 g 18.254 0.019
54009.390150 r 17.916 0.023
54009.390983 i 17.812 0.017
54009.391817 u 19.577 0.029
54009.392650 z 17.721 0.021
54009.393483 g 18.304 0.017
54011.454604 r 18.072 0.011
54011.455438 i 17.952 0.012
54011.456271 u 19.608 0.033
54011.457104 z 17.878 0.017
54011.457938 g 18.371 0.022
54012.467409 r 17.906 0.012
54012.468242 i 17.705 0.018
54012.469075 u 19.489 0.034
54012.469909 z 17.704 0.020
54012.470742 g 18.229 0.023
54019.449607 r 17.976 0.010
54019.450441 i 17.884 0.014
54019.451274 u 19.446 0.055
54019.452107 z 17.781 0.021
54019.452941 g 18.333 0.016
54025.453624 r 17.726 0.012
54025.454457 i 17.626 0.011
54025.455291 u 19.218 0.029
54025.456124 z 17.586 0.015
54025.456957 g 17.995 0.022
54346.447427 r 17.242 0.009
54346.448261 i 17.273 0.015
54346.449094 u 18.573 0.037
54346.449927 z 17.292 0.014
54346.450761 g 17.236 0.021
54348.451340 r 17.614 0.017
54348.452173 i 17.557 0.013
54348.453007 u 19.084 0.031
54348.453840 z 17.499 0.018
54348.454673 g 17.808 0.015
54358.407173 r 17.551 0.024
54358.408006 i 17.490 0.013
54358.408840 u 18.955 0.028
54358.409673 z 17.442 0.019
54358.410506 g 17.707 0.024
54365.440241 r 17.914 0.031
54365.441074 i 17.773 0.019
54365.441908 u 19.498 0.031
54365.442741 z 17.675 0.018
54365.443574 g 18.245 0.011
54381.459838 r 17.512 0.021
54381.460671 i 17.489 0.015
54381.461505 u 18.894 0.025
54381.462338 z 17.434 0.019
54381.463171 g 17.683 0.018
54386.452122 r 17.516 0.019
54386.452956 i 17.485 0.012
54386.453789 u 18.930 0.026
54386.454622 z 17.454 0.013
54386.455456 g 17.726 0.027
54388.456390 r 17.791 0.014
54388.457223 i 17.672 0.015
54388.458056 u 19.321 0.026
54388.458890 z 17.629 0.017
54388.459723 g 18.121 0.021
54392.453965 r 18.014 0.015
54392.454798 i 17.909 0.020
54392.455631 u 19.590 0.036
54392.456465 z 17.872 0.021
54392.457298 g 18.380 0.028
54403.370209 r 17.694 0.011
54403.371042 i 17.573 0.013
54403.371875 u 19.244 0.083
54403.372709 z 17.534 0.027
54403.373542 g 17.941 0.013
54404.427785 r 17.157 0.008
#54404.428618 i -99.000 0.018
54404.429452 u 18.294 0.059
#54404.430285 z -99.000 0.070
#54404.431118 g -99.000 0.045
54406.364012 r 17.369 0.015
54406.364845 i 17.366 0.016
54406.365678 u 18.735 0.020
54406.366512 z 17.356 0.016
54406.367345 g 17.454 0.016
54409.368957 r 17.946 0.018
54409.369790 i 17.832 0.015
54409.370624 u 19.314 0.024
#54409.371457 z -99.000 0.017
54409.372290 g 18.175 0.025
54412.389815 r 17.957 0.018
54412.390648 i 17.855 0.013
54412.391481 u 19.589 0.048
54412.392315 z 17.853 0.025
54412.393148 g 18.289 0.018
