52172.230956 r 17.761 0.007
52172.231789 i 17.326 0.007
52172.232623 u 21.870 0.182
52172.233456 z 16.975 0.013
52172.234289 g 19.048 0.010
52930.081468 r 17.743 0.006
52930.082301 i 17.250 0.006
52930.083135 u 21.491 0.141
52930.083968 z 16.941 0.012
52930.084801 g 19.029 0.009
52931.082299 r 17.759 0.006
52931.083132 i 17.262 0.006
52931.083966 u 21.600 0.153
52931.084799 z 16.955 0.012
52931.085632 g 19.014 0.009
52935.079262 r 17.745 0.006
52935.080095 i 17.299 0.006
52935.080929 u 21.866 0.197
52935.081762 z 16.940 0.012
52935.082595 g 19.015 0.009
53313.072463 r 17.791 0.007
53313.073296 i 17.342 0.007
53313.074130 u 21.864 0.293
53313.074963 z 16.934 0.015
#53313.075796 g -99.000 0.011
53622.181710 r 17.754 0.006
53622.182543 i 17.251 0.006
53622.183377 u 21.503 0.223
53622.184210 z 16.946 0.014
53622.185043 g 19.011 0.011
53625.177675 r 17.753 0.007
53625.178508 i 17.291 0.007
53625.179342 u 21.635 0.183
53625.180175 z 16.956 0.012
53625.181008 g 19.033 0.011
53634.131179 r 17.734 0.007
53634.132012 i 17.196 0.006
53634.132846 u 22.053 0.549
#53634.133679 z -99.000 0.017
53634.134512 g 19.000 0.018
53636.136709 r 17.745 0.006
53636.137542 i 17.294 0.006
53636.138376 u 21.925 0.231
53636.139209 z 16.981 0.013
53636.140042 g 19.026 0.009
53645.196379 r 18.111 0.008
53645.197212 i 17.350 0.007
#53645.198046 u 24.443 1.362
53645.198879 z 17.307 0.015
53645.199712 g 19.688 0.015
53655.108716 r 17.745 0.007
53655.109549 i 17.265 0.007
53655.110383 u 21.679 0.265
53655.111216 z 16.991 0.012
53655.112049 g 19.033 0.013
53664.133676 r 17.742 0.007
53664.134509 i 17.288 0.006
53664.135343 u 21.532 0.251
53664.136176 z 16.968 0.014
53664.137009 g 19.034 0.014
53666.097275 r 17.757 0.007
53666.098108 i 17.279 0.007
53666.098942 u 21.922 0.179
53666.099775 z 16.954 0.012
53666.100608 g 19.016 0.009
53669.092914 r 17.755 0.006
53669.093747 i 17.597 0.007
53669.094581 u 21.681 0.159
53669.095414 z 16.969 0.012
53669.096247 g 19.020 0.009
53674.077149 r 17.746 0.006
53674.077982 i 17.359 0.006
53674.078816 u 21.667 0.171
53674.079649 z 16.953 0.012
53674.080482 g 19.035 0.009
#53681.130045 r -99.000 0.014
53681.130878 i 17.282 0.009
53681.131712 u 21.535 0.255
53681.132545 z 16.984 0.018
53681.133378 g 19.039 0.018
53685.089088 r 17.752 0.009
53685.089921 i 17.285 0.007
53685.090755 u 21.653 0.629
53685.091588 z 16.936 0.018
53685.092421 g 19.018 0.031
53687.127441 r 17.767 0.008
53687.128274 i 17.243 0.007
53687.129108 u 20.764 0.259
53687.129941 z 16.941 0.013
53687.130774 g 19.062 0.020
53697.087070 r 17.756 0.015
53697.087903 i 17.201 0.014
53697.088737 u 21.437 0.606
53697.089570 z 16.962 0.037
53697.090403 g 19.008 0.028
53700.086032 r 17.750 0.006
53700.086865 i 17.279 0.006
53700.087699 u 21.599 0.183
53700.088532 z 16.938 0.013
53700.089365 g 18.998 0.010
53705.072702 r 17.751 0.006
53705.073535 i 17.264 0.006
53705.074369 u 21.570 0.210
53705.075202 z 16.964 0.013
53705.076035 g 19.008 0.010
53994.153137 r 17.770 0.007
53994.153971 i 17.682 0.019
53994.154804 u 21.474 0.124
53994.155637 z 16.966 0.015
53994.156471 g 19.030 0.011
53998.133060 r 17.762 0.023
53998.133893 i 17.254 0.011
53998.134727 u 21.643 0.134
53998.135560 z 16.957 0.016
53998.136393 g 19.005 0.010
54005.170298 r 17.751 0.006
54005.171132 i 17.251 0.010
54005.171965 u 21.536 0.126
54005.172798 z 16.972 0.017
54005.173632 g 19.021 0.009
54010.118534 r 17.735 0.009
54010.119367 i 17.268 0.015
54010.120200 u 21.559 0.212
54010.121034 z 16.991 0.014
54010.121867 g 19.030 0.014
54012.111378 r 17.724 0.011
54012.112212 i 17.239 0.012
54012.113045 u 21.577 0.317
54012.113878 z 16.962 0.019
54012.114712 g 19.033 0.020
54020.117345 r 17.732 0.008
54020.118179 i 17.236 0.010
54020.119012 u 21.717 0.204
54020.119845 z 16.968 0.017
54020.120679 g 19.026 0.010
54022.166642 r 17.799 0.011
54022.167475 i 17.380 0.012
54022.168308 u 21.670 0.276
#54022.169142 z -99.000 0.019
54022.169975 g 18.933 0.017
54028.107727 r 17.735 0.007
54028.108560 i 17.229 0.011
54028.109393 u 21.492 0.184
54028.110227 z 16.955 0.017
54028.111060 g 19.009 0.012
54030.110902 r 17.748 0.007
54030.111735 i 17.253 0.008
54030.112569 u 21.677 0.145
54030.113402 z 16.940 0.015
54030.114235 g 19.020 0.009
#54032.100443 r -99.000 0.014
#54032.101276 i -99.000 0.010
54032.102110 u 21.471 0.280
#54032.102943 z -99.000 0.021
#54032.103776 g -99.000 0.013
#54034.170540 r -99.000 0.073
54034.171373 i 17.167 0.016
54034.172207 u 21.587 0.459
#54034.173040 z -99.000 0.018
#54034.173873 g -99.000 0.012
54037.092146 r 17.750 0.009
54037.092979 i 17.253 0.011
54037.093813 u 21.918 0.262
54037.094646 z 16.947 0.021
54037.095479 g 19.021 0.012
54040.106627 r 17.733 0.011
54040.107460 i 17.274 0.008
54040.108293 u 22.266 0.601
54040.109127 z 16.941 0.015
54040.109960 g 19.033 0.017
54050.091260 r 17.749 0.007
54050.092093 i 17.280 0.011
54050.092926 u 21.103 0.130
54050.093760 z 16.973 0.016
54050.094593 g 19.044 0.012
54053.097425 r 17.760 0.009
54053.098258 i 17.263 0.014
54053.099092 u 21.554 0.210
54053.099925 z 16.936 0.019
54053.100758 g 19.077 0.011
#54056.099094 r -99.000 0.065
#54056.099927 i -99.000 0.016
#54056.100760 u -99.000 0.270
#54056.101594 z -99.000 0.045
54056.102427 g 19.019 0.022
54059.093387 r 17.737 0.008
54059.094220 i 17.296 0.012
54059.095054 u 21.140 0.169
54059.095887 z 16.972 0.018
54059.096720 g 18.997 0.011
54061.104440 r 17.755 0.010
54061.105273 i 17.313 0.017
54061.106106 u 21.560 0.246
54061.106940 z 16.930 0.021
54061.107773 g 18.972 0.014
54062.098278 r 17.770 0.019
54062.099111 i 17.216 0.011
54062.099944 u 22.052 0.436
54062.100778 z 16.983 0.022
54062.101611 g 19.017 0.012
54068.088258 r 17.748 0.011
54068.089091 i 17.224 0.013
54068.089924 u 21.161 0.340
54068.090758 z 16.928 0.024
54068.091591 g 18.993 0.022
54357.136578 r 17.707 0.008
54357.137412 i 17.244 0.012
54357.138245 u 21.512 0.127
54357.139078 z 16.928 0.017
54357.139912 g 19.013 0.012
54365.134426 r 17.738 0.008
54365.135259 i 17.241 0.010
54365.136093 u 21.713 0.318
54365.136926 z 16.966 0.018
54365.137759 g 19.025 0.017
54385.184397 r 17.752 0.010
#54385.185230 i -99.000 0.008
54385.186064 u 21.552 0.197
54385.186897 z 16.948 0.019
54385.187730 g 19.014 0.013
54387.184930 r 17.735 0.010
54387.185763 i 17.210 0.019
54387.186596 u 21.651 0.166
54387.187430 z 16.952 0.018
54387.188263 g 19.018 0.013
54390.187926 r 17.771 0.011
54390.188759 i 17.223 0.013
54390.189593 u 22.102 0.703
54390.190426 z 16.957 0.022
54390.191259 g 19.040 0.014
54392.179650 r 17.735 0.009
54392.180483 i 17.205 0.019
#54392.181316 u 21.581 1.001
#54392.182150 z -99.000 0.032
#54392.182983 g -99.000 0.029
54402.178080 r 17.760 0.009
54402.178914 i 17.211 0.011
54402.179747 u 20.835 0.249
54402.180580 z 16.962 0.018
54402.181414 g 19.012 0.020
