52196.280727 r 15.683 0.004
52196.281560 i 15.453 0.004
52196.282394 u 17.390 0.010
52196.283227 z 15.454 0.006
52196.284060 g 16.225 0.004
52197.293835 r 15.648 0.005
52197.294668 i 15.442 0.005
52197.295502 u 17.324 0.010
52197.296335 z 15.246 0.006
52197.297168 g 16.034 0.004
52225.143986 r 15.603 0.004
52225.144819 i 15.352 0.005
52225.145653 u 20.771 0.110
52225.146486 z 15.436 0.007
52225.147319 g 16.322 0.005
52231.179770 r 15.593 0.005
52231.180603 i 15.481 0.005
52231.181437 u 17.853 0.013
52231.182270 z 15.293 0.006
52231.183103 g 16.133 0.004
52557.287773 r 15.629 0.004
52557.288606 i 15.354 0.004
52557.289440 u 17.343 0.010
52557.290273 z 15.241 0.006
52557.291106 g 16.032 0.004
52578.183856 r 15.562 0.004
52578.184689 i 15.430 0.004
52578.185523 u 17.551 0.011
52578.186356 z 15.399 0.006
52578.187189 g 16.242 0.004
52908.262339 r 15.698 0.004
52908.263172 i 15.561 0.005
52908.264006 u 17.529 0.011
52908.264839 z 15.333 0.006
52908.265672 g 16.118 0.004
52911.276125 r 15.677 0.004
52911.276958 i 15.492 0.005
52911.277792 u 17.511 0.011
52911.278625 z 15.431 0.006
52911.279458 g 16.276 0.004
52930.153497 r 15.579 0.004
52930.154330 i 15.332 0.004
52930.155164 u 17.282 0.010
52930.155997 z 15.574 0.007
52930.156830 g 16.448 0.004
52934.194238 r 15.411 0.003
52934.195071 i 15.268 0.003
52934.195905 u 17.142 0.009
52934.196738 z 15.345 0.006
52934.197571 g 16.148 0.004
52936.190164 r 15.720 0.005
52936.190997 i 15.535 0.005
#52936.191831 u -99.000 0.011
52936.192664 z 15.339 0.006
52936.193497 g 16.150 0.004
52962.115686 r 15.698 0.004
52962.116519 i 15.420 0.004
52962.117353 u 17.398 0.010
52962.118186 z 15.445 0.006
52962.119019 g 16.126 0.004
53270.254277 r 15.539 0.037
53270.255111 i 15.421 0.038
53270.255944 u 17.527 0.030
53270.256777 z 15.326 0.044
53270.257611 g 16.250 0.040
53272.304171 r 15.434 0.004
53272.305004 i 15.668 0.005
53272.305838 u 17.304 0.011
53272.306671 z 15.337 0.006
53272.307504 g 16.127 0.004
53286.272888 r 15.740 0.004
53286.273721 i 15.774 0.004
53286.274555 u 17.380 0.011
53286.275388 z 15.354 0.006
53286.276221 g 16.254 0.004
53288.231379 r 15.693 0.005
53288.232212 i 15.511 0.005
53288.233046 u 17.301 0.010
53288.233879 z 15.296 0.006
53288.234712 g 16.064 0.004
53294.258692 r 15.661 0.057
53294.259526 i 15.477 0.071
53294.260359 u 17.224 0.037
53294.261192 z 15.355 0.061
53294.262026 g 15.921 0.019
53302.227045 r 15.611 0.004
53302.227878 i 15.470 0.004
53302.228712 u 17.412 0.013
53302.229545 z 15.269 0.006
53302.230378 g 16.156 0.004
53312.182627 r 15.511 0.032
53312.183460 i 15.604 0.045
53312.184293 u 17.401 0.024
53312.185127 z 15.402 0.071
53312.185960 g 15.926 0.023
53314.183775 r 15.674 0.004
53314.184608 i 15.493 0.004
53314.185442 u 17.374 0.010
53314.186275 z 15.500 0.006
53314.187108 g 16.046 0.003
53623.278351 r 15.643 0.005
53623.279184 i 15.496 0.005
53623.280018 u 17.345 0.012
53623.280851 z 15.298 0.006
53623.281684 g 16.135 0.004
53626.264565 r 15.641 0.004
53626.265398 i 15.438 0.005
53626.266232 u 17.431 0.011
53626.267065 z 15.346 0.006
53626.267898 g 16.289 0.004
53628.249430 r 15.767 0.004
53628.250263 i 15.490 0.004
53628.251097 u 17.422 0.014
53628.251930 z 15.300 0.006
53628.252763 g 16.314 0.004
53639.296422 r 15.651 0.004
53639.297255 i 15.470 0.005
53639.298089 u 17.441 0.011
53639.298922 z 15.369 0.006
53639.299755 g 16.261 0.004
53644.243491 r 15.662 0.045
53644.244324 i 15.517 0.066
53644.245157 u 17.432 0.027
53644.245991 z 15.351 0.038
53644.246824 g 16.178 0.045
53654.278114 r 15.601 0.004
53654.278947 i 15.280 0.004
53654.279781 u 17.241 0.010
53654.280614 z 15.357 0.006
53654.281447 g 16.106 0.004
53663.239017 r 15.655 0.005
53663.239850 i 15.356 0.005
53663.240684 u 17.491 0.013
53663.241517 z 15.259 0.006
53663.242350 g 16.193 0.005
#53665.216987 r -99.000 0.011
53665.217820 i 15.469 0.020
#53665.218654 u -99.000 0.080
53665.219487 z 15.419 0.041
53665.220320 g 16.061 0.018
53670.233470 r 15.595 0.004
53670.234303 i 15.441 0.004
53670.235137 u 17.393 0.010
53670.235970 z 15.427 0.006
53670.236803 g 16.200 0.004
53673.201455 r 15.945 0.004
53673.202288 i 15.700 0.004
53673.203122 u 17.487 0.011
53673.203955 z 15.439 0.006
53673.204788 g 16.262 0.004
53675.198343 r 15.877 0.004
53675.199176 i 15.405 0.003
53675.200010 u 17.159 0.010
53675.200843 z 15.660 0.007
53675.201676 g 16.109 0.003
53677.219374 r 15.608 0.004
53677.220207 i 15.622 0.005
53677.221041 u 17.629 0.012
53677.221874 z 15.435 0.007
53677.222707 g 16.129 0.005
53680.206039 r 15.891 0.004
53680.206872 i 15.603 0.004
53680.207706 u 17.416 0.011
53680.208539 z 15.390 0.006
53680.209372 g 16.093 0.004
53693.207939 r 15.655 0.004
53693.208772 i 15.449 0.004
53693.209606 u 17.603 0.016
53693.210439 z 15.602 0.007
53693.211272 g 16.499 0.004
53704.191262 r 15.654 0.004
53704.192095 i 15.560 0.004
53704.192929 u 17.481 0.012
53704.193762 z 15.561 0.007
53704.194595 g 16.325 0.004
53974.283924 r 15.648 0.077
53974.284758 i 15.479 0.034
53974.285591 u 17.530 0.034
53974.286424 z 15.374 0.065
53974.287258 g 16.229 0.052
53989.287343 r 15.683 0.050
53989.288177 i 15.468 0.049
53989.289010 u 17.410 0.027
53989.289843 z 15.385 0.056
53989.290677 g 16.183 0.043
#53997.382968 r -99.000 0.039
53997.383802 i 15.472 0.038
53997.384635 u 17.461 0.029
53997.385468 z 15.707 0.101
#53997.386302 g -99.000 0.054
54000.262733 r 15.854 0.044
54000.263566 i 15.301 0.025
54000.264399 u 17.454 0.027
54000.265233 z 15.654 0.052
54000.266066 g 15.978 0.027
54007.312920 r 15.780 0.049
54007.313753 i 15.756 0.048
#54007.314586 u -99.000 0.046
54007.315420 z 15.345 0.056
54007.316253 g 16.102 0.041
54009.236654 r 15.750 0.042
54009.237487 i 15.489 0.036
54009.238321 u 17.408 0.033
54009.239154 z 15.299 0.041
54009.239987 g 16.154 0.032
54011.301139 r 15.549 0.040
54011.301972 i 15.452 0.055
54011.302806 u 17.434 0.034
54011.303639 z 15.309 0.053
54011.304472 g 16.045 0.030
54019.251368 r 15.572 0.033
54019.252202 i 15.371 0.034
54019.253035 u 17.424 0.028
54019.253868 z 15.346 0.042
54019.254702 g 16.146 0.035
54029.230513 r 15.670 0.043
54029.231347 i 15.771 0.053
54029.232180 u 17.897 0.058
54029.233013 z 15.393 0.053
54029.233847 g 16.488 0.062
54348.297932 r 15.729 0.041
54348.298765 i 15.476 0.043
54348.299599 u 17.415 0.029
54348.300432 z 15.553 0.080
54348.301265 g 16.083 0.035
54358.253777 r 15.564 0.028
54358.254610 i 15.678 0.035
#54358.255443 u -99.000 0.022
54358.256277 z 15.329 0.037
54358.257110 g 16.378 0.071
54365.286779 r 15.730 0.035
#54365.287612 i -99.000 0.053
54365.288445 u 17.458 0.032
54365.289279 z 15.461 0.037
54365.290112 g 16.039 0.027
54373.360975 r 15.544 0.030
54373.361808 i 15.228 0.028
54373.362642 u 17.906 0.068
54373.363475 z 15.235 0.035
54373.364308 g 16.311 0.034
54381.306352 r 15.620 0.036
54381.307185 i 15.501 0.047
54381.308019 u 17.384 0.028
54381.308852 z 15.347 0.036
54381.309685 g 16.110 0.036
54386.298682 r 15.610 0.035
54386.299515 i 15.469 0.037
54386.300348 u 17.356 0.022
54386.301182 z 15.319 0.056
54386.302015 g 16.275 0.049
54388.302960 r 15.873 0.055
54388.303793 i 15.399 0.035
54388.304626 u 17.514 0.032
54388.305460 z 15.380 0.082
54388.306293 g 16.117 0.038
54403.216791 r 15.744 0.049
54403.217625 i 15.444 0.049
54403.218458 u 17.408 0.027
54403.219291 z 15.443 0.048
54403.220125 g 16.100 0.039
54404.274381 r 15.622 0.045
54404.275214 i 15.455 0.042
54404.276047 u 17.378 0.027
54404.276881 z 15.316 0.044
54404.277714 g 16.051 0.031
54405.272314 r 15.638 0.037
54405.273148 i 15.451 0.038
54405.273981 u 17.367 0.031
54405.274814 z 15.747 0.103
54405.275648 g 16.164 0.039
54406.210555 r 15.702 0.042
54406.211388 i 15.599 0.049
#54406.212221 u -99.000 0.025
54406.213055 z 15.621 0.083
54406.213888 g 16.225 0.049
54412.213496 r 15.655 0.040
54412.214329 i 15.427 0.033
54412.215162 u 17.541 0.037
54412.215996 z 15.902 0.081
54412.216829 g 16.039 0.026
