51081.276970 r 20.175 0.035
51081.277803 i 20.202 0.049
51081.278637 u 20.478 0.082
51081.279470 z 20.185 0.176
51081.280303 g 20.494 0.036
51467.372063 r 20.060 0.034
51467.372896 i 20.168 0.052
51467.373730 u 20.497 0.098
51467.374563 z 20.029 0.193
51467.375396 g 20.397 0.033
51819.348059 r 20.167 0.032
51819.348892 i 20.084 0.037
51819.349726 u 20.418 0.072
51819.350559 z 19.962 0.129
51819.351392 g 20.392 0.026
52558.313335 r 20.239 0.024
52558.314168 i 20.200 0.029
52558.315002 u 20.605 0.066
52558.315835 z 20.221 0.104
52558.316668 g 20.454 0.023
52577.200834 r 20.228 0.025
52577.201667 i 20.187 0.042
52577.202501 u 20.705 0.073
52577.203334 z 20.281 0.157
52577.204167 g 20.470 0.023
52586.204311 r 20.116 0.030
52586.205144 i 20.114 0.043
52586.205978 u 20.466 0.065
52586.206811 z 20.029 0.159
52586.207644 g 20.417 0.025
52910.284794 r 20.075 0.022
52910.285627 i 20.122 0.033
52910.286461 u 20.459 0.058
52910.287294 z 20.262 0.128
52910.288127 g 20.372 0.022
52931.214995 r 20.226 0.027
52931.215828 i 20.162 0.035
#52931.216662 u -99.000 0.066
52931.217495 z 20.111 0.130
52931.218328 g 20.474 0.028
52935.211959 r 20.272 0.030
52935.212792 i 20.157 0.034
52935.213626 u 20.588 0.070
52935.214459 z 20.087 0.129
52935.215292 g 20.469 0.024
52959.155287 r 20.199 0.022
52959.156120 i 20.155 0.029
52959.156954 u 20.541 0.056
52959.157787 z 20.120 0.097
52959.158620 g 20.499 0.022
52963.135031 r 20.229 0.021
52963.135864 i 20.235 0.028
#52963.136698 u -99.000 0.050
52963.137531 z 20.192 0.092
52963.138364 g 20.519 0.022
53313.205159 r 20.242 0.039
53313.205992 i 20.277 0.059
53313.206826 u 20.703 0.101
53313.207659 z 20.157 0.206
53313.208492 g 20.655 0.044
53352.106097 r 20.207 0.024
53352.106930 i 20.308 0.038
53352.107764 u 20.518 0.060
53352.108597 z 20.393 0.159
53352.109430 g 20.518 0.024
53622.314401 r 20.366 0.033
53622.315234 i 20.337 0.053
53622.316068 u 20.950 0.118
53622.316901 z 20.126 0.179
53622.317734 g 20.786 0.038
53634.263871 r 20.184 0.069
53634.264704 i 20.123 0.071
53634.265538 u 20.546 0.236
53634.266371 z 20.059 0.195
53634.267204 g 20.545 0.091
53636.269405 r 20.302 0.062
#53636.270238 i -99.000 0.152
53636.271072 u 20.518 0.227
53636.271905 z 20.216 0.186
53636.272738 g 20.739 0.073
53638.305206 r 20.381 0.031
53638.306039 i 20.282 0.038
53638.306873 u 20.858 0.108
53638.307706 z 20.499 0.162
53638.308539 g 20.733 0.035
#53640.269241 r -99.000 0.167
53640.270074 i 20.433 0.071
53640.270908 u 20.757 0.138
#53640.271741 z -99.000 0.177
53640.272574 g 20.680 0.042
53655.241411 r 20.342 0.076
53655.242244 i 20.252 0.088
53655.243078 u 20.969 0.303
#53655.243911 z -99.000 0.250
53655.244744 g 20.482 0.075
#53664.266368 r -99.000 0.081
53664.267201 i 19.990 0.075
53664.268035 u 20.700 0.214
53664.268868 z 20.428 0.197
53664.269701 g 20.690 0.065
53666.229972 r 20.335 0.031
53666.230805 i 20.330 0.042
53666.231639 u 20.704 0.088
53666.232472 z 20.510 0.174
53666.233305 g 20.736 0.036
53669.225610 r 20.250 0.025
53669.226443 i 20.267 0.035
53669.227277 u 20.674 0.067
53669.228110 z 20.416 0.147
53669.228943 g 20.598 0.024
53671.310385 r 20.316 0.039
53671.311218 i 20.300 0.054
53671.312052 u 20.754 0.130
53671.312885 z 20.226 0.185
53671.313718 g 20.694 0.041
53674.209846 r 20.347 0.030
53674.210679 i 20.361 0.042
53674.211513 u 20.651 0.080
53674.212346 z 20.327 0.141
53674.213179 g 20.656 0.029
53676.299328 r 20.385 0.031
53676.300161 i 20.285 0.034
53676.300995 u 20.783 0.100
53676.301828 z 20.538 0.196
53676.302661 g 20.713 0.031
53679.271217 r 20.281 0.035
53679.272050 i 20.267 0.049
#53679.272884 u -99.000 0.100
53679.273717 z 20.349 0.194
53679.274550 g 20.700 0.034
53681.262730 r 20.322 0.035
53681.263563 i 20.323 0.045
53681.264397 u 20.939 0.110
53681.265230 z 20.228 0.144
53681.266063 g 20.634 0.032
53694.235659 r 20.241 0.089
#53694.236492 i -99.000 0.093
53694.237326 u 20.453 0.263
#53694.238159 z -99.000 0.405
53694.238992 g 20.625 0.125
53697.219753 r 20.384 0.056
53697.220586 i 20.265 0.057
53697.221420 u 20.787 0.132
53697.222253 z 20.647 0.229
#53697.223086 g -99.000 0.043
53700.218712 r 20.292 0.030
53700.219545 i 20.266 0.042
53700.220379 u 20.589 0.083
53700.221212 z 20.472 0.181
53700.222045 g 20.674 0.031
53705.205382 r 20.268 0.027
53705.206215 i 20.300 0.036
53705.207049 u 20.690 0.088
53705.207882 z 20.215 0.114
53705.208715 g 20.616 0.030
53975.290375 r 20.148 0.034
53975.291208 i 20.127 0.036
53975.292041 u 20.367 0.059
53975.292875 z 19.986 0.124
53975.293708 g 20.392 0.029
53993.358305 r 20.121 0.027
53993.359138 i 20.086 0.036
53993.359972 u 20.436 0.089
53993.360805 z 20.292 0.154
53993.361638 g 20.442 0.031
53994.313387 r 20.132 0.025
53994.314220 i 20.153 0.030
53994.315054 u 20.569 0.061
53994.315887 z 20.306 0.131
53994.316720 g 20.384 0.024
53996.297213 r 20.161 0.028
53996.298047 i 20.093 0.033
53996.298880 u 20.739 0.081
53996.299713 z 20.217 0.126
53996.300547 g 20.493 0.024
53998.265781 r 20.194 0.020
53998.266615 i 20.158 0.027
53998.267448 u 20.513 0.057
53998.268281 z 20.353 0.109
53998.269115 g 20.446 0.036
54005.296016 r 20.082 0.021
54005.296849 i 20.091 0.028
#54005.297682 u -99.000 0.054
54005.298516 z 20.252 0.097
54005.299349 g 20.393 0.024
54010.251229 r 20.120 0.025
54010.252062 i 20.144 0.031
54010.252896 u 20.508 0.069
54010.253729 z 20.101 0.079
54010.254562 g 20.430 0.033
54012.244181 r 20.144 0.037
54012.245014 i 20.132 0.040
54012.245847 u 20.283 0.106
54012.246681 z 20.058 0.101
54012.247514 g 20.450 0.056
54020.250067 r 20.117 0.031
54020.250901 i 20.107 0.041
54020.251734 u 20.417 0.098
54020.252567 z 19.789 0.125
54020.253401 g 20.351 0.037
54024.331647 r 20.105 0.034
54024.332480 i 20.100 0.047
#54024.333313 u -99.000 0.091
54024.334147 z 20.043 0.169
54024.334980 g 20.399 0.034
54028.240463 r 20.157 0.028
54028.241297 i 20.076 0.036
54028.242130 u 20.377 0.061
54028.242963 z 20.386 0.156
54028.243797 g 20.417 0.023
54030.243621 r 20.089 0.022
54030.244454 i 20.146 0.028
54030.245287 u 20.445 0.062
54030.246121 z 20.095 0.092
54030.246954 g 20.429 0.027
54035.319537 r 20.207 0.042
54035.320370 i 20.162 0.053
54035.321203 u 20.610 0.119
54035.322037 z 20.080 0.181
54035.322870 g 20.445 0.036
54037.224890 r 20.205 0.030
54037.225723 i 20.099 0.036
54037.226556 u 20.448 0.067
54037.227390 z 19.865 0.103
54037.228223 g 20.481 0.029
54040.239323 r 20.179 0.045
54040.240157 i 20.111 0.047
#54040.240990 u -99.000 0.129
54040.241823 z 20.381 0.164
54040.242657 g 20.494 0.059
54047.269960 r 20.068 0.049
#54047.270793 i -99.000 0.091
#54047.271626 u -99.000 0.354
54047.272460 z 20.321 0.231
54047.273293 g 20.548 0.137
54049.265781 r 20.146 0.044
54049.266614 i 20.177 0.059
#54049.267448 u -99.000 0.220
54049.268281 z 19.674 0.116
54049.269114 g 20.448 0.061
54053.230107 r 20.159 0.026
54053.230940 i 20.157 0.035
54053.231774 u 20.641 0.073
54053.232607 z 20.009 0.109
54053.233440 g 20.513 0.028
54056.231811 r 20.207 0.049
54056.232644 i 20.186 0.053
#54056.233478 u -99.000 0.105
#54056.234311 z -99.000 0.214
#54056.235144 g -99.000 0.041
54059.226092 r 20.227 0.053
#54059.226925 i -99.000 0.077
54059.227758 u 20.497 0.119
54059.228592 z 20.016 0.236
54059.229425 g 20.470 0.040
54062.230991 r 20.133 0.037
54062.231824 i 20.131 0.052
54062.232658 u 20.607 0.100
54062.233491 z 20.114 0.196
54062.234324 g 20.427 0.031
54357.269287 r 20.049 0.024
54357.270120 i 20.096 0.030
54357.270953 u 20.271 0.054
54357.271787 z 19.844 0.082
#54357.272620 g -99.000 0.034
#54362.319146 r -99.000 0.059
#54362.319980 i -99.000 0.043
#54362.320813 u -99.000 3.589
#54362.321646 z -99.000 0.219
#54362.322480 g -99.000 0.073
54382.299292 r 20.050 0.038
54382.300125 i 20.002 0.054
54382.300959 u 20.285 0.074
54382.301792 z 20.180 0.163
54382.302625 g 20.216 0.041
54385.317116 r 20.117 0.026
54385.317949 i 20.089 0.028
#54385.318782 u -99.000 0.100
54385.319616 z 20.025 0.086
54385.320449 g 20.270 0.024
54387.317707 r 20.087 0.031
54387.318540 i 20.041 0.036
54387.319373 u 20.306 0.064
54387.320207 z 20.111 0.130
54387.321040 g 20.282 0.026
54392.312306 r 20.080 0.025
54392.313140 i 20.046 0.032
54392.313973 u 20.243 0.068
54392.314806 z 20.164 0.130
#54392.315640 g -99.000 0.027
54402.310795 r 20.080 0.044
54402.311628 i 20.104 0.047
54402.312462 u 20.114 0.145
54402.313295 z 19.895 0.111
54402.314128 g 20.271 0.053
