52172.232420 r 19.597 0.017
52172.233253 i 19.358 0.019
52172.234087 u 21.324 0.126
52172.234920 z 19.232 0.057
52172.235753 g 20.118 0.018
52930.082946 r 19.529 0.016
52930.083779 i 19.355 0.020
52930.084613 u 21.358 0.129
52930.085446 z 19.331 0.061
52930.086279 g 20.084 0.017
52931.083777 r 19.544 0.016
52931.084610 i 19.348 0.020
52931.085444 u 21.567 0.146
52931.086277 z 19.239 0.062
52931.087110 g 20.126 0.018
52935.080740 r 19.554 0.017
52935.081573 i 19.330 0.021
52935.082407 u 21.243 0.130
52935.083240 z 19.570 0.085
52935.084073 g 20.144 0.019
53313.073942 r 19.742 0.027
53313.074775 i 19.340 0.029
53313.075609 u 21.191 0.176
53313.076442 z 19.376 0.102
53313.077275 g 20.123 0.022
53622.183189 r 19.582 0.021
53622.184022 i 19.376 0.027
53622.184856 u 21.657 0.248
53622.185689 z 19.489 0.103
53622.186522 g 20.191 0.027
53625.179154 r 19.555 0.018
53625.179987 i 19.309 0.020
53625.180821 u 21.440 0.161
53625.181654 z 19.214 0.057
53625.182487 g 20.124 0.024
53634.132658 r 19.704 0.033
53634.133491 i 19.316 0.032
53634.134325 u 22.354 0.825
53634.135158 z 19.618 0.138
53634.135991 g 20.419 0.066
53636.138191 r 19.533 0.017
53636.139024 i 19.347 0.020
53636.139858 u 21.688 0.182
53636.140691 z 19.207 0.057
53636.141524 g 20.123 0.018
53645.197859 r 19.610 0.021
53645.198692 i 19.397 0.021
53645.199526 u 21.355 0.150
53645.200359 z 19.157 0.054
53645.201192 g 20.138 0.020
53655.110195 r 19.491 0.021
53655.111028 i 19.359 0.025
53655.111862 u 21.577 0.248
53655.112695 z 19.170 0.064
53655.113528 g 20.164 0.033
53664.135155 r 19.632 0.024
53664.135988 i 19.328 0.027
53664.136822 u 21.484 0.264
53664.137655 z 19.212 0.073
53664.138488 g 20.242 0.038
53666.098754 r 19.507 0.016
53666.099587 i 19.309 0.020
53666.100421 u 21.252 0.106
53666.101254 z 19.242 0.065
53666.102087 g 20.149 0.017
53669.094394 r 19.582 0.017
53669.095227 i 19.384 0.021
53669.096061 u 21.331 0.115
53669.096894 z 19.255 0.059
53669.097727 g 20.173 0.018
53674.078628 r 19.576 0.018
53674.079461 i 19.296 0.022
53674.080295 u 21.404 0.142
53674.081128 z 19.338 0.084
53674.081961 g 20.179 0.020
53681.131524 r 19.631 0.042
53681.132357 i 19.369 0.040
53681.133191 u 21.277 0.243
53681.134024 z 19.274 0.116
53681.134857 g 20.101 0.042
53685.090566 r 19.742 0.048
53685.091399 i 19.465 0.048
53685.092233 u 21.519 0.657
53685.093066 z 19.380 0.121
53685.093899 g 20.318 0.073
53687.128917 r 19.593 0.032
53687.129750 i 19.300 0.028
53687.130584 u 20.781 0.259
53687.131417 z 19.215 0.067
53687.132250 g 20.232 0.057
53697.088547 r 19.853 0.106
53697.089380 i 19.397 0.096
53697.090214 u 22.143 0.989
53697.091047 z 19.507 0.299
53697.091880 g 20.198 0.074
53700.087511 r 19.575 0.019
53700.088344 i 19.359 0.023
53700.089178 u 21.517 0.179
53700.090011 z 19.209 0.067
53700.090844 g 20.155 0.021
53705.074179 r 19.629 0.021
53705.075012 i 19.354 0.024
53705.075846 u 21.395 0.178
53705.076679 z 19.332 0.081
53705.077512 g 20.195 0.023
53975.159175 r 19.530 0.092
53975.160008 i 19.342 0.097
53975.160841 u 21.345 0.160
53975.161675 z 19.720 0.145
53975.162508 g 20.212 0.042
53994.154616 r 19.558 0.029
53994.155450 i 19.276 0.100
53994.156283 u 21.483 0.130
53994.157116 z 19.307 0.061
53994.157950 g 20.113 0.020
53998.134523 r 19.516 0.050
53998.135356 i 19.337 0.036
53998.136190 u 21.319 0.106
53998.137023 z 19.347 0.080
53998.137856 g 20.107 0.024
54005.171778 r 19.518 0.082
54005.172611 i 19.270 0.106
54005.173445 u 21.237 0.101
54005.174278 z 19.297 0.060
54005.175111 g 20.074 0.021
54010.120009 r 19.554 0.096
54010.120842 i 19.331 0.088
54010.121676 u 21.666 0.261
54010.122509 z 19.120 0.067
54010.123342 g 20.125 0.057
54012.112861 r 19.599 0.109
54012.113695 i 19.298 0.066
54012.114528 u 22.061 0.549
54012.115361 z 19.262 0.113
54012.116195 g 20.058 0.047
54020.118834 r 19.612 0.103
54020.119668 i 19.376 0.101
54020.120501 u 21.297 0.132
54020.121334 z 19.186 0.072
54020.122168 g 20.168 0.059
54022.168124 r 19.595 0.103
54022.168957 i 19.385 0.209
54022.169791 u 21.364 0.191
54022.170624 z 19.137 0.131
54022.171457 g 20.164 0.129
54028.109198 r 19.538 0.140
54028.110032 i 19.390 0.181
54028.110865 u 21.272 0.151
54028.111698 z 19.323 0.158
54028.112532 g 20.162 0.125
54030.112387 r 19.561 0.068
54030.113220 i 19.423 0.042
54030.114054 u 21.358 0.112
54030.114887 z 19.169 0.077
54030.115720 g 20.179 0.023
54032.101954 r 19.530 0.106
#54032.102787 i -99.000 0.118
54032.103621 u 20.999 0.151
#54032.104454 z -99.000 0.092
54032.105287 g 20.210 0.125
54037.093625 r 19.624 0.199
54037.094458 i 19.386 0.198
54037.095291 u 21.569 0.185
54037.096125 z 19.220 0.099
54037.096958 g 20.186 0.076
54040.108110 r 19.658 0.139
54040.108943 i 19.452 0.199
54040.109777 u 21.480 0.301
54040.110610 z 19.151 0.078
54040.111443 g 20.209 0.082
54050.092734 r 19.561 0.185
54050.093567 i 19.350 0.168
54050.094400 u 21.365 0.159
54050.095234 z 19.281 0.365
54050.096067 g 20.125 0.105
54053.098952 r 19.658 0.177
54053.099785 i 19.409 0.202
54053.100619 u 21.656 0.245
54053.101452 z 19.160 0.161
54053.102285 g 20.104 0.104
#54056.100584 r -99.000 0.162
#54056.101417 i -99.000 0.201
54056.102251 u 21.676 0.347
#54056.103084 z -99.000 0.206
#54056.103917 g -99.000 0.127
54057.069233 r 19.588 0.127
54057.070066 i 19.385 0.176
54057.070900 u 21.203 0.135
54057.071733 z 19.563 0.313
54057.072566 g 20.228 0.117
54059.094859 r 19.710 0.160
54059.095693 i 19.362 0.159
54059.096526 u 22.065 0.395
54059.097359 z 19.485 0.267
54059.098193 g 20.241 0.113
54061.105903 r 19.598 0.150
54061.106737 i 19.410 0.202
54061.107570 u 21.470 0.244
54061.108403 z 19.653 0.205
54061.109237 g 20.247 0.140
54062.099753 r 19.623 0.162
54062.100586 i 19.529 0.192
54062.101419 u 21.869 0.412
54062.102253 z 19.595 0.261
54062.103086 g 20.208 0.104
54068.089735 r 19.902 0.239
54068.090569 i 19.622 0.243
54068.091402 u 21.741 0.699
54068.092235 z 19.193 0.170
54068.093069 g 20.807 0.253
54357.138055 r 19.508 0.028
54357.138888 i 19.248 0.021
54357.139722 u 21.563 0.145
54357.140555 z 19.171 0.054
54357.141388 g 20.118 0.020
54365.135906 r 19.592 0.027
54365.136739 i 19.275 0.095
54365.137572 u 21.786 0.421
54365.138406 z 19.301 0.084
54365.139239 g 20.126 0.092
54385.185876 r 19.580 0.162
54385.186709 i 19.282 0.152
54385.187542 u 21.439 0.150
54385.188376 z 19.185 0.162
54385.189209 g 20.116 0.098
54387.186390 r 19.692 0.170
54387.187224 i 19.389 0.181
54387.188057 u 21.414 0.240
54387.188890 z 19.565 0.216
54387.189724 g 20.170 0.080
54390.189389 r 19.570 0.148
54390.190223 i 19.361 0.173
54390.191056 u 21.772 0.327
54390.191889 z 19.057 0.109
54390.192723 g 20.114 0.092
54402.179564 r 19.640 0.183
54402.180398 i 19.374 0.159
54402.181231 u 21.764 1.000
54402.182064 z 19.384 0.212
54402.182898 g 20.343 0.160
