51075.428928 r 18.501 0.008
51075.429761 i 17.409 0.007
51075.430595 u 21.818 0.169
51075.431428 z 16.690 0.010
51075.432261 g 19.963 0.018
52173.362932 r 18.511 0.009
52173.363765 i 17.368 0.007
52173.364599 u 21.828 0.188
52173.365432 z 16.692 0.010
52173.366265 g 19.909 0.018
52224.343081 r 18.572 0.009
52224.343914 i 17.344 0.007
52224.344748 u 21.816 0.145
52224.345581 z 16.962 0.011
52224.346414 g 20.900 0.033
52261.262945 r 18.516 0.009
52261.263778 i 17.348 0.007
52261.264612 u 22.576 0.295
52261.265445 z 16.661 0.009
52261.266278 g 19.913 0.017
52283.130319 r 18.262 0.009
52283.131152 i 17.213 0.006
52283.131986 u 22.293 0.381
52283.132819 z 16.588 0.011
52283.133652 g 19.418 0.015
52585.337822 r 18.523 0.009
52585.338655 i 17.363 0.007
52585.339489 u 22.055 0.155
52585.340322 z 16.681 0.009
52585.341155 g 19.925 0.015
52908.411061 r 18.527 0.009
52908.411894 i 17.344 0.007
52908.412728 u 21.693 0.160
52908.413561 z 16.680 0.009
52908.414394 g 19.848 0.016
52912.390500 r 18.530 0.009
52912.391333 i 17.355 0.007
52912.392167 u 22.375 0.276
52912.393000 z 16.761 0.010
52912.393833 g 19.878 0.016
52934.342969 r 18.522 0.009
52934.343802 i 17.397 0.007
52934.344636 u 22.033 0.197
52934.345469 z 16.676 0.009
52934.346302 g 19.930 0.017
52936.338894 r 18.537 0.009
52936.339727 i 17.367 0.007
52936.340561 u 22.129 0.197
52936.341394 z 16.647 0.009
52936.342227 g 19.957 0.017
53270.402950 r 18.493 0.012
53270.403783 i 17.325 0.015
53270.404617 u 22.055 0.174
53270.405450 z 16.680 0.012
53270.406283 g 19.902 0.021
53288.380105 r 18.554 0.009
53288.380938 i 17.390 0.007
53288.381772 u 21.851 0.173
53288.382605 z 16.653 0.009
53288.383438 g 19.978 0.017
53294.427775 r 18.689 0.013
53294.428608 i 17.348 0.006
#53294.429442 u 24.651 1.022
53294.430275 z 16.872 0.010
53294.431108 g 20.025 0.019
53296.374793 r 18.506 0.018
53296.375626 i 17.285 0.017
53296.376459 u 21.633 0.183
53296.377293 z 16.754 0.023
53296.378126 g 19.890 0.049
53298.424552 r 18.560 0.010
53298.425385 i 17.352 0.007
53298.426219 u 23.493 0.678
53298.427052 z 16.680 0.010
53298.427885 g 19.855 0.016
53302.375774 r 18.519 0.010
53302.376607 i 17.335 0.007
53302.377441 u 21.789 0.258
53302.378274 z 16.670 0.009
53302.379107 g 19.839 0.024
53314.332504 r 18.522 0.010
53314.333337 i 17.362 0.007
53314.334171 u 21.520 0.175
53314.335004 z 16.675 0.009
53314.335837 g 19.932 0.021
53628.398148 r 18.545 0.010
53628.398981 i 17.304 0.007
53628.399815 u 21.692 0.213
53628.400648 z 16.687 0.010
53628.401481 g 19.911 0.022
53639.445145 r 18.517 0.009
53639.445978 i 17.360 0.006
53639.446812 u 21.501 0.156
53639.447645 z 16.677 0.009
53639.448478 g 19.924 0.020
53657.403195 r 18.430 0.011
53657.404028 i 17.283 0.007
53657.404862 u 21.529 0.270
53657.405695 z 16.648 0.011
53657.406528 g 19.834 0.030
53668.377344 r 18.372 0.010
53668.378177 i 17.286 0.007
53668.379011 u 21.591 0.289
53668.379844 z 16.616 0.010
53668.380677 g 19.717 0.024
53670.382196 r 18.424 0.010
53670.383029 i 17.337 0.008
53670.383863 u 21.685 0.411
53670.384696 z 16.684 0.015
53670.385529 g 19.891 0.033
53675.347070 r 18.548 0.009
53675.347903 i 17.370 0.007
53675.348737 u 21.875 0.209
53675.349570 z 16.726 0.009
53675.350403 g 19.936 0.018
53680.354768 r 18.730 0.010
53680.355601 i 17.321 0.006
#53680.356435 u 24.616 1.148
53680.357268 z 17.636 0.017
53680.358101 g 25.117 0.767
53683.413317 r 18.500 0.025
53683.414150 i 17.167 0.013
53683.414984 u 21.718 0.487
53683.415817 z 16.571 0.017
53683.416650 g 19.712 0.026
53687.411582 r 18.435 0.015
53687.412415 i 17.261 0.008
#53687.413249 u 23.265 2.666
#53687.414082 z -99.000 0.012
53687.414915 g 19.815 0.086
53704.339979 r 18.369 0.009
53704.340812 i 17.208 0.006
53704.341646 u 21.339 0.164
53704.342479 z 16.630 0.010
53704.343312 g 19.717 0.019
54000.411455 r 18.458 0.016
54000.412288 i 17.250 0.015
54000.413122 u 22.041 0.224
54000.413955 z 16.675 0.019
54000.414788 g 19.794 0.033
54007.461626 r 18.462 0.020
54007.462459 i 17.312 0.013
#54007.463292 u 23.911 1.525
54007.464126 z 16.794 0.026
54007.464959 g 19.898 0.021
54009.385401 r 18.486 0.013
54009.386234 i 17.313 0.014
54009.387068 u 21.988 0.146
54009.387901 z 16.678 0.018
54009.388734 g 19.887 0.021
54011.449870 r 18.571 0.017
54011.450703 i 17.305 0.014
#54011.451537 u 100.007 99.999
54011.452370 z 16.768 0.019
54011.453203 g 20.398 0.089
54012.462709 r 18.539 0.017
54012.463542 i 17.299 0.016
54012.464376 u 21.769 0.188
54012.465209 z 16.773 0.019
54012.466042 g 19.831 0.027
54348.446654 r 18.478 0.016
54348.447487 i 17.280 0.022
#54348.448320 u -99.000 0.176
54348.449154 z 16.657 0.017
54348.449987 g 19.876 0.028
54358.402441 r 18.432 0.025
54358.403274 i 17.240 0.015
54358.404107 u 22.009 0.244
54358.404941 z 16.650 0.016
54358.405774 g 19.822 0.023
54365.435506 r 18.523 0.021
54365.436339 i 17.457 0.024
#54365.437172 u 23.912 1.146
54365.438006 z 17.390 0.083
54365.438839 g 19.898 0.041
54406.359290 r 18.553 0.014
54406.360123 i 17.355 0.017
54406.360956 u 22.197 1.000
54406.361790 z 16.628 0.018
54406.362623 g 19.879 0.023
