52075.326284 r 19.518 0.019
52075.327117 i 19.117 0.016
52075.327951 u 21.321 0.169
52075.328784 z 19.130 0.052
52075.329617 g 20.343 0.027
52197.134940 r 19.435 0.015
52197.135773 i 19.320 0.017
52197.136607 u 21.517 0.146
52197.137440 z 19.122 0.052
52197.138273 g 20.015 0.018
52557.172782 r 19.481 0.017
52557.173615 i 19.353 0.019
52557.174449 u 21.564 0.189
52557.175282 z 19.173 0.058
52557.176115 g 20.249 0.023
52578.068857 r 19.488 0.018
52578.069690 i 19.150 0.016
52578.070524 u 21.576 0.168
52578.071357 z 19.153 0.056
52578.072190 g 20.201 0.022
52929.099085 r 19.415 0.015
52929.099918 i 19.130 0.015
52929.100752 u 21.434 0.140
52929.101585 z 19.168 0.050
52929.102418 g 19.952 0.017
52934.079241 r 19.450 0.016
52934.080074 i 19.193 0.015
52934.080908 u 22.596 0.369
52934.081741 z 19.326 0.056
52934.082574 g 20.270 0.022
52936.075167 r 19.422 0.015
52936.076000 i 19.157 0.015
52936.076834 u 21.306 0.115
52936.077667 z 19.293 0.058
52936.078500 g 20.070 0.017
53270.139231 r 19.402 0.096
53270.140065 i 19.303 0.093
53270.140898 u 21.940 0.300
53270.141731 z 19.299 0.109
53270.142565 g 20.289 0.123
53272.189179 r 19.468 0.025
53272.190012 i 19.185 0.020
53272.190846 u 21.570 0.471
53272.191679 z 19.367 0.069
53272.192512 g 20.737 0.093
53288.116381 r 19.641 0.020
53288.117214 i 19.188 0.017
53288.118048 u 22.356 0.427
53288.118881 z 19.169 0.057
53288.119714 g 20.395 0.028
53302.112051 r 19.485 0.022
53302.112884 i 19.187 0.018
53302.113718 u 22.058 0.510
53302.114551 z 19.275 0.058
53302.115384 g 20.097 0.038
53312.067583 r 19.833 0.130
53312.068416 i 19.473 0.124
53312.069249 u 21.709 0.304
53312.070083 z 19.481 0.186
53312.070916 g 20.208 0.064
53314.068778 r 19.633 0.019
53314.069611 i 19.167 0.017
53314.070445 u 21.315 0.138
53314.071278 z 19.244 0.062
53314.072111 g 20.036 0.018
53622.186376 r 19.773 0.025
53622.187209 i 19.433 0.024
53622.188043 u 22.321 0.506
53622.188876 z 19.644 0.099
53622.189709 g 20.415 0.035
53623.163361 r 19.414 0.018
53623.164194 i 19.150 0.017
53623.165028 u 21.484 0.190
53623.165861 z 19.040 0.048
53623.166694 g 19.946 0.020
53626.149573 r 19.546 0.022
53626.150406 i 19.341 0.021
53626.151240 u 21.219 0.197
53626.152073 z 19.164 0.051
53626.152906 g 20.094 0.037
53637.136051 r 19.775 0.024
53637.136884 i 19.526 0.024
53637.137718 u 21.330 0.199
53637.138551 z 19.154 0.077
53637.139384 g 20.186 0.027
53644.128504 r 19.800 0.142
53644.129337 i 19.104 0.069
53644.130171 u 21.563 0.170
53644.131004 z 19.231 0.089
53644.131837 g 20.125 0.103
53654.163123 r 19.521 0.022
53654.163956 i 19.250 0.019
53654.164790 u 21.524 0.245
53654.165623 z 19.214 0.062
53654.166456 g 19.986 0.029
53665.101991 r 19.535 0.047
53665.102824 i 19.310 0.059
#53665.103658 u 22.071 1.214
53665.104491 z 19.621 0.281
53665.105324 g 20.130 0.054
53673.086458 r 19.700 0.022
53673.087291 i 19.199 0.018
53673.088125 u 21.225 0.155
53673.088958 z 19.375 0.081
53673.089791 g 20.876 0.041
53677.104380 r 19.478 0.016
53677.105213 i 19.181 0.015
53677.106047 u 21.676 0.179
53677.106880 z 19.471 0.076
53677.107713 g 20.399 0.027
53680.091045 r 19.498 0.016
53680.091878 i 19.172 0.014
53680.092712 u 21.625 0.175
53680.093545 z 19.319 0.052
53680.094378 g 20.211 0.022
53693.092950 r 19.654 0.024
53693.093783 i 19.256 0.019
53693.094617 u 21.480 0.226
53693.095450 z 19.480 0.075
#53693.096283 g -99.000 0.072
53703.097758 r 19.509 0.073
53703.098592 i 19.525 0.102
53703.099425 u 21.350 0.243
53703.100258 z 18.983 0.085
53703.101092 g 20.023 0.064
53704.076279 r 19.613 0.019
53704.077112 i 19.199 0.017
53704.077946 u 21.664 0.231
53704.078779 z 19.523 0.081
53704.079612 g 20.335 0.028
53974.164223 r 19.400 0.059
53974.165057 i 19.192 0.051
53974.165890 u 21.661 0.168
53974.166723 z 19.051 0.071
53974.167557 g 20.001 0.052
53989.153678 r 19.451 0.114
53989.154511 i 19.226 0.107
53989.155345 u 21.572 0.197
53989.156178 z 19.104 0.087
53989.157011 g 20.047 0.080
53995.161570 r 19.577 0.122
53995.162404 i 19.196 0.114
53995.163237 u 21.550 0.137
53995.164070 z 19.078 0.114
53995.164904 g 20.084 0.099
54005.111808 r 19.409 0.098
54005.112641 i 19.232 0.113
54005.113475 u 21.629 0.148
54005.114308 z 19.151 0.106
54005.115141 g 20.112 0.100
54005.174966 r 19.375 0.090
54005.175799 i 19.180 0.119
54005.176633 u 21.092 0.102
54005.177466 z 19.026 0.108
54005.178299 g 20.019 0.085
54007.124545 r 19.451 0.079
54007.125378 i 19.249 0.095
54007.126211 u 21.333 0.156
54007.127045 z 19.260 0.114
54007.127878 g 20.113 0.094
54009.121653 r 19.382 0.096
54009.122486 i 19.126 0.080
54009.123319 u 22.146 0.394
54009.124153 z 19.272 0.122
54009.124986 g 19.960 0.075
54011.186150 r 19.420 0.126
54011.186983 i 19.173 0.099
54011.187817 u 22.206 0.623
54011.188650 z 19.055 0.088
54011.189483 g 20.250 0.141
54019.136356 r 19.916 0.154
54019.137190 i 19.694 0.163
54019.138023 u 22.400 0.643
54019.138856 z 19.580 0.156
54019.139690 g 20.646 0.165
54025.185164 r 19.530 0.103
54025.185997 i 19.364 0.117
54025.186830 u 21.531 0.182
54025.187664 z 19.287 0.144
54025.188497 g 20.117 0.093
54029.115505 r 19.384 0.086
54029.116338 i 19.196 0.113
54029.117171 u 21.597 0.145
54029.118005 z 19.044 0.098
54029.118838 g 19.989 0.089
54358.138720 r 19.614 0.118
54358.139553 i 19.613 0.157
54358.140386 u 21.610 0.214
54358.141220 z 19.715 0.222
54358.142053 g 20.414 0.132
54373.170819 r 19.574 0.116
54373.171653 i 19.231 0.089
54373.172486 u 22.613 0.926
54373.173319 z 19.125 0.079
54373.174153 g 20.275 0.111
54383.186657 r 19.482 0.108
54383.187490 i 19.196 0.080
54383.188323 u 21.380 0.162
54383.189157 z 19.185 0.145
54383.189990 g 20.167 0.089
54386.183686 r 19.447 0.116
54386.184519 i 19.231 0.116
54386.185352 u 21.397 0.137
54386.186186 z 19.286 0.098
54386.187019 g 20.005 0.097
54403.101734 r 19.566 0.125
54403.102568 i 19.198 0.120
54403.103401 u 21.416 0.159
54403.104234 z 19.052 0.091
54403.105068 g 20.112 0.105
54406.095543 r 19.470 0.093
54406.096377 i 19.143 0.072
54406.097210 u 21.763 0.159
54406.098043 z 19.320 0.144
54406.098877 g 20.671 0.162
54412.098470 r 19.533 0.118
54412.099303 i 19.161 0.071
54412.100136 u 21.483 0.253
54412.100970 z 19.137 0.117
54412.101803 g 20.483 0.153
54415.136029 r 19.482 0.112
54415.136862 i 19.206 0.122
54415.137696 u 22.059 0.234
54415.138529 z 19.213 0.112
54415.139362 g 20.290 0.137
