51075.444774 r 18.584 0.009
51075.445607 i 18.194 0.010
51075.446441 u 19.662 0.033
51075.447274 z 18.085 0.032
51075.448107 g 19.038 0.010
51818.414423 r 18.524 0.009
51818.415256 i 18.162 0.009
51818.416090 u 19.484 0.033
51818.416923 z 18.057 0.027
51818.417756 g 18.973 0.009
52171.402515 r 18.545 0.009
52171.403348 i 18.164 0.009
52171.404182 u 19.660 0.037
52171.405015 z 18.021 0.025
52171.405848 g 19.036 0.010
52173.378794 r 18.551 0.009
52173.379627 i 18.171 0.010
52173.380461 u 19.597 0.040
52173.381294 z 18.024 0.030
52173.382127 g 19.019 0.010
52224.359023 r 18.644 0.010
52224.359856 i 18.132 0.009
#52224.360690 u -99.000 0.035
52224.361523 z 17.999 0.024
52224.362356 g 19.002 0.009
52234.315438 r 18.539 0.009
52234.316271 i 18.172 0.009
52234.317105 u 19.656 0.040
52234.317938 z 18.036 0.025
52234.318771 g 19.026 0.010
52261.278794 r 18.553 0.009
52261.279627 i 18.162 0.009
52261.280461 u 19.614 0.035
52261.281294 z 18.071 0.022
52261.282127 g 19.019 0.010
52283.146169 r 18.550 0.010
52283.147002 i 18.174 0.010
52283.147836 u 19.633 0.042
52283.148669 z 18.062 0.031
52283.149502 g 19.027 0.010
52287.159292 r 18.560 0.009
52287.160125 i 18.181 0.008
52287.160959 u 19.658 0.037
52287.161792 z 18.057 0.024
52287.162625 g 19.057 0.010
52552.477982 r 18.419 0.008
52552.478815 i 18.054 0.008
52552.479649 u 19.330 0.029
52552.480482 z 17.993 0.024
52552.481315 g 18.856 0.009
52557.452341 r 18.411 0.009
52557.453174 i 18.066 0.009
#52557.454008 u -99.000 0.034
52557.454841 z 17.935 0.025
52557.455674 g 18.858 0.009
52585.353671 r 18.479 0.009
52585.354504 i 18.045 0.009
52585.355338 u 19.397 0.032
52585.356171 z 17.953 0.024
52585.357004 g 18.835 0.009
52908.426910 r 18.321 0.008
52908.427743 i 17.970 0.008
52908.428577 u 19.266 0.028
52908.429410 z 17.850 0.022
52908.430243 g 18.749 0.008
52912.406349 r 18.327 0.008
52912.407182 i 17.976 0.008
#52912.408016 u -99.000 0.032
52912.408849 z 17.815 0.023
52912.409682 g 18.733 0.008
52934.358818 r 18.328 0.008
52934.359651 i 17.975 0.008
52934.360485 u 19.273 0.029
52934.361318 z 17.940 0.026
52934.362151 g 18.761 0.008
52936.354743 r 18.317 0.008
52936.355576 i 17.968 0.008
52936.356410 u 19.314 0.028
52936.357243 z 17.852 0.021
52936.358076 g 18.754 0.008
53270.418896 r 18.288 0.019
53270.419729 i 17.942 0.017
53270.420563 u 19.236 0.026
53270.421396 z 17.809 0.019
53270.422229 g 18.698 0.018
53272.468739 r 18.289 0.008
53272.469572 i 17.927 0.008
53272.470406 u 19.197 0.028
53272.471239 z 17.817 0.021
53272.472072 g 18.714 0.008
53286.437459 r 18.298 0.008
53286.438292 i 17.933 0.008
53286.439126 u 19.307 0.054
53286.439959 z 17.791 0.022
53286.440792 g 18.738 0.010
53288.395954 r 18.289 0.008
53288.396787 i 17.946 0.008
#53288.397621 u -99.000 0.030
53288.398454 z 17.815 0.021
53288.399287 g 18.703 0.008
53294.443626 r 18.297 0.008
53294.444459 i 17.930 0.008
53294.445293 u 19.250 0.035
53294.446126 z 17.763 0.024
53294.446959 g 18.690 0.008
53296.390646 r 18.281 0.018
53296.391480 i 17.956 0.019
#53296.392313 u -99.000 0.032
53296.393146 z 17.799 0.027
53296.393980 g 18.702 0.017
53298.440401 r 18.270 0.008
53298.441234 i 17.921 0.008
53298.442068 u 19.270 0.031
53298.442901 z 17.839 0.024
53298.443734 g 18.693 0.008
53312.347163 r 18.405 0.017
53312.347997 i 17.930 0.015
53312.348830 u 19.225 0.035
53312.349663 z 17.873 0.025
53312.350497 g 18.728 0.021
53314.348354 r 18.283 0.008
53314.349187 i 17.929 0.008
53314.350021 u 19.264 0.032
53314.350854 z 17.907 0.023
53314.351687 g 18.707 0.009
53319.336151 r 18.273 0.009
53319.336984 i 17.929 0.008
53319.337818 u 19.203 0.035
53319.338651 z 17.805 0.026
53319.339484 g 18.684 0.009
53616.452704 r 18.319 0.008
53616.453537 i 17.990 0.008
53616.454371 u 19.333 0.032
53616.455204 z 17.869 0.024
53616.456037 g 18.753 0.008
#53626.429132 r -99.000 0.048
#53626.429965 i -99.000 0.009
#53626.430799 u -99.000 0.039
#53626.431632 z -99.000 0.026
#53626.432465 g -99.000 0.019
53628.413996 r 18.314 0.008
53628.414829 i 17.976 0.009
53628.415663 u 19.337 0.034
53628.416496 z 17.855 0.028
53628.417329 g 18.736 0.008
53639.460993 r 18.335 0.008
53639.461826 i 17.969 0.008
53639.462660 u 19.294 0.036
53639.463493 z 17.843 0.021
53639.464326 g 18.722 0.009
53641.460158 r 18.329 0.009
53641.460991 i 17.954 0.009
53641.461825 u 19.201 0.035
53641.462658 z 17.892 0.026
53641.463491 g 18.745 0.009
53657.419043 r 18.333 0.009
53657.419876 i 17.955 0.009
53657.420710 u 19.345 0.039
53657.421543 z 17.875 0.028
53657.422376 g 18.729 0.009
53663.403591 r 18.328 0.012
53663.404424 i 17.979 0.010
53663.405258 u 19.320 0.057
53663.406091 z 17.840 0.022
#53663.406924 g -99.000 0.015
53665.381564 r 18.330 0.010
53665.382397 i 18.009 0.013
53665.383231 u 19.332 0.047
53665.384064 z 17.856 0.026
53665.384897 g 18.754 0.012
53666.473672 r 18.350 0.009
53666.474505 i 17.975 0.009
53666.475339 u 19.260 0.047
53666.476172 z 17.874 0.023
53666.477005 g 18.781 0.012
53668.393193 r 18.345 0.009
53668.394026 i 17.970 0.009
53668.394860 u 19.349 0.046
53668.395693 z 17.871 0.027
53668.396526 g 18.758 0.011
53669.480798 r 18.344 0.010
53669.481631 i 17.976 0.010
53669.482465 u 19.300 0.055
53669.483298 z 17.856 0.028
53669.484131 g 18.765 0.012
53670.398045 r 18.329 0.009
53670.398878 i 17.984 0.009
53670.399712 u 19.281 0.042
53670.400545 z 17.897 0.031
53670.401378 g 18.774 0.010
53673.366032 r 18.344 0.008
53673.366865 i 17.979 0.008
53673.367699 u 19.314 0.030
53673.368532 z 17.904 0.021
53673.369365 g 18.777 0.008
53675.362920 r 18.340 0.008
53675.363753 i 17.962 0.008
53675.364587 u 19.277 0.032
53675.365420 z 17.873 0.026
53675.366253 g 18.754 0.008
53676.482561 r 18.322 0.021
53676.483394 i 18.003 0.018
#53676.484228 u -99.000 0.116
53676.485061 z 17.821 0.075
53676.485894 g 18.795 0.028
53680.370617 r 18.332 0.008
53680.371450 i 17.985 0.008
53680.372284 u 19.325 0.031
53680.373117 z 17.885 0.021
53680.373950 g 18.775 0.009
53683.429164 r 18.381 0.021
53683.429997 i 18.011 0.020
53683.430831 u 19.333 0.081
53683.431664 z 17.959 0.054
53683.432497 g 18.783 0.013
53686.370048 r 18.326 0.010
53686.370881 i 17.985 0.009
53686.371715 u 19.363 0.048
53686.372548 z 17.892 0.024
53686.373381 g 18.777 0.013
53693.372506 r 18.333 0.013
53693.373339 i 17.975 0.011
53693.374173 u 19.325 0.077
53693.375006 z 17.884 0.028
53693.375839 g 18.774 0.019
53699.393341 r 18.341 0.009
53699.394174 i 17.984 0.008
53699.395008 u 19.339 0.043
53699.395841 z 17.870 0.023
53699.396674 g 18.782 0.010
53704.355827 r 18.330 0.008
53704.356660 i 17.987 0.008
53704.357494 u 19.344 0.038
53704.358327 z 17.874 0.026
53704.359160 g 18.783 0.009
53989.452041 r 18.338 0.015
53989.452874 i 18.002 0.014
53989.453708 u 19.379 0.053
53989.454541 z 17.865 0.024
53989.455374 g 18.775 0.026
54000.427300 r 18.329 0.016
54000.428133 i 17.958 0.018
54000.428967 u 19.360 0.034
54000.429800 z 17.815 0.032
#54000.430633 g -99.000 0.034
54007.477461 r 18.340 0.013
54007.478294 i 17.998 0.014
54007.479128 u 19.363 0.036
54007.479961 z 17.910 0.023
54007.480794 g 18.769 0.013
54009.401224 r 18.332 0.019
54009.402058 i 17.966 0.012
54009.402891 u 19.361 0.028
54009.403724 z 17.894 0.022
54009.404558 g 18.787 0.015
54011.465839 r 18.344 0.015
54011.466673 i 17.972 0.014
54011.467506 u 19.336 0.030
54011.468339 z 17.822 0.025
54011.469173 g 18.796 0.016
54012.478547 r 18.361 0.020
54012.479380 i 17.990 0.019
54012.480214 u 19.374 0.034
54012.481047 z 17.848 0.029
54012.481880 g 18.790 0.027
54019.460768 r 18.335 0.014
54019.461602 i 18.006 0.013
#54019.462435 u -99.000 0.047
54019.463268 z 17.837 0.028
54019.464102 g 18.808 0.014
54025.464776 r 18.345 0.013
54025.465609 i 17.986 0.013
54025.466443 u 19.453 0.037
54025.467276 z 17.911 0.026
54025.468109 g 18.824 0.016
54346.458503 r 18.360 0.018
54346.459337 i 17.996 0.016
54346.460170 u 19.365 0.050
54346.461003 z 17.938 0.026
54346.461837 g 18.871 0.020
54348.462479 r 18.395 0.016
54348.463312 i 18.020 0.017
54348.464146 u 19.437 0.042
54348.464979 z 17.915 0.026
54348.465812 g 18.839 0.022
54358.418301 r 18.383 0.017
54358.419134 i 18.012 0.018
54358.419967 u 19.430 0.040
54358.420801 z 17.900 0.027
54358.421634 g 18.826 0.020
54365.451351 r 18.369 0.015
54365.452185 i 18.002 0.012
54365.453018 u 19.402 0.032
54365.453851 z 17.872 0.024
54365.454685 g 18.835 0.020
54381.471041 r 18.384 0.020
54381.471874 i 18.025 0.019
54381.472707 u 19.457 0.041
54381.473541 z 17.900 0.026
54381.474374 g 18.833 0.017
54386.463225 r 18.355 0.013
54386.464058 i 18.050 0.017
54386.464892 u 19.420 0.035
54386.465725 z 17.886 0.020
54386.466558 g 18.814 0.016
54388.467593 r 18.388 0.020
54388.468427 i 18.015 0.019
54388.469260 u 19.358 0.036
54388.470093 z 17.919 0.027
54388.470927 g 18.821 0.030
54392.465058 r 18.363 0.017
54392.465891 i 18.004 0.020
54392.466724 u 19.358 0.040
54392.467558 z 17.865 0.027
54392.468391 g 18.837 0.031
54403.381306 r 18.361 0.014
54403.382139 i 17.992 0.015
54403.382973 u 19.335 0.049
54403.383806 z 17.850 0.030
#54403.384639 g -99.000 0.022
#54404.438941 r -99.000 0.132
#54404.439774 i -99.000 0.067
#54404.440607 u -99.000 0.145
54404.441441 z 17.978 0.039
#54404.442274 g -99.000 0.018
54406.375116 r 18.382 0.013
54406.375949 i 18.016 0.017
54406.376782 u 19.407 0.034
54406.377616 z 17.890 0.024
54406.378449 g 18.826 0.023
54409.379972 r 18.361 0.016
54409.380805 i 18.005 0.016
54409.381639 u 19.450 0.039
54409.382472 z 17.897 0.022
54409.383305 g 18.831 0.014
54412.400890 r 18.391 0.020
54412.401723 i 17.996 0.018
54412.402556 u 19.408 0.053
54412.403390 z 17.866 0.035
54412.404223 g 18.820 0.020
