51075.288567 r 16.928 0.005
51075.289400 i 16.503 0.005
51075.290234 u 20.782 0.084
51075.291067 z 16.270 0.008
51075.291900 g 18.088 0.006
51081.272248 r 16.921 0.004
51081.273081 i 16.512 0.004
51081.273915 u 20.842 0.104
51081.274748 z 16.265 0.008
51081.275581 g 18.083 0.006
51467.367408 r 16.908 0.004
51467.368241 i 16.494 0.004
51467.369075 u 20.536 0.112
51467.369908 z 16.245 0.009
51467.370741 g 18.068 0.007
51819.343437 r 16.915 0.005
51819.344270 i 16.495 0.005
51819.345104 u 20.620 0.079
51819.345937 z 16.248 0.008
51819.346770 g 18.067 0.007
52558.308693 r 16.922 0.005
52558.309526 i 16.430 0.005
52558.310360 u 20.659 0.071
52558.311193 z 16.258 0.008
52558.312026 g 18.071 0.006
52577.196191 r 16.927 0.004
52577.197024 i 16.497 0.005
52577.197858 u 20.701 0.083
52577.198691 z 16.302 0.009
52577.199524 g 18.064 0.006
52586.199670 r 16.926 0.004
52586.200503 i 16.496 0.004
52586.201337 u 20.669 0.083
52586.202170 z 16.256 0.008
52586.203003 g 18.053 0.006
52910.280152 r 16.918 0.005
52910.280985 i 16.496 0.005
52910.281819 u 20.639 0.062
52910.282652 z 16.261 0.008
52910.283485 g 18.056 0.006
52931.210353 r 16.921 0.005
52931.211186 i 16.497 0.005
52931.212020 u 20.664 0.074
52931.212853 z 16.259 0.008
52931.213686 g 18.056 0.006
52935.207318 r 16.926 0.005
52935.208151 i 16.488 0.005
52935.208985 u 20.537 0.067
52935.209818 z 16.236 0.008
52935.210651 g 18.057 0.006
52959.150644 r 16.922 0.006
52959.151477 i 16.481 0.005
52959.152311 u 20.710 0.064
52959.153144 z 16.251 0.008
52959.153977 g 18.040 0.006
52963.130389 r 16.914 0.006
52963.131222 i 16.480 0.006
52963.132056 u 20.629 0.056
52963.132889 z 16.262 0.008
52963.133722 g 18.054 0.007
53313.200518 r 16.925 0.004
53313.201351 i 16.489 0.004
53313.202185 u 20.901 0.122
53313.203018 z 16.298 0.009
53313.203851 g 18.062 0.006
53352.101455 r 16.922 0.005
53352.102288 i 16.501 0.006
53352.103122 u 20.574 0.062
53352.103955 z 16.275 0.008
53352.104788 g 18.090 0.006
53622.309758 r 16.937 0.005
53622.310591 i 16.505 0.005
53622.311425 u 20.586 0.089
53622.312258 z 16.252 0.009
53622.313091 g 18.044 0.006
53634.259229 r 16.922 0.005
53634.260062 i 16.515 0.005
53634.260896 u 20.793 0.296
53634.261729 z 16.260 0.009
53634.262562 g 18.086 0.011
53636.264763 r 16.913 0.006
53636.265596 i 16.510 0.008
53636.266430 u 20.509 0.222
53636.267263 z 16.313 0.015
53636.268096 g 18.090 0.012
53638.300564 r 16.919 0.005
53638.301397 i 16.493 0.005
53638.302231 u 20.593 0.081
53638.303064 z 16.248 0.008
53638.303897 g 18.049 0.007
53655.236769 r 16.919 0.005
53655.237602 i 16.531 0.005
53655.238436 u 20.323 0.158
53655.239269 z 16.249 0.010
53655.240102 g 18.073 0.010
53664.261726 r 16.920 0.005
53664.262559 i 16.479 0.005
53664.263393 u 20.413 0.167
53664.264226 z 16.264 0.012
53664.265059 g 18.052 0.012
53666.225330 r 16.911 0.005
53666.226163 i 16.513 0.005
53666.226997 u 20.644 0.090
53666.227830 z 16.263 0.008
53666.228663 g 18.076 0.007
53669.220968 r 16.905 0.005
53669.221801 i 16.394 0.005
53669.222635 u 20.716 0.067
53669.223468 z 16.257 0.008
53669.224301 g 18.058 0.006
53671.305744 r 16.916 0.005
53671.306577 i 16.501 0.005
53671.307411 u 20.376 0.099
53671.308244 z 16.269 0.009
53671.309077 g 18.090 0.007
53674.205203 r 16.929 0.004
53674.206036 i 16.506 0.004
53674.206870 u 20.599 0.078
53674.207703 z 16.259 0.008
53674.208536 g 18.052 0.006
53676.294687 r 16.927 0.005
53676.295520 i 16.499 0.005
53676.296354 u 20.591 0.092
53676.297187 z 16.248 0.008
53676.298020 g 18.051 0.006
53679.266575 r 16.920 0.004
53679.267408 i 16.504 0.005
53679.268242 u 20.514 0.085
53679.269075 z 16.260 0.008
53679.269908 g 18.052 0.006
53681.258088 r 16.921 0.006
53681.258921 i 16.541 0.006
53681.259755 u 20.570 0.080
53681.260588 z 16.263 0.009
53681.261421 g 18.067 0.007
53685.217139 r 17.533 0.013
#53685.217972 i -99.000 0.027
53685.218806 u 20.558 0.340
53685.219639 z 16.881 0.021
53685.220472 g 18.636 0.027
53685.217139 r 17.596 0.016
#53685.217972 i -99.000 0.008
#53685.218806 u 24.477 7.036
53685.219639 z 17.026 0.029
53685.220472 g 18.630 0.032
53694.231018 r 16.916 0.006
53694.231851 i 16.470 0.005
53694.232685 u 20.985 0.552
53694.233518 z 16.244 0.011
53694.234351 g 18.014 0.014
53697.215111 r 16.922 0.006
53697.215944 i 16.483 0.006
53697.216778 u 20.527 0.150
53697.217611 z 16.261 0.011
53697.218444 g 18.070 0.008
53700.214071 r 16.925 0.004
53700.214904 i 16.491 0.005
53700.215738 u 20.630 0.086
53700.216571 z 16.263 0.008
53700.217404 g 18.044 0.006
53705.200740 r 16.923 0.005
53705.201573 i 16.517 0.004
53705.202407 u 20.740 0.093
53705.203240 z 16.249 0.008
53705.204073 g 18.061 0.006
53975.285752 r 16.930 0.019
53975.286585 i 16.539 0.016
53975.287418 u 20.714 0.098
53975.288252 z 16.309 0.018
53975.289085 g 18.088 0.024
#53993.353552 r -99.000 0.018
53993.354386 i 16.490 0.021
53993.355219 u 20.493 0.083
53993.356052 z 16.248 0.012
53993.356886 g 18.075 0.012
53994.308733 r 16.928 0.014
53994.309566 i 16.511 0.019
53994.310400 u 20.559 0.058
53994.311233 z 16.259 0.016
53994.312066 g 18.085 0.014
53996.292517 r 16.902 0.024
53996.293350 i 16.530 0.015
53996.294183 u 20.510 0.074
53996.295017 z 16.234 0.030
53996.295850 g 18.060 0.034
53998.261095 r 16.879 0.014
53998.261929 i 16.463 0.014
53998.262762 u 20.572 0.057
53998.263595 z 16.259 0.012
53998.264429 g 18.064 0.020
54005.291379 r 16.915 0.012
54005.292212 i 16.443 0.019
54005.293045 u 20.496 0.055
54005.293879 z 16.238 0.018
54005.294712 g 18.076 0.014
54010.246585 r 16.912 0.011
54010.247418 i 16.508 0.021
54010.248252 u 20.653 0.078
54010.249085 z 16.294 0.021
54010.249918 g 18.045 0.013
54012.239427 r 16.916 0.011
54012.240260 i 16.496 0.013
54012.241093 u 20.621 0.144
54012.241927 z 16.275 0.022
54012.242760 g 18.033 0.018
54020.245397 r 16.920 0.013
54020.246230 i 16.479 0.015
54020.247064 u 20.360 0.096
54020.247897 z 16.246 0.014
54020.248730 g 18.052 0.021
54024.327000 r 16.913 0.012
54024.327833 i 16.503 0.011
54024.328667 u 20.599 0.100
54024.329500 z 16.260 0.014
54024.330333 g 18.064 0.013
54028.235792 r 16.941 0.021
54028.236626 i 16.552 0.018
54028.237459 u 20.738 0.075
54028.238292 z 16.240 0.020
54028.239126 g 18.054 0.013
54030.238990 r 16.912 0.010
54030.239823 i 16.495 0.017
54030.240656 u 20.589 0.062
54030.241490 z 16.263 0.017
54030.242323 g 18.064 0.018
54035.314723 r 16.938 0.016
54035.315556 i 16.486 0.020
54035.316389 u 20.574 0.108
54035.317223 z 16.262 0.012
54035.318056 g 18.097 0.016
54037.220268 r 16.926 0.016
54037.221102 i 16.499 0.013
54037.221935 u 20.745 0.076
54037.222768 z 16.266 0.016
54037.223602 g 18.060 0.013
54040.234700 r 16.918 0.014
54040.235533 i 16.445 0.009
54040.236367 u 20.564 0.134
54040.237200 z 16.259 0.015
54040.238033 g 18.062 0.016
54047.265287 r 16.925 0.023
54047.266121 i 16.526 0.039
54047.266954 u 21.150 0.528
54047.267787 z 16.265 0.016
54047.268621 g 18.023 0.014
54049.261161 r 16.914 0.014
54049.261994 i 16.516 0.012
54049.262827 u 20.594 0.168
54049.263661 z 16.292 0.018
54049.264494 g 18.023 0.017
54053.225481 r 16.927 0.010
54053.226314 i 16.794 0.032
#54053.227147 u -99.000 0.077
54053.227981 z 16.262 0.013
54053.228814 g 18.038 0.016
54056.227145 r 16.942 0.016
#54056.227979 i -99.000 0.044
54056.228812 u 20.326 0.100
54056.229645 z 16.256 0.038
#54056.230479 g -99.000 0.028
54059.221424 r 16.944 0.015
#54059.222258 i -99.000 0.050
54059.223091 u 20.632 0.131
54059.223924 z 16.276 0.028
54059.224758 g 18.030 0.070
54062.226349 r 16.929 0.021
54062.227183 i 16.527 0.015
54062.228016 u 20.621 0.114
54062.228849 z 16.272 0.021
54062.229683 g 18.052 0.023
54357.264618 r 16.907 0.017
54357.265452 i 16.519 0.015
54357.266285 u 20.788 0.089
54357.267118 z 16.257 0.014
54357.267952 g 18.051 0.024
#54362.314536 r -99.000 0.017
#54362.315370 i -99.000 0.019
54362.316203 u 20.277 0.102
#54362.317036 z -99.000 0.034
#54362.317870 g -99.000 0.031
54382.294637 r 16.910 0.023
54382.295470 i 16.489 0.016
54382.296304 u 20.779 0.114
54382.297137 z 16.256 0.023
54382.297970 g 18.052 0.018
54385.312445 r 16.911 0.023
54385.313278 i 16.533 0.013
54385.314112 u 20.556 0.066
54385.314945 z 16.245 0.016
54385.315778 g 18.038 0.012
54387.312954 r 16.933 0.017
54387.313787 i 16.496 0.012
54387.314621 u 20.430 0.083
54387.315454 z 16.214 0.026
#54387.316287 g -99.000 0.024
54392.307678 r 16.888 0.017
54392.308512 i 16.489 0.020
54392.309345 u 20.688 0.101
54392.310178 z 16.253 0.019
54392.311012 g 18.050 0.025
54402.306116 r 16.935 0.018
54402.306950 i 16.461 0.014
54402.307783 u 20.317 0.166
54402.308616 z 16.263 0.022
54402.309450 g 18.016 0.024
