51075.275398 r 20.293 0.030
51075.276231 i 20.283 0.048
51075.277065 u 20.906 0.094
51075.277898 z 20.052 0.178
51075.278731 g 20.487 0.028
51464.263328 r 19.797 0.024
51464.264161 i 19.880 0.035
51464.264995 u 20.255 0.063
51464.265828 z 19.684 0.113
51464.266661 g 20.130 0.025
52196.275943 r 20.119 0.026
52196.276776 i 20.186 0.041
52196.277610 u 20.629 0.074
52196.278443 z 19.847 0.120
52196.279276 g 20.417 0.026
52197.289010 r 20.214 0.024
52197.289843 i 20.237 0.033
52197.290677 u 20.711 0.069
52197.291510 z 20.311 0.128
52197.292343 g 20.446 0.022
52225.139211 r 20.233 0.026
52225.140044 i 20.256 0.036
52225.140878 u 20.754 0.069
52225.141711 z 20.118 0.116
52225.142544 g 20.499 0.023
52231.174995 r 20.262 0.025
52231.175828 i 20.247 0.031
52231.176662 u 20.865 0.075
52231.177495 z 20.063 0.098
52231.178328 g 20.544 0.027
52253.161168 r 20.196 0.034
52253.162001 i 20.290 0.048
52253.162835 u 20.731 0.114
52253.163668 z 20.103 0.163
52253.164501 g 20.593 0.039
52557.282999 r 20.411 0.034
52557.283832 i 20.412 0.047
52557.284666 u 21.072 0.116
52557.285499 z 20.055 0.132
52557.286332 g 20.678 0.032
52578.179080 r 20.420 0.030
52578.179913 i 20.367 0.041
52578.180747 u 21.243 0.110
52578.181580 z 20.094 0.119
52578.182413 g 20.792 0.028
52908.257564 r 20.249 0.029
52908.258397 i 20.252 0.041
52908.259231 u 20.497 0.066
52908.260064 z 20.153 0.135
52908.260897 g 20.474 0.025
52911.271350 r 20.202 0.026
52911.272183 i 20.190 0.037
52911.273017 u 20.590 0.068
52911.273850 z 20.152 0.137
52911.274683 g 20.454 0.025
52930.148723 r 20.235 0.024
52930.149556 i 20.163 0.030
52930.150390 u 20.415 0.057
52930.151223 z 20.009 0.102
52930.152056 g 20.389 0.022
52934.189463 r 20.141 0.030
52934.190296 i 20.127 0.040
52934.191130 u 20.531 0.082
52934.191963 z 20.071 0.135
52934.192796 g 20.380 0.026
52936.185390 r 20.128 0.024
52936.186223 i 20.159 0.032
52936.187057 u 20.615 0.065
52936.187890 z 20.051 0.105
52936.188723 g 20.365 0.021
52962.110911 r 20.047 0.024
52962.111744 i 20.072 0.033
52962.112578 u 20.443 0.058
52962.113411 z 20.008 0.118
52962.114244 g 20.304 0.024
53270.249494 r 20.445 0.032
53270.250327 i 20.284 0.036
53270.251160 u 20.978 0.083
53270.251994 z 20.252 0.126
53270.252827 g 20.680 0.033
53272.299396 r 20.312 0.042
53272.300229 i 20.337 0.054
53272.301063 u 20.862 0.143
53272.301896 z 19.960 0.134
53272.302729 g 20.731 0.062
53286.268114 r 20.398 0.042
53286.268947 i 20.398 0.061
53286.269781 u 21.197 0.180
53286.270614 z 20.099 0.139
53286.271447 g 20.680 0.036
53288.226602 r 20.379 0.025
53288.227435 i 20.291 0.031
53288.228269 u 20.858 0.079
53288.229102 z 20.159 0.099
53288.229935 g 20.725 0.027
53294.254013 r 20.426 0.043
53294.254846 i 20.389 0.051
53294.255679 u 21.094 0.114
53294.256513 z 20.040 0.146
53294.257346 g 20.750 0.038
53302.222272 r 20.368 0.073
53302.223105 i 20.206 0.072
#53302.223939 u -99.000 0.352
53302.224772 z 20.041 0.154
53302.225605 g 20.813 0.105
53312.177810 r 20.403 0.035
53312.178643 i 20.489 0.051
53312.179476 u 21.190 0.114
53312.180310 z 20.222 0.150
53312.181143 g 20.719 0.032
53314.178999 r 20.469 0.035
53314.179832 i 20.455 0.047
53314.180666 u 21.011 0.094
53314.181499 z 20.188 0.151
53314.182332 g 20.745 0.030
53616.283367 r 20.211 0.032
53616.284200 i 20.218 0.046
53616.285034 u 20.641 0.166
#53616.285867 z -99.000 0.206
53616.286700 g 20.433 0.031
53623.273579 r 20.208 0.031
53623.274412 i 20.171 0.038
53623.275246 u 20.599 0.079
53623.276079 z 19.874 0.105
53623.276912 g 20.488 0.029
53626.259791 r 20.187 0.033
53626.260624 i 20.214 0.042
53626.261458 u 20.838 0.116
53626.262291 z 19.981 0.113
53626.263124 g 20.464 0.038
53628.244656 r 20.302 0.051
53628.245489 i 20.240 0.055
53628.246323 u 20.611 0.180
53628.247156 z 20.063 0.151
53628.247989 g 20.482 0.071
53639.291636 r 20.303 0.026
53639.292469 i 20.261 0.033
53639.293303 u 20.787 0.081
53639.294136 z 20.140 0.116
53639.294969 g 20.557 0.029
53644.238750 r 20.294 0.023
53644.239584 i 20.274 0.031
53644.240417 u 20.697 0.060
53644.241250 z 20.082 0.080
53644.242084 g 20.563 0.033
53654.273341 r 20.233 0.028
53654.274174 i 20.234 0.038
53654.275008 u 20.852 0.090
53654.275841 z 20.056 0.123
53654.276674 g 20.528 0.025
53656.220935 r 20.105 0.080
53656.221768 i 19.979 0.085
53656.222602 u 21.684 0.707
53656.223435 z 19.536 0.172
53656.224268 g 20.305 0.092
53663.234244 r 20.169 0.033
53663.235077 i 20.087 0.035
53663.235911 u 20.867 0.164
53663.236744 z 19.920 0.098
53663.237577 g 20.510 0.049
53668.223844 r 20.283 0.035
53668.224677 i 20.189 0.043
53668.225511 u 20.809 0.109
53668.226344 z 20.034 0.161
53668.227177 g 20.517 0.028
53670.228697 r 20.182 0.026
53670.229530 i 20.179 0.036
53670.230364 u 20.720 0.075
53670.231197 z 20.130 0.131
53670.232030 g 20.454 0.024
53673.196680 r 20.217 0.029
53673.197513 i 20.264 0.041
53673.198347 u 20.626 0.080
53673.199180 z 19.801 0.119
53673.200013 g 20.463 0.028
53675.193569 r 20.221 0.037
53675.194402 i 20.244 0.050
53675.195236 u 20.630 0.086
53675.196069 z 19.927 0.140
53675.196902 g 20.485 0.028
53677.214601 r 20.134 0.025
53677.215434 i 20.204 0.033
53677.216268 u 20.744 0.074
53677.217101 z 20.143 0.149
53677.217934 g 20.492 0.023
53680.201266 r 20.224 0.028
53680.202099 i 20.179 0.035
53680.202933 u 20.816 0.084
53680.203766 z 20.116 0.105
53680.204599 g 20.462 0.023
53693.203166 r 20.186 0.041
53693.203999 i 20.208 0.044
53693.204833 u 20.515 0.141
53693.205666 z 19.982 0.110
53693.206499 g 20.444 0.053
53704.186489 r 20.169 0.026
53704.187322 i 20.202 0.037
53704.188156 u 20.812 0.090
53704.188989 z 20.089 0.133
53704.189822 g 20.367 0.026
53974.279163 r 19.712 0.016
53974.279996 i 19.729 0.025
53974.280829 u 20.095 0.040
53974.281663 z 19.576 0.055
53974.282496 g 19.932 0.017
53989.282665 r 19.622 0.025
53989.283498 i 19.684 0.030
53989.284331 u 19.895 0.067
53989.285165 z 19.448 0.060
53989.285998 g 19.821 0.029
53997.378197 r 19.582 0.019
#53997.379031 i -99.000 0.027
#53997.379864 u -99.000 0.047
#53997.380697 z -99.000 0.161
#53997.381531 g -99.000 0.021
54000.257952 r 19.570 0.029
54000.258785 i 19.618 0.060
54000.259619 u 19.827 0.048
54000.260452 z 19.380 0.076
54000.261285 g 19.723 0.018
54007.308106 r 19.569 0.020
54007.308939 i 19.569 0.024
54007.309773 u 19.775 0.041
54007.310606 z 19.621 0.081
54007.311439 g 19.737 0.017
54009.231888 r 19.545 0.020
54009.232721 i 19.594 0.026
54009.233555 u 19.882 0.044
54009.234388 z 19.591 0.065
54009.235221 g 19.722 0.026
54011.296460 r 19.581 0.019
54011.297294 i 19.610 0.024
54011.298127 u 19.898 0.052
54011.298960 z 19.676 0.064
54011.299794 g 19.728 0.030
54019.246587 r 19.568 0.020
54019.247421 i 19.645 0.028
#54019.248254 u -99.000 0.078
54019.249087 z 19.601 0.090
#54019.249921 g -99.000 0.065
54025.295476 r 19.509 0.023
54025.296309 i 19.561 0.033
54025.297143 u 19.880 0.066
54025.297976 z 19.435 0.099
54025.298809 g 19.791 0.023
54029.225719 r 19.587 0.020
54029.226552 i 19.596 0.025
54029.227386 u 19.788 0.038
54029.228219 z 19.493 0.071
54029.229052 g 19.717 0.021
54348.293123 r 19.688 0.022
54348.293956 i 19.649 0.030
54348.294789 u 20.036 0.051
54348.295623 z 19.640 0.089
54348.296456 g 19.930 0.022
54358.248969 r 19.701 0.022
54358.249803 i 19.712 0.033
54358.250636 u 20.186 0.060
54358.251469 z 19.706 0.094
#54358.252303 g -99.000 0.024
54365.282035 r 19.674 0.026
54365.282868 i 19.756 0.035
54365.283702 u 20.178 0.080
54365.284535 z 19.534 0.124
54365.285368 g 19.975 0.042
54373.356250 r 19.774 0.039
54373.357083 i 19.678 0.042
54373.357916 u 20.373 0.183
54373.358750 z 19.768 0.104
54373.359583 g 19.951 0.053
54381.301592 r 19.696 0.024
54381.302426 i 19.759 0.032
54381.303259 u 20.095 0.047
54381.304092 z 19.498 0.069
54381.304926 g 19.987 0.022
54386.293905 r 19.694 0.019
54386.294738 i 19.765 0.024
54386.295572 u 20.130 0.052
54386.296405 z 19.687 0.076
54386.297238 g 19.968 0.021
54388.298149 r 19.709 0.019
54388.298983 i 19.722 0.024
54388.299816 u 20.307 0.061
54388.300649 z 19.660 0.076
54388.301483 g 19.968 0.023
54403.212005 r 19.777 0.024
54403.212838 i 19.738 0.029
54403.213671 u 20.357 0.094
54403.214505 z 19.601 0.081
54403.215338 g 20.071 0.033
54404.269529 r 19.723 0.024
54404.270363 i 19.805 0.025
54404.271196 u 20.256 0.078
54404.272029 z 19.717 0.073
54404.272863 g 20.002 0.031
54405.267462 r 19.761 0.021
54405.268296 i 19.726 0.027
54405.269129 u 20.270 0.064
54405.269962 z 19.743 0.086
54405.270796 g 20.018 0.029
54406.205769 r 19.723 0.022
54406.206602 i 19.716 0.029
54406.207435 u 20.088 0.062
54406.208269 z 19.703 0.080
54406.209102 g 19.965 0.027
54412.208689 r 19.699 0.022
54412.209522 i 19.728 0.027
54412.210356 u 20.195 0.056
54412.211189 z 19.771 0.084
54412.212022 g 20.019 0.024
