51081.258948 r 19.664 0.024
51081.259781 i 19.469 0.032
#51081.260615 u -99.000 0.157
51081.261448 z 19.332 0.086
51081.262281 g 20.033 0.023
52196.275765 r 19.606 0.017
52196.276598 i 19.376 0.023
52196.277432 u 21.195 0.125
52196.278265 z 19.431 0.077
52196.279098 g 20.072 0.018
52197.288874 r 19.601 0.016
52197.289707 i 19.403 0.021
52197.290541 u 21.283 0.119
52197.291374 z 19.358 0.059
52197.292207 g 20.052 0.017
52225.139050 r 19.395 0.016
52225.139883 i 19.316 0.021
52225.140717 u 21.091 0.101
52225.141550 z 19.157 0.060
52225.142383 g 20.143 0.019
52231.174833 r 19.634 0.017
52231.175666 i 19.412 0.020
52231.176500 u 21.208 0.103
52231.177333 z 19.298 0.056
52231.178166 g 20.053 0.018
52253.161008 r 19.639 0.022
52253.161841 i 19.411 0.024
52253.162675 u 21.132 0.163
52253.163508 z 19.432 0.087
52253.164341 g 20.040 0.023
52558.295367 r 19.604 0.019
52558.296200 i 19.409 0.022
52558.297034 u 21.274 0.133
52558.297867 z 19.224 0.055
52558.298700 g 20.076 0.019
52577.182865 r 19.578 0.019
52577.183698 i 19.398 0.025
52577.184532 u 21.057 0.110
52577.185365 z 19.235 0.076
52577.186198 g 20.111 0.021
52578.178920 r 19.499 0.016
52578.179753 i 19.381 0.022
52578.180587 u 21.018 0.102
52578.181420 z 19.251 0.063
52578.182253 g 20.112 0.018
52586.186343 r 19.582 0.020
52586.187176 i 19.427 0.027
52586.188010 u 21.211 0.123
52586.188843 z 19.307 0.088
52586.189676 g 20.102 0.020
52908.257405 r 19.660 0.020
52908.258238 i 19.443 0.023
52908.259072 u 20.974 0.110
52908.259905 z 19.211 0.064
52908.260738 g 20.072 0.019
52910.266826 r 19.545 0.016
52910.267659 i 19.353 0.022
52910.268493 u 21.313 0.110
52910.269326 z 19.333 0.065
52910.270159 g 20.057 0.017
52911.271189 r 19.630 0.019
52911.272022 i 19.401 0.023
52911.272856 u 21.328 0.130
52911.273689 z 19.366 0.074
52911.274522 g 20.068 0.020
52931.197028 r 19.597 0.018
52931.197861 i 19.400 0.022
52931.198695 u 21.047 0.102
52931.199528 z 19.325 0.066
52931.200361 g 20.068 0.019
52935.193992 r 19.607 0.023
52935.194825 i 19.348 0.025
52935.195659 u 21.346 0.144
52935.196492 z 19.374 0.078
52935.197325 g 20.103 0.020
52936.185230 r 19.594 0.016
52936.186063 i 19.380 0.020
52936.186897 u 21.173 0.106
52936.187730 z 19.292 0.063
52936.188563 g 20.180 0.018
52959.137318 r 19.576 0.016
52959.138151 i 19.457 0.024
52959.138985 u 21.109 0.119
52959.139818 z 19.395 0.065
52959.140651 g 20.106 0.018
52962.110751 r 19.606 0.017
52962.111584 i 19.384 0.021
52962.112418 u 21.111 0.102
52962.113251 z 19.224 0.066
52962.114084 g 20.135 0.020
52963.117063 r 19.545 0.016
52963.117896 i 19.350 0.037
52963.118730 u 21.253 0.106
52963.119563 z 19.169 0.057
52963.120396 g 20.067 0.018
53270.249303 r 19.584 0.021
53270.250136 i 19.469 0.025
53270.250969 u 21.048 0.099
53270.251803 z 19.399 0.063
53270.252636 g 20.026 0.055
53272.299236 r 19.623 0.025
53272.300069 i 19.409 0.028
53272.300903 u 21.633 0.293
53272.301736 z 19.253 0.072
53272.302569 g 20.102 0.038
53286.267953 r 19.578 0.022
53286.268786 i 19.434 0.029
53286.269620 u 21.243 0.199
53286.270453 z 19.385 0.078
53286.271286 g 20.055 0.022
53288.226444 r 19.638 0.016
53288.227277 i 19.416 0.018
53288.228111 u 21.040 0.096
53288.228944 z 19.318 0.054
53288.229777 g 20.105 0.017
53302.222113 r 19.488 0.037
53302.222946 i 19.373 0.041
53302.223780 u 20.680 0.228
53302.224613 z 19.233 0.086
53302.225446 g 20.098 0.054
53312.177860 r 19.611 0.020
53312.178693 i 19.386 0.026
53312.179527 u 21.144 0.121
53312.180360 z 19.212 0.069
53312.181193 g 20.101 0.020
53313.187192 r 19.606 0.021
53313.188025 i 19.373 0.025
53313.188859 u 21.153 0.149
53313.189692 z 19.365 0.091
53313.190525 g 20.091 0.023
53314.178840 r 19.273 0.017
53314.179673 i 19.235 0.023
53314.180507 u 20.636 0.087
53314.181340 z 19.301 0.083
53314.182173 g 20.100 0.020
53352.088129 r 19.581 0.020
53352.088962 i 19.394 0.026
53352.089796 u 21.491 0.116
53352.090629 z 19.197 0.067
53352.091462 g 20.105 0.021
53616.283207 r 19.587 0.021
53616.284040 i 19.511 0.027
53616.284874 u 21.302 0.358
#53616.285707 z -99.000 0.137
53616.286540 g 20.082 0.023
53622.296434 r 19.561 0.022
53622.297267 i 19.496 0.034
#53622.298101 u -99.000 0.233
53622.298934 z 19.317 0.098
53622.299767 g 20.000 0.023
53623.273419 r 19.574 0.018
53623.274252 i 19.370 0.023
53623.275086 u 21.361 0.149
53623.275919 z 19.263 0.066
53623.276752 g 20.091 0.020
53626.259630 r 19.569 0.021
53626.260463 i 19.406 0.024
53626.261297 u 21.014 0.142
53626.262130 z 19.398 0.073
53626.262963 g 20.066 0.028
53628.244496 r 19.279 0.028
53628.245329 i 19.147 0.031
53628.246163 u 20.939 0.317
53628.246996 z 19.168 0.090
53628.247829 g 20.013 0.059
53636.251437 r 19.583 0.026
53636.252270 i 19.365 0.032
53636.253104 u 21.083 0.227
53636.253937 z 19.199 0.082
53636.254770 g 20.080 0.035
53637.246111 r 19.684 0.028
53637.246944 i 19.458 0.032
53637.247778 u 21.543 0.310
53637.248611 z 19.202 0.084
53637.249444 g 20.177 0.035
53638.287239 r 19.567 0.018
53638.288072 i 19.449 0.022
53638.288906 u 21.535 0.177
53638.289739 z 19.291 0.062
53638.290572 g 20.085 0.022
53639.291477 r 19.585 0.016
53639.292310 i 19.391 0.023
53639.293144 u 21.222 0.118
53639.293977 z 19.312 0.061
53639.294810 g 20.066 0.020
53644.238560 r 19.629 0.020
53644.239393 i 19.442 0.022
53644.240227 u 21.075 0.090
53644.241060 z 19.356 0.051
53644.241893 g 20.089 0.020
53654.273181 r 19.636 0.018
53654.274014 i 19.430 0.023
53654.274848 u 21.143 0.121
53654.275681 z 19.300 0.065
53654.276514 g 20.108 0.018
53655.223443 r 19.547 0.040
53655.224276 i 19.507 0.052
#53655.225110 u -99.000 0.486
53655.225943 z 19.318 0.127
#53655.226776 g -99.000 0.063
53656.220775 r 19.649 0.043
53656.221608 i 19.459 0.048
53656.222442 u 20.785 0.274
53656.223275 z 19.469 0.133
53656.224108 g 20.063 0.061
53663.234085 r 19.591 0.021
53663.234918 i 19.407 0.022
53663.235752 u 21.190 0.210
53663.236585 z 19.254 0.055
53663.237418 g 20.172 0.034
53664.248400 r 19.560 0.028
53664.249233 i 19.386 0.033
#53664.250067 u -99.000 0.345
53664.250900 z 19.208 0.080
53664.251733 g 20.130 0.042
53666.212003 r 19.606 0.020
53666.212836 i 19.406 0.025
53666.213670 u 21.029 0.102
53666.214503 z 19.247 0.064
53666.215336 g 20.118 0.023
53669.207643 r 19.578 0.018
53669.208476 i 19.413 0.025
53669.209310 u 21.150 0.107
53669.210143 z 19.291 0.068
53669.210976 g 20.039 0.018
53670.228537 r 19.599 0.017
53670.229370 i 19.410 0.020
53670.230204 u 21.144 0.110
53670.231037 z 19.355 0.064
53670.231870 g 20.294 0.019
53671.292420 r 19.559 0.022
53671.293253 i 19.376 0.026
53671.294087 u 21.116 0.183
53671.294920 z 19.137 0.071
53671.295753 g 20.034 0.023
53673.196520 r 19.637 0.019
53673.197353 i 19.424 0.023
53673.198187 u 21.245 0.139
53673.199020 z 19.310 0.078
53673.199853 g 20.091 0.020
53674.191878 r 19.583 0.019
53674.192711 i 19.404 0.049
53674.193545 u 21.177 0.135
53674.194378 z 19.118 0.063
53674.195211 g 20.064 0.020
53675.193409 r 19.567 0.024
53675.194242 i 19.406 0.029
53675.195076 u 21.006 0.138
53675.195909 z 19.198 0.074
53675.196742 g 20.070 0.020
53676.281360 r 19.572 0.022
53676.282193 i 19.334 0.024
53676.283027 u 21.153 0.183
53676.283860 z 19.157 0.067
53676.284693 g 20.053 0.022
53677.214439 r 19.623 0.017
53677.215272 i 19.421 0.020
53677.216106 u 21.197 0.109
53677.216939 z 19.411 0.054
53677.217772 g 20.161 0.018
53679.253250 r 19.601 0.022
53679.254083 i 19.367 0.026
53679.254917 u 21.437 0.205
53679.255750 z 19.180 0.074
53679.256583 g 20.119 0.023
53680.201105 r 19.752 0.019
53680.201938 i 19.487 0.022
53680.202772 u 21.187 0.134
53680.203605 z 19.380 0.060
53680.204438 g 20.229 0.019
53681.244762 r 19.572 0.018
53681.245595 i 19.413 0.021
53681.246429 u 21.272 0.144
53681.247262 z 19.246 0.065
53681.248095 g 20.096 0.021
53685.203812 r 19.674 0.088
53685.204645 i 19.332 0.075
53685.205479 u 20.788 0.418
53685.206312 z 19.613 0.222
53685.207145 g 20.261 0.136
#53687.242151 r -99.000 0.038
53687.242984 i 19.432 0.035
#53687.243818 u -99.000 0.538
53687.244651 z 19.463 0.086
53687.245484 g 20.061 0.057
53693.203003 r 19.468 0.027
53693.203836 i 19.327 0.027
53693.204670 u 21.386 0.353
53693.205503 z 19.287 0.068
53693.206336 g 20.121 0.042
53694.217693 r 19.558 0.049
53694.218526 i 19.442 0.055
#53694.219360 u -99.000 0.944
#53694.220193 z -99.000 0.166
53694.221026 g 20.023 0.073
53697.201786 r 19.483 0.058
53697.202619 i 19.372 0.075
#53697.203453 u -99.000 0.407
53697.204286 z 19.293 0.134
53697.205119 g 20.092 0.036
53700.200746 r 19.573 0.020
53700.201579 i 19.337 0.028
53700.202413 u 20.975 0.133
53700.203246 z 19.349 0.086
53700.204079 g 20.091 0.022
53705.187416 r 19.600 0.019
53705.188249 i 19.455 0.027
53705.189083 u 21.261 0.159
53705.189916 z 19.237 0.054
53705.190749 g 20.108 0.021
53974.279022 r 19.631 0.020
53974.279855 i 19.440 0.021
53974.280689 u 21.061 0.090
53974.281522 z 19.295 0.054
53974.282355 g 20.032 0.021
53975.272418 r 19.613 0.018
53975.273251 i 19.411 0.025
53975.274085 u 21.444 0.172
53975.274918 z 19.371 0.082
53975.275751 g 20.103 0.032
53989.282396 r 19.503 0.025
53989.283229 i 19.499 0.030
53989.284063 u 21.006 0.186
53989.284896 z 19.259 0.061
53989.285729 g 20.180 0.044
#53993.340221 r -99.000 0.066
53993.341055 i 19.393 0.030
53993.341888 u 21.076 0.145
53993.342721 z 19.272 0.071
53993.343555 g 20.152 0.038
53996.279147 r 19.632 0.022
53996.279980 i 19.345 0.022
53996.280814 u 21.174 0.118
53996.281647 z 19.307 0.069
53996.282480 g 20.093 0.024
53997.378277 r 19.629 0.024
#53997.379111 i -99.000 0.023
53997.379944 u 21.033 0.138
#53997.380777 z -99.000 0.065
53997.381611 g 20.038 0.022
53998.247787 r 19.523 0.025
53998.248620 i 19.465 0.022
53998.249454 u 21.024 0.094
53998.250287 z 19.274 0.062
53998.251120 g 20.077 0.022
54000.257841 r 19.752 0.030
54000.258674 i 19.417 0.047
54000.259508 u 21.112 0.146
54000.260341 z 19.214 0.072
54000.261174 g 20.061 0.027
54005.278016 r 19.601 0.019
54005.278849 i 19.525 0.025
54005.279683 u 21.223 0.120
54005.280516 z 19.258 0.059
54005.281349 g 20.018 0.022
54007.308004 r 19.669 0.026
54007.308837 i 19.458 0.024
54007.309670 u 20.938 0.107
54007.310504 z 19.344 0.071
54007.311337 g 20.048 0.026
54010.233264 r 19.605 0.021
54010.234097 i 19.472 0.023
54010.234930 u 21.024 0.116
#54010.235764 z -99.000 0.056
54010.236597 g 20.089 0.027
54011.296204 r 19.653 0.022
#54011.297037 i -99.000 0.024
54011.297870 u 21.227 0.165
#54011.298704 z -99.000 0.053
54011.299537 g 20.102 0.029
54012.226125 r 19.570 0.036
54012.226959 i 19.418 0.034
54012.227792 u 21.162 0.251
#54012.228625 z -99.000 0.097
54012.229459 g 20.045 0.046
54019.246413 r 19.588 0.025
54019.247246 i 19.429 0.030
54019.248080 u 20.978 0.179
54019.248913 z 19.274 0.072
54019.249746 g 20.121 0.044
54020.232078 r 19.641 0.024
54020.232911 i 19.386 0.026
54020.233745 u 21.386 0.177
54020.234578 z 19.353 0.094
54020.235411 g 20.058 0.030
54022.281355 r 19.585 0.031
54022.282188 i 19.401 0.029
54022.283021 u 21.474 0.187
54022.283855 z 19.143 0.062
54022.284688 g 20.096 0.026
54028.222463 r 19.648 0.023
54028.223296 i 19.394 0.024
54028.224130 u 21.155 0.138
54028.224963 z 19.241 0.069
54028.225796 g 20.127 0.022
54030.225640 r 19.605 0.020
54030.226473 i 19.544 0.023
54030.227306 u 21.162 0.099
#54030.228140 z -99.000 0.059
54030.228973 g 20.025 0.024
54035.301400 r 19.622 0.028
54035.302234 i 19.441 0.041
54035.303067 u 20.937 0.176
54035.303900 z 19.360 0.094
54035.304734 g 20.122 0.025
54037.206871 r 19.602 0.033
54037.207704 i 19.311 0.032
54037.208538 u 21.051 0.127
54037.209371 z 19.291 0.096
54037.210204 g 20.111 0.034
54040.221351 r 19.629 0.036
54040.222184 i 19.422 0.037
54040.223018 u 21.938 0.506
54040.223851 z 19.338 0.081
54040.224684 g 20.010 0.043
54049.247825 r 19.598 0.034
54049.248658 i 19.392 0.032
54049.249492 u 21.007 0.247
54049.250325 z 19.278 0.082
54049.251158 g 20.126 0.042
54050.205996 r 19.635 0.043
54050.206830 i 19.407 0.046
54050.207663 u 21.525 0.341
54050.208496 z 19.269 0.109
54050.209330 g 20.118 0.039
54053.212180 r 19.598 0.022
54053.213013 i 19.334 0.024
#54053.213847 u -99.000 0.137
54053.214680 z 19.346 0.061
54053.215513 g 20.134 0.021
54056.213834 r 19.611 0.026
54056.214668 i 19.366 0.040
54056.215501 u 21.401 0.234
54056.216334 z 19.218 0.084
54056.217168 g 20.118 0.029
54059.208141 r 19.535 0.028
54059.208975 i 19.446 0.032
54059.209808 u 20.936 0.156
54059.210641 z 19.244 0.087
#54059.211475 g -99.000 0.046
54062.213018 r 19.638 0.025
54062.213851 i 19.437 0.035
54062.214684 u 21.393 0.249
54062.215518 z 19.281 0.103
54062.216351 g 20.069 0.029
54348.292957 r 19.658 0.020
54348.293790 i 19.393 0.028
54348.294623 u 21.281 0.135
54348.295457 z 19.310 0.069
54348.296290 g 20.112 0.026
54357.251302 r 19.638 0.022
54357.252135 i 19.402 0.021
54357.252968 u 21.334 0.155
54357.253802 z 19.329 0.072
54357.254635 g 20.040 0.028
54358.248839 r 19.590 0.022
54358.249672 i 19.441 0.023
54358.250505 u 20.999 0.139
54358.251339 z 19.293 0.069
54358.252172 g 20.110 0.024
54362.301102 r 19.631 0.018
54362.301935 i 19.418 0.027
54362.302768 u 21.244 0.114
54362.303602 z 19.281 0.071
54362.304435 g 20.132 0.021
54365.281861 r 19.609 0.028
54365.282694 i 19.434 0.029
54365.283528 u 21.047 0.179
54365.284361 z 19.258 0.122
#54365.285194 g -99.000 0.083
54373.356096 r 19.630 0.040
54373.356930 i 19.402 0.040
54373.357763 u 20.807 0.304
54373.358596 z 19.289 0.071
54373.359430 g 20.080 0.051
#54376.309786 r -99.000 0.047
#54376.310620 i -99.000 0.337
#54376.311453 u -99.000 0.894
#54376.312286 z -99.000 0.609
#54376.313120 g -99.000 0.327
54385.299116 r 19.601 0.020
54385.299949 i 19.425 0.022
54385.300783 u 21.360 0.142
54385.301616 z 19.230 0.069
54385.302449 g 20.078 0.036
54386.293785 r 19.545 0.018
54386.294618 i 19.435 0.026
54386.295451 u 21.134 0.128
54386.296285 z 19.350 0.057
54386.297118 g 20.205 0.025
54387.299623 r 19.652 0.022
54387.300457 i 19.396 0.025
54387.301290 u 21.481 0.198
54387.302123 z 19.221 0.065
54387.302957 g 20.069 0.024
54388.298018 r 19.627 0.022
54388.298852 i 19.432 0.021
54388.299685 u 21.089 0.127
54388.300518 z 19.348 0.058
54388.301352 g 20.118 0.021
54392.294358 r 19.600 0.021
54392.295191 i 19.400 0.023
54392.296024 u 20.915 0.115
54392.296858 z 19.382 0.061
54392.297691 g 20.132 0.032
54402.292821 r 19.594 0.033
54402.293654 i 19.374 0.031
#54402.294487 u -99.000 0.411
54402.295321 z 19.239 0.071
54402.296154 g 20.061 0.047
54403.211775 r 19.631 0.022
54403.212608 i 19.405 0.028
54403.213441 u 20.875 0.149
54403.214275 z 19.220 0.064
54403.215108 g 20.128 0.032
54404.269348 r 19.614 0.023
54404.270181 i 19.436 0.021
54404.271014 u 21.117 0.171
54404.271848 z 19.285 0.054
54404.272681 g 20.089 0.028
54405.267306 r 19.594 0.026
54405.268140 i 19.433 0.025
54405.268973 u 21.255 0.153
54405.269806 z 19.268 0.057
#54405.270640 g -99.000 0.036
54406.205640 r 19.636 0.023
54406.206473 i 19.454 0.026
54406.207306 u 21.133 0.136
54406.208140 z 19.301 0.072
54406.208973 g 20.070 0.029
54412.208714 r 19.683 0.023
#54412.209547 i -99.000 0.020
54412.210380 u 21.179 0.121
#54412.211214 z -99.000 0.068
54412.212047 g 20.051 0.020
