52172.238004 r 17.883 0.007
52172.238837 i 17.599 0.007
52172.239671 u 20.215 0.048
52172.240504 z 17.462 0.015
52172.241337 g 18.604 0.009
52576.099962 r 18.078 0.007
52576.100795 i 17.798 0.008
52576.101629 u 20.581 0.067
52576.102462 z 17.712 0.021
52576.103295 g 18.849 0.010
52577.075195 r 17.968 0.007
52577.076028 i 17.641 0.007
52577.076862 u 20.332 0.057
52577.077695 z 17.491 0.017
52577.078528 g 18.641 0.009
52930.088526 r 18.380 0.008
52930.089359 i 18.057 0.009
52930.090193 u 20.797 0.079
52930.091026 z 17.875 0.020
52930.091859 g 19.063 0.011
52931.089356 r 17.840 0.006
52931.090189 i 17.552 0.007
52931.091023 u 20.197 0.046
52931.091856 z 17.417 0.014
52931.092689 g 18.565 0.008
52935.086320 r 18.384 0.008
52935.087153 i 18.075 0.008
52935.087987 u 20.603 0.063
52935.088820 z 17.911 0.019
52935.089653 g 19.102 0.010
53313.079521 r 17.795 0.007
53313.080354 i 17.541 0.008
53313.081188 u 20.074 0.059
53313.082021 z 17.378 0.020
#53313.082854 g -99.000 0.008
53622.188767 r 17.919 0.007
53622.189600 i 17.600 0.008
53622.190434 u 20.096 0.060
53622.191267 z 17.490 0.017
53622.192100 g 18.635 0.010
53625.184732 r 17.792 0.007
53625.185565 i 17.498 0.007
53625.186399 u 20.052 0.052
53625.187232 z 17.358 0.014
53625.188065 g 18.466 0.009
53634.138237 r 17.801 0.008
53634.139070 i 17.529 0.008
53634.139904 u 20.013 0.088
53634.140737 z 17.390 0.018
53634.141570 g 18.471 0.013
53636.143769 r 17.974 0.007
53636.144602 i 17.695 0.007
53636.145436 u 20.281 0.053
53636.146269 z 17.582 0.016
53636.147102 g 18.721 0.009
53645.203437 r 17.833 0.007
53645.204270 i 17.515 0.007
53645.205104 u 20.271 0.082
53645.205937 z 17.373 0.015
53645.206770 g 18.521 0.008
53655.115773 r 18.339 0.009
53655.116606 i 18.056 0.009
53655.117440 u 20.660 0.110
53655.118273 z 17.942 0.021
53655.119106 g 18.954 0.015
53657.203193 r 18.029 0.018
#53657.204026 i -99.000 0.015
#53657.204860 u -99.000 0.986
#53657.205693 z -99.000 0.040
53657.206526 g 18.855 0.043
53664.140734 r 17.785 0.009
53664.141567 i 17.511 0.009
53664.142401 u 20.075 0.068
53664.143234 z 17.344 0.017
53664.144067 g 18.484 0.011
53666.104333 r 17.787 0.007
53666.105166 i 17.450 0.007
53666.106000 u 20.094 0.043
53666.106833 z 17.360 0.015
53666.107666 g 18.462 0.008
53669.099972 r 17.941 0.007
53669.100805 i 17.658 0.007
53669.101639 u 20.155 0.045
53669.102472 z 17.479 0.015
53669.103305 g 18.611 0.008
53674.084207 r 18.223 0.008
53674.085040 i 17.900 0.008
53674.085874 u 20.465 0.060
53674.086707 z 17.727 0.018
53674.087540 g 18.874 0.010
#53676.173715 r -99.000 0.012
#53676.174548 i -99.000 0.012
#53676.175382 u -99.000 0.106
#53676.176215 z -99.000 0.029
#53676.177048 g -99.000 0.018
#53681.137103 r -99.000 0.021
53681.137936 i 17.583 0.020
#53681.138770 u -99.000 0.465
53681.139603 z 17.464 0.070
53681.140436 g 18.577 0.029
53685.096147 r 17.966 0.010
53685.096980 i 17.666 0.010
53685.097814 u 20.569 0.221
53685.098647 z 17.559 0.023
53685.099480 g 18.696 0.019
53687.134499 r 17.908 0.009
53687.135332 i 17.618 0.008
53687.136166 u 20.096 0.135
53687.136999 z 17.455 0.017
53687.137832 g 18.616 0.015
53694.110042 r 17.908 0.009
53694.110875 i 17.594 0.010
53694.111709 u 20.287 0.129
53694.112542 z 17.427 0.026
53694.113375 g 18.566 0.013
53697.094127 r 18.364 0.030
53697.094960 i 18.117 0.027
53697.095794 u 21.036 0.385
53697.096627 z 17.957 0.088
53697.097460 g 19.189 0.051
53700.093089 r 17.895 0.007
53700.093922 i 17.648 0.007
53700.094756 u 20.152 0.053
53700.095589 z 17.507 0.017
53700.096422 g 18.618 0.009
53705.079759 r 17.816 0.007
53705.080592 i 17.537 0.007
53705.081426 u 20.024 0.054
53705.082259 z 17.386 0.017
53705.083092 g 18.528 0.009
53975.164750 r 17.911 0.009
53975.165583 i 17.613 0.017
53975.166416 u 20.127 0.046
53975.167250 z 17.442 0.021
53975.168083 g 18.602 0.011
53996.171479 r 18.099 0.014
53996.172312 i 17.852 0.011
53996.173145 u 20.500 0.060
53996.173979 z 17.710 0.021
53996.174812 g 18.887 0.014
53998.140130 r 18.020 0.010
53998.140964 i 17.769 0.019
53998.141797 u 20.275 0.048
53998.142630 z 17.610 0.018
53998.143464 g 18.803 0.016
54005.177397 r 17.877 0.011
54005.178231 i 17.614 0.013
54005.179064 u 20.198 0.043
54005.179897 z 17.408 0.016
54005.180731 g 18.535 0.018
54010.125582 r 18.206 0.013
54010.126415 i 17.927 0.019
54010.127248 u 20.667 0.093
54010.128082 z 17.765 0.019
54010.128915 g 19.002 0.017
54012.118425 r 18.418 0.016
54012.119258 i 18.087 0.015
54012.120092 u 20.855 0.181
54012.120925 z 17.863 0.021
54012.121758 g 19.098 0.025
54020.124418 r 18.188 0.014
54020.125251 i 17.883 0.012
54020.126084 u 20.543 0.062
54020.126918 z 17.779 0.023
54020.127751 g 18.933 0.012
54022.173687 r 17.779 0.013
54022.174520 i 17.523 0.014
54022.175354 u 20.032 0.049
#54022.176187 z -99.000 0.022
54022.177020 g 18.472 0.014
54028.114775 r 17.790 0.009
54028.115608 i 17.523 0.015
54028.116441 u 20.015 0.053
54028.117275 z 17.390 0.031
54028.118108 g 18.500 0.020
54030.117960 r 18.027 0.009
54030.118794 i 17.706 0.009
54030.119627 u 20.422 0.050
54030.120460 z 17.622 0.018
54030.121294 g 18.787 0.017
54032.107224 r 18.343 0.014
54032.108058 i 18.040 0.015
54032.108891 u 21.061 0.154
54032.109724 z 17.943 0.034
54032.110558 g 19.146 0.020
54034.177456 r 17.868 0.013
54034.178290 i 17.576 0.010
54034.179123 u 20.112 0.070
#54034.179956 z -99.000 0.025
54034.180790 g 18.543 0.013
54037.099201 r 18.148 0.012
54037.100035 i 17.868 0.012
54037.100868 u 20.614 0.074
54037.101701 z 17.743 0.018
54037.102535 g 18.909 0.015
54040.113706 r 17.971 0.014
54040.114539 i 17.707 0.013
54040.115373 u 20.569 0.148
54040.116206 z 17.535 0.019
54040.117039 g 18.680 0.017
54050.098315 r 17.832 0.011
54050.099148 i 17.553 0.015
54050.099981 u 20.129 0.055
54050.100815 z 17.378 0.023
54050.101648 g 18.537 0.011
54053.104473 r 17.763 0.027
54053.105307 i 17.523 0.010
54053.106140 u 19.972 0.049
54053.106973 z 17.345 0.020
54053.107807 g 18.494 0.016
54056.106156 r 17.899 0.017
54056.106989 i 17.696 0.015
54056.107822 u 20.260 0.076
54056.108656 z 17.468 0.028
54056.109489 g 18.587 0.015
54057.074804 r 17.836 0.011
54057.075638 i 17.578 0.013
54057.076471 u 20.152 0.057
54057.077304 z 17.432 0.029
54057.078138 g 18.555 0.014
54059.100436 r 18.305 0.009
54059.101269 i 18.019 0.015
54059.102102 u 20.549 0.085
54059.102936 z 17.840 0.034
54059.103769 g 18.980 0.022
54061.111482 r 17.850 0.012
54061.112315 i 17.561 0.013
54061.113149 u 20.194 0.065
54061.113982 z 17.390 0.025
54061.114815 g 18.544 0.013
54062.105337 r 18.197 0.014
54062.106170 i 17.916 0.012
54062.107004 u 20.722 0.116
54062.107837 z 17.817 0.028
54062.108670 g 18.988 0.016
54068.095306 r 17.814 0.011
54068.096139 i 17.528 0.013
54068.096973 u 19.983 0.136
54068.097806 z 17.376 0.025
54068.098639 g 18.500 0.019
#54357.143623 r -99.000 0.008
54357.144456 i 17.881 0.013
54357.145290 u 20.389 0.050
54357.146123 z 17.659 0.021
54357.146956 g 18.856 0.018
54365.141478 r 18.212 0.015
54365.142312 i 17.916 0.016
54365.143145 u 20.589 0.152
54365.143978 z 17.771 0.028
54365.144812 g 18.954 0.020
54385.191452 r 17.915 0.012
54385.192285 i 17.663 0.012
54385.193119 u 20.200 0.058
54385.193952 z 17.480 0.023
54385.194785 g 18.584 0.015
54387.191959 r 17.769 0.012
54387.192792 i 17.497 0.011
54387.193626 u 20.235 0.069
54387.194459 z 17.347 0.019
54387.195292 g 18.463 0.012
54390.194969 r 17.919 0.012
54390.195803 i 17.616 0.017
54390.196636 u 20.208 0.070
54390.197469 z 17.458 0.022
54390.198303 g 18.622 0.018
#54392.186686 r -99.000 0.087
54392.187519 i 17.564 0.024
54392.188352 u 20.340 0.121
54392.189186 z 17.337 0.022
54392.190019 g 18.512 0.020
54402.185154 r 17.842 0.015
54402.185988 i 17.549 0.014
54402.186821 u 20.059 0.141
54402.187654 z 17.409 0.021
54402.188488 g 18.486 0.019
