52075.333181 r 17.577 0.006
52075.334014 i 16.875 0.005
52075.334848 u 21.801 0.242
52075.335681 z 16.477 0.009
52075.336514 g 18.970 0.010
52197.141872 r 17.585 0.006
52197.142705 i 16.878 0.005
52197.143539 u 21.510 0.135
52197.144372 z 16.507 0.009
52197.145205 g 18.977 0.010
52557.179659 r 17.573 0.007
52557.180492 i 16.868 0.007
52557.181326 u 21.563 0.191
52557.182159 z 16.517 0.011
52557.182992 g 18.960 0.010
52578.075737 r 17.568 0.006
52578.076570 i 16.871 0.006
52578.077404 u 21.178 0.165
52578.078237 z 16.457 0.011
52578.079070 g 18.922 0.010
52929.105964 r 17.573 0.006
52929.106797 i 16.879 0.005
52929.107631 u 21.559 0.150
52929.108464 z 16.502 0.010
52929.109297 g 18.979 0.009
52934.086121 r 17.574 0.006
52934.086954 i 16.863 0.005
52934.087788 u 21.652 0.170
52934.088621 z 16.486 0.009
52934.089454 g 18.971 0.010
52936.082046 r 17.476 0.017
52936.082879 i 16.820 0.016
52936.083713 u 21.534 0.164
52936.084546 z 16.463 0.009
52936.085379 g 18.971 0.009
53243.267255 r 17.572 0.007
53243.268088 i 16.879 0.005
53243.268922 u 21.251 0.232
53243.269755 z 16.513 0.009
53243.270588 g 18.983 0.016
53270.146121 r 17.608 0.010
53270.146954 i 16.907 0.011
53270.147787 u 21.253 0.171
53270.148621 z 16.518 0.015
53270.149454 g 19.036 0.014
53272.196058 r 17.578 0.007
53272.196891 i 16.872 0.006
53272.197725 u 22.405 0.858
53272.198558 z 16.506 0.009
53272.199391 g 18.981 0.019
53288.123263 r 17.545 0.006
53288.124096 i 16.802 0.016
53288.124930 u 21.277 0.163
53288.125763 z 16.474 0.009
53288.126596 g 18.953 0.010
53302.118930 r 17.591 0.007
53302.119763 i 16.887 0.006
53302.120597 u 21.524 0.293
53302.121430 z 16.506 0.009
53302.122263 g 18.977 0.016
53312.074461 r 17.578 0.009
53312.075294 i 16.905 0.008
53312.076128 u 21.182 0.140
53312.076961 z 16.511 0.014
53312.077794 g 19.018 0.013
53314.075657 r 17.572 0.006
53314.076490 i 16.864 0.005
53314.077324 u 21.596 0.177
53314.078157 z 16.482 0.010
53314.078990 g 18.949 0.010
53623.170241 r 17.580 0.006
53623.171074 i 16.870 0.006
53623.171908 u 21.676 0.211
53623.172741 z 16.499 0.009
53623.173574 g 18.958 0.010
53626.156453 r 17.603 0.007
53626.157286 i 16.880 0.006
53626.158120 u 21.638 0.291
53626.158953 z 16.492 0.009
53626.159786 g 18.986 0.015
53628.141320 r 17.579 0.008
53628.142153 i 16.878 0.006
53628.142987 u 21.153 0.362
53628.143820 z 16.490 0.010
53628.144653 g 18.984 0.023
53637.142932 r 17.558 0.006
53637.143765 i 16.866 0.005
53637.144599 u 21.617 0.265
53637.145432 z 16.503 0.010
53637.146265 g 18.967 0.011
53644.135375 r 17.621 0.009
53644.136208 i 16.907 0.009
53644.137042 u 21.508 0.139
53644.137875 z 16.527 0.020
53644.138708 g 19.056 0.017
53654.170002 r 17.565 0.006
53654.170835 i 16.869 0.006
53654.171669 u 21.773 0.339
53654.172502 z 16.495 0.010
53654.173335 g 18.958 0.013
53656.117594 r 17.564 0.008
53656.118427 i 16.854 0.006
53656.119261 u 21.306 0.380
53656.120094 z 16.487 0.011
53656.120927 g 18.957 0.021
53665.108870 r 17.613 0.012
53665.109703 i 16.902 0.010
53665.110537 u 21.633 0.496
53665.111370 z 16.505 0.019
53665.112203 g 18.995 0.020
53668.120504 r 17.571 0.006
53668.121337 i 16.859 0.005
53668.122171 u 21.539 0.206
53668.123004 z 16.485 0.011
53668.123837 g 18.958 0.010
53670.125356 r 17.569 0.006
53670.126189 i 16.874 0.005
53670.127023 u 21.673 0.223
53670.127856 z 16.486 0.010
53670.128689 g 18.941 0.010
53673.093338 r 17.576 0.007
53673.094171 i 16.886 0.007
53673.095005 u 21.771 0.213
53673.095838 z 16.488 0.011
53673.096671 g 18.970 0.011
53675.090226 r 17.565 0.006
53675.091059 i 16.889 0.006
53675.091893 u 21.633 0.194
53675.092726 z 16.508 0.009
53675.093559 g 18.978 0.010
53677.111261 r 17.590 0.006
53677.112094 i 16.881 0.005
53677.112928 u 21.644 0.195
53677.113761 z 16.510 0.009
53677.114594 g 18.979 0.010
53680.097927 r 17.594 0.006
53680.098760 i 16.881 0.005
53680.099594 u 21.670 0.186
53680.100427 z 16.506 0.009
53680.101260 g 18.995 0.010
53693.099830 r 17.565 0.007
53693.100663 i 16.880 0.005
53693.101497 u 21.167 0.224
53693.102330 z 16.484 0.010
53693.103163 g 18.940 0.017
53702.095497 r 17.601 0.012
53702.096330 i 16.895 0.010
53702.097164 u 21.066 0.191
53702.097997 z 16.519 0.017
53702.098830 g 18.950 0.019
53703.104659 r 17.559 0.018
53703.105492 i 16.845 0.015
53703.106326 u 20.820 0.211
53703.107159 z 16.497 0.016
53703.107992 g 18.910 0.013
53704.083157 r 17.582 0.006
53704.083990 i 16.888 0.005
53704.084824 u 21.482 0.193
53704.085657 z 16.502 0.010
53704.086490 g 18.953 0.011
53974.171109 r 17.636 0.011
53974.171942 i 16.894 0.010
53974.172776 u 21.508 0.139
53974.173609 z 16.525 0.014
53974.174442 g 19.022 0.012
53989.179211 r 17.579 0.011
53989.180045 i 16.923 0.010
53989.180878 u 21.764 0.230
#53989.181711 z -99.000 0.016
53989.182545 g 19.042 0.013
53995.168452 r 17.630 0.009
53995.169285 i 16.900 0.009
53995.170118 u 21.811 0.164
53995.170952 z 16.536 0.016
53995.171785 g 19.031 0.011
53997.146823 r 17.578 0.018
53997.147657 i 16.895 0.015
53997.148490 u 21.383 0.179
53997.149323 z 16.508 0.016
53997.150157 g 19.042 0.012
54005.118676 r 17.622 0.009
54005.119509 i 16.905 0.009
54005.120342 u 21.319 0.117
54005.121176 z 16.529 0.012
54005.122009 g 19.061 0.011
54007.131424 r 17.630 0.011
54007.132257 i 16.913 0.011
54007.133090 u 21.394 0.158
54007.133924 z 16.593 0.015
54007.134757 g 19.038 0.013
54009.128534 r 17.935 0.036
#54009.129367 i -99.000 0.086
54009.130200 u 21.979 0.283
#54009.131034 z -99.000 0.032
54009.131867 g 20.065 0.082
54009.128534 r 18.652 0.082
#54009.129368 i -99.000 0.039
54009.130201 u 22.718 0.584
#54009.131034 z -99.000 0.119
54009.131868 g 19.530 0.046
54011.193023 r 17.664 0.011
54011.193856 i 16.988 0.012
54011.194690 u 21.707 0.319
54011.195523 z 16.566 0.014
54011.196356 g 19.068 0.020
54019.143240 r 17.636 0.006
54019.144073 i 16.935 0.008
54019.144906 u 21.711 0.185
54019.145740 z 16.556 0.013
54019.146573 g 19.052 0.014
54025.192045 r 17.599 0.008
54025.192878 i 16.909 0.007
54025.193711 u 21.554 0.161
54025.194545 z 16.520 0.015
54025.195378 g 19.047 0.013
54029.122386 r 17.618 0.010
54029.123219 i 16.942 0.009
54029.124052 u 21.586 0.134
54029.124886 z 16.514 0.014
54029.125719 g 19.047 0.011
54051.098960 r 17.604 0.015
54051.099793 i 16.897 0.021
#54051.100627 u 21.807 1.151
54051.101460 z 16.488 0.030
54051.102293 g 18.998 0.026
54356.200577 r 17.629 0.012
54356.201410 i 16.868 0.016
54356.202244 u 21.515 0.171
54356.203077 z 16.525 0.015
54356.203910 g 19.031 0.014
54358.145600 r 17.563 0.013
54358.146434 i 16.886 0.019
54358.147267 u 21.104 0.196
54358.148100 z 16.508 0.018
54358.148934 g 18.986 0.014
54373.177715 r 17.629 0.013
54373.178548 i 16.909 0.012
54373.179382 u 21.304 0.207
54373.180215 z 16.531 0.018
54373.181048 g 19.032 0.015
54381.190400 r 17.605 0.010
54381.191234 i 16.882 0.010
54381.192067 u 21.137 0.171
54381.192900 z 16.490 0.017
54381.193734 g 18.963 0.019
54382.187822 r 17.564 0.034
54382.188655 i 16.865 0.012
54382.189489 u 21.567 0.268
54382.190322 z 16.518 0.025
54382.191155 g 18.978 0.013
54383.193542 r 17.610 0.011
54383.194375 i 16.896 0.011
54383.195208 u 21.380 0.169
54383.196042 z 16.540 0.016
54383.196875 g 19.039 0.014
54386.190563 r 17.618 0.009
54386.191396 i 16.936 0.007
54386.192229 u 21.234 0.127
54386.193063 z 16.535 0.014
54386.193896 g 19.008 0.012
54388.194816 r 17.611 0.010
54388.195649 i 16.897 0.011
54388.196482 u 21.788 0.265
54388.197316 z 16.536 0.015
54388.198149 g 19.020 0.011
54403.108606 r 17.637 0.009
54403.109440 i 16.911 0.011
54403.110273 u 21.504 0.131
54403.111106 z 16.536 0.013
54403.111940 g 19.040 0.012
54406.102432 r 17.613 0.008
54406.103266 i 16.934 0.016
54406.104099 u 21.662 0.157
54406.104932 z 16.517 0.018
54406.105766 g 19.032 0.015
54412.105349 r 17.635 0.010
#54412.106183 i -99.000 0.011
54412.107016 u 21.744 0.188
#54412.107849 z -99.000 0.014
54412.108683 g 19.010 0.013
54415.142928 r 17.623 0.010
54415.143761 i 16.915 0.013
54415.144594 u 21.641 0.170
54415.145428 z 16.531 0.016
54415.146261 g 19.012 0.014
