52172.239659 r 14.503 0.009
52172.240492 i 14.364 0.009
52172.241326 u 16.444 0.009
52172.242159 z 14.252 0.008
52172.242992 g 15.017 0.007
52576.101620 r 14.498 0.003
52576.102453 i 14.357 0.004
52576.103287 u 16.444 0.006
52576.104120 z 14.240 0.004
52576.104953 g 15.013 0.003
52577.076854 r 14.498 0.003
52577.077687 i 14.313 0.004
52577.078521 u 16.434 0.006
52577.079354 z 14.249 0.004
52577.080187 g 15.008 0.003
52930.090184 r 14.505 0.004
52930.091017 i 14.310 0.004
52930.091851 u 16.425 0.006
52930.092684 z 14.250 0.004
52930.093517 g 15.011 0.003
52931.091015 r 14.507 0.004
52931.091848 i 14.308 0.004
52931.092682 u 16.435 0.006
52931.093515 z 14.248 0.005
52931.094348 g 15.010 0.003
52935.087978 r 14.502 0.004
52935.088811 i 14.314 0.005
52935.089645 u 16.432 0.007
52935.090478 z 14.245 0.005
52935.091311 g 15.029 0.004
53312.071632 r 14.483 0.008
53312.072465 i 14.285 0.007
53312.073299 u 16.346 0.017
53312.074132 z 14.238 0.010
53312.074965 g 15.019 0.008
53313.081179 r 14.490 0.003
53313.082012 i 14.306 0.003
53313.082846 u 16.420 0.007
53313.083679 z 14.254 0.004
53313.084512 g 15.015 0.004
53622.190426 r 14.528 0.003
53622.191259 i 14.314 0.003
53622.192093 u 16.405 0.007
53622.192926 z 14.246 0.003
53622.193759 g 15.011 0.003
53625.186390 r 14.512 0.005
53625.187223 i 14.315 0.005
53625.188057 u 16.415 0.007
53625.188890 z 14.261 0.005
53625.189723 g 15.016 0.004
53634.139895 r 14.503 0.002
53634.140728 i 14.314 0.002
53634.141562 u 16.443 0.007
53634.142395 z 14.189 0.003
53634.143228 g 15.005 0.003
53636.145427 r 14.503 0.004
53636.146260 i 14.311 0.004
53636.147094 u 16.412 0.007
53636.147927 z 14.248 0.005
53636.148760 g 15.021 0.004
53644.132545 r 14.471 0.015
53644.133378 i 14.294 0.007
#53644.134211 u 99.991 99.999
53644.135045 z 14.254 0.016
#53644.135878 g 99.990 99.999
53645.205096 r 14.518 0.004
53645.205929 i 14.325 0.004
53645.206763 u 16.498 0.008
53645.207596 z 14.248 0.004
53645.208429 g 15.008 0.003
53654.167173 r 14.503 0.004
53654.168006 i 14.316 0.004
53654.168840 u 16.391 0.007
53654.169673 z 14.252 0.004
53654.170506 g 15.040 0.003
53655.117432 r 14.504 0.005
53655.118265 i 14.325 0.005
53655.119099 u 16.453 0.007
53655.119932 z 14.242 0.004
53655.120765 g 15.005 0.003
#53657.204851 r -99.000 0.003
#53657.205684 i -99.000 0.002
53657.206518 u 16.444 0.014
53657.207351 z 14.260 0.004
#53657.208184 g -99.000 0.003
53664.142391 r 14.503 0.004
53664.143224 i 14.321 0.004
53664.144058 u 16.436 0.007
53664.144891 z 14.307 0.004
53664.145724 g 15.011 0.003
53666.105991 r 14.495 0.004
53666.106824 i 14.318 0.005
53666.107658 u 16.433 0.007
53666.108491 z 14.254 0.005
53666.109324 g 15.012 0.004
53669.101630 r 14.505 0.005
53669.102463 i 14.309 0.005
53669.103297 u 16.443 0.007
53669.104130 z 14.255 0.005
53669.104963 g 15.015 0.004
53674.085865 r 14.502 0.004
53674.086698 i 14.317 0.004
53674.087532 u 16.432 0.007
53674.088365 z 14.254 0.004
53674.089198 g 15.013 0.003
53676.175372 r 16.797 0.006
#53676.176205 i -99.000 0.007
#53676.177039 u -99.000 0.048
#53676.177872 z -99.000 0.008
53676.178705 g 15.600 0.005
#53681.138761 r -99.000 0.005
#53681.139594 i -99.000 0.005
53681.140428 u 16.439 0.018
#53681.141261 z -99.000 0.007
53681.142094 g 15.026 0.005
53685.097804 r 14.503 0.003
53685.098637 i 14.314 0.003
53685.099471 u 16.434 0.009
53685.100304 z 14.231 0.004
53685.101137 g 14.999 0.003
53687.136157 r 14.515 0.004
53687.136990 i 14.313 0.004
53687.137824 u 16.467 0.009
53687.138657 z 14.247 0.004
53687.139490 g 15.013 0.003
53697.095785 r 14.522 0.004
53697.096618 i 14.336 0.005
53697.097452 u 16.459 0.018
53697.098285 z 14.235 0.008
53697.099118 g 15.004 0.005
53700.094747 r 14.511 0.004
53700.095580 i 14.317 0.004
53700.096414 u 16.439 0.007
53700.097247 z 14.246 0.004
53700.098080 g 15.005 0.003
53705.081417 r 14.516 0.003
53705.082250 i 14.349 0.003
53705.083084 u 16.431 0.007
53705.083917 z 14.261 0.004
53705.084750 g 15.028 0.003
53975.166408 r 14.522 0.008
53975.167242 i 14.303 0.018
53975.168075 u 16.455 0.016
53975.168908 z 14.214 0.013
53975.169742 g 14.990 0.006
53996.173141 r 14.479 0.006
53996.173975 i 14.324 0.005
53996.174808 u 16.477 0.014
53996.175641 z 14.264 0.014
53996.176475 g 15.047 0.010
53998.141760 r 14.490 0.008
#53998.142593 i -99.000 0.011
53998.143427 u 16.451 0.016
53998.144260 z 14.257 0.013
53998.145093 g 15.015 0.009
54005.179016 r 14.510 0.009
54005.179849 i 14.344 0.006
54005.180682 u 16.465 0.017
54005.181516 z 14.276 0.012
54005.182349 g 15.012 0.011
54010.127242 r 14.502 0.012
54010.128075 i 14.303 0.009
54010.128909 u 16.466 0.013
54010.129742 z 14.244 0.013
54010.130575 g 14.996 0.015
54012.120083 r 14.509 0.012
54012.120916 i 14.313 0.001
54012.121749 u 16.463 0.013
54012.122583 z 14.262 0.015
54012.123416 g 15.001 0.014
54019.140404 r 14.474 0.007
54019.141237 i 14.328 0.007
54019.142070 u 16.436 0.017
54019.142904 z 14.256 0.012
54019.143737 g 15.031 0.012
54020.126059 r 14.509 0.009
54020.126893 i 14.320 0.006
54020.127726 u 16.472 0.013
54020.128559 z 14.253 0.012
54020.129393 g 14.993 0.009
54022.175346 r 14.516 0.011
54022.176179 i 14.337 0.008
54022.177012 u 16.475 0.014
54022.177846 z 14.251 0.008
54022.178679 g 15.004 0.011
54028.116435 r 14.504 0.012
54028.117269 i 14.359 0.011
54028.118102 u 16.425 0.023
54028.118935 z 14.273 0.015
54028.119769 g 15.024 0.006
54030.119622 r 14.505 0.008
54030.120455 i 14.323 0.008
54030.121288 u 16.438 0.012
54030.122122 z 14.249 0.010
54030.122955 g 15.019 0.010
54032.108883 r 14.525 0.007
54032.109716 i 14.319 0.008
54032.110550 u 16.457 0.013
54032.111383 z 14.245 0.014
54032.112216 g 15.022 0.008
54034.179127 r 14.490 0.009
54034.179961 i 14.294 0.009
#54034.180794 u -99.000 0.015
54034.181627 z 14.252 0.012
54034.182461 g 15.016 0.006
54037.100862 r 14.508 0.008
54037.101695 i 14.323 0.009
54037.102528 u 16.438 0.012
54037.103362 z 14.250 0.013
54037.104195 g 15.024 0.010
54040.115351 r 14.521 0.014
54040.116184 i 14.321 0.012
54040.117018 u 16.431 0.018
54040.117851 z 14.273 0.017
54040.118684 g 15.004 0.013
54050.099983 r 14.495 0.008
54050.100816 i 14.314 0.010
54050.101650 u 16.451 0.013
54050.102483 z 14.256 0.019
54050.103316 g 15.011 0.013
54053.106135 r 14.511 0.013
54053.106968 i 14.341 0.015
54053.107801 u 16.447 0.014
54053.108635 z 14.256 0.013
54053.109468 g 14.995 0.016
54056.107823 r 14.523 0.019
54056.108656 i 14.319 0.009
54056.109489 u 16.443 0.020
54056.110323 z 14.241 0.018
54056.111156 g 15.005 0.031
54057.076462 r 14.504 0.015
54057.077296 i 14.371 0.009
54057.078129 u 16.454 0.015
54057.078962 z 14.249 0.014
54057.079796 g 15.011 0.008
54059.102090 r 14.504 0.008
54059.102923 i 14.360 0.008
54059.103757 u 16.441 0.019
54059.104590 z 14.265 0.012
54059.105423 g 15.007 0.009
54061.113147 r 14.494 0.011
54061.113980 i 14.308 0.019
54061.114814 u 16.455 0.015
54061.115647 z 14.264 0.013
54061.116480 g 14.974 0.017
54062.106988 r 14.491 0.012
54062.107821 i 14.329 0.007
54062.108655 u 16.467 0.016
54062.109488 z 14.211 0.021
54062.110321 g 15.015 0.007
54068.096977 r 14.513 0.010
54068.097810 i 14.312 0.006
54068.098644 u 16.442 0.014
54068.099477 z 14.265 0.012
54068.100310 g 14.974 0.024
54356.197709 r 14.524 0.011
54356.198542 i 14.341 0.009
54356.199376 u 16.446 0.012
54356.200209 z 14.229 0.018
54356.201042 g 15.112 0.008
54357.145288 r 14.507 0.007
54357.146121 i 14.297 0.001
54357.146955 u 16.481 0.020
54357.147788 z 14.254 0.014
54357.148621 g 15.007 0.021
54358.142772 r 14.484 0.016
54358.143605 i 14.315 0.031
54358.144439 u 16.443 0.015
54358.145272 z 14.242 0.015
54358.146105 g 15.000 0.011
54365.143169 r 14.486 0.009
54365.144003 i 14.352 0.009
54365.144836 u 16.421 0.016
54365.145669 z 14.229 0.018
54365.146503 g 15.008 0.013
54373.174869 r 14.536 0.007
54373.175702 i 14.355 0.010
54373.176535 u 16.456 0.012
54373.177369 z 14.248 0.015
54373.178202 g 15.007 0.012
54381.187566 r 14.506 0.009
54381.188399 i 14.323 0.015
54381.189233 u 16.368 0.012
54381.190066 z 14.238 0.019
54381.190899 g 15.038 0.010
54382.184969 r 14.486 0.009
54382.185802 i 14.380 0.017
#54382.186636 u 100.004 99.999
54382.187469 z 14.253 0.015
54382.188302 g 15.003 0.019
54385.193110 r 14.565 0.014
54385.193944 i 14.332 0.011
54385.194777 u 16.458 0.015
54385.195610 z 14.251 0.019
54385.196444 g 15.003 0.011
54387.193618 r 14.514 0.004
54387.194452 i 14.318 0.007
54387.195285 u 16.431 0.016
54387.196118 z 14.215 0.013
54387.196952 g 14.997 0.010
54390.196626 r 14.510 0.010
54390.197460 i 14.305 0.015
54390.198293 u 16.464 0.017
54390.199126 z 14.233 0.017
54390.199960 g 15.012 0.012
54392.188355 r 14.481 0.014
54392.189188 i 14.311 0.008
54392.190022 u 16.475 0.018
#54392.190855 z -99.000 0.016
54392.191688 g 14.964 0.012
54402.186805 r 14.512 0.012
54402.187638 i 14.332 0.010
54402.188471 u 16.442 0.016
54402.189305 z 14.265 0.013
54402.190138 g 15.023 0.012
54403.105761 r 14.502 0.009
54403.106595 i 14.328 0.012
54403.107428 u 16.435 0.011
54403.108261 z 14.261 0.015
54403.109095 g 15.060 0.012
54406.099598 r 14.494 0.012
54406.100431 i 14.362 0.012
54406.101264 u 16.458 0.015
54406.102098 z 14.193 0.015
54406.102931 g 15.021 0.014
54412.102528 r 14.507 0.013
54412.103361 i 14.334 0.010
54412.104195 u 16.458 0.016
54412.105028 z 14.273 0.014
54412.105861 g 15.013 0.011
54415.140081 r 14.514 0.008
54415.140914 i 14.335 0.010
54415.141748 u 16.444 0.013
54415.142581 z 14.259 0.014
54415.143414 g 15.045 0.015
