52172.233099 r 17.795 0.008
52172.233932 i 17.389 0.007
52172.234766 u 21.620 0.153
52172.235599 z 17.099 0.013
52172.236432 g 19.037 0.012
52930.083624 r 17.659 0.006
52930.084457 i 17.333 0.007
52930.085291 u 20.914 0.085
52930.086124 z 17.257 0.014
52930.086957 g 18.986 0.011
52931.084455 r 17.514 0.006
52931.085288 i 17.254 0.006
52931.086122 u 22.110 0.241
52931.086955 z 17.158 0.014
52931.087788 g 18.664 0.009
52935.081418 r 17.753 0.007
52935.082251 i 17.393 0.007
52935.083085 u 21.990 0.208
52935.083918 z 17.818 0.021
52935.084751 g 19.746 0.018
53625.179833 r 17.619 0.007
53625.180666 i 17.322 0.007
53625.181500 u 21.127 0.120
53625.182333 z 17.116 0.013
53625.183166 g 18.695 0.011
53636.138868 r 17.355 0.005
53636.139701 i 17.063 0.006
53636.140535 u 21.050 0.104
53636.141368 z 17.065 0.013
53636.142201 g 18.614 0.009
53645.198538 r 17.731 0.007
53645.199371 i 17.435 0.007
53645.200205 u 21.315 0.138
53645.201038 z 17.545 0.018
53645.201871 g 19.110 0.013
53655.110875 r 17.670 0.007
53655.111708 i 17.256 0.007
53655.112542 u 21.296 0.198
53655.113375 z 17.188 0.014
53655.114208 g 18.990 0.014
53664.135833 r 18.025 0.008
53664.136666 i 17.458 0.007
53664.137500 u 21.311 0.210
53664.138333 z 18.074 0.029
53664.139166 g 19.020 0.015
53666.099433 r 17.593 0.007
53666.100266 i 17.215 0.007
53666.101100 u 21.794 0.165
53666.101933 z 17.011 0.012
53666.102766 g 18.653 0.009
53669.095073 r 17.725 0.007
53669.095906 i 17.343 0.007
53669.096740 u 21.532 0.133
53669.097573 z 17.112 0.012
53669.098406 g 18.683 0.009
53674.079307 r 17.659 0.006
53674.080140 i 17.426 0.007
#53674.080974 u 24.553 1.167
53674.081807 z 17.586 0.020
53674.082640 g 19.347 0.013
53681.132204 r 17.747 0.009
53681.133037 i 17.305 0.009
53681.133871 u 22.891 0.876
53681.134704 z 17.177 0.023
53681.135537 g 19.288 0.028
53687.129598 r 17.861 0.009
53687.130431 i 17.521 0.008
53687.131265 u 22.182 0.816
53687.132098 z 17.446 0.018
53687.132931 g 18.890 0.020
53697.089226 r 17.798 0.018
53697.090059 i 17.308 0.015
53697.090893 u 21.656 0.604
53697.091726 z 17.339 0.045
53697.092559 g 19.102 0.037
53700.088190 r 17.872 0.007
53700.089023 i 17.423 0.007
53700.089857 u 22.318 0.325
53700.090690 z 17.404 0.017
53700.091523 g 18.792 0.010
53705.074858 r 17.709 0.006
53705.075691 i 17.276 0.006
53705.076525 u 20.781 0.109
53705.077358 z 17.263 0.016
53705.078191 g 18.777 0.011
53975.159852 r 17.673 0.091
53975.160686 i 17.396 0.087
53975.161519 u 20.733 0.188
53975.162352 z 17.724 0.173
53975.163186 g 18.505 0.118
53994.155290 r 17.581 0.110
53994.156124 i 17.297 0.092
53994.156957 u 21.453 0.366
53994.157790 z 17.345 0.127
53994.158624 g 18.996 0.240
53998.135203 r 17.754 0.124
53998.136036 i 17.295 0.079
53998.136869 u 21.043 0.243
53998.137703 z 17.426 0.141
53998.138536 g 18.611 0.158
54005.172456 r 17.608 0.141
54005.173290 i 17.354 0.113
54005.174123 u 21.721 0.196
54005.174956 z 17.317 0.195
54005.175790 g 18.682 0.238
54010.120678 r 17.595 0.085
54010.121511 i 17.337 0.088
54010.122344 u 21.625 0.496
54010.123178 z 17.151 0.090
54010.124011 g 18.676 0.135
54020.119503 r 17.745 0.112
54020.120336 i 17.392 0.091
54020.121169 u 20.872 0.267
54020.122003 z 17.667 0.209
54020.122836 g 18.698 0.153
#54022.168787 r -99.000 0.157
54022.169620 i 17.430 0.108
54022.170453 u 21.885 0.383
54022.171287 z 17.495 0.200
#54022.172120 g -99.000 0.265
54030.113065 r 17.714 0.122
54030.113899 i 17.453 0.100
54030.114732 u 20.805 0.195
54030.115565 z 17.131 0.144
54030.116399 g 18.864 0.195
54032.102356 r 17.672 0.126
#54032.103190 i -99.000 0.090
54032.104023 u 22.488 0.689
#54032.104856 z -99.000 0.137
#54032.105690 g -99.000 0.151
54037.094307 r 17.447 0.060
54037.095141 i 17.281 0.064
54037.095974 u 21.373 0.414
54037.096807 z 17.139 0.077
54037.097641 g 18.505 0.102
54040.108794 r 17.612 0.100
54040.109627 i 17.437 0.114
#54040.110460 u 22.507 1.168
54040.111294 z 17.124 0.121
54040.112127 g 18.653 0.163
54050.093415 r 18.072 0.160
54050.094248 i 17.616 0.118
54050.095081 u 21.827 0.419
54050.095915 z 17.455 0.170
54050.096748 g 18.646 0.150
54357.138745 r 17.583 0.075
54357.139578 i 17.228 0.064
#54357.140412 u 23.813 2.778
54357.141245 z 17.049 0.069
54357.142078 g 18.808 0.141
54365.136580 r 17.756 0.118
54365.137414 i 17.592 0.109
54365.138247 u 20.850 0.278
54365.139080 z 17.497 0.139
#54365.139914 g -99.000 0.115
54385.186548 r 17.865 0.130
54385.187381 i 17.400 0.102
54385.188215 u 22.829 0.593
54385.189048 z 17.438 0.138
54385.189881 g 18.887 0.196
54402.180266 r 17.853 0.123
54402.181100 i 17.366 0.091
54402.181933 u 21.223 0.415
54402.182766 z 17.130 0.092
54402.183600 g 18.447 0.111
