52075.325001 r 18.834 0.011
52075.325834 i 18.552 0.012
52075.326668 u 21.214 0.125
52075.327501 z 18.452 0.030
52075.328334 g 19.602 0.016
52197.133653 r 18.868 0.010
52197.134486 i 18.573 0.011
52197.135320 u 21.579 0.130
52197.136153 z 18.434 0.030
52197.136986 g 19.631 0.015
52557.171498 r 18.864 0.011
52557.172331 i 18.564 0.012
52557.173165 u 21.385 0.149
52557.173998 z 18.466 0.033
52557.174831 g 19.620 0.016
52578.067572 r 18.846 0.011
52578.068405 i 18.563 0.012
52578.069239 u 21.230 0.119
52578.070072 z 18.451 0.032
52578.070905 g 19.636 0.015
52929.097799 r 18.856 0.010
52929.098632 i 18.540 0.011
52929.099466 u 21.447 0.129
52929.100299 z 18.403 0.027
52929.101132 g 19.633 0.014
52934.077956 r 18.864 0.011
52934.078789 i 18.574 0.011
52934.079623 u 21.521 0.130
52934.080456 z 18.416 0.028
52934.081289 g 19.642 0.015
52936.073882 r 18.866 0.010
52936.074715 i 18.582 0.011
52936.075549 u 21.565 0.122
52936.076382 z 18.399 0.029
52936.077215 g 19.636 0.014
53243.259094 r 18.840 0.017
53243.259927 i 18.515 0.015
53243.260761 u 21.386 0.293
53243.261594 z 18.405 0.034
53243.262427 g 19.615 0.033
53270.137955 r 18.898 0.015
53270.138789 i 18.597 0.014
53270.139622 u 21.488 0.184
53270.140455 z 18.469 0.029
53270.141289 g 19.605 0.019
53272.187893 r 18.898 0.016
53272.188726 i 18.594 0.015
53272.189560 u 21.155 0.252
53272.190393 z 18.382 0.032
53272.191226 g 19.634 0.036
53288.115097 r 18.842 0.012
53288.115930 i 18.534 0.012
53288.116764 u 21.637 0.184
53288.117597 z 18.346 0.031
53288.118430 g 19.585 0.017
53302.110767 r 18.886 0.014
53302.111600 i 18.614 0.013
53302.112434 u 21.306 0.224
53302.113267 z 18.431 0.030
53302.114100 g 19.617 0.026
53312.066306 r 18.836 0.015
53312.067139 i 18.574 0.018
53312.067973 u 21.411 0.178
53312.068806 z 18.269 0.038
53312.069639 g 19.633 0.019
53314.067493 r 18.872 0.011
53314.068326 i 18.568 0.012
53314.069160 u 21.652 0.150
53314.069993 z 18.475 0.035
53314.070826 g 19.623 0.015
53623.162076 r 18.840 0.012
53623.162909 i 18.529 0.012
53623.163743 u 21.854 0.250
#53623.164576 z -99.000 0.029
53623.165409 g 19.609 0.017
53626.148289 r 18.870 0.013
53626.149122 i 18.590 0.013
53626.149956 u 21.602 0.263
53626.150789 z 18.422 0.030
53626.151622 g 19.643 0.025
53628.133154 r 18.846 0.019
53628.133987 i 18.600 0.019
53628.134821 u 20.967 0.283
53628.135654 z 18.506 0.041
53628.136487 g 19.632 0.041
53637.134766 r 18.842 0.012
53637.135599 i 18.640 0.014
53637.136433 u 21.744 0.242
53637.137266 z 18.400 0.036
53637.138099 g 19.588 0.018
53644.127211 r 18.874 0.010
53644.128045 i 18.628 0.012
53644.128878 u 21.564 0.146
53644.129711 z 18.443 0.032
53644.130545 g 19.623 0.016
53649.121837 r 18.823 0.059
#53649.122670 i -99.000 0.115
#53649.123504 u -99.000 1.601
#53649.124337 z -99.000 0.179
#53649.125170 g -99.000 0.184
53654.161838 r 18.883 0.013
53654.162671 i 18.560 0.013
53654.163505 u 21.656 0.283
53654.164338 z 18.367 0.032
53654.165171 g 19.652 0.023
53656.109427 r 18.810 0.021
53656.110260 i 18.552 0.018
53656.111094 u 21.163 0.316
53656.111927 z 18.418 0.043
53656.112760 g 19.549 0.037
53665.100706 r 18.818 0.037
53665.101539 i 18.580 0.032
53665.102373 u 21.584 0.462
53665.103206 z 18.164 0.107
53665.104039 g 19.606 0.060
53668.112338 r 18.915 0.016
53668.113171 i 18.527 0.017
53668.114005 u 21.520 0.234
53668.114838 z 18.360 0.046
53668.115671 g 19.813 0.023
53670.117192 r 18.852 0.012
53670.118025 i 18.566 0.014
53670.118859 u 21.590 0.206
53670.119692 z 18.370 0.043
53670.120525 g 19.632 0.018
53673.085173 r 18.903 0.011
53673.086006 i 18.571 0.013
53673.086840 u 21.617 0.173
53673.087673 z 18.350 0.033
53673.088506 g 19.622 0.016
53675.082062 r 18.864 0.012
53675.082895 i 18.535 0.013
53675.083729 u 21.499 0.159
53675.084562 z 18.508 0.040
53675.085395 g 19.600 0.016
53677.103095 r 18.863 0.010
53677.103928 i 18.568 0.011
53677.104762 u 21.250 0.105
53677.105595 z 18.442 0.028
53677.106428 g 19.610 0.016
53680.089760 r 18.866 0.010
53680.090593 i 18.579 0.011
53680.091427 u 21.490 0.137
53680.092260 z 18.396 0.026
53680.093093 g 19.664 0.016
53693.091666 r 18.877 0.013
53693.092499 i 18.590 0.013
53693.093333 u 21.587 0.213
53693.094166 z 18.396 0.031
53693.094999 g 19.596 0.022
53702.087343 r 19.274 0.038
53702.088177 i 18.521 0.018
53702.089010 u 21.481 0.279
53702.089843 z 18.341 0.050
53702.090677 g 20.851 0.142
53703.096467 r 18.848 0.014
53703.097300 i 18.578 0.012
53703.098134 u 21.359 0.199
53703.098967 z 18.334 0.035
53703.099800 g 19.709 0.024
53704.074994 r 18.868 0.012
53704.075827 i 18.575 0.012
53704.076661 u 21.251 0.139
53704.077494 z 18.379 0.031
53704.078327 g 19.584 0.017
53974.162939 r 18.886 0.014
53974.163772 i 18.592 0.012
53974.164605 u 21.352 0.106
53974.165439 z 18.405 0.030
53974.166272 g 19.630 0.013
53989.152377 r 18.881 0.014
53989.153210 i 18.605 0.012
53989.154043 u 21.565 0.171
53989.154877 z 18.442 0.027
53989.155710 g 19.651 0.021
53995.160286 r 18.913 0.010
53995.161120 i 18.598 0.011
53995.161953 u 21.580 0.117
53995.162786 z 18.438 0.025
53995.163620 g 19.647 0.016
#53997.138662 r -99.000 0.012
53997.139495 i 18.607 0.012
53997.140329 u 21.756 0.184
53997.141162 z 18.347 0.032
53997.141995 g 19.639 0.019
54005.110517 r 18.852 0.010
54005.111350 i 18.581 0.010
54005.112184 u 21.343 0.105
54005.113017 z 18.444 0.024
54005.113850 g 19.602 0.016
54007.123267 r 18.876 0.011
54007.124100 i 18.601 0.013
54007.124933 u 21.370 0.139
54007.125767 z 18.450 0.031
54007.126600 g 19.637 0.017
54009.120372 r 18.885 0.012
54009.121206 i 18.612 0.011
54009.122039 u 21.749 0.198
54009.122872 z 18.416 0.030
54009.123706 g 19.645 0.022
54011.184865 r 18.872 0.015
54011.185699 i 18.644 0.017
54011.186532 u 21.473 0.272
54011.187365 z 18.448 0.030
54011.188199 g 19.660 0.030
54019.135071 r 18.857 0.013
54019.135905 i 18.533 0.017
54019.136738 u 21.850 0.240
54019.137571 z 18.371 0.031
54019.138405 g 19.644 0.022
54025.183892 r 18.896 0.011
54025.184725 i 18.577 0.011
54025.185559 u 21.611 0.175
54025.186392 z 18.490 0.033
54025.187225 g 19.637 0.016
54029.114222 r 18.864 0.011
54029.115055 i 18.598 0.016
54029.115888 u 21.575 0.135
54029.116722 z 18.391 0.026
54029.117555 g 19.630 0.015
54051.090796 r 18.892 0.035
#54051.091629 i -99.000 0.048
#54051.092463 u -99.000 1.324
54051.093296 z 18.170 0.072
54051.094129 g 19.633 0.055
54356.192377 r 18.863 0.016
54356.193210 i 18.604 0.017
54356.194043 u 21.415 0.117
54356.194877 z 18.428 0.029
54356.195710 g 19.649 0.016
54358.137468 r 18.844 0.011
54358.138301 i 18.554 0.013
54358.139134 u 21.675 0.186
54358.139968 z 18.450 0.030
54358.140801 g 19.624 0.019
54373.169535 r 18.894 0.014
54373.170369 i 18.638 0.017
54373.171202 u 21.067 0.151
54373.172035 z 18.500 0.037
54373.172869 g 19.634 0.028
54381.182232 r 18.881 0.013
54381.183065 i 18.574 0.015
54381.183899 u 21.612 0.169
54381.184732 z 18.404 0.044
54381.185565 g 19.633 0.019
54382.179637 r 18.819 0.020
54382.180470 i 18.525 0.022
54382.181304 u 21.722 0.249
54382.182137 z 18.342 0.040
54382.182970 g 19.617 0.020
54383.185379 r 18.872 0.012
54383.186212 i 18.590 0.016
54383.187045 u 21.210 0.117
54383.187879 z 18.409 0.031
54383.188712 g 19.654 0.020
54386.182385 r 18.909 0.013
54386.183218 i 18.593 0.013
54386.184052 u 21.454 0.125
54386.184885 z 18.429 0.031
54386.185718 g 19.648 0.015
54388.186652 r 18.835 0.012
54388.187486 i 18.568 0.012
54388.188319 u 21.330 0.154
54388.189152 z 18.411 0.033
54388.189986 g 19.632 0.017
54403.100429 r 18.911 0.013
54403.101263 i 18.572 0.011
54403.102096 u 21.470 0.121
54403.102929 z 18.427 0.027
54403.103763 g 19.647 0.015
54406.094257 r 18.831 0.012
54406.095091 i 18.590 0.013
54406.095924 u 21.610 0.140
54406.096757 z 18.529 0.046
54406.097591 g 19.713 0.018
54412.097189 r 18.906 0.015
54412.098022 i 18.609 0.012
54412.098856 u 21.717 0.162
54412.099689 z 18.481 0.031
54412.100522 g 19.670 0.018
54415.134757 r 18.869 0.011
54415.135591 i 18.601 0.013
54415.136424 u 21.390 0.126
54415.137257 z 18.436 0.032
54415.138091 g 19.638 0.019
