51075.450501 r 19.691 0.019
51075.451334 i 19.254 0.024
51075.452168 u 20.894 0.077
51075.453001 z 19.187 0.065
51075.453834 g 20.321 0.022
51818.420137 r 19.918 0.023
51818.420970 i 19.366 0.022
51818.421804 u 21.388 0.120
51818.422637 z 19.370 0.066
51818.423470 g 20.595 0.028
52171.408275 r 19.944 0.020
52171.409108 i 19.504 0.020
52171.409942 u 21.375 0.108
52171.410775 z 19.484 0.058
52171.411608 g 20.603 0.025
52173.384500 r 19.978 0.023
52173.385333 i 19.534 0.026
52173.386167 u 21.592 0.152
52173.387000 z 19.333 0.070
52173.387833 g 20.595 0.029
52224.364660 r 19.895 0.020
52224.365493 i 19.409 0.020
52224.366327 u 21.197 0.097
52224.367160 z 19.356 0.058
52224.367993 g 20.566 0.024
52234.321161 r 19.885 0.021
52234.321994 i 19.449 0.021
52234.322828 u 21.338 0.136
52234.323661 z 19.455 0.062
52234.324494 g 20.581 0.030
52261.284516 r 19.900 0.018
52261.285349 i 19.449 0.019
#52261.286183 u -99.000 0.137
52261.287016 z 19.497 0.057
52261.287849 g 20.552 0.028
52283.151892 r 19.943 0.023
52283.152725 i 19.458 0.028
#52283.153559 u -99.000 0.151
52283.154392 z 19.287 0.071
52283.155225 g 20.604 0.030
52287.165015 r 19.966 0.022
52287.165848 i 19.475 0.021
52287.166682 u 21.388 0.119
52287.167515 z 19.314 0.051
52287.168348 g 20.609 0.027
52552.483703 r 20.010 0.020
52552.484536 i 19.494 0.021
#52552.485370 u -99.000 0.141
52552.486203 z 19.517 0.064
52552.487036 g 20.712 0.027
52557.458062 r 20.030 0.023
52557.458895 i 19.572 0.025
52557.459729 u 21.597 0.127
52557.460562 z 19.526 0.073
52557.461395 g 20.684 0.025
52585.359392 r 19.973 0.022
52585.360225 i 19.475 0.023
52585.361059 u 21.650 0.121
52585.361892 z 19.370 0.065
52585.362725 g 20.637 0.024
52908.432631 r 19.966 0.022
52908.433464 i 19.530 0.027
52908.434298 u 21.684 0.184
52908.435131 z 19.384 0.060
52908.435964 g 20.644 0.029
52912.412071 r 19.997 0.023
52912.412904 i 19.490 0.024
52912.413738 u 21.559 0.160
52912.414571 z 19.436 0.071
52912.415404 g 20.636 0.031
52934.364538 r 19.986 0.022
52934.365371 i 19.528 0.024
52934.366205 u 21.573 0.135
52934.367038 z 19.347 0.069
52934.367871 g 20.670 0.027
52936.360464 r 19.972 0.021
52936.361297 i 19.522 0.022
52936.362131 u 21.468 0.113
52936.362964 z 19.400 0.060
52936.363797 g 20.632 0.025
53270.424563 r 19.923 0.022
53270.425397 i 19.431 0.022
53270.426230 u 21.407 0.088
53270.427063 z 19.471 0.050
53270.427897 g 20.601 0.026
53272.474460 r 19.954 0.019
53272.475293 i 19.428 0.020
53272.476127 u 21.671 0.128
53272.476960 z 19.450 0.058
53272.477793 g 20.603 0.025
53286.443181 r 19.921 0.030
53286.444014 i 19.522 0.033
53286.444848 u 21.045 0.171
53286.445681 z 19.279 0.075
53286.446514 g 20.599 0.047
53288.401675 r 19.932 0.020
53288.402508 i 19.462 0.021
53288.403342 u 21.404 0.121
53288.404175 z 19.450 0.061
53288.405008 g 20.588 0.026
53294.449347 r 19.913 0.028
53294.450180 i 19.459 0.022
53294.451014 u 21.637 0.152
53294.451847 z 19.411 0.061
53294.452680 g 20.577 0.026
53296.396361 r 19.865 0.023
53296.397194 i 19.420 0.027
53296.398027 u 21.315 0.118
53296.398861 z 19.476 0.061
53296.399694 g 20.535 0.026
53298.446122 r 19.889 0.024
53298.446955 i 19.440 0.025
53298.447789 u 21.410 0.123
53298.448622 z 19.335 0.066
53298.449455 g 20.575 0.029
53312.352876 r 19.907 0.028
53312.353709 i 19.413 0.030
53312.354542 u 21.191 0.158
53312.355376 z 19.275 0.063
53312.356209 g 20.597 0.043
53314.354076 r 19.913 0.024
53314.354909 i 19.444 0.024
53314.355743 u 21.424 0.164
53314.356576 z 19.342 0.067
53314.357409 g 20.575 0.036
53319.341872 r 19.935 0.031
53319.342705 i 19.404 0.031
53319.343539 u 21.097 0.152
53319.344372 z 19.360 0.079
53319.345205 g 20.540 0.038
53616.458425 r 19.674 0.017
53616.459258 i 19.266 0.020
53616.460092 u 21.029 0.103
53616.460925 z 19.189 0.055
53616.461758 g 20.265 0.022
#53626.434853 r -99.000 0.023
#53626.435686 i -99.000 0.025
#53626.436520 u -99.000 0.130
53626.437353 z 19.237 0.054
53626.438186 g 20.251 0.027
53628.419718 r 19.667 0.022
53628.420551 i 19.284 0.030
53628.421385 u 20.847 0.121
53628.422218 z 19.124 0.072
53628.423051 g 20.257 0.027
53639.466714 r 19.668 0.018
53639.467547 i 19.235 0.018
53639.468381 u 21.115 0.132
53639.469214 z 19.175 0.047
53639.470047 g 20.223 0.025
53663.409313 r 19.645 0.030
53663.410146 i 19.272 0.025
53663.410980 u 21.055 0.230
53663.411813 z 19.366 0.103
53663.412646 g 20.347 0.065
53665.387285 r 19.673 0.025
53665.388118 i 19.237 0.023
53665.388952 u 20.868 0.179
53665.389785 z 19.259 0.064
53665.390618 g 20.339 0.046
53668.398914 r 19.660 0.025
53668.399747 i 19.318 0.026
53668.400581 u 21.202 0.198
53668.401414 z 19.162 0.064
53668.402247 g 20.246 0.032
53669.486517 r 19.694 0.025
53669.487350 i 19.247 0.023
53669.488184 u 21.061 0.178
53669.489017 z 19.169 0.058
53669.489850 g 20.340 0.032
53670.403766 r 19.714 0.023
53670.404599 i 19.312 0.027
53670.405433 u 21.148 0.191
53670.406266 z 19.200 0.071
53670.407099 g 20.337 0.037
53673.371753 r 19.676 0.017
53673.372586 i 19.262 0.017
53673.373420 u 21.112 0.095
53673.374253 z 19.177 0.043
53673.375086 g 20.265 0.020
53675.368642 r 19.713 0.020
53675.369475 i 19.249 0.020
53675.370309 u 21.093 0.093
53675.371142 z 19.178 0.053
53675.371975 g 20.274 0.020
#53676.488280 r -99.000 0.139
#53676.489113 i -99.000 0.127
#53676.489947 u -99.000 1.141
#53676.490780 z -99.000 0.194
53676.491613 g 20.264 0.081
53680.376339 r 19.668 0.017
53680.377172 i 19.218 0.017
53680.378006 u 21.049 0.088
53680.378839 z 19.113 0.043
53680.379672 g 20.286 0.023
53683.434885 r 19.730 0.039
53683.435718 i 19.292 0.043
53683.436552 u 21.464 0.321
53683.437385 z 19.123 0.128
53683.438218 g 20.351 0.040
53686.375770 r 19.737 0.028
53686.376603 i 19.249 0.025
53686.377437 u 21.264 0.194
53686.378270 z 19.162 0.050
53686.379103 g 20.324 0.044
53693.378228 r 19.686 0.038
53693.379061 i 19.270 0.031
53693.379895 u 21.869 0.703
53693.380728 z 19.216 0.069
53693.381561 g 20.308 0.069
53699.399060 r 19.694 0.021
53699.399893 i 19.265 0.020
53699.400727 u 21.373 0.180
53699.401560 z 19.128 0.046
53699.402393 g 20.277 0.028
53704.361547 r 19.687 0.021
53704.362380 i 19.249 0.023
53704.363214 u 21.238 0.142
53704.364047 z 19.182 0.060
53704.364880 g 20.260 0.027
53989.457631 r 19.615 0.024
53989.458465 i 19.273 0.022
53989.459298 u 20.922 0.149
53989.460131 z 19.054 0.040
53989.460965 g 20.132 0.040
54007.483185 r 19.628 0.021
54007.484018 i 19.203 0.020
54007.484851 u 20.944 0.073
54007.485685 z 19.057 0.041
54007.486518 g 20.184 0.023
54008.443959 r 19.602 0.017
54008.444793 i 19.187 0.018
#54008.445626 u -99.000 0.085
54008.446459 z 19.033 0.045
54008.447293 g 20.195 0.020
54009.406964 r 19.582 0.018
54009.407797 i 19.169 0.020
54009.408630 u 21.044 0.064
54009.409464 z 19.088 0.034
54009.410297 g 20.167 0.019
54011.471428 r 19.585 0.015
54011.472261 i 19.155 0.019
54011.473095 u 21.063 0.067
54011.473928 z 19.122 0.033
54011.474761 g 20.189 0.020
54019.466450 r 19.606 0.024
54019.467283 i 19.162 0.021
54019.468117 u 20.854 0.138
54019.468950 z 19.133 0.044
54019.469783 g 20.139 0.034
54025.470438 r 19.609 0.021
54025.471271 i 19.186 0.019
54025.472104 u 20.936 0.096
54025.472938 z 19.051 0.043
54025.473771 g 20.162 0.019
54348.468185 r 19.521 0.024
54348.469018 i 19.102 0.023
54348.469851 u 20.931 0.127
54348.470685 z 19.015 0.043
54348.471518 g 20.186 0.031
54358.424148 r 19.572 0.022
54358.424982 i 19.115 0.016
#54358.425815 u -99.000 0.077
54358.426648 z 18.953 0.038
54358.427482 g 20.069 0.019
54365.457094 r 19.543 0.025
54365.457928 i 19.130 0.020
54365.458761 u 20.829 0.058
54365.459594 z 18.998 0.031
54365.460428 g 20.096 0.017
54381.476650 r 19.479 0.023
54381.477483 i 19.146 0.018
54381.478316 u 20.991 0.103
54381.479150 z 18.951 0.040
54381.479983 g 20.100 0.027
54386.468950 r 19.545 0.017
54386.469783 i 19.122 0.016
54386.470616 u 21.144 0.088
54386.471450 z 19.036 0.036
54386.472283 g 20.172 0.021
54388.473350 r 19.535 0.018
54388.474183 i 19.167 0.018
54388.475017 u 20.845 0.082
54388.475850 z 19.059 0.040
54388.476683 g 20.156 0.024
54392.470774 r 19.550 0.019
54392.471608 i 19.102 0.024
54392.472441 u 20.968 0.085
54392.473274 z 19.005 0.039
54392.474108 g 20.180 0.022
54403.387053 r 19.521 0.028
54403.387886 i 19.133 0.035
54403.388719 u 21.530 0.719
#54403.389553 z -99.000 0.406
#54403.390386 g -99.000 99.999
54404.444683 r 19.536 0.026
54404.445517 i 19.124 0.027
#54404.446350 u -99.000 0.615
#54404.447183 z -99.000 0.178
54404.448017 g 20.065 0.114
54406.380843 r 19.524 0.017
54406.381676 i 19.125 0.019
54406.382509 u 20.922 0.079
54406.383343 z 19.061 0.033
54406.384176 g 20.187 0.022
54409.385676 r 19.520 0.017
54409.386509 i 19.102 0.021
54409.387342 u 20.952 0.077
54409.388176 z 19.029 0.042
54409.389009 g 20.168 0.022
54412.406599 r 19.503 0.023
54412.407433 i 19.094 0.022
54412.408266 u 20.792 0.090
54412.409099 z 19.053 0.047
54412.409933 g 20.122 0.026
