52172.240826 r 16.311 0.004
52172.241659 i 16.060 0.004
52172.242493 u 19.009 0.024
52172.243326 z 15.943 0.007
52172.244159 g 17.047 0.005
52558.190530 r 16.315 0.004
52558.191363 i 16.047 0.004
52558.192197 u 18.990 0.023
52558.193030 z 15.841 0.007
52558.193863 g 17.052 0.005
52576.102786 r 16.317 0.005
52576.103619 i 16.044 0.005
52576.104453 u 19.042 0.025
52576.105286 z 15.908 0.008
52576.106119 g 17.053 0.005
52577.078020 r 16.310 0.004
52577.078853 i 16.051 0.004
52577.079687 u 18.995 0.024
52577.080520 z 15.902 0.007
52577.081353 g 17.050 0.004
52930.091352 r 16.309 0.004
52930.092185 i 16.050 0.004
52930.093019 u 19.054 0.025
52930.093852 z 15.936 0.007
52930.094685 g 17.053 0.004
52931.092183 r 16.315 0.004
52931.093016 i 16.053 0.004
52931.093850 u 19.031 0.023
52931.094683 z 15.909 0.006
52931.095516 g 17.061 0.004
52935.089146 r 16.313 0.004
52935.089979 i 16.049 0.004
52935.090813 u 19.064 0.024
52935.091646 z 15.905 0.006
52935.092479 g 17.067 0.004
53313.082347 r 16.314 0.004
53313.083180 i 16.048 0.004
53313.084014 u 19.043 0.025
53313.084847 z 15.902 0.007
53313.085680 g 17.068 0.004
53622.191596 r 16.307 0.004
53622.192429 i 16.062 0.004
53622.193263 u 19.074 0.034
53622.194096 z 15.930 0.007
53622.194929 g 17.062 0.004
53625.187561 r 16.312 0.004
53625.188394 i 16.054 0.004
53625.189228 u 19.102 0.027
53625.190061 z 15.933 0.007
53625.190894 g 17.062 0.005
53634.141066 r 16.313 0.004
53634.141899 i 16.054 0.005
53634.142733 u 18.971 0.044
53634.143566 z 15.923 0.008
53634.144399 g 17.070 0.005
53636.146597 r 16.309 0.004
53636.147430 i 16.049 0.004
53636.148264 u 19.108 0.026
53636.149097 z 15.953 0.007
53636.149930 g 17.056 0.005
53645.206263 r 16.312 0.004
53645.207096 i 16.046 0.004
53645.207930 u 19.050 0.029
53645.208763 z 15.963 0.007
53645.209596 g 17.057 0.005
53655.118602 r 16.309 0.004
53655.119435 i 16.039 0.004
53655.120269 u 19.042 0.038
53655.121102 z 15.919 0.007
53655.121935 g 17.067 0.005
53657.206019 r 16.316 0.005
53657.206852 i 16.053 0.005
53657.207686 u 18.954 0.104
53657.208519 z 15.962 0.010
53657.209352 g 17.064 0.008
53664.143562 r 16.315 0.004
53664.144395 i 16.053 0.004
53664.145229 u 19.021 0.035
53664.146062 z 15.940 0.007
53664.146895 g 17.065 0.005
53666.107161 r 16.316 0.004
53666.107994 i 16.055 0.004
53666.108828 u 19.046 0.024
53666.109661 z 15.925 0.007
53666.110494 g 17.060 0.005
53669.102799 r 16.313 0.004
53669.103632 i 16.047 0.004
53669.104466 u 19.080 0.024
53669.105299 z 15.862 0.006
53669.106132 g 17.063 0.005
53674.087035 r 16.310 0.004
53674.087868 i 16.047 0.004
53674.088702 u 19.015 0.025
53674.089535 z 15.905 0.007
53674.090368 g 17.057 0.004
53676.176525 r 16.314 0.004
53676.177358 i 16.059 0.004
53676.178192 u 19.054 0.027
53676.179025 z 15.932 0.007
53676.179858 g 17.070 0.005
53681.139928 r 16.323 0.013
#53681.140761 i -99.000 0.013
53681.141595 u 19.139 0.103
53681.142428 z 15.953 0.023
53681.143261 g 17.065 0.014
53685.098972 r 16.311 0.004
53685.099805 i 16.046 0.004
53685.100639 u 19.079 0.062
53685.101472 z 15.944 0.007
53685.102305 g 17.047 0.006
53687.137324 r 16.319 0.004
53687.138157 i 16.055 0.004
53687.138991 u 19.031 0.058
53687.139824 z 15.930 0.007
53687.140657 g 17.052 0.006
53694.112866 r 16.279 0.004
#53694.113699 i -99.000 0.004
53694.114533 u 18.938 0.048
#53694.115366 z -99.000 0.009
#53694.116199 g -99.000 0.005
53697.096953 r 16.325 0.008
53697.097786 i 16.075 0.009
53697.098620 u 19.164 0.121
53697.099453 z 15.932 0.022
53697.100286 g 17.054 0.010
53700.095917 r 16.312 0.004
53700.096750 i 16.043 0.004
53700.097584 u 19.078 0.029
53700.098417 z 15.928 0.007
53700.099250 g 17.058 0.004
53705.082585 r 16.311 0.004
53705.083418 i 16.059 0.004
53705.084252 u 19.043 0.029
53705.085085 z 15.947 0.007
53705.085918 g 17.066 0.004
53975.167582 r 16.299 0.011
53975.168415 i 16.067 0.017
53975.169248 u 19.095 0.029
53975.170082 z 15.932 0.018
53975.170915 g 17.025 0.012
53996.174300 r 16.303 0.008
53996.175133 i 16.049 0.015
53996.175967 u 19.025 0.030
53996.176800 z 15.920 0.013
53996.177633 g 17.063 0.008
53998.142936 r 16.292 0.013
53998.143769 i 16.068 0.010
53998.144602 u 19.016 0.029
53998.145436 z 15.914 0.014
53998.146269 g 17.058 0.011
54005.180185 r 16.303 0.008
54005.181019 i 16.037 0.010
54005.181852 u 19.059 0.025
54005.182685 z 15.913 0.013
54005.183519 g 17.041 0.011
54010.128407 r 16.311 0.009
54010.129241 i 16.032 0.008
54010.130074 u 19.046 0.031
54010.130907 z 15.894 0.013
54010.131741 g 17.058 0.011
54012.121251 r 16.303 0.011
54012.122084 i 16.016 0.014
54012.122917 u 19.119 0.044
54012.123751 z 15.910 0.013
54012.124584 g 17.049 0.012
54020.127230 r 16.305 0.008
54020.128063 i 16.049 0.008
54020.128897 u 19.059 0.028
54020.129730 z 15.918 0.015
54020.130563 g 17.053 0.007
54022.176518 r 16.311 0.011
54022.177352 i 16.036 0.013
54022.178185 u 19.023 0.027
54022.179018 z 15.913 0.014
54022.179852 g 17.089 0.014
54028.117600 r 16.317 0.010
54028.118433 i 16.036 0.013
54028.119267 u 19.050 0.029
54028.120100 z 15.930 0.015
54028.120933 g 17.064 0.010
54030.120786 r 16.298 0.007
54030.121620 i 16.025 0.008
54030.122453 u 19.092 0.028
54030.123286 z 15.911 0.013
54030.124120 g 17.051 0.012
54032.110056 r 16.299 0.012
#54032.110889 i -99.000 0.011
54032.111722 u 19.072 0.037
#54032.112556 z -99.000 0.014
54032.113389 g 17.078 0.013
54034.180294 r 16.305 0.007
54034.181127 i 16.037 0.013
54034.181961 u 19.074 0.036
54034.182794 z 15.904 0.013
54034.183627 g 17.058 0.010
54037.102034 r 16.303 0.007
54037.102867 i 16.027 0.013
54037.103701 u 19.025 0.030
54037.104534 z 15.903 0.012
54037.105367 g 17.048 0.014
54040.116526 r 16.304 0.012
54040.117359 i 16.044 0.009
54040.118193 u 19.147 0.044
54040.119026 z 15.892 0.016
54040.119859 g 17.049 0.013
54050.101143 r 16.298 0.012
54050.101976 i 16.048 0.013
54050.102810 u 19.055 0.033
54050.103643 z 15.921 0.014
54050.104476 g 17.058 0.012
54053.107297 r 16.278 0.011
54053.108130 i 16.054 0.011
54053.108964 u 19.089 0.033
54053.109797 z 15.935 0.017
54053.110630 g 17.054 0.010
54056.108984 r 16.299 0.013
54056.109817 i 16.068 0.015
54056.110651 u 19.031 0.040
54056.111484 z 15.965 0.020
54056.112317 g 17.055 0.017
54057.077631 r 16.322 0.009
54057.078464 i 16.048 0.012
54057.079297 u 19.076 0.033
54057.080131 z 15.908 0.018
54057.080964 g 17.059 0.015
54059.103273 r 16.297 0.020
54059.104106 i 16.032 0.014
54059.104939 u 19.045 0.034
54059.105773 z 15.928 0.017
54059.106606 g 17.033 0.014
54061.114308 r 16.316 0.010
54061.115141 i 16.039 0.010
54061.115975 u 19.145 0.039
54061.116808 z 15.912 0.014
54061.117641 g 17.052 0.017
54062.108158 r 16.295 0.009
54062.108992 i 16.042 0.012
54062.109825 u 18.999 0.037
54062.110658 z 15.917 0.015
54062.111492 g 17.054 0.014
54068.098143 r 16.306 0.009
54068.098976 i 16.044 0.008
54068.099810 u 18.894 0.062
54068.100643 z 15.945 0.016
54068.101476 g 17.051 0.022
54357.146452 r 16.307 0.027
54357.147285 i 16.021 0.014
54357.148119 u 19.077 0.026
54357.148952 z 15.931 0.012
54357.149785 g 17.069 0.014
54365.144319 r 16.303 0.012
54365.145152 i 16.044 0.013
54365.145986 u 19.015 0.044
54365.146819 z 15.966 0.020
54365.147652 g 17.032 0.017
54385.194278 r 16.312 0.011
54385.195112 i 16.041 0.013
54385.195945 u 19.058 0.032
54385.196778 z 15.916 0.012
54385.197612 g 17.059 0.010
54387.194777 r 16.311 0.009
54387.195610 i 16.041 0.011
54387.196444 u 19.089 0.036
54387.197277 z 15.919 0.015
54387.198110 g 17.044 0.010
54390.197796 r 16.311 0.010
54390.198629 i 16.063 0.012
54390.199463 u 19.143 0.038
54390.200296 z 15.942 0.013
54390.201129 g 17.043 0.014
54392.189513 r 16.580 0.012
54392.190347 i 16.557 0.030
54392.191180 u 20.127 0.122
54392.192013 z 16.423 0.026
54392.192847 g 17.810 0.035
54392.189513 r 17.967 0.102
54392.190346 i 16.995 0.062
54392.191180 u 19.675 0.079
54392.192013 z 16.961 0.048
54392.192846 g 17.703 0.027
54402.187966 r 16.295 0.014
54402.188799 i 16.032 0.015
54402.189633 u 19.138 0.058
54402.190466 z 15.917 0.018
54402.191299 g 17.033 0.016
