52172.227266 r 18.169 0.008
52172.228099 i 18.020 0.009
52172.228933 u 20.091 0.045
52172.229766 z 17.891 0.020
52172.230599 g 18.727 0.009
52931.078598 r 18.157 0.008
52931.079431 i 18.076 0.009
52931.080265 u 19.961 0.041
52931.081098 z 17.861 0.019
52931.081931 g 18.780 0.010
52935.075561 r 18.167 0.008
52935.076394 i 17.962 0.008
52935.077228 u 20.107 0.048
52935.078061 z 17.885 0.020
52935.078894 g 18.746 0.009
53313.068764 r 18.153 0.009
53313.069597 i 17.909 0.010
53313.070431 u 20.009 0.047
53313.071264 z 18.032 0.030
53313.072097 g 18.949 0.016
53622.178010 r 18.070 0.010
53622.178843 i 17.896 0.010
53622.179677 u 20.975 0.142
53622.180510 z 17.868 0.027
53622.181343 g 18.615 0.013
53625.173974 r 18.134 0.008
53625.174807 i 17.896 0.009
53625.175641 u 20.045 0.053
53625.176474 z 17.837 0.019
53625.177307 g 18.738 0.011
53636.133010 r 18.138 0.008
53636.133843 i 17.949 0.008
53636.134677 u 19.945 0.041
53636.135510 z 17.848 0.019
53636.136343 g 18.744 0.010
53645.192680 r 18.229 0.008
53645.193513 i 17.989 0.008
53645.194347 u 20.138 0.052
53645.195180 z 17.837 0.019
53645.196013 g 18.778 0.011
53655.105016 r 18.128 0.009
53655.105849 i 17.955 0.009
53655.106683 u 20.008 0.061
53655.107516 z 17.857 0.020
53655.108349 g 18.733 0.012
53664.129975 r 18.165 0.009
#53664.130808 i -99.000 0.010
53664.131642 u 20.251 0.078
53664.132475 z 17.977 0.026
53664.133308 g 18.692 0.012
53666.093574 r 18.174 0.008
53666.094407 i 17.980 0.009
53666.095241 u 20.052 0.041
53666.096074 z 17.873 0.021
53666.096907 g 18.756 0.009
53669.089213 r 18.145 0.008
53669.090046 i 17.992 0.008
53669.090880 u 20.090 0.044
53669.091713 z 17.865 0.019
53669.092546 g 18.820 0.009
53674.073449 r 18.123 0.008
53674.074282 i 17.947 0.009
53674.075116 u 20.095 0.046
53674.075949 z 17.837 0.021
53674.076782 g 18.671 0.011
53681.126347 r 18.141 0.013
53681.127180 i 17.932 0.015
#53681.128014 u -99.000 0.098
#53681.128847 z -99.000 0.098
#53681.129680 g -99.000 0.024
53685.085389 r 18.269 0.016
53685.086222 i 17.954 0.014
53685.087056 u 20.690 0.254
53685.087889 z 18.197 0.044
53685.088722 g 18.939 0.026
53687.123742 r 18.128 0.010
53687.124575 i 17.947 0.010
53687.125409 u 19.986 0.116
53687.126242 z 17.850 0.023
53687.127075 g 18.746 0.019
53697.083369 r 18.195 0.024
53697.084202 i 17.967 0.025
53697.085036 u 20.288 0.201
53697.085869 z 17.772 0.063
53697.086702 g 18.737 0.026
53700.082333 r 18.233 0.008
53700.083166 i 17.945 0.009
53700.084000 u 19.985 0.047
53700.084833 z 17.887 0.021
53700.085666 g 18.815 0.010
53705.069003 r 18.211 0.009
53705.069836 i 17.944 0.009
53705.070670 u 20.204 0.059
53705.071503 z 18.037 0.028
53705.072336 g 18.748 0.011
53994.149439 r 18.133 0.571
53994.150272 i 17.916 0.316
53994.151106 u 20.070 0.051
53994.151939 z 17.894 0.032
53994.152772 g 18.684 0.167
53998.129343 r 18.122 0.700
53998.130176 i 17.896 0.734
53998.131010 u 19.944 0.051
53998.131843 z 17.825 0.027
53998.132676 g 18.688 0.108
#54010.114823 r 18.154 1.112
#54010.115656 i 17.969 1.334
54010.116489 u 20.030 0.632
54010.117323 z 17.838 0.060
54010.118156 g 18.677 0.626
54012.107667 r 18.121 0.025
54012.108501 i 17.986 0.207
54012.109334 u 19.999 0.085
54012.110167 z 17.849 0.032
54012.111001 g 18.677 0.026
54020.113650 r 18.115 0.742
54020.114483 i 17.907 0.779
54020.115316 u 20.164 0.221
54020.116150 z 17.892 0.914
54020.116983 g 18.716 0.648
54022.162966 r 18.141 0.219
54022.163800 i 17.935 0.651
54022.164633 u 20.034 0.063
54022.165466 z 17.841 0.033
54022.166300 g 18.772 0.034
54028.104014 r 18.094 0.627
54028.104847 i 18.142 0.955
54028.105680 u 20.138 0.210
54028.106514 z 17.812 0.218
54028.107347 g 18.796 0.613
54030.107202 r 18.118 0.833
54030.108035 i 18.154 0.043
54030.108868 u 19.918 0.652
#54030.109702 z 17.838 1.119
54030.110535 g 18.696 0.743
54032.096469 r 18.165 0.024
54032.097302 i 17.870 0.029
54032.098135 u 19.960 0.064
54032.098969 z 17.857 0.034
54032.099802 g 18.756 0.029
54034.166760 r 18.299 0.757
54034.167593 i 17.955 0.579
54034.168426 u 20.212 0.343
#54034.169260 z -99.000 0.712
54034.170093 g 18.764 0.650
54037.088450 r 18.149 0.713
54037.089283 i 17.946 0.027
54037.090116 u 20.014 0.053
54037.090950 z 17.834 0.029
54037.091783 g 18.743 0.469
54040.102940 r 18.138 0.755
54040.103773 i 17.921 0.022
54040.104606 u 20.369 0.146
54040.105440 z 17.891 0.028
54040.106273 g 18.726 0.252
54050.087575 r 18.110 0.979
54050.088408 i 17.974 0.593
54050.089241 u 20.361 0.082
54050.090075 z 17.951 0.040
54050.090908 g 18.754 0.374
54053.093720 r 18.191 0.647
54053.094554 i 18.002 0.781
54053.095387 u 20.312 0.234
54053.096220 z 18.189 0.741
54053.097054 g 18.750 0.693
54056.095396 r 18.377 0.863
54056.096229 i 17.829 0.710
#54056.097062 u -99.000 0.192
54056.097896 z 18.280 0.870
#54056.098729 g -99.000 0.921
54057.064051 r 18.109 0.611
54057.064885 i 17.913 0.446
54057.065718 u 20.278 0.066
54057.066551 z 17.903 0.036
54057.067385 g 18.698 0.624
54059.089688 r 18.174 0.701
54059.090521 i 17.952 0.822
54059.091354 u 20.215 0.096
54059.092188 z 18.006 0.903
54059.093021 g 18.860 0.727
54061.100729 r 18.199 0.739
54061.101562 i 17.908 0.799
54061.102396 u 20.024 0.125
54061.103229 z 17.862 0.045
54061.104062 g 18.812 0.889
54062.094577 r 18.400 0.143
54062.095410 i 17.912 0.794
54062.096244 u 20.235 0.198
54062.097077 z 17.990 0.606
54062.097910 g 18.840 0.733
54068.084553 r 18.228 0.749
54068.085386 i 17.956 0.829
54068.086219 u 20.137 0.404
54068.087053 z 17.892 0.737
54068.087886 g 19.168 0.949
54357.132871 r 18.172 0.096
54357.133704 i 17.943 0.306
54357.134537 u 20.003 0.050
54357.135371 z 17.861 0.032
54357.136204 g 18.722 0.117
54365.130718 r 18.176 0.174
54365.131552 i 17.916 0.555
54365.132385 u 20.117 0.075
54365.133218 z 17.867 0.024
54365.134052 g 18.758 0.038
54385.180697 r 18.128 0.730
54385.181530 i 17.953 0.634
54385.182364 u 20.000 0.482
54385.183197 z 17.870 0.989
54385.184030 g 18.667 0.719
54387.181201 r 18.318 0.764
54387.182034 i 18.092 0.809
54387.182868 u 20.138 0.157
54387.183701 z 17.838 0.783
54387.184534 g 18.824 0.525
#54390.184215 r 18.474 1.113
54390.185048 i 17.982 0.854
54390.185881 u 20.095 0.495
54390.186715 z 17.877 0.788
54390.187548 g 18.697 0.718
54402.174402 r 18.152 0.104
54402.175235 i 17.971 0.048
54402.176068 u 19.940 0.116
54402.176902 z 17.884 0.029
54402.177735 g 18.792 0.727
