52075.317523 r 19.916 0.022
52075.318356 i 19.632 0.024
52075.319190 u 20.932 0.119
52075.320023 z 19.556 0.096
52075.320856 g 20.381 0.024
52197.126165 r 20.010 0.021
52197.126998 i 19.745 0.024
52197.127832 u 21.221 0.107
52197.128665 z 19.594 0.092
52197.129498 g 20.511 0.022
52557.164015 r 19.942 0.022
#52557.164848 i -99.000 0.026
52557.165682 u 21.620 0.194
#52557.166515 z -99.000 0.111
52557.167348 g 20.471 0.024
52929.090318 r 19.964 0.021
52929.091151 i 19.672 0.023
52929.091985 u 21.343 0.133
52929.092818 z 19.709 0.103
52929.093651 g 20.410 0.022
52934.070475 r 19.948 0.021
52934.071308 i 19.776 0.024
52934.072142 u 21.337 0.129
52934.072975 z 19.587 0.090
52934.073808 g 20.450 0.023
52936.066401 r 19.968 0.021
52936.067234 i 19.784 0.025
52936.068068 u 21.566 0.151
52936.068901 z 19.697 0.099
52936.069734 g 20.516 0.022
53243.251612 r 19.990 0.040
53243.252445 i 19.746 0.037
53243.253279 u 21.491 0.347
53243.254112 z 19.640 0.126
53243.254945 g 20.570 0.072
53270.130473 r 19.997 0.022
53270.131306 i 19.811 0.023
53270.132140 u 21.389 0.163
53270.132973 z 19.559 0.084
53270.133806 g 20.545 0.038
53288.107617 r 19.927 0.021
53288.108450 i 19.673 0.024
53288.109284 u 21.771 0.228
53288.110117 z 19.518 0.089
53288.110950 g 20.461 0.026
53302.103285 r 20.003 0.032
53302.104118 i 19.781 0.032
53302.104952 u 21.164 0.239
53302.105785 z 19.635 0.090
53302.106618 g 20.433 0.046
53623.154595 r 20.007 0.023
53623.155428 i 19.740 0.027
53623.156262 u 21.271 0.170
53623.157095 z 19.783 0.131
53623.157928 g 20.440 0.033
53626.140808 r 19.960 0.032
53626.141641 i 19.723 0.029
53626.142475 u 21.637 0.293
53626.143308 z 19.769 0.105
53626.144141 g 20.464 0.047
53628.125673 r 19.975 0.049
53628.126506 i 19.811 0.047
53628.127340 u 22.000 0.818
53628.128173 z 19.383 0.112
53628.129006 g 20.505 0.082
53637.127285 r 19.912 0.024
53637.128118 i 19.734 0.031
53637.128952 u 21.968 0.371
53637.129785 z 19.833 0.148
53637.130618 g 20.504 0.029
53644.119730 r 19.996 0.019
53644.120563 i 19.789 0.024
53644.121397 u 22.002 0.227
53644.122230 z 19.776 0.099
53644.123063 g 20.527 0.019
53656.101946 r 20.004 0.050
53656.102779 i 19.708 0.046
53656.103613 u 20.908 0.263
53656.104446 z 19.602 0.136
53656.105279 g 20.354 0.063
53665.093224 r 20.048 0.214
#53665.094057 i -99.000 0.249
#53665.094891 u -99.000 1.734
#53665.095724 z -99.000 0.596
53665.096557 g 20.331 0.122
53668.104857 r 19.977 0.035
53668.105690 i 19.677 0.041
53668.106524 u 21.886 0.368
53668.107357 z 19.790 0.203
53668.108190 g 20.434 0.030
53670.109710 r 20.043 0.027
53670.110543 i 19.887 0.034
53670.111377 u 21.212 0.156
53670.112210 z 19.688 0.129
53670.113043 g 20.468 0.025
53673.077692 r 19.955 0.025
53673.078525 i 19.727 0.027
53673.079359 u 21.635 0.206
53673.080192 z 19.602 0.108
53673.081025 g 20.433 0.025
53675.074581 r 19.990 0.024
53675.075414 i 19.754 0.025
53675.076248 u 21.498 0.162
53675.077081 z 19.577 0.093
53675.077914 g 20.515 0.023
53677.095615 r 19.989 0.024
53677.096448 i 19.715 0.029
53677.097282 u 22.014 0.234
53677.098115 z 19.782 0.115
53677.098948 g 20.514 0.024
53680.082279 r 20.014 0.021
53680.083112 i 19.817 0.023
53680.083946 u 21.560 0.152
53680.084779 z 19.863 0.092
53680.085612 g 20.528 0.023
53693.084185 r 19.970 0.027
53693.085018 i 19.793 0.031
53693.085852 u 21.132 0.163
53693.086685 z 19.485 0.095
53693.087518 g 20.441 0.032
53703.088990 r 20.137 0.048
53703.089823 i 19.757 0.040
53703.090657 u 21.607 0.305
53703.091490 z 19.857 0.160
53703.092323 g 20.557 0.037
53704.067513 r 20.013 0.028
53704.068346 i 19.739 0.031
53704.069180 u 21.755 0.311
53704.070013 z 19.795 0.138
53704.070846 g 20.784 0.042
#53974.155461 r -99.000 0.024
53974.156294 i 19.779 0.029
53974.157127 u 21.882 0.240
53974.157961 z 19.746 0.107
#53974.158794 g -99.000 0.027
53989.144886 r 20.037 0.023
53989.145719 i 19.783 0.023
53989.146552 u 22.112 0.258
53989.147386 z 19.825 0.096
53989.148219 g 20.478 0.029
53995.152812 r 19.962 0.017
53995.153645 i 19.745 0.021
53995.154479 u 21.496 0.131
53995.155312 z 19.675 0.076
53995.156145 g 20.474 0.019
53997.131182 r 19.965 0.036
53997.132015 i 19.782 0.026
53997.132848 u 21.251 0.151
53997.133682 z 19.572 0.114
53997.134515 g 20.441 0.031
54005.103037 r 19.987 0.017
54005.103870 i 19.740 0.018
54005.104703 u 21.617 0.150
54005.105537 z 19.769 0.081
54005.106370 g 20.500 0.019
54007.115787 r 19.990 0.021
54007.116620 i 19.821 0.027
54007.117454 u 21.121 0.125
54007.118287 z 19.591 0.079
54007.119120 g 20.490 0.052
54009.112903 r 19.956 0.027
54009.113736 i 19.789 0.033
54009.114570 u 21.971 0.264
54009.115403 z 19.700 0.078
54009.116236 g 20.511 0.030
54011.177386 r 20.027 0.035
54011.178219 i 19.866 0.030
54011.179053 u 21.375 0.266
54011.179886 z 19.760 0.085
54011.180719 g 20.524 0.051
54019.127590 r 20.159 0.043
54019.128423 i 19.803 0.055
54019.129256 u 20.919 0.196
54019.130090 z 19.312 0.216
54019.130923 g 20.505 0.240
54025.176401 r 19.994 0.022
54025.177234 i 19.722 0.027
54025.178067 u 21.307 0.146
54025.178901 z 19.699 0.097
#54025.179734 g -99.000 0.030
54029.106746 r 19.970 0.022
54029.107580 i 19.772 0.027
54029.108413 u 21.712 0.200
54029.109246 z 19.645 0.087
54029.110080 g 20.477 0.023
54051.083343 r 19.967 0.058
54051.084176 i 19.780 0.087
54051.085009 u 21.009 0.260
54051.085843 z 19.609 0.281
54051.086676 g 20.424 0.060
54356.184905 r 19.985 0.018
54356.185739 i 19.807 0.023
54356.186572 u 21.943 0.189
54356.187405 z 19.555 0.070
54356.188239 g 20.485 0.020
54381.174750 r 20.507 0.140
54381.175584 i 19.721 0.039
54381.176417 u 22.204 0.518
54381.177250 z 19.744 0.178
54381.178084 g 20.429 0.031
54382.172159 r 20.191 0.056
54382.172992 i 19.686 0.059
54382.173826 u 21.051 0.167
54382.174659 z 19.717 0.169
54382.175492 g 20.612 0.076
54386.174910 r 20.095 0.025
54386.175743 i 19.762 0.020
54386.176577 u 21.597 0.180
54386.177410 z 19.775 0.092
54386.178243 g 20.477 0.021
54388.179184 r 20.063 0.026
54388.180017 i 19.765 0.027
54388.180850 u 21.665 0.259
54388.181684 z 19.522 0.097
54388.182517 g 20.500 0.026
54403.092947 r 19.941 0.019
54403.093780 i 19.786 0.024
54403.094613 u 21.498 0.148
54403.095447 z 19.531 0.076
54403.096280 g 20.516 0.020
54406.086781 r 20.027 0.022
54406.087614 i 19.808 0.026
54406.088447 u 21.651 0.182
54406.089281 z 19.703 0.109
54406.090114 g 20.491 0.021
54412.089705 r 20.019 0.025
54412.090539 i 19.760 0.024
54412.091372 u 21.342 0.145
54412.092205 z 19.617 0.086
54412.093039 g 20.473 0.022
54415.127301 r 19.976 0.021
54415.128134 i 19.862 0.025
54415.128967 u 21.401 0.146
54415.129801 z 19.613 0.080
54415.130634 g 20.508 0.021
