52172.229453 r 18.960 0.011
52172.230286 i 18.575 0.011
52172.231120 u 21.741 0.155
52172.231953 z 18.390 0.028
52172.232786 g 19.898 0.016
52930.079927 r 18.951 0.011
52930.080760 i 18.603 0.012
52930.081594 u 22.130 0.231
52930.082427 z 18.381 0.028
52930.083260 g 19.811 0.015
52931.080759 r 18.876 0.010
52931.081592 i 18.464 0.010
52931.082426 u 21.679 0.150
52931.083259 z 18.240 0.027
52931.084092 g 19.771 0.015
52935.077721 r 18.900 0.011
52935.078554 i 18.500 0.011
52935.079388 u 21.940 0.199
52935.080221 z 18.355 0.028
52935.081054 g 19.830 0.015
53313.070923 r 18.866 0.012
53313.071756 i 18.472 0.013
53313.072590 u 22.034 0.284
53313.073423 z 18.246 0.039
53313.074256 g 19.748 0.017
53622.180171 r 18.910 0.012
53622.181004 i 18.472 0.012
53622.181838 u 21.401 0.206
53622.182671 z 18.321 0.035
53622.183504 g 19.754 0.018
53625.176136 r 18.960 0.012
53625.176969 i 18.629 0.012
53625.177803 u 22.178 0.276
53625.178636 z 18.428 0.028
53625.179469 g 19.875 0.021
53634.129639 r 18.828 0.016
53634.130472 i 18.486 0.017
53634.131306 u 21.416 0.277
53634.132139 z 18.268 0.035
53634.132972 g 19.815 0.033
53636.135171 r 18.862 0.010
53636.136004 i 18.540 0.011
53636.136838 u 21.917 0.204
53636.137671 z 18.270 0.028
53636.138504 g 19.731 0.015
53645.194841 r 18.913 0.011
53645.195674 i 18.574 0.013
53645.196508 u 21.522 0.172
53645.197341 z 18.272 0.029
53645.198174 g 19.784 0.016
53655.107177 r 18.865 0.012
53655.108010 i 18.671 0.013
53655.108844 u 21.867 0.291
53655.109677 z 18.263 0.026
53655.110510 g 19.764 0.023
53664.132136 r 18.895 0.014
53664.132969 i 18.536 0.013
53664.133803 u 21.765 0.270
53664.134636 z 18.294 0.032
53664.135469 g 19.756 0.024
53666.095736 r 18.863 0.010
53666.096569 i 18.461 0.011
53666.097403 u 21.815 0.153
53666.098236 z 18.284 0.026
53666.099069 g 19.751 0.013
53669.091376 r 18.864 0.010
53669.092209 i 18.379 0.010
53669.093043 u 21.890 0.175
53669.093876 z 18.287 0.025
53669.094709 g 19.795 0.014
53674.075610 r 18.873 0.011
53674.076443 i 18.598 0.012
53674.077277 u 22.452 0.313
53674.078110 z 18.300 0.029
53674.078943 g 19.807 0.015
#53681.128508 r -99.000 0.034
53681.129341 i 18.435 0.041
53681.130175 u 22.203 0.618
53681.131008 z 18.150 0.039
53681.131841 g 19.780 0.026
53685.087551 r 18.883 0.021
53685.088384 i 18.483 0.017
#53685.089218 u 22.333 1.137
53685.090051 z 18.317 0.042
53685.090884 g 19.776 0.050
53687.125904 r 18.917 0.017
53687.126737 i 18.500 0.014
53687.127571 u 21.623 0.545
53687.128404 z 18.299 0.030
53687.129237 g 19.743 0.039
#53694.101444 r -99.000 0.022
#53694.102277 i -99.000 0.021
53694.103111 u 21.953 0.616
#53694.103944 z -99.000 0.076
#53694.104777 g -99.000 0.032
53697.085532 r 19.107 0.045
53697.086365 i 18.702 0.039
53697.087199 u 22.247 0.852
53697.088032 z 18.553 0.133
53697.088865 g 20.006 0.070
53700.084494 r 18.880 0.011
53700.085327 i 18.460 0.011
53700.086161 u 21.819 0.198
53700.086994 z 18.198 0.028
53700.087827 g 19.750 0.016
53705.071165 r 18.869 0.012
53705.071998 i 18.478 0.013
53705.072832 u 21.744 0.227
53705.073665 z 18.246 0.033
53705.074498 g 19.801 0.017
53975.156156 r 19.011 0.012
53975.156990 i 18.606 0.016
53975.157823 u 22.235 0.304
53975.158656 z 18.273 0.032
53975.159490 g 19.870 0.016
53994.151594 r 18.863 0.010
53994.152427 i 18.491 0.018
53994.153261 u 21.618 0.135
53994.154094 z 18.244 0.027
53994.154927 g 19.806 0.013
53998.131528 r 18.964 0.012
53998.132361 i 18.582 0.011
53998.133195 u 22.240 0.206
53998.134028 z 18.352 0.026
53998.134861 g 19.826 0.014
54005.168759 r 18.911 0.011
54005.169593 i 18.521 0.011
54005.170426 u 21.589 0.121
54005.171259 z 18.248 0.025
54005.172093 g 19.763 0.014
54010.116991 r 18.881 0.012
54010.117824 i 18.495 0.014
54010.118657 u 22.228 0.361
54010.119491 z 18.257 0.027
54010.120324 g 19.773 0.022
54012.109842 r 18.919 0.020
54012.110675 i 18.628 0.026
54012.111508 u 22.594 0.823
54012.112342 z 18.422 0.029
54012.113175 g 19.809 0.035
54020.115806 r 18.811 0.011
54020.116639 i 18.490 0.011
54020.117472 u 21.665 0.178
54020.118306 z 18.268 0.031
54020.119139 g 19.763 0.014
54022.165307 r 18.910 0.015
54022.166141 i 18.524 0.016
54022.166974 u 22.198 0.344
54022.167807 z 18.234 0.027
#54022.168641 g -99.000 0.020
54028.106176 r 19.181 0.016
54028.107009 i 18.776 0.012
54028.107842 u 22.108 0.282
54028.108676 z 18.511 0.034
54028.109509 g 20.005 0.017
54030.109363 r 18.925 0.010
54030.110196 i 18.575 0.011
54030.111029 u 21.854 0.150
54030.111863 z 18.323 0.025
54030.112696 g 19.834 0.013
54032.098832 r 18.885 0.014
#54032.099666 i -99.000 0.020
54032.100499 u 22.194 0.567
#54032.101332 z -99.000 0.041
#54032.102166 g -99.000 0.023
54034.168865 r 18.937 0.015
#54034.169698 i -99.000 0.016
54034.170532 u 21.835 0.410
#54034.171365 z -99.000 0.063
#54034.172198 g -99.000 0.020
54037.090616 r 18.918 0.014
54037.091449 i 18.527 0.015
54037.092282 u 22.199 1.000
54037.093116 z 18.272 0.025
54037.093949 g 19.797 0.020
54040.105094 r 18.900 0.016
54040.105927 i 18.532 0.013
#54040.106761 u 22.202 1.042
54040.107594 z 18.252 0.030
54040.108427 g 19.739 0.030
54050.089717 r 18.882 0.012
54050.090550 i 18.508 0.014
54050.091384 u 21.673 0.191
54050.092217 z 18.208 0.031
54050.093050 g 19.746 0.015
54053.095874 r 19.041 0.016
54053.096708 i 18.611 0.014
54053.097541 u 21.605 0.213
54053.098374 z 18.464 0.045
54053.099208 g 19.953 0.018
#54056.097553 r -99.000 0.018
#54056.098387 i -99.000 0.024
#54056.099220 u -99.000 1.008
54056.100053 z 18.202 0.046
54056.100887 g 19.737 0.029
54057.066212 r 18.872 0.011
54057.067045 i 18.501 0.012
54057.067878 u 21.599 0.163
54057.068712 z 18.268 0.030
54057.069545 g 19.770 0.014
54059.091841 r 18.850 0.013
54059.092675 i 18.468 0.012
54059.093508 u 21.868 0.263
54059.094341 z 18.229 0.035
54059.095175 g 19.738 0.017
54061.102888 r 18.881 0.016
54061.103721 i 18.500 0.018
54061.104555 u 21.459 0.189
54061.105388 z 18.214 0.040
54061.106221 g 19.788 0.017
54062.096739 r 18.832 0.053
54062.097572 i 18.499 0.016
54062.098406 u 21.589 0.276
54062.099239 z 18.205 0.048
54062.100072 g 19.763 0.023
54068.086747 r 18.851 0.019
54068.087580 i 18.496 0.022
54068.088414 u 21.529 0.267
54068.089247 z 18.371 0.048
54068.090080 g 19.800 0.043
54357.135030 r 18.879 0.013
54357.135863 i 18.464 0.036
54357.136696 u 21.927 0.166
54357.137530 z 18.276 0.026
54357.138363 g 19.797 0.014
54365.132879 r 18.872 0.014
54365.133713 i 18.497 0.013
54365.134546 u 21.442 0.225
54365.135379 z 18.225 0.027
54365.136213 g 19.778 0.026
54385.182863 r 18.865 0.011
54385.183697 i 18.504 0.013
54385.184530 u 21.693 0.188
54385.185363 z 18.263 0.028
54385.186197 g 19.799 0.017
54387.183358 r 18.855 0.013
54387.184191 i 18.444 0.014
54387.185024 u 21.848 0.328
54387.185858 z 18.271 0.035
54387.186691 g 19.768 0.018
54390.186366 r 19.018 0.016
54390.187199 i 18.597 0.019
54390.188032 u 21.281 0.188
54390.188866 z 18.429 0.047
54390.189699 g 19.861 0.020
54392.178084 r 18.824 0.021
54392.178917 i 18.499 0.057
#54392.179751 u 23.297 2.311
54392.180584 z 18.291 0.041
54392.181417 g 19.723 0.044
54402.176545 r 18.887 0.017
54402.177379 i 18.509 0.019
#54402.178212 u 22.684 1.343
54402.179045 z 18.228 0.032
54402.179879 g 19.774 0.036
