53313.058668 r 19.394 0.018
53313.059501 i 19.061 0.020
53313.060335 u 22.557 0.403
53313.061168 z 18.888 0.058
53313.062001 g 20.055 0.021
53625.163880 r 19.200 0.014
53625.164713 i 18.898 0.016
53625.165547 u 21.763 0.216
53625.166380 z 18.666 0.032
53625.167213 g 20.075 0.026
53636.122917 r 19.381 0.014
53636.123750 i 19.268 0.019
53636.124584 u 24.526 0.901
53636.125417 z 18.747 0.034
53636.126250 g 20.077 0.018
53645.182584 r 19.577 0.017
53645.183417 i 19.058 0.017
53645.184251 u 22.184 0.286
#53645.185084 z -99.000 0.037
#53645.185917 g -99.000 0.058
53655.094920 r 19.303 0.016
53655.095753 i 18.983 0.017
53655.096587 u 23.116 0.801
53655.097420 z 18.753 0.035
53655.098253 g 20.137 0.030
53664.119881 r 19.177 0.016
53664.120714 i 19.139 0.025
#53664.121548 u 23.437 1.100
53664.122381 z 18.853 0.046
53664.123214 g 20.271 0.036
53666.083480 r 19.193 0.013
53666.084313 i 18.929 0.016
53666.085147 u 22.000 0.206
53666.085980 z 18.760 0.040
53666.086813 g 20.037 0.017
53674.063353 r 19.332 0.015
53674.064186 i 19.050 0.017
53674.065020 u 24.511 0.887
53674.065853 z 18.989 0.042
53674.066686 g 20.234 0.020
53687.113648 r 19.177 0.023
53687.114481 i 18.896 0.020
53687.115315 u 21.355 0.440
53687.116148 z 19.025 0.057
53687.116981 g 20.074 0.051
53700.072238 r 19.424 0.017
53700.073071 i 19.073 0.019
53700.073905 u 22.914 0.517
53700.074738 z 18.837 0.044
53700.075571 g 20.216 0.023
53705.058909 r 19.295 0.016
53705.059742 i 19.018 0.020
53705.060576 u 22.560 0.447
53705.061409 z 18.713 0.041
53705.062242 g 20.170 0.025
53975.143900 r 19.231 0.054
53975.144733 i 18.856 0.030
53975.145566 u 21.903 0.215
53975.146400 z 18.757 0.061
53975.147233 g 20.039 0.026
53994.139348 r 19.296 0.044
53994.140181 i 19.164 0.029
#53994.141014 u 33.086 99.999
53994.141848 z 18.807 0.034
53994.142681 g 20.867 0.105
53998.119259 r 19.303 0.019
53998.120092 i 19.081 0.021
53998.120925 u 21.987 0.249
53998.121759 z 18.730 0.033
53998.122592 g 20.221 0.021
54010.104728 r 19.247 0.015
54010.105562 i 18.896 0.018
#54010.106395 u 99.991 99.999
54010.107228 z 18.775 0.031
54010.108062 g 20.179 0.032
54012.097579 r 19.222 0.020
54012.098412 i 18.991 0.027
54012.099245 u 22.035 0.404
54012.100079 z 18.745 0.036
54012.100912 g 20.040 0.041
54020.103551 r 19.258 0.014
54020.104384 i 18.982 0.021
54020.105218 u 22.496 0.456
54020.106051 z 18.717 0.036
54020.106884 g 20.172 0.022
#54022.152869 r -99.000 0.018
#54022.153703 i -99.000 0.024
#54022.154536 u -99.000 1.781
#54022.155369 z -99.000 0.074
#54022.156203 g -99.000 0.042
54030.097135 r 19.268 0.013
54030.097968 i 18.933 0.022
54030.098802 u 22.233 0.235
54030.099635 z 18.723 0.031
54030.100468 g 20.082 0.019
54037.078348 r 19.266 0.018
54037.079181 i 19.019 0.024
54037.080015 u 22.123 0.275
54037.080848 z 18.773 0.032
54037.081681 g 20.051 0.022
54050.077479 r 19.306 0.022
54050.078313 i 19.364 0.055
#54050.079146 u 23.870 9.799
#54050.079979 z 99.988 99.999
54050.080813 g 20.574 0.062
#54056.085308 r -99.000 0.026
54056.086141 i 18.967 0.045
54056.086975 u 21.702 0.201
54056.087808 z 18.948 0.056
54056.088641 g 20.076 0.018
54061.090633 r 19.197 0.028
54061.091467 i 18.895 0.029
54061.092300 u 21.918 0.268
54061.093133 z 18.728 0.050
54061.093967 g 20.031 0.028
54357.122795 r 19.253 0.056
54357.123628 i 19.115 0.027
54357.124461 u 22.036 0.227
54357.125295 z 19.639 0.151
54357.126128 g 20.077 0.039
54365.120643 r 19.249 0.019
54365.121476 i 19.008 0.023
54365.122309 u 21.937 0.400
54365.123143 z 18.710 0.031
54365.123976 g 20.100 0.033
54385.170598 r 19.282 0.017
54385.171431 i 19.051 0.026
#54385.172265 u -99.000 1.001
#54385.173098 z -99.000 0.552
54385.173931 g 20.051 0.020
54402.164304 r 19.272 0.023
54402.165137 i 18.947 0.024
#54402.165971 u 21.848 1.131
54402.166804 z 18.687 0.039
54402.167637 g 20.069 0.050
