52935.064629 r 20.077 0.026
52935.065462 i 20.028 0.034
52935.066296 u 22.502 0.313
52935.067129 z 19.910 0.095
52935.067962 g 20.426 0.024
53313.057831 r 19.973 0.027
53313.058664 i 19.930 0.043
53313.059498 u 22.137 0.260
53313.060331 z 19.952 0.141
53313.061164 g 20.253 0.025
53625.163042 r 20.147 0.029
53625.163875 i 19.961 0.032
53625.164709 u 22.712 0.463
53625.165542 z 19.936 0.089
53625.166375 g 20.405 0.032
53636.122080 r 20.141 0.023
53636.122913 i 19.978 0.032
53636.123747 u 22.308 0.247
53636.124580 z 19.915 0.089
53636.125413 g 20.356 0.021
53645.181747 r 20.150 0.026
53645.182580 i 20.019 0.037
53645.183414 u 22.980 0.567
53645.184247 z 19.952 0.091
#53645.185080 g -99.000 0.025
53655.094083 r 20.101 0.031
53655.094916 i 20.068 0.039
53655.095750 u 22.031 0.323
53655.096583 z 19.747 0.081
53655.097416 g 20.350 0.037
53664.119044 r 20.096 0.033
53664.119877 i 20.044 0.044
53664.120711 u 21.818 0.314
53664.121544 z 20.005 0.130
53664.122377 g 20.286 0.033
53666.082643 r 20.120 0.025
53666.083476 i 20.101 0.036
53666.084310 u 22.404 0.260
53666.085143 z 19.819 0.098
53666.085976 g 20.354 0.021
53669.078282 r 20.148 0.024
53669.079115 i 20.037 0.032
53669.079949 u 22.309 0.238
53669.080782 z 19.855 0.089
53669.081615 g 20.359 0.022
53674.062516 r 20.132 0.026
53674.063349 i 20.063 0.037
53674.064183 u 22.633 0.318
53674.065016 z 20.042 0.103
53674.065849 g 20.375 0.021
#53681.115414 r -99.000 0.081
53681.116247 i 19.743 0.129
53681.117081 u 21.979 0.812
53681.117914 z 19.822 0.307
53681.118747 g 20.073 0.068
53685.074457 r 20.112 0.077
53685.075290 i 19.965 0.082
#53685.076124 u 23.259 2.346
53685.076957 z 19.669 0.138
53685.077790 g 20.188 0.073
53687.112810 r 20.141 0.053
53687.113643 i 20.109 0.058
53687.114477 u 21.838 0.643
53687.115310 z 20.106 0.129
53687.116143 g 20.430 0.074
53697.072439 r 20.233 0.094
53697.073272 i 20.086 0.111
53697.074106 u 22.167 0.641
53697.074939 z 19.719 0.230
53697.075772 g 20.291 0.070
53700.071402 r 20.172 0.032
53700.072235 i 20.027 0.040
#53700.073069 u 24.370 1.081
53700.073902 z 19.818 0.101
53700.074735 g 20.411 0.027
53705.058071 r 20.141 0.031
53705.058904 i 20.020 0.044
#53705.059738 u 25.229 1.148
53705.060571 z 19.923 0.122
53705.061404 g 20.421 0.028
53975.143068 r 20.197 0.041
#53975.143902 i -99.000 0.071
53975.144735 u 22.672 0.427
53975.145568 z 19.961 0.126
53975.146402 g 20.450 0.031
53994.138527 r 20.183 0.066
53994.139360 i 20.272 0.035
53994.140193 u 22.632 0.294
53994.141027 z 20.136 0.100
53994.141860 g 20.453 0.021
53998.118413 r 20.309 0.022
53998.119246 i 20.165 0.038
53998.120079 u 23.258 0.545
53998.120913 z 20.202 0.106
53998.121746 g 20.451 0.020
54010.103889 r 20.255 0.030
54010.104723 i 20.100 0.035
54010.105556 u 22.410 0.409
54010.106389 z 20.077 0.087
54010.107223 g 20.376 0.036
54012.096732 r 20.199 0.044
54012.097565 i 20.157 0.048
54012.098399 u 21.975 0.481
54012.099232 z 20.181 0.113
54012.100065 g 20.374 0.056
54020.102720 r 20.223 0.025
54020.103554 i 20.194 0.039
54020.104387 u 23.013 0.537
54020.105220 z 20.106 0.117
54020.106054 g 20.528 0.023
54028.093086 r 20.245 0.031
54028.093920 i 20.228 0.053
54028.094753 u 21.964 0.267
54028.095586 z 19.933 0.117
54028.096420 g 20.425 0.027
54030.096310 r 20.260 0.022
54030.097143 i 20.162 0.032
54030.097977 u 22.825 0.358
54030.098810 z 20.095 0.092
54030.099643 g 20.473 0.020
#54032.085533 r -99.000 0.026
54032.086367 i 20.111 0.039
54032.087200 u 22.588 0.400
#54032.088033 z -99.000 0.103
#54032.088867 g -99.000 0.023
#54037.077517 r -99.000 0.048
54037.078350 i 20.104 0.035
54037.079184 u 23.304 0.781
54037.080017 z 20.044 0.082
54037.080850 g 20.442 0.036
54040.091994 r 20.297 0.045
54040.092828 i 19.995 0.044
#54040.093661 u 100.012 99.999
54040.094494 z 20.190 0.128
54040.095328 g 20.400 0.047
54050.076624 r 20.291 0.037
54050.077458 i 20.244 0.066
#54050.078291 u 99.988 99.999
54050.079124 z 20.322 0.187
54050.079958 g 20.493 0.027
54053.082784 r 20.208 0.041
54053.083617 i 20.270 0.074
#54053.084451 u 99.975 99.999
54053.085284 z 20.055 0.163
54053.086117 g 20.503 0.038
54056.084460 r 20.234 0.034
54056.085293 i 20.170 0.058
54056.086127 u 22.313 0.398
#54056.086960 z -99.000 0.150
#54056.087793 g -99.000 0.027
54059.078746 r 20.258 0.035
54059.079580 i 20.203 0.049
54059.080413 u 22.165 0.333
54059.081246 z 19.980 0.125
54059.082080 g 20.498 0.029
54061.089810 r 20.281 0.041
54061.090644 i 20.269 0.065
54061.091477 u 22.286 0.359
54061.092310 z 19.955 0.140
54061.093144 g 20.543 0.029
54062.083656 r 20.203 0.036
54062.084490 i 20.269 0.068
54062.085323 u 22.319 0.450
54062.086156 z 19.683 0.122
54062.086990 g 20.510 0.032
54068.073620 r 20.367 0.069
54068.074453 i 20.167 0.073
54068.075287 u 21.532 0.501
54068.076120 z 20.559 0.259
54068.076953 g 20.445 0.072
54357.121936 r 20.170 0.023
54357.122769 i 20.070 0.035
#54357.123603 u 24.581 2.099
54357.124436 z 19.925 0.090
54357.125269 g 20.484 0.022
54365.119793 r 20.235 0.039
54365.120626 i 20.140 0.042
54365.121460 u 22.410 0.573
54365.122293 z 20.025 0.091
54365.123126 g 20.410 0.042
54385.169800 r 20.195 0.025
#54385.170634 i -99.000 0.040
54385.171467 u 22.774 0.521
#54385.172300 z -99.000 0.112
#54385.173134 g -99.000 0.054
54387.170271 r 20.204 0.033
54387.171104 i 20.166 0.066
#54387.171938 u 23.003 1.084
#54387.172771 z -99.000 0.278
#54387.173604 g -99.000 0.034
54392.164995 r 20.151 0.055
54392.165828 i 20.039 0.060
54392.166662 u 22.143 1.000
#54392.167495 z -99.000 0.256
54392.168328 g 20.367 0.064
54402.163461 r 20.168 0.041
54402.164295 i 20.106 0.046
54402.165128 u 22.474 0.902
54402.165961 z 19.848 0.101
54402.166795 g 20.374 0.057
