52935.065616 r 17.650 0.006
52935.066449 i 17.328 0.006
52935.067283 u 20.034 0.051
52935.068116 z 17.167 0.012
52935.068949 g 18.346 0.007
53313.058817 r 17.850 0.007
53313.059650 i 17.519 0.007
53313.060484 u 20.285 0.071
53313.061317 z 17.353 0.018
53313.062150 g 18.561 0.008
#53622.168065 r -99.000 0.014
#53622.168898 i -99.000 0.008
#53622.169732 u -99.000 0.077
#53622.170565 z -99.000 0.017
#53622.171398 g -99.000 0.011
53625.164029 r 17.638 0.007
53625.164862 i 17.321 0.006
53625.165696 u 20.091 0.060
53625.166529 z 17.184 0.012
53625.167362 g 18.365 0.009
53636.123066 r 17.637 0.006
53636.123899 i 17.314 0.006
53636.124733 u 20.015 0.048
53636.125566 z 17.181 0.012
53636.126399 g 18.340 0.007
53645.182734 r 17.858 0.006
53645.183567 i 17.521 0.006
53645.184401 u 20.299 0.070
#53645.185234 z -99.000 0.017
#53645.186067 g -99.000 0.012
53655.095070 r 17.855 0.008
53655.095903 i 17.544 0.007
53655.096737 u 20.313 0.085
53655.097570 z 17.392 0.014
53655.098403 g 18.589 0.011
53664.120030 r 17.699 0.007
53664.120863 i 17.330 0.006
53664.121697 u 20.116 0.073
53664.122530 z 17.223 0.014
53664.123363 g 18.439 0.009
53666.083629 r 17.934 0.007
53666.084462 i 17.580 0.007
53666.085296 u 20.367 0.062
53666.086129 z 17.428 0.015
53666.086962 g 18.676 0.008
53669.079269 r 17.690 0.006
53669.080102 i 17.354 0.006
53669.080936 u 20.116 0.051
53669.081769 z 17.199 0.012
53669.082602 g 18.373 0.007
53674.063503 r 17.625 0.006
53674.064336 i 17.320 0.006
53674.065170 u 20.119 0.053
53674.066003 z 17.180 0.012
53674.066836 g 18.356 0.007
53681.116402 r 17.839 0.014
53681.117235 i 17.501 0.013
53681.118069 u 20.273 0.149
53681.118902 z 17.339 0.026
53681.119735 g 18.524 0.015
53685.075444 r 17.660 0.009
53685.076277 i 17.360 0.007
53685.077111 u 20.186 0.179
53685.077944 z 17.242 0.016
53685.078777 g 18.421 0.014
53687.113798 r 17.864 0.010
53687.114631 i 17.517 0.010
53687.115465 u 20.426 0.203
53687.116298 z 17.330 0.016
53687.117131 g 18.625 0.016
53697.073426 r 17.777 0.013
#53697.074259 i -99.000 0.012
53697.075093 u 20.094 0.153
53697.075926 z 17.275 0.037
53697.076759 g 18.445 0.019
53700.072388 r 17.664 0.006
53700.073221 i 17.328 0.006
53700.074055 u 20.084 0.062
53700.074888 z 17.174 0.014
53700.075721 g 18.357 0.008
53705.059058 r 17.774 0.006
53705.059891 i 17.456 0.006
53705.060725 u 20.223 0.073
53705.061558 z 17.301 0.015
53705.062391 g 18.511 0.008
53975.144046 r 17.825 0.016
53975.144880 i 17.539 0.017
53975.145713 u 20.288 0.068
53975.146546 z 17.385 0.020
53975.147380 g 18.585 0.026
53994.139493 r 17.677 0.006
53994.140327 i 17.346 0.005
53994.141160 u 20.051 0.046
53994.141993 z 17.197 0.013
53994.142827 g 18.402 0.015
53998.119398 r 17.628 0.013
53998.120231 i 17.292 0.010
53998.121064 u 20.054 0.044
53998.121898 z 17.143 0.013
53998.122731 g 18.328 0.009
54010.104875 r 17.759 0.010
54010.105708 i 17.420 0.020
54010.106541 u 20.099 0.064
54010.107375 z 17.304 0.015
54010.108208 g 18.476 0.013
54012.097718 r 17.700 0.010
54012.098551 i 17.389 0.010
54012.099385 u 20.216 0.110
54012.100218 z 17.235 0.016
54012.101051 g 18.436 0.014
54020.103701 r 17.622 0.022
#54020.104534 i -99.000 0.008
54020.105367 u 20.052 0.050
54020.106201 z 17.152 0.015
54020.107034 g 18.302 0.007
#54022.152995 r -99.000 0.008
#54022.153828 i -99.000 0.006
#54022.154662 u -99.000 0.118
#54022.155495 z -99.000 0.028
#54022.156328 g -99.000 0.014
54028.094073 r 17.825 0.012
54028.094906 i 17.508 0.006
54028.095739 u 20.215 0.073
54028.096573 z 17.333 0.016
54028.097406 g 18.509 0.012
54030.097270 r 17.936 0.006
54030.098103 i 17.594 0.013
54030.098936 u 20.471 0.059
54030.099770 z 17.437 0.012
54030.100603 g 18.664 0.008
54032.086524 r 17.744 0.009
54032.087357 i 17.410 0.022
54032.088190 u 20.292 0.060
54032.089024 z 17.287 0.014
54032.089857 g 18.460 0.007
54034.156760 r 17.749 0.038
54034.157593 i 17.418 0.009
#54034.158426 u -99.000 0.097
54034.159260 z 17.253 0.024
54034.160093 g 18.434 0.009
54037.078498 r 17.846 0.016
54037.079331 i 17.458 0.017
54037.080164 u 20.240 0.062
54037.080998 z 17.306 0.016
54037.081831 g 18.509 0.011
54040.092984 r 17.639 0.009
54040.093817 i 17.320 0.011
54040.094650 u 20.123 0.090
54040.095484 z 17.138 0.016
54040.096317 g 18.328 0.013
54050.077611 r 17.814 0.006
54050.078444 i 17.492 0.008
54050.079277 u 20.269 0.075
54050.080111 z 17.312 0.018
54050.080944 g 18.495 0.011
54053.083772 r 17.601 0.020
54053.084605 i 17.291 0.010
54053.085438 u 20.040 0.071
54053.086272 z 17.123 0.021
54053.087105 g 18.301 0.014
54056.085450 r 17.894 0.009
#54056.086283 i -99.000 0.011
54056.087117 u 20.518 0.100
54056.087950 z 17.384 0.025
54056.088783 g 18.581 0.012
54059.079733 r 17.740 0.007
54059.080566 i 17.372 0.007
54059.081399 u 20.047 0.063
54059.082233 z 17.215 0.019
54059.083066 g 18.402 0.008
54061.090782 r 17.762 0.009
#54061.091616 i -99.000 0.030
54061.092449 u 20.237 0.077
54061.093282 z 17.236 0.017
54061.094116 g 18.504 0.010
54062.084634 r 17.622 0.022
54062.085468 i 17.357 0.050
54062.086301 u 20.122 0.077
54062.087134 z 17.179 0.018
54062.087968 g 18.359 0.016
54068.074615 r 17.645 0.013
54068.075448 i 17.291 0.010
54068.076281 u 20.132 0.141
54068.077115 z 17.191 0.017
54068.077948 g 18.297 0.016
54357.122926 r 17.841 0.014
54357.123759 i 17.492 0.009
54357.124593 u 20.470 0.072
54357.125426 z 17.390 0.022
54357.126259 g 18.566 0.016
54365.120775 r 17.687 0.008
54365.121608 i 17.384 0.007
54365.122441 u 20.102 0.077
54365.123275 z 17.232 0.015
54365.124108 g 18.374 0.017
#54385.170755 r -99.000 0.005
54385.171588 i 17.360 0.069
#54385.172422 u -99.000 0.085
#54385.173255 z -99.000 0.039
54385.174088 g 18.425 0.010
54387.171272 r 17.730 0.006
#54387.172106 i -99.000 0.012
54387.172939 u 20.125 0.117
#54387.173772 z -99.000 0.032
54387.174606 g 18.415 0.010
54392.165981 r 17.627 0.007
#54392.166815 i -99.000 0.005
54392.167648 u 20.140 0.133
54392.168481 z 17.166 0.023
#54392.169315 g -99.000 0.018
54402.164442 r 17.892 0.012
54402.165275 i 17.565 0.008
54402.166109 u 20.209 0.134
54402.166942 z 17.394 0.019
54402.167775 g 18.633 0.017
