52075.315874 r 16.280 0.004
52075.316707 i 16.076 0.004
52075.317541 u 18.131 0.016
52075.318374 z 16.054 0.007
52075.319207 g 16.782 0.004
52557.162365 r 16.549 0.004
52557.163198 i 16.254 0.004
52557.164032 u 18.194 0.015
52557.164865 z 16.229 0.008
52557.165698 g 17.078 0.005
52929.088667 r 16.345 0.004
52929.089500 i 16.117 0.004
52929.090334 u 18.218 0.015
52929.091167 z 15.997 0.007
52929.092000 g 16.860 0.004
52934.068824 r 16.466 0.004
52934.069657 i 16.224 0.004
52934.070491 u 18.155 0.014
52934.071324 z 16.187 0.008
52934.072157 g 16.899 0.004
52936.064751 r 16.448 0.004
52936.065584 i 16.302 0.004
52936.066418 u 18.225 0.015
52936.067251 z 16.121 0.007
52936.068084 g 17.060 0.005
53243.249962 r 16.490 0.004
53243.250795 i 16.301 0.004
53243.251629 u 18.134 0.021
53243.252462 z 16.190 0.008
53243.253295 g 16.956 0.005
53270.128819 r 16.451 0.051
53270.129652 i 16.273 0.059
53270.130486 u 18.188 0.021
53270.131319 z 16.196 0.107
53270.132152 g 16.948 0.035
53288.105967 r 16.349 0.004
53288.106800 i 16.147 0.004
53288.107634 u 18.105 0.015
53288.108467 z 16.104 0.007
53288.109300 g 16.829 0.004
53302.101634 r 16.511 0.005
53302.102467 i 16.272 0.005
53302.103301 u 18.187 0.019
53302.104134 z 16.252 0.008
53302.104967 g 16.973 0.005
53623.152946 r 16.467 0.005
53623.153779 i 16.305 0.005
53623.154613 u 18.180 0.016
53623.155446 z 16.242 0.008
53623.156279 g 16.912 0.004
53626.139159 r 16.391 0.004
53626.139992 i 16.253 0.005
53626.140826 u 18.120 0.019
53626.141659 z 16.064 0.007
53626.142492 g 16.849 0.005
53628.124023 r 16.406 0.004
53628.124856 i 16.259 0.005
53628.125690 u 18.182 0.026
53628.126523 z 16.245 0.009
53628.127356 g 16.989 0.006
53637.125637 r 16.409 0.004
53637.126470 i 16.239 0.004
53637.127304 u 18.167 0.017
53637.128137 z 16.399 0.009
53637.128970 g 16.938 0.004
53644.118084 r 16.455 0.043
53644.118917 i 16.264 0.053
53644.119751 u 18.179 0.020
53644.120584 z 16.170 0.054
53644.121417 g 16.876 0.023
53649.112705 r 16.377 0.004
53649.113538 i 16.287 0.005
#53649.114372 u -99.000 0.035
53649.115205 z 16.168 0.017
53649.116038 g 16.872 0.006
53656.100299 r 16.411 0.004
53656.101132 i 16.235 0.004
53656.101966 u 18.172 0.025
53656.102799 z 16.281 0.009
53656.103632 g 17.081 0.005
53665.091575 r 16.398 0.006
#53665.092408 i -99.000 0.008
#53665.093242 u -99.000 0.060
#53665.094075 z -99.000 0.043
53665.094908 g 16.978 0.012
53668.103207 r 16.480 0.004
53668.104040 i 16.311 0.004
53668.104874 u 18.172 0.018
53668.105707 z 16.320 0.010
53668.106540 g 17.025 0.004
53670.108052 r 16.466 0.004
53670.108885 i 16.332 0.004
53670.109719 u 18.171 0.016
53670.110552 z 16.208 0.008
53670.111385 g 17.042 0.004
53673.076043 r 16.366 0.004
53673.076876 i 16.179 0.004
53673.077710 u 18.098 0.015
53673.078543 z 15.989 0.007
53673.079376 g 16.832 0.004
53677.093964 r 16.407 0.004
53677.094797 i 16.254 0.004
53677.095631 u 18.208 0.016
53677.096464 z 16.193 0.008
53677.097297 g 16.919 0.004
53680.080629 r 16.327 0.004
53680.081462 i 16.116 0.004
53680.082296 u 18.157 0.016
53680.083129 z 16.004 0.007
53680.083962 g 16.891 0.005
53702.078238 r 16.400 0.039
53702.079072 i 16.077 0.038
53702.079905 u 18.121 0.026
53702.080738 z 16.218 0.065
53702.081572 g 16.787 0.016
53703.087339 r 16.509 0.065
53703.088172 i 16.425 0.062
53703.089006 u 18.089 0.027
53703.089839 z 16.292 0.088
53703.090672 g 16.933 0.024
53704.065865 r 16.485 0.004
53704.066698 i 16.252 0.004
53704.067532 u 18.146 0.018
53704.068365 z 16.437 0.010
53704.069198 g 17.073 0.004
53974.153808 r 16.439 0.054
53974.154642 i 16.244 0.076
53974.155475 u 18.178 0.023
53974.156308 z 16.244 0.099
53974.157142 g 16.960 0.026
53989.143237 r 16.522 0.059
53989.144070 i 16.296 0.048
53989.144904 u 18.167 0.023
53989.145737 z 16.310 0.091
53989.146570 g 16.950 0.029
53995.151162 r 16.523 0.058
53995.151995 i 16.317 0.058
53995.152828 u 18.181 0.019
53995.153662 z 16.138 0.090
53995.154495 g 16.912 0.026
53997.129531 r 16.485 0.060
53997.130364 i 16.355 0.058
53997.131198 u 18.197 0.027
53997.132031 z 16.195 0.083
#53997.132864 g -99.000 0.044
54005.101378 r 16.471 0.063
54005.102211 i 16.313 0.060
54005.103044 u 18.198 0.021
54005.103878 z 16.295 0.085
54005.104711 g 16.919 0.028
54007.114127 r 16.397 0.042
54007.114961 i 16.306 0.076
54007.115794 u 18.194 0.022
54007.116627 z 16.084 0.064
54007.117461 g 16.887 0.021
54009.111237 r 16.482 0.054
54009.112070 i 16.435 0.072
54009.112904 u 18.189 0.026
54009.113737 z 16.208 0.066
54009.114570 g 16.905 0.015
54011.175730 r 16.439 0.046
54011.176563 i 16.236 0.033
54011.177396 u 18.171 0.031
54011.178230 z 16.164 0.068
54011.179063 g 17.040 0.038
54019.125937 r 16.402 0.040
54019.126770 i 16.120 0.036
54019.127603 u 18.151 0.021
54019.128437 z 16.340 0.065
#54019.129270 g -99.000 0.031
54025.174746 r 16.426 0.049
54025.175580 i 16.285 0.065
54025.176413 u 18.152 0.021
54025.177246 z 16.320 0.135
54025.178080 g 16.939 0.027
54029.105090 r 16.491 0.045
54029.105923 i 16.224 0.072
54029.106756 u 18.190 0.023
54029.107590 z 16.139 0.066
54029.108423 g 16.965 0.030
54051.081657 r 16.534 0.056
54051.082491 i 16.208 0.052
54051.083324 u 18.233 0.031
#54051.084157 z -99.000 0.091
#54051.084991 g -99.000 0.046
54356.183250 r 16.492 0.041
54356.184083 i 16.430 0.073
54356.184917 u 18.152 0.019
54356.185750 z 16.192 0.099
54356.186583 g 16.934 0.026
54358.128323 r 16.412 0.057
#54358.129156 i -99.000 0.081
54358.129990 u 18.127 0.026
54358.130823 z 16.240 0.077
54358.131656 g 16.900 0.022
54382.170496 r 16.662 0.058
#54382.171329 i -99.000 0.056
54382.172162 u 18.248 0.032
54382.172996 z 16.086 0.051
#54382.173829 g -99.000 0.022
54383.176249 r 16.458 0.045
#54383.177082 i -99.000 0.067
54383.177915 u 18.131 0.023
54383.178749 z 16.194 0.064
54383.179582 g 16.961 0.028
54386.173252 r 16.440 0.044
#54386.174085 i -99.000 0.050
54386.174918 u 18.147 0.024
54386.175752 z 16.223 0.064
54386.176585 g 16.954 0.024
54388.177520 r 16.462 0.048
54388.178354 i 16.239 0.058
54388.179187 u 18.135 0.022
54388.180020 z 17.373 0.270
54388.180854 g 16.996 0.031
54403.091295 r 16.395 0.040
54403.092128 i 16.232 0.045
54403.092961 u 18.131 0.021
54403.093795 z 16.255 0.084
54403.094628 g 16.994 0.032
54406.085129 r 16.413 0.036
54406.085962 i 16.239 0.046
54406.086795 u 18.166 0.025
54406.087629 z 16.223 0.065
54406.088462 g 16.933 0.022
54412.088058 r 16.447 0.049
#54412.088891 i -99.000 0.056
54412.089725 u 18.155 0.022
#54412.090558 z -99.000 0.106
54412.091391 g 16.935 0.026
54415.125612 r 16.490 0.061
54415.126446 i 16.264 0.055
54415.127279 u 18.156 0.021
54415.128112 z 16.242 0.093
54415.128946 g 16.936 0.030
