52172.226168 r 19.124 0.012
52172.227001 i 19.055 0.013
52172.227835 u 20.572 0.074
52172.228668 z 19.090 0.047
52172.229501 g 19.398 0.012
52931.077522 r 19.140 0.013
52931.078355 i 19.083 0.014
52931.079189 u 20.560 0.072
52931.080022 z 19.064 0.044
52931.080855 g 19.427 0.012
52935.074485 r 19.166 0.013
52935.075318 i 19.044 0.013
52935.076152 u 20.528 0.075
52935.076985 z 19.140 0.049
52935.077818 g 19.392 0.012
53313.067686 r 19.103 0.014
53313.068519 i 19.033 0.016
53313.069353 u 20.532 0.082
53313.070186 z 19.132 0.065
53313.071019 g 19.376 0.013
53622.176933 r 19.153 0.015
53622.177766 i 19.009 0.016
53622.178600 u 20.489 0.100
53622.179433 z 18.945 0.060
53622.180266 g 19.395 0.015
53625.172898 r 19.208 0.014
53625.173731 i 19.070 0.015
53625.174565 u 20.680 0.097
53625.175398 z 19.004 0.043
53625.176231 g 19.392 0.015
53636.131934 r 19.106 0.012
53636.132767 i 19.057 0.014
53636.133601 u 20.545 0.071
53636.134434 z 19.038 0.043
53636.135267 g 19.350 0.011
53645.191603 r 19.175 0.013
53645.192436 i 19.081 0.014
53645.193270 u 20.700 0.090
53645.194103 z 19.061 0.042
53645.194936 g 19.424 0.012
53655.103939 r 19.163 0.015
53655.104772 i 19.081 0.016
53655.105606 u 20.467 0.098
53655.106439 z 19.049 0.046
53655.107272 g 19.406 0.018
53664.128899 r 19.185 0.018
53664.129732 i 19.081 0.018
53664.130566 u 20.531 0.107
53664.131399 z 19.061 0.056
53664.132232 g 19.408 0.020
53666.092498 r 19.154 0.013
53666.093331 i 19.060 0.014
53666.094165 u 20.605 0.071
53666.094998 z 19.034 0.046
53666.095831 g 19.395 0.011
53669.088137 r 19.155 0.012
53669.088970 i 19.064 0.014
53669.089804 u 20.641 0.075
53669.090637 z 19.069 0.045
53669.091470 g 19.410 0.012
53674.072371 r 19.150 0.013
53674.073204 i 19.090 0.015
53674.074038 u 20.597 0.075
53674.074871 z 19.043 0.047
53674.075704 g 19.407 0.012
53681.125270 r 19.024 0.023
53681.126103 i 18.971 0.025
53681.126937 u 20.410 0.146
53681.127770 z 18.835 0.082
#53681.128603 g -99.000 0.061
53685.084312 r 19.198 0.028
53685.085145 i 19.052 0.027
53685.085979 u 20.695 0.295
53685.086812 z 19.182 0.085
53685.087645 g 19.396 0.036
53687.122666 r 19.135 0.020
53687.123499 i 19.087 0.018
53687.124333 u 20.310 0.171
53687.125166 z 18.936 0.050
53687.125999 g 19.440 0.032
53697.082294 r 19.166 0.057
53697.083127 i 18.930 0.048
53697.083961 u 20.044 0.179
53697.084794 z 19.021 0.181
53697.085627 g 19.408 0.042
53700.081257 r 19.159 0.014
53700.082090 i 19.054 0.015
53700.082924 u 20.668 0.092
53700.083757 z 19.089 0.053
53700.084590 g 19.389 0.013
53705.067926 r 19.173 0.015
53705.068759 i 19.041 0.017
53705.069593 u 20.505 0.092
53705.070426 z 19.098 0.058
53705.071259 g 19.409 0.014
53975.152919 r 19.131 0.015
53975.153752 i 19.024 0.017
53975.154586 u 20.535 0.080
53975.155419 z 19.018 0.054
53975.156252 g 19.418 0.012
53994.148357 r 19.119 0.011
53994.149190 i 19.002 0.014
53994.150023 u 20.400 0.059
53994.150857 z 19.015 0.040
53994.151690 g 19.325 0.015
53998.128286 r 19.138 0.012
53998.129120 i 19.048 0.014
53998.129953 u 20.670 0.065
53998.130786 z 19.105 0.039
53998.131620 g 19.423 0.013
54010.113746 r 19.114 0.014
54010.114580 i 19.063 0.016
54010.115413 u 20.717 0.112
54010.116246 z 19.046 0.039
54010.117080 g 19.397 0.020
54012.106590 r 19.078 0.018
54012.107423 i 19.000 0.018
54012.108257 u 20.532 0.147
54012.109090 z 19.052 0.042
54012.109923 g 19.336 0.026
54020.112582 r 19.197 0.013
54020.113416 i 19.036 0.016
54020.114249 u 20.810 0.103
54020.115082 z 19.033 0.057
54020.115916 g 19.385 0.012
54022.161855 r 19.187 0.016
#54022.162688 i -99.000 0.025
#54022.163521 u -99.000 0.116
54022.164355 z 19.043 0.052
54022.165188 g 19.460 0.018
54028.102945 r 19.127 0.016
54028.103779 i 19.069 0.016
54028.104612 u 20.601 0.111
#54028.105445 z -99.000 0.060
54028.106279 g 19.404 0.015
54030.106130 r 19.154 0.012
54030.106963 i 19.067 0.015
54030.107797 u 20.582 0.064
54030.108630 z 19.046 0.037
54030.109463 g 19.394 0.016
54032.095405 r 19.162 0.017
54032.096239 i 19.067 0.016
54032.097072 u 20.787 0.111
54032.097905 z 19.024 0.061
54032.098739 g 19.413 0.018
54034.165640 r 19.151 0.018
54034.166473 i 19.073 0.027
54034.167306 u 20.595 0.148
54034.168140 z 19.122 0.099
54034.168973 g 19.386 0.015
54037.087366 r 19.155 0.015
54037.088200 i 19.091 0.012
54037.089033 u 20.517 0.080
54037.089866 z 19.044 0.043
54037.090700 g 19.440 0.019
54040.101880 r 19.199 0.020
54040.102713 i 19.082 0.019
54040.103547 u 20.614 0.148
54040.104380 z 19.196 0.058
54040.105213 g 19.432 0.024
54050.086484 r 19.018 0.013
54050.087317 i 18.940 0.018
54050.088150 u 20.433 0.080
54050.088984 z 18.941 0.057
54050.089817 g 19.257 0.012
54053.092638 r 18.940 0.016
54053.093471 i 18.904 0.017
54053.094304 u 20.389 0.095
54053.095138 z 18.874 0.063
54053.095971 g 19.163 0.014
54056.094329 r 18.956 0.017
#54056.095162 i -99.000 0.026
54056.095995 u 20.271 0.098
#54056.096829 z -99.000 0.096
#54056.097662 g -99.000 0.018
54057.062969 r 19.128 0.013
54057.063802 i 19.080 0.016
54057.064635 u 20.548 0.076
54057.065469 z 19.043 0.054
54057.066302 g 19.405 0.014
54059.088602 r 19.191 0.014
54059.089435 i 19.017 0.017
54059.090269 u 20.623 0.107
54059.091102 z 19.049 0.059
54059.091935 g 19.378 0.015
54061.099655 r 19.141 0.018
54061.100489 i 19.018 0.021
54061.101322 u 20.747 0.129
54061.102155 z 19.056 0.077
54061.102989 g 19.376 0.017
54062.093517 r 19.174 0.018
54062.094350 i 19.062 0.022
54062.095183 u 20.730 0.130
54062.096017 z 19.056 0.089
54062.096850 g 19.395 0.016
54068.083476 r 19.137 0.024
54068.084309 i 19.041 0.024
54068.085142 u 20.314 0.172
54068.085976 z 19.096 0.075
54068.086809 g 19.354 0.030
54357.131789 r 19.133 0.013
#54357.132623 i -99.000 0.017
54357.133456 u 20.572 0.074
54357.134289 z 19.063 0.045
54357.135123 g 19.369 0.016
54365.129644 r 19.076 0.015
54365.130478 i 19.013 0.019
54365.131311 u 20.387 0.097
54365.132144 z 19.008 0.040
54365.132978 g 19.350 0.020
54385.179617 r 19.218 0.020
54385.180451 i 19.044 0.021
54385.181284 u 20.458 0.082
54385.182117 z 19.067 0.043
54385.182951 g 19.426 0.015
54387.180121 r 19.161 0.022
54387.180955 i 19.072 0.018
54387.181788 u 20.491 0.123
54387.182621 z 18.897 0.056
54387.183455 g 19.409 0.016
54390.183141 r 19.156 0.019
54390.183974 i 19.096 0.020
54390.184808 u 20.458 0.106
54390.185641 z 19.211 0.083
54390.186474 g 19.366 0.016
#54392.174862 r -99.000 0.030
54392.175696 i 19.037 0.035
54392.176529 u 20.689 0.244
54392.177362 z 19.008 0.089
54392.178196 g 19.350 0.031
54402.173305 r 19.161 0.019
54402.174139 i 19.019 0.024
54402.174972 u 20.611 0.206
54402.175805 z 18.996 0.052
54402.176639 g 19.506 0.031
