52935.070558 r 18.464 0.009
52935.071391 i 18.206 0.009
52935.072225 u 21.548 0.139
52935.073058 z 18.027 0.022
52935.073891 g 19.307 0.012
53625.168972 r 18.452 0.009
53625.169805 i 18.163 0.009
53625.170639 u 21.009 0.108
53625.171472 z 17.963 0.021
53625.172305 g 19.230 0.014
53636.128011 r 18.451 0.009
#53636.128844 i -99.000 0.009
53636.129678 u 21.120 0.111
53636.130511 z 18.193 0.025
53636.131344 g 19.209 0.011
53645.187678 r 18.445 0.009
53645.188511 i 18.162 0.009
53645.189345 u 21.223 0.123
53645.190178 z 18.124 0.023
53645.191011 g 19.262 0.011
53655.100013 r 18.411 0.010
53655.100846 i 18.129 0.010
53655.101680 u 21.324 0.184
53655.102513 z 17.982 0.022
53655.103346 g 19.192 0.015
53666.088572 r 18.486 0.009
53666.089405 i 18.222 0.010
53666.090239 u 21.624 0.142
53666.091072 z 18.044 0.024
53666.091905 g 19.251 0.011
53669.084212 r 18.418 0.008
53669.085045 i 18.129 0.009
53669.085879 u 21.194 0.096
53669.086712 z 18.065 0.022
53669.087545 g 19.220 0.011
53674.068447 r 18.427 0.009
53674.069280 i 18.180 0.009
53674.070114 u 21.190 0.107
53674.070947 z 17.927 0.021
53674.071780 g 19.177 0.011
53687.118741 r 18.524 0.012
53687.119574 i 18.235 0.011
53687.120408 u 21.441 0.439
53687.121241 z 18.060 0.025
53687.122074 g 19.233 0.024
53700.077331 r 18.469 0.009
53700.078164 i 18.182 0.010
53700.078998 u 21.207 0.124
53700.079831 z 17.977 0.023
53700.080664 g 19.236 0.012
53994.144437 r 18.472 0.020
53994.145270 i 18.174 0.015
53994.146104 u 21.130 0.099
53994.146937 z 17.998 0.028
53994.147770 g 19.203 0.020
53998.124358 r 18.429 0.022
53998.125191 i 18.143 0.022
53998.126024 u 21.368 0.112
53998.126858 z 18.077 0.057
#53998.127691 g -99.000 0.025
54010.109818 r 18.460 0.018
54010.110651 i 18.210 0.028
54010.111484 u 21.019 0.125
54010.112318 z 18.008 0.026
54010.113151 g 19.261 0.025
54012.102676 r 18.448 0.020
54012.103509 i 18.222 0.019
54012.104343 u 21.491 0.314
54012.105176 z 18.341 0.042
54012.106009 g 19.172 0.026
54030.102202 r 18.414 0.022
54030.103036 i 18.209 0.023
54030.103869 u 21.175 0.111
54030.104702 z 18.005 0.029
54030.105536 g 19.257 0.032
54034.161810 r 18.235 0.011
#54034.162644 i -99.000 0.010
54034.163477 u 20.873 0.147
#54034.164310 z -99.000 0.036
#54034.165144 g -99.000 0.011
54037.083442 r 18.516 0.025
54037.084276 i 18.166 0.035
54037.085109 u 21.491 0.173
54037.085942 z 18.111 0.038
54037.086776 g 19.234 0.027
54040.097928 r 18.456 0.021
54040.098762 i 18.173 0.022
54040.099595 u 20.996 0.198
54040.100428 z 18.122 0.050
54040.101262 g 19.176 0.026
54059.084678 r 18.322 0.014
54059.085511 i 18.127 0.017
54059.086344 u 21.701 0.237
54059.087178 z 17.951 0.030
54059.088011 g 19.097 0.014
54357.127869 r 18.427 0.021
54357.128702 i 18.158 0.018
54357.129536 u 21.354 0.141
#54357.130369 z -99.000 0.041
54357.131202 g 19.194 0.030
54365.125717 r 18.454 0.023
54365.126550 i 18.163 0.021
54365.127383 u 21.789 0.346
54365.128217 z 18.017 0.027
54365.129050 g 19.244 0.029
54390.179228 r 18.257 0.009
54390.180061 i 17.953 0.011
54390.180895 u 20.897 0.171
54390.181728 z 17.877 0.029
54390.182561 g 18.935 0.012
54402.169401 r 18.408 0.022
54402.170235 i 18.099 0.016
54402.171068 u 21.880 0.584
54402.171901 z 17.998 0.029
54402.172735 g 19.111 0.026
