52075.314198 r 17.611 0.006
52075.315031 i 16.196 0.004
52075.315865 u 21.486 0.184
52075.316698 z 15.461 0.005
52075.317531 g 19.001 0.010
52557.160691 r 17.618 0.006
52557.161524 i 16.195 0.004
52557.162358 u 21.520 0.152
52557.163191 z 15.466 0.006
52557.164024 g 19.033 0.010
52929.086993 r 17.620 0.006
52929.087826 i 16.203 0.004
52929.088660 u 21.468 0.140
52929.089493 z 15.451 0.005
52929.090326 g 19.022 0.009
52934.067151 r 17.619 0.006
52934.067984 i 16.192 0.004
52934.068818 u 21.596 0.165
52934.069651 z 15.461 0.005
52934.070484 g 19.009 0.009
52936.063076 r 17.623 0.006
52936.063909 i 16.185 0.004
52936.064743 u 21.514 0.142
52936.065576 z 15.456 0.005
52936.066409 g 19.007 0.009
53243.248288 r 17.603 0.007
53243.249121 i 16.188 0.004
53243.249955 u 21.469 0.339
53243.250788 z 15.464 0.005
53243.251621 g 19.023 0.018
53270.127137 r 17.621 0.006
53270.127970 i 16.237 0.004
53270.128803 u 21.710 0.223
53270.129637 z 15.456 0.014
53270.130470 g 19.014 0.012
53288.104293 r 17.609 0.006
53288.105126 i 16.203 0.004
53288.105960 u 21.992 0.261
53288.106793 z 15.465 0.005
53288.107626 g 19.023 0.010
53302.099961 r 17.613 0.007
53302.100794 i 16.195 0.004
53302.101628 u 21.493 0.296
53302.102461 z 15.463 0.006
53302.103294 g 19.034 0.015
53623.151272 r 17.619 0.006
53623.152105 i 16.325 0.014
53623.152939 u 21.265 0.137
53623.153772 z 15.463 0.006
53623.154605 g 19.003 0.011
53626.137484 r 17.623 0.007
53626.138317 i 16.193 0.005
53626.139151 u 21.744 0.320
53626.139984 z 15.450 0.006
53626.140817 g 19.028 0.015
53628.122348 r 17.610 0.008
53628.123181 i 16.197 0.004
53628.124015 u 21.625 0.542
53628.124848 z 15.461 0.006
53628.125681 g 19.070 0.023
53637.123963 r 17.629 0.006
53637.124796 i 16.185 0.004
53637.125630 u 21.341 0.180
53637.126463 z 15.464 0.005
53637.127296 g 19.039 0.010
53644.116404 r 17.632 0.006
53644.117238 i 16.202 0.005
53644.118071 u 21.393 0.119
53644.118904 z 15.465 0.013
53644.119738 g 19.046 0.011
53649.111031 r 17.629 0.006
#53649.111864 i -99.000 0.004
53649.112698 u 21.079 0.206
#53649.113531 z -99.000 0.007
#53649.114364 g -99.000 0.023
53656.098625 r 17.635 0.008
53656.099458 i 16.192 0.004
53656.100292 u 21.649 0.484
53656.101125 z 15.463 0.006
53656.101958 g 19.014 0.021
53665.089901 r 17.617 0.013
53665.090734 i 16.192 0.007
53665.091568 u 21.949 0.742
#53665.092401 z -99.000 0.011
#53665.093234 g -99.000 0.039
#53668.101525 r -99.000 0.006
53668.102358 i 16.193 0.004
53668.103192 u 21.277 0.191
#53668.104025 z -99.000 0.006
53668.104858 g 18.997 0.011
53670.106379 r 17.608 0.006
53670.107212 i 16.193 0.004
53670.108046 u 21.386 0.184
53670.108879 z 15.462 0.006
53670.109712 g 19.029 0.010
53673.074368 r 17.621 0.006
53673.075201 i 16.199 0.004
53673.076035 u 21.437 0.158
53673.076868 z 15.456 0.005
53673.077701 g 19.032 0.010
53675.071258 r 17.611 0.006
53675.072091 i 16.202 0.004
53675.072925 u 21.520 0.163
53675.073758 z 15.458 0.005
53675.074591 g 19.042 0.010
53677.092290 r 17.599 0.006
53677.093123 i 16.194 0.004
53677.093957 u 21.621 0.170
53677.094790 z 15.457 0.005
53677.095623 g 19.037 0.010
53680.078954 r 17.621 0.006
53680.079787 i 16.189 0.004
53680.080621 u 21.466 0.140
53680.081454 z 15.463 0.006
53680.082287 g 19.034 0.010
53693.080862 r 17.622 0.006
53693.081695 i 16.190 0.004
53693.082529 u 21.516 0.203
53693.083362 z 15.468 0.005
53693.084195 g 19.007 0.011
53702.076537 r 17.626 0.019
53702.077370 i 16.196 0.006
53702.078203 u 21.699 0.333
53702.079037 z 15.462 0.013
53702.079870 g 19.017 0.013
53703.085663 r 17.596 0.009
53703.086497 i 16.210 0.008
53703.087330 u 22.204 0.455
53703.088163 z 15.456 0.014
53703.088997 g 19.011 0.013
53704.064191 r 17.613 0.006
53704.065024 i 16.198 0.004
53704.065858 u 21.362 0.198
53704.066691 z 15.464 0.006
53704.067524 g 19.018 0.011
53974.152132 r 17.605 0.008
53974.152966 i 16.198 0.013
53974.153799 u 21.643 0.169
53974.154632 z 15.460 0.016
53974.155466 g 19.011 0.014
53989.141563 r 17.651 0.014
53989.142396 i 16.174 0.009
53989.143230 u 21.633 0.185
53989.144063 z 15.457 0.012
53989.144896 g 19.031 0.014
53995.149488 r 17.640 0.005
#53995.150322 i -99.000 0.029
53995.151155 u 21.498 0.124
53995.151988 z 15.431 0.012
53995.152822 g 19.050 0.010
53997.127861 r 17.643 0.008
#53997.128695 i -99.000 0.028
53997.129528 u 21.448 0.156
53997.130361 z 15.476 0.025
53997.131195 g 19.053 0.014
54005.099704 r 17.628 0.007
54005.100537 i 16.183 0.007
54005.101371 u 21.721 0.169
54005.102204 z 15.477 0.010
54005.103037 g 19.053 0.008
54007.112469 r 17.616 0.009
54007.113302 i 16.191 0.007
54007.114135 u 21.394 0.151
54007.114969 z 15.434 0.014
54007.115802 g 19.025 0.010
54009.109578 r 17.628 0.010
54009.110412 i 16.175 0.010
54009.111245 u 21.460 0.184
54009.112078 z 15.461 0.013
54009.112912 g 19.029 0.017
54011.174067 r 17.636 0.010
54011.174901 i 16.178 0.009
54011.175734 u 22.343 0.587
54011.176567 z 15.467 0.014
54011.177401 g 19.038 0.016
54019.124264 r 17.621 0.006
54019.125097 i 16.253 0.007
54019.125931 u 21.275 0.134
54019.126764 z 15.470 0.012
54019.127597 g 19.032 0.011
54025.173073 r 17.615 0.008
54025.173906 i 16.200 0.005
54025.174739 u 21.756 0.224
54025.175573 z 15.451 0.013
54025.176406 g 19.043 0.013
54029.103413 r 17.624 0.007
54029.104247 i 16.194 0.010
54029.105080 u 21.104 0.113
54029.105913 z 15.470 0.017
54029.106747 g 19.004 0.010
54051.079983 r 17.667 0.019
#54051.080816 i -99.000 0.013
#54051.081649 u -99.000 0.202
54051.082483 z 15.447 0.014
#54051.083316 g -99.000 0.020
54356.181571 r 18.013 0.031
54356.182404 i 16.612 0.041
54356.183237 u 22.132 0.240
54356.184071 z 16.037 0.058
54356.184904 g 19.767 0.059
54356.181571 r 18.843 0.145
54356.182404 i 16.613 0.072
54356.183237 u 22.704 0.429
54356.184071 z 15.903 0.041
54356.184904 g 19.735 0.057
54358.126657 r 17.626 0.020
54358.127491 i 16.207 0.034
54358.128324 u 21.621 0.265
54358.129157 z 15.516 0.021
#54358.129991 g -99.000 0.011
54382.168830 r 17.638 0.008
#54382.169664 i -99.000 0.011
54382.170497 u 21.573 0.339
#54382.171330 z -99.000 0.036
54382.172164 g 19.033 0.013
54383.174572 r 17.613 0.008
54383.175406 i 16.191 0.005
54383.176239 u 21.166 0.140
54383.177072 z 15.447 0.013
54383.177906 g 19.018 0.010
54386.171580 r 17.564 0.006
54386.172414 i 16.197 0.008
54386.173247 u 21.606 0.166
#54386.174080 z -99.000 0.013
54386.174914 g 19.013 0.013
54388.175856 r 17.608 0.008
54388.176689 i 16.183 0.011
54388.177522 u 21.382 0.179
54388.178356 z 15.449 0.012
54388.179189 g 19.030 0.011
54403.089620 r 17.608 0.007
54403.090453 i 16.187 0.006
54403.091287 u 21.565 0.147
54403.092120 z 15.470 0.012
54403.092953 g 19.006 0.010
54406.083470 r 17.606 0.037
54406.084303 i 16.178 0.008
54406.085137 u 21.483 0.132
54406.085970 z 15.445 0.012
54406.086803 g 19.054 0.014
54412.086380 r 17.603 0.008
#54412.087213 i -99.000 0.009
54412.088046 u 21.569 0.195
#54412.088880 z -99.000 0.017
#54412.089713 g -99.000 0.012
54415.123947 r 17.609 0.009
54415.124780 i 16.177 0.009
54415.125614 u 21.785 0.207
54415.126447 z 15.458 0.013
54415.127280 g 19.020 0.010
