52929.084229 r 19.288 0.014
52929.085062 i 21.371 0.118
52929.085896 u 22.930 0.562
52929.086729 z 18.470 0.031
52929.087562 g 20.295 0.022
52936.060313 r 18.986 0.012
52936.061146 i 18.595 0.011
52936.061980 u 22.156 0.276
52936.062813 z 18.402 0.030
52936.063646 g 20.124 0.020
53270.124370 r 19.153 0.021
53270.125203 i 18.628 0.018
53270.126036 u 22.226 0.354
53270.126870 z 18.412 0.029
53270.127703 g 20.161 0.028
53288.101528 r 19.225 0.014
53288.102361 i 18.790 0.013
53288.103195 u 22.666 0.484
53288.104028 z 18.432 0.030
53288.104861 g 20.056 0.019
53623.148507 r 19.119 0.013
53623.149340 i 18.823 0.013
53623.150174 u 22.205 0.349
53623.151007 z 18.471 0.031
53623.151840 g 20.157 0.025
53626.134719 r 19.068 0.016
53626.135552 i 18.644 0.013
53626.136386 u 22.310 0.581
53626.137219 z 18.448 0.029
53626.138052 g 20.128 0.037
53628.119584 r 19.157 0.024
53628.120417 i 21.281 0.177
#53628.121251 u 26.248 2.170
53628.122084 z 18.714 0.050
53628.122917 g 21.066 0.141
53637.121196 r 19.274 0.015
53637.122029 i 19.378 0.022
53637.122863 u 22.505 0.587
53637.123696 z 18.569 0.037
53637.124529 g 20.382 0.027
53644.113663 r 19.082 0.014
#53644.114497 i -99.000 0.023
53644.115330 u 23.135 0.402
53644.116163 z 18.422 0.032
53644.116997 g 20.146 0.022
53656.095859 r 19.481 0.029
53656.096692 i 21.300 0.170
#53656.097526 u 26.782 1.169
53656.098359 z 18.648 0.045
53656.099192 g 20.545 0.074
#53665.087136 r -99.000 0.059
#53665.087969 i -99.000 0.031
53665.088803 u 21.451 0.511
#53665.089636 z -99.000 0.107
53665.090469 g 19.991 0.049
53670.103623 r 20.165 0.041
#53670.104456 i 24.378 1.133
#53670.105290 u 23.841 1.406
#53670.106123 z -99.000 0.058
53670.106956 g 20.299 0.024
53673.071603 r 19.183 0.013
53673.072436 i 18.649 0.011
53673.073270 u 22.746 0.468
53673.074103 z 18.529 0.034
53673.074936 g 20.103 0.020
53675.068492 r 19.584 0.020
53675.069325 i 19.644 0.028
53675.070159 u 22.730 0.566
53675.070992 z 18.757 0.041
53675.071825 g 20.663 0.031
53677.089526 r 19.116 0.013
53677.090359 i 18.737 0.013
53677.091193 u 22.377 0.402
53677.092026 z 18.809 0.050
53677.092859 g 20.028 0.019
53680.076190 r 19.141 0.013
53680.077023 i 18.800 0.012
53680.077857 u 23.598 0.887
53680.078690 z 18.771 0.036
53680.079523 g 20.147 0.020
53693.078097 r 19.116 0.014
53693.078930 i 18.587 0.012
53693.079764 u 22.769 0.617
53693.080597 z 18.425 0.031
53693.081430 g 20.166 0.024
53702.073766 r 19.650 0.084
53702.074600 i 18.941 0.064
#53702.075433 u 22.473 1.978
53702.076266 z 18.555 0.092
#53702.077100 g -99.000 0.083
53703.082918 r 19.144 0.041
53703.083751 i 18.612 0.421
53703.084584 u 22.500 0.452
53703.085418 z 18.431 0.069
53703.086251 g 20.155 0.119
53704.061427 r 19.304 0.017
53704.062260 i 21.584 0.180
53704.063094 u 23.118 0.994
53704.063927 z 18.566 0.037
53704.064760 g 20.795 0.049
53974.149370 r 19.075 0.020
53974.150203 i 19.944 0.361
53974.151036 u 22.820 0.383
53974.151870 z 18.449 0.028
53974.152703 g 20.165 0.024
53989.138794 r 19.143 0.020
53989.139628 i 18.717 0.397
53989.140461 u 22.382 0.951
53989.141294 z 18.399 0.029
53989.142128 g 20.179 0.044
53995.146714 r 19.120 0.017
53995.147547 i 18.798 0.024
53995.148380 u 23.469 0.535
53995.149214 z 18.356 0.022
53995.150047 g 20.117 0.016
53997.125093 r 19.158 0.016
53997.125926 i 18.664 0.026
#53997.126759 u 23.639 1.320
53997.127593 z 18.472 0.040
53997.128426 g 20.157 0.028
54005.096958 r 19.351 0.032
54005.097792 i 19.533 0.151
54005.098625 u 23.053 0.572
54005.099458 z 18.686 0.047
54005.100292 g 22.058 0.673
54007.109690 r 19.346 0.030
54007.110523 i 20.118 0.301
54007.111356 u 22.875 0.511
54007.112190 z 18.725 0.057
#54007.113023 g 99.981 99.999
54009.106801 r 19.045 0.020
54009.107634 i 18.624 0.024
54009.108467 u 21.939 0.259
54009.109301 z 18.466 0.032
54009.110134 g 20.095 0.028
54011.171297 r 19.225 0.030
54011.172130 i 18.812 0.043
54011.172963 u 22.488 0.770
54011.173797 z 18.541 0.039
54011.174630 g 20.078 0.041
54019.121500 r 19.500 0.049
54019.122333 i 19.928 0.243
54019.123167 u 23.764 0.826
54019.124000 z 18.657 0.044
54019.124833 g 20.641 0.085
54025.170314 r 19.091 0.013
54025.171147 i 18.765 0.020
54025.171981 u 22.536 0.445
54025.172814 z 18.404 0.033
54025.173647 g 20.087 0.020
54029.100641 r 19.133 0.019
54029.101475 i 18.808 0.030
#54029.102308 u 23.761 1.089
54029.103141 z 18.514 0.042
54029.103975 g 20.099 0.023
54383.171816 r 19.148 0.017
54383.172649 i 18.778 0.019
54383.173482 u 22.733 1.000
54383.174316 z 18.437 0.034
54383.175149 g 20.070 0.021
#54386.168816 r -99.000 0.023
54386.169649 i 18.679 0.014
54386.170483 u 22.050 0.321
54386.171316 z 18.440 0.030
54386.172149 g 20.100 0.021
54388.173085 r 19.140 0.017
54388.173919 i 18.711 0.024
54388.174752 u 22.981 1.000
54388.175585 z 18.478 0.039
54388.176419 g 20.152 0.026
54412.083620 r 19.095 0.018
54412.084453 i 18.596 0.021
54412.085286 u 23.069 0.953
54412.086120 z 18.384 0.039
54412.086953 g 20.122 0.025
54415.121199 r 19.122 0.014
54415.122033 i 18.648 0.014
54415.122866 u 22.576 0.380
54415.123699 z 18.454 0.033
54415.124533 g 20.128 0.021
