52935.069214 r 19.725 0.019
52935.070047 i 19.403 0.017
52935.070881 u 21.732 0.187
52935.071714 z 19.142 0.048
52935.072547 g 20.324 0.021
53313.062416 r 19.768 0.026
53313.063249 i 19.427 0.023
53313.064083 u 22.563 0.494
53313.064916 z 19.404 0.093
53313.065749 g 20.454 0.031
53622.171663 r 19.664 0.018
53622.172496 i 19.372 0.018
53622.173330 u 22.949 0.738
53622.174163 z 19.358 0.073
53622.174996 g 20.423 0.032
53625.167627 r 19.683 0.019
53625.168460 i 19.436 0.018
53625.169294 u 21.800 0.244
53625.170127 z 19.234 0.050
53625.170960 g 20.278 0.030
53636.126664 r 19.726 0.018
53636.127497 i 19.289 0.017
53636.128331 u 22.074 0.267
53636.129164 z 19.328 0.066
53636.129997 g 20.319 0.023
#53645.186333 r -99.000 0.026
53645.187166 i 19.434 0.017
53645.188000 u 21.707 0.215
53645.188833 z 19.249 0.053
53645.189666 g 20.329 0.022
53655.098668 r 19.675 0.021
53655.099501 i 19.428 0.019
53655.100335 u 22.383 0.524
53655.101168 z 19.268 0.055
53655.102001 g 20.327 0.037
53664.123629 r 19.810 0.028
53664.124462 i 19.455 0.023
53664.125296 u 22.899 0.789
53664.126129 z 19.233 0.066
53664.126962 g 20.461 0.045
53666.087228 r 19.691 0.018
53666.088061 i 19.378 0.018
53666.088895 u 21.672 0.167
53666.089728 z 19.264 0.056
#53666.090561 g -99.000 0.023
53669.082866 r 19.701 0.018
53669.083699 i 19.462 0.018
53669.084533 u 22.116 0.254
53669.085366 z 19.367 0.055
53669.086199 g 20.351 0.021
53674.067101 r 19.724 0.019
53674.067934 i 19.394 0.018
53674.068768 u 21.696 0.179
53674.069601 z 19.327 0.059
53674.070434 g 20.320 0.022
53681.119999 r 19.660 0.042
53681.120832 i 19.489 0.039
53681.121666 u 22.604 0.916
53681.122499 z 19.252 0.105
#53681.123332 g -99.000 0.048
53685.079041 r 19.853 0.044
53685.079874 i 19.477 0.036
#53685.080708 u 22.824 1.679
53685.081541 z 19.392 0.103
53685.082374 g 20.566 0.098
53687.117396 r 19.718 0.031
53687.118229 i 19.507 0.027
#53687.119063 u 22.667 1.404
53687.119896 z 19.072 0.056
53687.120729 g 20.290 0.062
53697.077023 r 19.740 0.079
53697.077856 i 19.419 0.064
53697.078690 u 20.922 0.391
53697.079523 z 19.192 0.228
#53697.080356 g -99.000 0.084
53700.075987 r 19.702 0.020
53700.076820 i 19.395 0.020
53700.077654 u 21.493 0.186
53700.078487 z 19.237 0.062
53700.079320 g 20.303 0.025
53705.062656 r 19.754 0.026
53705.063489 i 19.456 0.025
53705.064323 u 22.063 0.391
53705.065156 z 19.278 0.085
53705.065989 g 20.481 0.035
53975.147645 r 19.719 0.156
53975.148479 i 19.491 0.110
53975.149312 u 22.784 0.622
53975.150145 z 19.240 0.075
53975.150979 g 20.449 0.386
#53994.143087 r -99.000 0.041
53994.143920 i 19.437 0.034
53994.144754 u 23.498 0.686
53994.145587 z 19.244 0.053
53994.146420 g 20.265 0.175
53998.122997 r 19.695 0.017
53998.123830 i 19.434 0.020
53998.124663 u 21.848 0.197
53998.125497 z 19.219 0.049
53998.126330 g 20.329 0.023
54010.108478 r 19.671 0.022
54010.109312 i 19.407 0.019
54010.110145 u 21.892 0.324
54010.110978 z 19.218 0.041
54010.111812 g 20.317 0.037
54012.101320 r 19.682 0.036
54012.102153 i 19.456 0.027
54012.102986 u 21.433 0.337
54012.103820 z 19.249 0.051
54012.104653 g 20.290 0.079
54020.107297 r 19.724 0.025
54020.108131 i 19.470 0.026
54020.108964 u 22.415 0.394
54020.109797 z 19.269 0.064
54020.110631 g 20.364 0.045
54022.156584 r 19.765 0.142
#54022.157418 i -99.000 0.038
54022.158251 u 21.201 0.426
#54022.159084 z -99.000 0.130
#54022.159918 g -99.000 0.117
54028.097667 r 19.816 0.406
54028.098501 i 19.483 0.177
54028.099334 u 22.722 0.668
54028.100167 z 19.678 0.266
54028.101001 g 20.523 0.531
54030.100854 r 19.671 0.018
54030.101687 i 19.397 0.019
54030.102521 u 21.554 0.139
54030.103354 z 19.149 0.039
54030.104187 g 20.298 0.020
#54032.090126 r -99.000 0.022
#54032.090960 i -99.000 0.029
#54032.091793 u -99.000 0.202
54032.092626 z 19.306 0.063
54032.093460 g 20.344 0.038
54037.082117 r 19.726 0.023
54037.082951 i 19.499 0.028
54037.083784 u 21.681 0.215
54037.084617 z 19.287 0.048
54037.085451 g 20.374 0.032
54040.096612 r 19.769 0.070
54040.097445 i 19.390 0.025
#54040.098279 u 23.160 1.664
54040.099112 z 19.309 0.075
54040.099945 g 20.401 0.069
54050.081215 r 19.765 0.354
54050.082048 i 19.396 0.118
#54050.082882 u 26.738 99.999
54050.083715 z 19.407 0.237
54050.084548 g 20.459 0.306
54053.087373 r 19.958 0.288
54053.088206 i 19.421 0.185
#54053.089040 u 100.018 99.999
54053.089873 z 19.436 0.265
54053.090706 g 20.589 0.285
#54056.089052 r -99.000 0.029
#54056.089885 i -99.000 0.050
#54056.090718 u -99.000 0.336
54056.091552 z 19.285 0.081
54056.092385 g 20.378 0.061
54057.057701 r 19.746 0.024
54057.058534 i 19.522 0.027
54057.059368 u 21.997 0.267
54057.060201 z 19.391 0.075
54057.061034 g 20.434 0.034
54059.083330 r 19.737 0.143
54059.084163 i 19.548 0.146
#54059.084996 u 23.564 99.999
54059.085830 z 19.477 0.182
54059.086663 g 20.447 0.447
54061.094381 r 19.757 0.298
54061.095214 i 19.431 0.050
#54061.096048 u 100.003 99.999
54061.096881 z 19.469 0.147
54061.097714 g 20.680 0.420
#54062.088234 r -99.000 0.435
54062.089067 i 19.461 0.353
#54062.089901 u 24.835 6.319
54062.090734 z 19.439 0.280
54062.091567 g 20.439 0.315
54068.078222 r 19.860 0.299
54068.079056 i 19.500 0.055
#54068.079889 u 22.683 1.737
54068.080722 z 19.257 0.322
54068.081556 g 20.601 0.570
54357.126524 r 19.729 0.149
54357.127357 i 19.408 0.027
54357.128190 u 23.329 0.905
54357.129024 z 19.300 0.381
54357.129857 g 20.351 0.199
54365.124377 r 19.758 0.029
54365.125210 i 19.399 0.022
54365.126043 u 21.349 0.240
54365.126877 z 19.170 0.045
54365.127710 g 20.416 0.057
#54385.174357 r -99.000 0.166
54385.175190 i 19.448 0.083
54385.176023 u 21.803 0.303
54385.176857 z 19.453 0.112
54385.177690 g 20.571 0.667
54390.177865 r 19.825 0.325
54390.178699 i 19.493 0.125
#54390.179532 u 99.991 99.999
54390.180365 z 19.555 0.322
54390.181199 g 20.445 0.357
54402.168049 r 19.828 0.063
54402.168882 i 19.424 0.066
#54402.169716 u 22.761 1.531
54402.170549 z 19.373 0.092
54402.171382 g 20.329 0.085
