52172.229360 r 19.238 0.014
52172.230193 i 18.999 0.017
52172.231027 u 21.584 0.148
52172.231860 z 18.658 0.035
52172.232693 g 19.898 0.017
52930.079875 r 19.295 0.014
52930.080708 i 18.777 0.014
52930.081542 u 21.823 0.170
52930.082375 z 18.740 0.035
52930.083208 g 19.881 0.016
52931.080707 r 19.084 0.012
52931.081540 i 18.825 0.014
52931.082374 u 22.236 0.234
52931.083207 z 19.010 0.049
52931.084040 g 19.893 0.016
52935.077669 r 19.343 0.015
52935.078502 i 18.860 0.015
52935.079336 u 21.827 0.183
52935.080169 z 18.588 0.033
52935.081002 g 19.911 0.016
53625.176082 r 19.362 0.016
53625.176915 i 18.853 0.015
53625.177749 u 21.973 0.236
53625.178582 z 18.676 0.032
53625.179415 g 19.963 0.022
53636.135119 r 19.189 0.012
53636.135952 i 18.942 0.017
53636.136786 u 21.805 0.186
53636.137619 z 18.808 0.042
53636.138452 g 19.938 0.017
53645.194787 r 19.201 0.013
53645.195620 i 18.879 0.017
53645.196454 u 21.872 0.249
53645.197287 z 18.646 0.038
53645.198120 g 19.957 0.019
53655.107123 r 19.273 0.017
53655.107956 i 18.836 0.016
53655.108790 u 21.750 0.262
53655.109623 z 18.915 0.044
53655.110456 g 19.975 0.029
53666.095682 r 19.335 0.014
53666.096515 i 18.891 0.015
53666.097349 u 21.872 0.157
53666.098182 z 18.638 0.033
53666.099015 g 19.975 0.016
53669.091322 r 19.215 0.013
53669.092155 i 18.920 0.014
53669.092989 u 21.605 0.134
53669.093822 z 18.620 0.031
53669.094655 g 19.951 0.016
#53681.128452 r -99.000 0.044
#53681.129285 i -99.000 0.073
#53681.130119 u -99.000 0.699
53681.130952 z 18.844 0.073
53681.131785 g 19.926 0.029
53700.084440 r 19.136 0.014
53700.085273 i 18.907 0.017
53700.086107 u 21.665 0.180
53700.086940 z 18.555 0.037
53700.087773 g 19.823 0.017
53998.131453 r 19.226 0.066
53998.132286 i 18.917 0.103
53998.133119 u 21.948 0.166
53998.133953 z 18.844 0.154
53998.134786 g 19.987 0.038
54010.116954 r 19.216 0.060
54010.117788 i 18.861 0.067
54010.118621 u 21.627 0.206
54010.119454 z 18.851 0.124
54010.120288 g 19.966 0.039
54012.109790 r 19.383 0.080
54012.110623 i 18.926 0.119
54012.111456 u 21.982 0.472
54012.112290 z 19.136 0.217
54012.113123 g 20.086 0.055
54030.109312 r 19.238 0.061
54030.110145 i 18.956 0.093
54030.110979 u 21.794 0.140
54030.111812 z 18.794 0.142
54030.112645 g 19.965 0.032
#54032.098657 r -99.000 0.123
54032.099490 i 18.840 0.101
#54032.100323 u -99.000 1.902
#54032.101157 z -99.000 0.179
#54032.101990 g -99.000 0.046
54040.105038 r 19.332 0.071
54040.105871 i 19.111 0.123
54040.106705 u 21.459 0.300
54040.107538 z 18.873 0.162
54040.108371 g 19.963 0.042
54357.134977 r 19.383 0.077
54357.135810 i 18.969 0.114
54357.136643 u 22.018 0.177
54357.137477 z 18.737 0.152
54357.138310 g 20.006 0.033
54402.176511 r 19.397 0.066
54402.177344 i 18.717 0.068
54402.178177 u 21.111 1.000
54402.179011 z 18.928 0.142
54402.179844 g 20.019 0.051
