52075.315017 r 18.053 0.007
52075.315850 i 17.837 0.008
52075.316684 u 19.402 0.036
52075.317517 z 17.784 0.022
52075.318350 g 18.359 0.007
52557.161504 r 17.950 0.007
52557.162337 i 17.794 0.007
52557.163171 u 19.499 0.034
52557.164004 z 17.798 0.023
52557.164837 g 18.434 0.007
52929.087806 r 17.971 0.007
52929.088639 i 17.855 0.008
52929.089473 u 19.411 0.031
52929.090306 z 17.731 0.021
52929.091139 g 18.483 0.007
52934.067962 r 18.049 0.007
52934.068795 i 17.840 0.008
52934.069629 u 19.496 0.034
52934.070462 z 17.706 0.019
52934.071295 g 18.359 0.007
52936.063888 r 17.944 0.007
52936.064721 i 17.842 0.008
52936.065555 u 19.485 0.032
52936.066388 z 17.754 0.021
52936.067221 g 18.405 0.007
53243.249100 r 18.102 0.009
53243.249933 i 17.942 0.009
53243.250767 u 19.573 0.064
53243.251600 z 17.871 0.027
53243.252433 g 18.400 0.011
53270.127955 r 17.922 0.036
53270.128788 i 17.823 0.043
53270.129622 u 19.457 0.037
53270.130455 z 17.740 0.042
53270.131288 g 18.412 0.017
53288.105104 r 17.913 0.007
53288.105937 i 17.791 0.008
53288.106771 u 19.416 0.036
53288.107604 z 17.787 0.022
53288.108437 g 18.327 0.007
53302.100772 r 18.012 0.008
53302.101605 i 17.826 0.008
53302.102439 u 19.601 0.053
53302.103272 z 17.895 0.023
53302.104105 g 18.463 0.011
53623.152082 r 17.984 0.007
53623.152915 i 17.798 0.008
53623.153749 u 19.496 0.037
53623.154582 z 17.788 0.021
53623.155415 g 18.459 0.008
53626.138296 r 17.987 0.008
53626.139129 i 17.821 0.008
53626.139963 u 19.461 0.047
53626.140796 z 17.771 0.021
53626.141629 g 18.424 0.010
53644.117217 r 17.951 0.034
53644.118050 i 17.796 0.047
53644.118884 u 19.479 0.032
53644.119717 z 17.783 0.042
53644.120550 g 18.401 0.014
53665.090713 r 18.102 0.017
53665.091546 i 17.941 0.017
#53665.092380 u -99.000 0.117
#53665.093213 z -99.000 0.123
#53665.094046 g -99.000 0.028
53670.107198 r 18.078 0.007
53670.108031 i 17.976 0.009
53670.108865 u 19.550 0.044
53670.109698 z 17.964 0.029
53670.110531 g 18.540 0.008
53673.075179 r 17.997 0.007
53673.076012 i 17.810 0.008
53673.076846 u 19.573 0.038
53673.077679 z 17.838 0.024
53673.078512 g 18.397 0.007
53675.072068 r 18.059 0.007
53675.072901 i 17.797 0.007
53675.073735 u 19.500 0.035
53675.074568 z 17.768 0.021
53675.075401 g 18.347 0.007
53677.093102 r 18.030 0.007
53677.093935 i 17.805 0.008
53677.094769 u 19.629 0.041
53677.095602 z 17.747 0.021
53677.096435 g 18.453 0.007
53680.079766 r 17.970 0.007
53680.080599 i 17.820 0.008
53680.081433 u 19.522 0.034
53680.082266 z 17.776 0.019
53680.083099 g 18.388 0.007
53693.081673 r 18.119 0.008
53693.082506 i 17.922 0.008
53693.083340 u 19.519 0.041
53693.084173 z 17.830 0.024
53693.085006 g 18.431 0.008
53704.065002 r 17.876 0.008
53704.065835 i 17.747 0.009
53704.066669 u 19.453 0.054
53704.067502 z 17.638 0.027
53704.068335 g 18.249 0.007
53974.152938 r 17.928 0.037
53974.153771 i 17.794 0.043
53974.154605 u 19.447 0.040
#53974.155438 z -99.000 0.054
53974.156271 g 18.366 0.020
53989.142384 r 17.978 0.034
53989.143217 i 17.822 0.043
53989.144051 u 19.443 0.035
53989.144884 z 17.751 0.043
53989.145717 g 18.382 0.021
53995.150293 r 18.014 0.035
53995.151126 i 17.806 0.042
53995.151960 u 19.447 0.031
53995.152793 z 17.811 0.054
53995.153626 g 18.361 0.021
53997.128669 r 18.035 0.032
53997.129502 i 17.937 0.040
53997.130336 u 19.465 0.043
#53997.131169 z -99.000 0.072
53997.132002 g 18.450 0.022
54005.100518 r 17.965 0.035
54005.101351 i 17.810 0.044
54005.102185 u 19.502 0.033
54005.103018 z 17.769 0.050
54005.103851 g 18.387 0.016
54007.113264 r 17.939 0.037
54007.114098 i 17.864 0.046
54007.114931 u 19.426 0.038
54007.115764 z 17.709 0.049
54007.116598 g 18.372 0.020
54009.110380 r 17.956 0.033
54009.111213 i 17.847 0.045
54009.112047 u 19.489 0.039
54009.112880 z 17.781 0.052
54009.113713 g 18.406 0.025
54011.174867 r 17.977 0.047
54011.175700 i 17.833 0.056
54011.176533 u 19.532 0.051
54011.177367 z 17.825 0.116
54011.178200 g 18.454 0.032
54025.173884 r 18.069 0.040
54025.174718 i 17.889 0.047
54025.175551 u 19.514 0.038
54025.176384 z 17.740 0.074
54025.177218 g 18.489 0.031
54029.104222 r 18.019 0.033
54029.105056 i 17.846 0.046
54029.105889 u 19.556 0.038
54029.106722 z 17.774 0.052
54029.107556 g 18.409 0.020
54356.182384 r 18.001 0.035
54356.183218 i 17.812 0.048
54356.184051 u 19.484 0.032
54356.184884 z 17.754 0.043
54356.185718 g 18.464 0.023
54383.175374 r 17.934 0.031
54383.176207 i 17.880 0.040
54383.177040 u 19.408 0.037
54383.177874 z 17.933 0.052
54383.178707 g 18.414 0.019
54386.172391 r 17.954 0.042
54386.173225 i 17.794 0.049
54386.174058 u 19.483 0.040
54386.174891 z 17.893 0.063
54386.175725 g 18.400 0.027
54388.176659 r 17.992 0.030
54388.177492 i 17.863 0.042
54388.178326 u 19.610 0.046
54388.179159 z 17.870 0.049
54388.179992 g 18.373 0.018
54403.090450 r 17.978 0.033
54403.091283 i 17.798 0.040
54403.092117 u 19.496 0.033
54403.092950 z 17.711 0.043
54403.093783 g 18.426 0.023
54406.084269 r 17.966 0.034
54406.085102 i 17.821 0.042
54406.085936 u 19.499 0.033
54406.086769 z 17.836 0.048
54406.087602 g 18.443 0.023
54412.087197 r 17.997 0.034
54412.088030 i 17.803 0.039
54412.088863 u 19.583 0.041
54412.089697 z 17.732 0.054
54412.090530 g 18.397 0.019
54415.124752 r 18.016 0.036
54415.125586 i 17.805 0.041
54415.126419 u 19.549 0.041
54415.127252 z 17.797 0.048
54415.128086 g 18.415 0.024
