51081.296815 r 16.048 0.003
51081.297648 i 15.342 0.003
51081.298482 u 20.048 0.051
51081.299315 z 14.952 0.004
51081.300148 g 17.460 0.005
51819.367986 r 16.050 0.004
51819.368819 i 15.344 0.004
51819.369653 u 19.995 0.050
51819.370486 z 14.963 0.005
51819.371319 g 17.449 0.005
52558.333236 r 16.045 0.004
52558.334069 i 15.340 0.004
52558.334903 u 19.987 0.047
52558.335736 z 14.972 0.005
52558.336569 g 17.445 0.005
52577.220737 r 16.051 0.004
52577.221570 i 15.340 0.004
52577.222404 u 19.970 0.042
52577.223237 z 14.949 0.005
52577.224070 g 17.444 0.005
52586.224215 r 16.040 0.004
52586.225048 i 15.344 0.004
52586.225882 u 20.031 0.041
52586.226715 z 14.964 0.005
52586.227548 g 17.446 0.005
52910.304697 r 16.049 0.004
52910.305530 i 15.350 0.004
52910.306364 u 20.021 0.042
52910.307197 z 14.952 0.005
52910.308030 g 17.467 0.005
52931.234899 r 16.062 0.004
52931.235732 i 15.347 0.004
52931.236566 u 20.032 0.047
52931.237399 z 14.967 0.004
52931.238232 g 17.470 0.005
52935.231863 r 16.067 0.004
52935.232696 i 15.364 0.004
52935.233530 u 20.016 0.044
52935.234363 z 14.973 0.005
52935.235196 g 17.481 0.005
52959.175192 r 16.052 0.004
52959.176025 i 15.356 0.004
52959.176859 u 20.049 0.041
52959.177692 z 14.980 0.005
52959.178525 g 17.472 0.005
52963.154935 r 16.053 0.005
52963.155768 i 15.361 0.005
52963.156602 u 20.021 0.038
52963.157435 z 14.978 0.005
52963.158268 g 17.457 0.005
53352.126002 r 16.052 0.004
53352.126835 i 15.352 0.004
53352.127669 u 20.063 0.044
53352.128502 z 14.974 0.005
53352.129335 g 17.451 0.006
53622.334302 r 16.034 0.003
53622.335135 i 15.355 0.003
53622.335969 u 20.006 0.051
53622.336802 z 14.946 0.005
53622.337635 g 17.446 0.005
53634.283772 r 16.040 0.006
53634.284605 i 15.343 0.006
53634.285439 u 20.359 0.176
53634.286272 z 14.939 0.008
53634.287105 g 17.463 0.009
53638.325107 r 16.052 0.004
53638.325940 i 15.352 0.004
53638.326774 u 19.924 0.049
53638.327607 z 14.967 0.005
53638.328440 g 17.452 0.006
53640.289142 r 16.051 0.003
53640.289975 i 15.341 0.003
53640.290809 u 20.014 0.056
53640.291642 z 14.964 0.005
53640.292475 g 17.453 0.005
53655.261314 r 16.041 0.003
53655.262147 i 15.352 0.003
53655.262981 u 20.132 0.079
53655.263814 z 14.964 0.004
53655.264647 g 17.452 0.006
53664.286269 r 16.055 0.004
53664.287102 i 15.338 0.004
53664.287936 u 19.981 0.082
53664.288769 z 14.957 0.005
53664.289602 g 17.458 0.006
53669.245512 r 16.028 0.009
53669.246345 i 15.311 0.009
53669.247179 u 20.013 0.045
53669.248012 z 14.948 0.010
53669.248845 g 17.437 0.009
53671.330282 r 16.042 0.004
53671.331115 i 15.339 0.004
53671.331949 u 20.103 0.069
53671.332782 z 14.966 0.005
53671.333615 g 17.453 0.005
53674.229748 r 16.044 0.004
53674.230581 i 15.349 0.004
53674.231415 u 19.997 0.047
53674.232248 z 14.958 0.005
53674.233081 g 17.452 0.005
53676.319225 r 16.054 0.004
53676.320058 i 15.367 0.004
53676.320892 u 20.099 0.055
53676.321725 z 15.015 0.006
53676.322558 g 17.462 0.006
53679.291117 r 16.042 0.003
53679.291950 i 15.337 0.003
53679.292784 u 19.950 0.057
53679.293617 z 14.967 0.004
53679.294450 g 17.454 0.005
53681.282630 r 16.044 0.004
53681.283463 i 15.339 0.004
53681.284297 u 20.120 0.060
53681.285130 z 14.961 0.005
53681.285963 g 17.467 0.006
53685.241681 r 16.051 0.004
53685.242514 i 15.343 0.004
53685.243348 u 19.924 0.106
53685.244181 z 14.970 0.005
#53685.245014 g -99.000 0.008
53694.255559 r 16.452 0.004
53694.256392 i 15.750 0.004
53694.257226 u 21.681 0.778
#53694.258059 z -99.000 0.005
53694.258892 g 17.825 0.010
53697.239654 r 16.056 0.004
53697.240487 i 15.351 0.004
53697.241321 u 19.987 0.053
53697.242154 z 14.955 0.005
53697.242987 g 17.455 0.005
53700.238613 r 16.035 0.003
53700.239446 i 15.332 0.003
53700.240280 u 19.963 0.055
53700.241113 z 14.956 0.004
53700.241946 g 17.452 0.005
53705.225282 r 16.049 0.004
53705.226115 i 15.346 0.004
53705.226949 u 20.090 0.052
53705.227782 z 14.957 0.005
53705.228615 g 17.444 0.005
53975.310289 r 16.043 0.023
53975.311122 i 15.376 0.016
53975.311955 u 19.900 0.046
53975.312789 z 14.995 0.022
53975.313622 g 17.452 0.023
53990.323156 r 16.057 0.011
53990.323989 i 15.370 0.019
53990.324823 u 20.003 0.076
53990.325656 z 14.987 0.014
53990.326489 g 17.434 0.016
53994.333277 r 16.065 0.011
53994.334111 i 15.377 0.013
53994.334944 u 20.093 0.039
53994.335777 z 14.980 0.019
53994.336611 g 17.458 0.018
53996.317042 r 16.009 0.027
53996.317875 i 15.341 0.015
53996.318708 u 19.948 0.048
53996.319542 z 14.979 0.017
53996.320375 g 17.441 0.021
53998.285806 r 16.056 0.012
53998.286640 i 15.370 0.011
53998.287473 u 20.014 0.048
53998.288306 z 15.009 0.014
53998.289140 g 17.456 0.016
54005.315911 r 16.055 0.015
54005.316744 i 15.378 0.015
#54005.317578 u -99.000 0.036
54005.318411 z 15.009 0.020
54005.319244 g 17.456 0.015
54010.271165 r 16.058 0.021
54010.271998 i 15.350 0.017
54010.272832 u 20.004 0.042
54010.273665 z 15.019 0.021
54010.274498 g 17.465 0.014
54012.263962 r 16.065 0.011
54012.264795 i 15.361 0.017
#54012.265629 u -99.000 0.068
54012.266462 z 14.962 0.016
#54012.267295 g -99.000 0.015
54020.269998 r 16.051 0.013
54020.270831 i 15.353 0.008
54020.271665 u 19.966 0.061
54020.272498 z 14.965 0.012
54020.273331 g 17.441 0.020
54024.351572 r 16.044 0.012
54024.352405 i 15.366 0.013
54024.353239 u 19.974 0.059
54024.354072 z 14.985 0.013
54024.354905 g 17.481 0.020
54030.263516 r 16.060 0.020
54030.264349 i 15.372 0.020
#54030.265182 u -99.000 0.038
54030.266016 z 14.986 0.019
54030.266849 g 17.463 0.015
54035.339308 r 16.060 0.023
54035.340141 i 15.365 0.015
54035.340974 u 19.871 0.096
54035.341808 z 14.960 0.013
54035.342641 g 17.428 0.033
54037.244802 r 16.054 0.016
54037.245636 i 15.352 0.017
54037.246469 u 20.010 0.047
54037.247302 z 14.994 0.015
54037.248136 g 17.458 0.020
54040.259238 r 16.055 0.012
54040.260072 i 15.372 0.001
54040.260905 u 20.153 0.093
54040.261738 z 14.992 0.013
54040.262572 g 17.440 0.017
54047.289775 r 16.000 0.014
54047.290609 i 15.320 0.018
#54047.291442 u -99.000 0.215
54047.292275 z 14.982 0.033
#54047.293109 g -99.000 0.010
54049.285706 r 16.034 0.029
54049.286539 i 15.352 0.022
54049.287372 u 20.014 0.128
54049.288206 z 14.967 0.011
54049.289039 g 17.444 0.025
54053.250017 r 16.040 0.015
54053.250850 i 15.362 0.014
54053.251683 u 20.034 0.043
54053.252517 z 14.991 0.015
54053.253350 g 17.461 0.017
54056.251716 r 16.051 0.022
54056.252550 i 15.335 0.026
54056.253383 u 20.002 0.060
54056.254216 z 14.991 0.026
54056.255050 g 17.463 0.029
#54059.246022 r -99.000 0.084
54059.246855 i 15.336 0.010
54059.247688 u 19.907 0.053
54059.248522 z 14.989 0.016
54059.249355 g 17.443 0.082
54062.250890 r 16.035 0.011
54062.251723 i 15.364 0.021
54062.252556 u 19.939 0.064
54062.253390 z 14.976 0.024
54062.254223 g 17.447 0.047
54068.231464 r 16.057 0.019
54068.232298 i 15.376 0.014
54068.233131 u 20.310 0.203
54068.233964 z 15.026 0.044
54068.234798 g 17.465 0.018
54357.289218 r 16.035 0.019
54357.290051 i 15.355 0.017
54357.290885 u 19.965 0.040
54357.291718 z 14.972 0.016
54357.292551 g 17.462 0.022
54362.339007 r 16.070 0.015
54362.339840 i 15.354 0.018
54362.340673 u 19.988 0.044
54362.341507 z 14.984 0.016
54362.342340 g 17.464 0.014
54382.319272 r 16.056 0.017
54382.320105 i 15.346 0.014
54382.320939 u 19.885 0.048
54382.321772 z 14.988 0.016
54382.322605 g 17.447 0.017
54385.337043 r 16.043 0.016
54385.337876 i 15.365 0.015
54385.338709 u 19.975 0.039
54385.339543 z 14.985 0.016
54385.340376 g 17.440 0.028
54387.337482 r 16.038 0.024
54387.338316 i 15.356 0.017
54387.339149 u 20.035 0.047
54387.339982 z 14.970 0.019
54387.340816 g 17.456 0.022
54392.332254 r 16.054 0.013
54392.333087 i 15.367 0.017
54392.333920 u 19.955 0.051
54392.334754 z 15.003 0.013
54392.335587 g 17.444 0.025
54402.330656 r 16.056 0.015
54402.331490 i 15.375 0.013
54402.332323 u 20.096 0.135
54402.333156 z 14.964 0.023
54402.333990 g 17.448 0.022
