51467.341255 r 19.964 0.032
51467.342088 i 19.585 0.033
51467.342922 u 21.309 0.208
51467.343755 z 19.299 0.111
51467.344588 g 20.292 0.029
51819.317225 r 19.713 0.017
51819.318058 i 19.418 0.019
51819.318892 u 21.255 0.121
51819.319725 z 19.259 0.065
51819.320558 g 20.237 0.020
52558.282505 r 19.686 0.017
52558.283338 i 19.358 0.018
52558.284172 u 21.650 0.181
52558.285005 z 19.260 0.064
52558.285838 g 20.271 0.019
52577.170002 r 19.703 0.020
52577.170835 i 19.388 0.024
52577.171669 u 21.565 0.181
52577.172502 z 19.113 0.084
52577.173335 g 20.231 0.021
52586.173480 r 19.618 0.019
52586.174313 i 19.382 0.022
52586.175147 u 21.470 0.152
52586.175980 z 19.153 0.077
52586.176813 g 20.220 0.019
52910.253964 r 19.665 0.015
52910.254797 i 19.382 0.017
52910.255631 u 21.752 0.151
52910.256464 z 19.334 0.066
52910.257297 g 20.165 0.017
52931.184165 r 19.683 0.016
52931.184998 i 19.421 0.017
52931.185832 u 21.513 0.128
52931.186665 z 19.297 0.060
52931.187498 g 20.288 0.020
52935.181128 r 19.659 0.018
52935.181961 i 19.403 0.020
52935.182795 u 21.108 0.115
52935.183628 z 19.103 0.062
52935.184461 g 20.204 0.020
52959.124455 r 19.692 0.017
52959.125288 i 19.472 0.019
52959.126122 u 21.557 0.151
52959.126955 z 19.236 0.062
52959.127788 g 20.217 0.020
52963.104199 r 19.648 0.015
52963.105032 i 19.402 0.017
52963.105866 u 21.622 0.127
52963.106699 z 19.275 0.056
52963.107532 g 20.251 0.018
53313.174330 r 19.699 0.023
53313.175163 i 19.601 0.030
53313.175997 u 21.264 0.176
53313.176830 z 19.406 0.094
53313.177663 g 20.410 0.025
53352.075264 r 19.700 0.018
53352.076097 i 19.401 0.020
53352.076931 u 21.536 0.151
53352.077764 z 19.249 0.074
53352.078597 g 20.206 0.019
53622.283570 r 19.658 0.023
53622.284403 i 19.417 0.028
53622.285237 u 21.816 0.312
53622.286070 z 19.266 0.096
53622.286903 g 20.226 0.024
53636.238573 r 19.608 0.028
53636.239406 i 19.380 0.028
53636.240240 u 21.145 0.260
53636.241073 z 19.197 0.127
53636.241906 g 20.234 0.055
53638.274374 r 19.647 0.017
53638.275207 i 19.379 0.018
53638.276041 u 21.326 0.150
53638.276874 z 19.275 0.064
53638.277707 g 20.233 0.022
#53640.238410 r -99.000 0.030
#53640.239243 i -99.000 0.056
#53640.240077 u -99.000 1.435
53640.240910 z 19.261 0.099
53640.241743 g 20.557 0.040
53655.210579 r 19.641 0.039
53655.211412 i 19.714 0.048
53655.212246 u 21.679 0.497
53655.213079 z 19.199 0.115
53655.213912 g 20.187 0.049
53664.235537 r 19.794 0.032
53664.236370 i 19.607 0.033
53664.237204 u 21.655 0.485
53664.238037 z 19.685 0.126
53664.238870 g 20.224 0.044
53666.199140 r 19.637 0.018
53666.199973 i 19.387 0.020
53666.200807 u 21.387 0.149
53666.201640 z 19.311 0.069
53666.202473 g 20.215 0.022
53669.194778 r 19.622 0.018
53669.195611 i 19.364 0.021
53669.196445 u 21.504 0.184
53669.197278 z 19.209 0.072
53669.198111 g 20.177 0.018
53671.279559 r 19.623 0.021
53671.280392 i 19.344 0.023
53671.281226 u 21.112 0.182
53671.282059 z 19.260 0.083
53671.282892 g 20.270 0.025
53674.179014 r 19.827 0.026
53674.179847 i 19.408 0.024
53674.180681 u 21.718 0.258
53674.181514 z 19.199 0.079
53674.182347 g 20.250 0.023
53676.268502 r 19.659 0.020
53676.269335 i 19.416 0.022
53676.270169 u 21.337 0.168
53676.271002 z 19.328 0.085
53676.271835 g 20.279 0.022
53679.240389 r 19.580 0.019
53679.241222 i 19.416 0.021
53679.242056 u 21.249 0.164
53679.242889 z 19.410 0.096
53679.243722 g 20.217 0.023
53681.231900 r 19.643 0.017
53681.232733 i 19.430 0.021
53681.233567 u 21.478 0.168
53681.234400 z 19.261 0.057
53681.235233 g 20.179 0.019
53685.190950 r 19.587 0.065
53685.191783 i 19.418 0.062
#53685.192617 u 22.512 1.596
53685.193450 z 19.271 0.172
#53685.194283 g -99.000 0.151
53697.188923 r 19.515 0.034
53697.189756 i 19.306 0.037
53697.190590 u 21.150 0.303
53697.191423 z 19.354 0.171
53697.192256 g 20.171 0.050
53700.187882 r 19.736 0.023
53700.188715 i 19.369 0.021
53700.189549 u 21.737 0.221
53700.190382 z 19.239 0.077
53700.191215 g 20.278 0.022
53705.174552 r 19.729 0.021
53705.175385 i 19.385 0.019
53705.176219 u 21.249 0.144
53705.177052 z 19.215 0.064
53705.177885 g 20.247 0.023
53975.259553 r 19.664 0.022
53975.260387 i 19.415 0.027
53975.261220 u 21.558 0.169
53975.262053 z 19.314 0.079
53975.262887 g 20.228 0.022
53993.327356 r 19.742 0.023
53993.328189 i 19.418 0.021
53993.329022 u 21.504 0.269
53993.329856 z 19.236 0.062
53993.330689 g 20.247 0.031
53996.266301 r 19.782 0.023
53996.267134 i 19.471 0.022
53996.267968 u 21.654 0.160
53996.268801 z 19.281 0.065
53996.269634 g 20.227 0.025
53998.234909 r 19.677 0.018
53998.235742 i 19.453 0.026
53998.236576 u 21.591 0.133
53998.237409 z 19.277 0.049
53998.238242 g 20.268 0.020
54005.265180 r 19.661 0.021
54005.266013 i 19.417 0.021
54005.266847 u 21.541 0.181
54005.267680 z 19.294 0.054
54005.268513 g 20.228 0.026
54010.220391 r 19.696 0.023
54010.221225 i 19.414 0.022
54010.222058 u 21.527 0.188
54010.222891 z 19.237 0.052
54010.223725 g 20.195 0.031
54012.213230 r 19.718 0.029
54012.214064 i 19.505 0.032
54012.214897 u 21.384 0.268
54012.215730 z 19.363 0.060
54012.216564 g 20.202 0.043
54020.219220 r 19.641 0.023
54020.220053 i 19.473 0.027
54020.220886 u 21.395 0.253
54020.221720 z 19.407 0.084
54020.222553 g 20.213 0.031
54022.268506 r 19.638 0.025
54022.269339 i 19.386 0.021
54022.270173 u 21.408 0.123
54022.271006 z 19.228 0.053
54022.271839 g 20.231 0.024
54028.209613 r 19.668 0.020
54028.210446 i 19.409 0.026
54028.211279 u 21.558 0.195
54028.212113 z 19.366 0.085
54028.212946 g 20.190 0.023
54030.212783 r 19.704 0.022
54030.213617 i 19.455 0.019
54030.214450 u 21.600 0.141
54030.215283 z 19.391 0.057
54030.216117 g 20.244 0.022
54035.288558 r 19.824 0.035
54035.289391 i 19.576 0.041
54035.290225 u 21.286 0.225
54035.291058 z 19.220 0.102
54035.291891 g 20.361 0.047
54037.194025 r 19.663 0.026
54037.194858 i 19.435 0.027
54037.195691 u 21.392 0.171
54037.196525 z 19.101 0.066
54037.197358 g 20.238 0.030
54040.208598 r 19.641 0.034
54040.209432 i 19.400 0.028
54040.210265 u 21.665 0.399
54040.211098 z 19.296 0.074
54040.211932 g 20.217 0.065
54049.234951 r 19.872 0.047
54049.235784 i 19.594 0.047
#54049.236618 u 22.121 1.963
54049.237451 z 19.188 0.093
54049.238284 g 20.254 0.045
54050.193131 r 19.850 0.064
54050.193965 i 19.679 0.085
54050.194798 u 21.650 0.251
54050.195631 z 19.422 0.148
54050.196465 g 20.535 0.043
54053.199289 r 19.840 0.033
54053.200122 i 19.619 0.035
54053.200955 u 21.560 0.181
54053.201789 z 19.674 0.118
54053.202622 g 20.371 0.031
54056.200958 r 19.830 0.102
54056.201792 i 19.529 0.040
54056.202625 u 21.449 0.288
54056.203458 z 19.171 0.106
54056.204292 g 20.484 0.038
54059.195250 r 19.782 0.028
54059.196083 i 19.607 0.035
54059.196916 u 21.231 0.175
54059.197750 z 19.255 0.083
54059.198583 g 20.265 0.029
54062.200175 r 19.901 0.048
54062.201008 i 19.411 0.040
54062.201842 u 21.035 0.198
54062.202675 z 19.082 0.089
54062.203508 g 20.470 0.037
54357.238500 r 19.713 0.022
54357.239334 i 19.409 0.025
54357.240167 u 21.848 0.192
54357.241000 z 19.290 0.070
54357.241834 g 20.266 0.029
54362.288251 r 19.694 0.023
54362.289084 i 19.442 0.027
54362.289917 u 21.554 0.159
54362.290751 z 19.406 0.073
54362.291584 g 20.262 0.027
54376.296940 r 19.670 0.027
54376.297773 i 19.455 0.020
54376.298607 u 21.756 0.221
54376.299440 z 19.168 0.059
54376.300273 g 20.240 0.026
#54385.286271 r -99.000 0.029
54385.287104 i 19.407 0.038
54385.287938 u 21.830 0.253
54385.288771 z 19.243 0.055
54385.289604 g 20.196 0.028
54387.286760 r 19.707 0.021
54387.287593 i 19.438 0.023
54387.288426 u 21.538 0.229
54387.289260 z 19.421 0.083
54387.290093 g 20.258 0.026
54392.281561 r 19.706 0.025
54392.282394 i 19.416 0.024
54392.283228 u 21.387 0.180
54392.284061 z 19.197 0.064
54392.284894 g 20.233 0.031
