52172.227018 r 18.132 0.008
52172.227851 i 17.952 0.009
52172.228685 u 20.298 0.053
52172.229518 z 17.721 0.017
52172.230351 g 18.616 0.008
52931.078373 r 18.065 0.007
52931.079206 i 18.343 0.011
52931.080040 u 20.418 0.053
52931.080873 z 17.698 0.016
52931.081706 g 18.640 0.008
52935.075335 r 18.015 0.007
52935.076168 i 17.942 0.009
52935.077002 u 20.274 0.051
52935.077835 z 17.691 0.017
52935.078668 g 18.618 0.008
53313.068536 r 18.119 0.008
53313.069369 i 17.871 0.009
53313.070203 u 20.815 0.087
53313.071036 z 17.771 0.023
53313.071869 g 18.643 0.009
53622.177784 r 18.043 0.007
53622.178617 i 18.082 0.011
53622.179451 u 20.273 0.079
53622.180284 z 17.673 0.020
53622.181117 g 18.619 0.009
53625.173749 r 18.319 0.009
53625.174582 i 18.204 0.011
53625.175416 u 20.355 0.065
53625.176249 z 17.767 0.017
53625.177082 g 18.646 0.010
53636.132785 r 18.802 0.011
53636.133618 i 18.508 0.012
53636.134452 u 20.510 0.061
53636.135285 z 17.875 0.019
53636.136118 g 18.782 0.009
53645.192453 r 18.128 0.008
53645.193286 i 18.408 0.012
53645.194120 u 20.474 0.066
53645.194953 z 17.803 0.017
53645.195786 g 18.772 0.009
53655.104790 r 18.047 0.008
53655.105623 i 18.183 0.011
53655.106457 u 20.231 0.071
53655.107290 z 17.730 0.017
53655.108123 g 18.626 0.011
53664.129749 r 18.067 0.008
53664.130582 i 17.816 0.009
53664.131416 u 20.515 0.097
53664.132249 z 17.672 0.019
53664.133082 g 18.690 0.011
53666.093349 r 18.107 0.008
53666.094182 i 18.084 0.010
53666.095016 u 20.309 0.049
53666.095849 z 17.774 0.018
53666.096682 g 18.722 0.009
53669.088988 r 18.070 0.007
53669.089821 i 18.443 0.012
53669.090655 u 20.288 0.049
53669.091488 z 17.745 0.017
53669.092321 g 18.646 0.008
53674.073223 r 18.043 0.007
53674.074056 i 18.185 0.010
53674.074890 u 20.626 0.068
53674.075723 z 17.839 0.020
53674.076556 g 18.665 0.008
53687.123515 r 18.212 0.010
53687.124348 i 17.806 0.009
53687.125182 u 20.497 0.190
53687.126015 z 17.780 0.020
53687.126848 g 18.654 0.017
53697.083144 r 17.982 0.019
53697.083977 i 17.940 0.024
53697.084811 u 20.442 0.203
53697.085644 z 17.688 0.053
53697.086477 g 18.577 0.020
53700.082106 r 18.167 0.008
53700.082939 i 18.085 0.010
53700.083773 u 20.284 0.056
53700.084606 z 17.731 0.017
53700.085439 g 18.628 0.008
53705.068776 r 17.986 0.007
53705.069609 i 17.990 0.010
53705.070443 u 20.340 0.066
53705.071276 z 17.684 0.020
53705.072109 g 18.624 0.009
53975.153776 r 18.152 0.014
53975.154609 i 17.876 0.021
53975.155442 u 20.564 0.091
53975.156276 z 17.726 0.029
53975.157109 g 18.629 0.009
53994.149245 r 18.085 0.010
53994.150078 i 17.917 0.020
53994.150912 u 20.364 0.056
53994.151745 z 17.757 0.024
53994.152578 g 18.618 0.011
53998.129120 r 18.013 0.011
53998.129953 i 17.756 0.015
53998.130786 u 20.299 0.046
53998.131620 z 17.766 0.023
53998.132453 g 18.609 0.010
54010.114599 r 18.091 0.012
54010.115432 i 18.600 0.100
54010.116265 u 20.364 0.070
54010.117099 z 17.693 0.016
54010.117932 g 18.599 0.011
54012.107447 r 18.003 0.014
54012.108281 i 18.123 0.031
54012.109114 u 20.179 0.095
54012.109947 z 17.775 0.020
54012.110781 g 18.653 0.017
54020.113417 r 18.015 0.009
54020.114251 i 17.884 0.017
54020.115084 u 20.220 0.048
54020.115917 z 17.700 0.020
54020.116751 g 18.617 0.007
#54022.162708 r -99.000 0.015
54022.163541 i 17.828 0.017
54022.164374 u 20.353 0.075
54022.165208 z 17.741 0.024
#54022.166041 g -99.000 0.011
54028.103793 r 18.030 0.016
54028.104626 i 17.897 0.022
#54028.105459 u -99.000 0.156
54028.106293 z 17.797 0.024
54028.107126 g 18.615 0.009
54030.106979 r 18.274 0.032
54030.107813 i 17.960 0.022
54030.108646 u 20.344 0.055
54030.109479 z 17.802 0.020
54030.110313 g 18.711 0.012
#54032.096629 r -99.000 0.010
54032.097463 i 17.896 0.018
54032.098296 u 20.117 0.099
#54032.099129 z -99.000 0.024
#54032.099963 g -99.000 0.014
#54034.166484 r -99.000 0.015
54034.167318 i 18.051 0.033
54034.168151 u 20.240 0.086
#54034.168984 z -99.000 0.026
#54034.169818 g -99.000 0.009
54037.088227 r 17.995 0.012
54037.089061 i 17.934 0.020
54037.089894 u 20.276 0.065
54037.090727 z 17.771 0.023
54037.091561 g 18.624 0.012
54040.102708 r 18.081 0.013
54040.103542 i 18.064 0.025
54040.104375 u 20.502 0.155
54040.105208 z 17.821 0.027
54040.106042 g 18.643 0.018
54050.087351 r 18.024 0.013
54050.088185 i 17.928 0.016
54050.089018 u 20.532 0.094
54050.089851 z 17.819 0.026
54050.090685 g 18.686 0.012
54053.093499 r 17.953 0.012
54053.094332 i 17.987 0.026
54053.095165 u 20.390 0.082
54053.095999 z 17.718 0.028
54053.096832 g 18.638 0.010
54056.095177 r 17.909 0.022
#54056.096011 i -99.000 0.023
#54056.096844 u -99.000 0.089
#54056.097677 z -99.000 0.034
#54056.098511 g -99.000 0.045
54057.063819 r 18.042 0.009
54057.064653 i 17.781 0.016
54057.065486 u 20.434 0.071
54057.066319 z 17.752 0.024
54057.067153 g 18.605 0.010
54059.089449 r 18.009 0.010
54059.090283 i 17.903 0.019
54059.091116 u 20.220 0.074
54059.091949 z 17.702 0.020
54059.092783 g 18.600 0.009
#54357.132643 r -99.000 0.028
#54357.133476 i -99.000 0.024
54357.134310 u 20.639 0.079
54357.135143 z 18.053 0.064
54357.135976 g 18.941 0.033
54365.130500 r 18.099 0.014
54365.131333 i 17.904 0.015
54365.132167 u 20.505 0.126
54365.133000 z 17.777 0.022
54365.133833 g 18.657 0.014
54385.180476 r 18.065 0.008
54385.181309 i 17.852 0.015
54385.182143 u 20.432 0.080
54385.182976 z 17.821 0.022
54385.183809 g 18.681 0.011
54387.180970 r 18.018 0.013
54387.181803 i 17.867 0.018
54387.182637 u 20.684 0.114
54387.183470 z 17.716 0.023
54387.184303 g 18.658 0.011
54390.183991 r 18.027 0.011
54390.184825 i 17.915 0.026
54390.185658 u 20.305 0.085
54390.186491 z 17.664 0.026
54390.187325 g 18.653 0.012
54392.175699 r 17.978 0.021
54392.176532 i 17.815 0.044
54392.177365 u 20.167 0.138
54392.178199 z 17.643 0.031
54392.179032 g 18.569 0.030
54402.174169 r 18.087 0.015
54402.175002 i 17.925 0.017
54402.175835 u 20.056 0.113
54402.176669 z 17.748 0.024
54402.177502 g 18.583 0.016
