52929.085579 r 18.971 0.012
52929.086412 i 18.686 0.012
52929.087246 u 21.377 0.130
52929.088079 z 18.575 0.035
52929.088912 g 19.669 0.014
52936.061663 r 18.946 0.011
52936.062496 i 18.854 0.013
52936.063330 u 21.380 0.117
52936.064163 z 18.578 0.035
52936.064996 g 19.685 0.015
53270.125721 r 18.954 0.187
53270.126554 i 18.760 0.152
53270.127388 u 21.559 0.322
53270.128221 z 18.500 0.096
53270.129054 g 19.609 0.160
53288.102878 r 18.988 0.013
53288.103711 i 18.895 0.014
53288.104545 u 21.847 0.212
53288.105378 z 18.746 0.039
53288.106211 g 19.769 0.017
53302.098547 r 18.929 0.014
53302.099380 i 18.724 0.014
53302.100214 u 21.938 0.438
53302.101047 z 18.505 0.034
53302.101880 g 19.666 0.025
53623.149858 r 19.014 0.014
53623.150691 i 18.910 0.015
53623.151525 u 21.233 0.141
53623.152358 z 18.624 0.032
53623.153191 g 19.805 0.020
53626.136070 r 18.988 0.015
53626.136903 i 18.830 0.015
53626.137737 u 21.836 0.329
53626.138570 z 18.633 0.035
53626.139403 g 19.894 0.030
53628.120935 r 18.990 0.021
53628.121768 i 18.749 0.020
53628.122602 u 21.665 0.516
53628.123435 z 18.551 0.048
53628.124268 g 19.868 0.051
53637.122549 r 19.075 0.015
53637.123382 i 18.728 0.014
53637.124216 u 21.365 0.166
53637.125049 z 18.577 0.041
53637.125882 g 19.682 0.018
53644.114994 r 19.040 0.317
53644.115827 i 18.748 0.152
53644.116661 u 21.287 0.363
53644.117494 z 18.551 0.068
53644.118327 g 19.666 0.255
53649.109617 r 19.002 0.013
53649.110450 i 18.788 0.014
#53649.111284 u -99.000 0.217
#53649.112117 z -99.000 0.085
#53649.112950 g -99.000 0.026
53656.097211 r 19.057 0.023
53656.098044 i 18.907 0.022
53656.098878 u 22.186 0.720
53656.099711 z 18.648 0.049
53656.100544 g 19.925 0.048
#53665.088487 r -99.000 0.035
#53665.089320 i -99.000 0.039
53665.090154 u 21.280 0.354
#53665.090987 z -99.000 0.097
53665.091820 g 19.641 0.041
53668.100111 r 19.075 0.017
53668.100944 i 18.883 0.022
53668.101778 u 22.705 0.704
53668.102611 z 18.817 0.066
53668.103444 g 19.771 0.021
53670.104962 r 18.955 0.015
53670.105795 i 18.746 0.015
53670.106629 u 22.856 0.557
53670.107462 z 18.647 0.045
53670.108295 g 19.692 0.019
53673.072955 r 19.004 0.012
53673.073788 i 18.747 0.013
53673.074622 u 21.487 0.156
53673.075455 z 18.602 0.038
53673.076288 g 19.744 0.016
53675.069844 r 19.000 0.014
53675.070677 i 18.710 0.014
53675.071511 u 21.312 0.130
53675.072344 z 18.669 0.037
53675.073177 g 19.688 0.015
53677.090878 r 18.973 0.013
53677.091711 i 18.821 0.016
53677.092545 u 21.701 0.188
53677.093378 z 18.603 0.038
53677.094211 g 19.628 0.015
53680.077541 r 18.989 0.011
53680.078374 i 18.743 0.012
53680.079208 u 21.044 0.095
53680.080041 z 18.557 0.030
53680.080874 g 19.662 0.015
53693.079449 r 19.014 0.013
53693.080282 i 18.743 0.014
53693.081116 u 21.430 0.158
53693.081949 z 18.711 0.040
53693.082782 g 19.758 0.019
53703.084254 r 19.205 0.372
53703.085087 i 18.863 0.291
53703.085921 u 21.640 0.440
53703.086754 z 18.978 0.332
53703.087587 g 19.671 0.373
53704.062778 r 19.052 0.015
53704.063611 i 18.730 0.015
53704.064445 u 21.836 0.277
53704.065278 z 18.648 0.046
53704.066111 g 19.785 0.020
53974.150756 r 19.004 0.067
53974.151589 i 18.763 0.025
53974.152422 u 21.557 0.173
53974.153256 z 18.764 0.044
53974.154089 g 19.606 0.082
53989.140151 r 19.032 0.044
53989.140985 i 18.801 0.106
53989.141818 u 21.777 0.188
53989.142651 z 18.667 0.042
53989.143485 g 19.669 0.086
53995.148080 r 18.959 0.244
53995.148913 i 18.744 0.078
53995.149746 u 21.304 0.111
53995.150580 z 18.619 0.033
53995.151413 g 19.639 0.034
53997.126445 r 19.028 0.274
53997.127278 i 18.740 0.001
53997.128112 u 21.320 0.149
53997.128945 z 18.521 0.046
53997.129778 g 19.621 0.308
54005.098292 r 18.991 0.119
54005.099125 i 18.774 0.021
54005.099959 u 21.257 0.099
54005.100792 z 18.663 0.032
54005.101625 g 19.646 0.089
54007.111072 r 19.029 0.210
54007.111906 i 18.776 0.195
54007.112739 u 21.434 0.221
54007.113572 z 18.551 0.103
54007.114406 g 19.656 0.179
54009.108148 r 18.959 0.360
54009.108981 i 18.719 0.119
54009.109815 u 20.925 0.105
54009.110648 z 18.509 0.090
54009.111481 g 19.697 0.358
54011.172640 r 18.988 0.026
54011.173473 i 18.749 0.023
54011.174306 u 21.352 0.425
54011.175140 z 18.578 0.039
54011.175973 g 19.634 0.157
54019.122908 r 19.008 0.185
54019.123741 i 18.717 0.152
54019.124575 u 21.462 0.134
54019.125408 z 18.583 0.034
54019.126241 g 19.928 0.089
54025.171700 r 19.028 0.163
54025.172533 i 18.792 0.162
54025.173367 u 21.198 0.358
54025.174200 z 18.842 0.299
54025.175033 g 19.717 0.233
54029.101998 r 19.105 0.094
54029.102831 i 18.744 0.216
54029.103664 u 21.739 0.177
54029.104498 z 18.676 0.042
54029.105331 g 19.716 0.215
#54051.078576 r -99.000 0.206
#54051.079409 i -99.000 0.266
#54051.080242 u -99.000 0.448
54051.081076 z 18.873 0.151
#54051.081909 g -99.000 0.351
54358.125216 r 19.068 0.278
54358.126049 i 18.752 0.333
54358.126883 u 21.562 0.234
54358.127716 z 18.542 0.237
54358.128549 g 19.817 0.418
#54382.167412 r -99.000 0.324
54382.168245 i 18.818 0.262
54382.169078 u 22.417 0.785
54382.169912 z 18.759 0.296
#54382.170745 g -99.000 0.435
54383.173150 r 18.995 0.181
54383.173983 i 18.644 0.263
54383.174816 u 21.642 0.209
54383.175650 z 18.610 0.045
54383.176483 g 19.772 0.195
54386.170169 r 19.130 0.155
54386.171002 i 18.775 0.102
54386.171836 u 21.657 0.519
54386.172669 z 18.623 0.098
#54386.173502 g -99.000 0.131
54388.174436 r 18.992 0.190
54388.175270 i 18.726 0.116
54388.176103 u 21.458 0.168
54388.176936 z 18.493 0.045
54388.177770 g 19.643 0.132
54403.088215 r 18.952 0.052
54403.089049 i 18.714 0.125
54403.089882 u 21.200 0.098
54403.090715 z 18.607 0.038
54403.091549 g 19.802 0.031
54406.082039 r 19.075 0.142
54406.082872 i 18.805 0.085
54406.083706 u 21.526 0.142
54406.084539 z 18.664 0.040
54406.085372 g 19.630 0.061
54412.084967 r 18.975 0.271
54412.085800 i 18.781 0.104
54412.086634 u 21.125 0.160
54412.087467 z 18.554 0.084
54412.088300 g 19.714 0.320
54415.122525 r 19.031 0.135
54415.123359 i 18.754 0.092
54415.124192 u 21.328 0.128
54415.125025 z 18.570 0.036
54415.125859 g 19.744 0.035
