51467.343859 r 18.032 0.009
51467.344692 i 16.829 0.005
#51467.345526 u 24.257 2.437
51467.346359 z 16.045 0.008
51467.347192 g 19.347 0.019
51819.319810 r 17.830 0.007
51819.320643 i 16.598 0.005
51819.321477 u 22.299 0.345
51819.322310 z 16.049 0.007
51819.323143 g 19.099 0.014
52558.285087 r 17.634 0.007
52558.285920 i 16.568 0.005
#52558.286754 u 24.394 1.592
52558.287587 z 16.008 0.007
52558.288420 g 19.227 0.015
52577.172583 r 17.608 0.006
52577.173416 i 16.487 0.004
52577.174250 u 21.291 0.176
52577.175083 z 16.017 0.007
52577.175916 g 18.887 0.011
52586.176061 r 17.513 0.006
52586.176894 i 16.627 0.005
#52586.177728 u 24.635 1.393
52586.178561 z 15.952 0.007
52586.179394 g 19.295 0.015
52910.256545 r 17.715 0.007
52910.257378 i 16.602 0.006
52910.258212 u 22.468 0.309
52910.259045 z 16.042 0.007
52910.259878 g 18.996 0.012
52931.186744 r 17.713 0.007
52931.187577 i 16.514 0.005
52931.188411 u 21.719 0.193
52931.189244 z 15.988 0.007
52931.190077 g 19.093 0.012
52935.183709 r 17.678 0.007
52935.184542 i 16.538 0.005
52935.185376 u 21.680 0.209
52935.186209 z 16.002 0.007
52935.187042 g 18.832 0.010
52959.127036 r 17.692 0.007
52959.127869 i 16.524 0.005
52959.128703 u 21.330 0.129
52959.129536 z 16.006 0.007
52959.130369 g 18.797 0.010
52963.106780 r 17.628 0.007
52963.107613 i 16.603 0.006
#52963.108447 u 24.658 1.026
52963.109280 z 15.994 0.007
52963.110113 g 19.173 0.014
53313.176909 r 17.698 0.007
53313.177742 i 16.489 0.004
53313.178576 u 21.289 0.184
53313.179409 z 15.978 0.007
53313.180242 g 19.004 0.013
53352.077846 r 17.505 0.006
53352.078679 i 16.568 0.005
53352.079513 u 22.438 0.375
53352.080346 z 15.946 0.007
53352.081179 g 19.177 0.014
53622.286150 r 17.411 0.006
53622.286983 i 16.546 0.004
#53622.287817 u 24.569 1.972
53622.288650 z 15.990 0.008
53622.289483 g 18.926 0.014
53636.241153 r 17.741 0.010
53636.241986 i 16.690 0.005
#53636.242820 u 23.358 1.824
53636.243653 z 16.020 0.008
53636.244486 g 19.508 0.025
53638.276955 r 17.688 0.007
53638.277788 i 16.612 0.005
53638.278622 u 22.383 0.391
53638.279455 z 16.020 0.007
53638.280288 g 18.912 0.011
#53640.240990 r -99.000 0.007
#53640.241823 i -99.000 0.008
#53640.242657 u 21.932 1.129
#53640.243490 z -99.000 0.021
#53640.244323 g -99.000 0.044
53655.213159 r 17.508 0.008
53655.213992 i 16.506 0.004
#53655.214826 u 24.536 3.738
53655.215659 z 16.089 0.008
#53655.216492 g -99.000 0.037
53664.238117 r 17.523 0.007
53664.238950 i 16.430 0.004
#53664.239784 u 24.703 3.869
53664.240617 z 15.976 0.007
53664.241450 g 18.711 0.013
53666.201721 r 17.713 0.007
53666.202554 i 16.567 0.005
53666.203388 u 22.114 0.292
53666.204221 z 15.973 0.007
53666.205054 g 19.173 0.014
53669.197359 r 17.751 0.007
53669.198192 i 16.574 0.005
53669.199026 u 21.527 0.170
53669.199859 z 15.995 0.007
53669.200692 g 19.019 0.011
53671.282139 r 17.405 0.006
53671.282972 i 16.552 0.005
#53671.283806 u 24.178 2.263
53671.284639 z 15.847 0.007
53671.285472 g 18.747 0.011
53674.181594 r 17.852 0.008
53674.182427 i 16.578 0.004
53674.183261 u 21.811 0.292
53674.184094 z 15.986 0.007
53674.184927 g 19.264 0.014
53676.271082 r 17.532 0.007
53676.271915 i 16.553 0.005
#53676.272749 u 24.738 1.744
53676.273582 z 16.004 0.007
53676.274415 g 18.889 0.013
53679.242968 r 17.685 0.007
53679.243801 i 16.614 0.005
#53679.244635 u 24.643 2.026
53679.245468 z 15.975 0.007
53679.246301 g 18.873 0.012
53681.234480 r 17.665 0.007
53681.235313 i 16.602 0.005
#53681.236147 u 23.933 1.211
53681.236980 z 16.006 0.007
53681.237813 g 18.996 0.014
53685.193530 r 17.817 0.017
53685.194363 i 16.594 0.007
#53685.195197 u 22.257 1.851
53685.196030 z 16.042 0.011
53685.196863 g 19.786 0.095
53687.231871 r 17.681 0.009
53687.232704 i 16.573 0.005
#53687.233538 u 23.361 3.368
53687.234371 z 16.025 0.007
53687.235204 g 18.954 0.025
53697.191504 r 17.757 0.011
53697.192337 i 16.593 0.006
53697.193171 u 22.123 0.822
#53697.194004 z -99.000 0.013
53697.194837 g 19.532 0.043
53700.190464 r 17.759 0.007
53700.191297 i 16.574 0.005
53700.192131 u 21.468 0.203
53700.192964 z 16.017 0.007
53700.193797 g 18.801 0.012
53705.177133 r 17.401 0.006
53705.177966 i 16.487 0.004
53705.178800 u 21.401 0.217
53705.179633 z 15.881 0.006
53705.180466 g 19.096 0.014
53975.262151 r 17.828 0.243
53975.262985 i 16.598 0.067
53975.263818 u 22.357 0.663
53975.264651 z 16.031 0.062
53975.265485 g 18.964 0.343
53993.330015 r 17.631 0.154
53993.330849 i 16.570 0.075
53993.331682 u 21.666 0.670
53993.332515 z 16.012 0.046
53993.333349 g 18.649 0.254
53996.268971 r 17.685 0.162
53996.269805 i 16.615 0.070
53996.270638 u 21.600 0.439
53996.271471 z 15.972 0.044
53996.272305 g 19.096 0.359
53998.237488 r 17.703 0.196
53998.238322 i 16.594 0.076
#53998.239155 u 28.547 99.999
53998.239988 z 16.037 0.055
53998.240822 g 19.257 0.566
54005.267827 r 17.677 0.296
54005.268660 i 16.650 0.086
#54005.269493 u 99.985 99.999
54005.270327 z 16.002 0.061
54005.271160 g 19.105 0.660
54010.222975 r 17.712 0.323
54010.223808 i 16.580 0.081
54010.224641 u 21.970 0.451
54010.225475 z 16.078 0.080
54010.226308 g 19.236 0.841
54012.215875 r 17.683 0.307
54012.216708 i 16.604 0.083
54012.217541 u 22.062 0.603
54012.218375 z 16.020 0.062
54012.219208 g 19.089 0.669
54020.221812 r 17.628 0.174
54020.222646 i 16.603 0.071
#54020.223479 u 23.835 2.398
54020.224312 z 15.995 0.051
54020.225146 g 18.818 0.284
54022.271084 r 17.655 0.181
54022.271918 i 16.578 0.079
54022.272751 u 22.213 0.567
54022.273584 z 16.021 0.053
54022.274418 g 19.163 0.448
54028.212168 r 17.693 0.201
54028.213002 i 16.600 0.065
54028.213835 u 21.511 0.444
54028.214668 z 16.026 0.048
54028.215502 g 18.953 0.309
54030.215428 r 17.647 0.274
54030.216261 i 16.597 0.082
54030.217095 u 21.899 0.433
54030.217928 z 16.013 0.065
54030.218761 g 19.099 0.656
54035.291135 r 17.829 0.140
54035.291968 i 16.679 0.065
54035.292801 u 20.470 0.267
#54035.293635 z -99.000 0.065
54035.294468 g 18.428 0.169
54037.196630 r 17.641 0.214
54037.197464 i 16.584 0.082
54037.198297 u 22.629 0.853
54037.199130 z 16.019 0.063
54037.199964 g 19.062 0.615
54040.211134 r 17.695 0.211
54040.211968 i 16.574 0.067
#54040.212801 u 23.427 2.453
54040.213634 z 16.007 0.056
54040.214468 g 19.140 0.635
54049.237611 r 17.572 0.110
54049.238445 i 16.519 0.055
54049.239278 u 20.490 0.294
54049.240111 z 16.051 0.040
54049.240945 g 18.642 0.195
54050.195700 r 17.369 0.079
54050.196533 i 16.645 0.052
54050.197366 u 20.907 0.308
54050.198200 z 16.110 0.087
54050.199033 g 19.100 0.257
54053.201867 r 17.596 0.130
54053.202700 i 16.558 0.061
54053.203534 u 21.842 0.545
54053.204367 z 16.018 0.046
54053.205200 g 19.164 0.367
54056.203620 r 17.471 0.099
54056.204453 i 16.648 0.053
54056.205286 u 20.788 0.341
54056.206120 z 16.200 0.050
54056.206953 g 18.475 0.174
54059.197918 r 17.452 0.114
54059.198751 i 16.612 0.064
54059.199584 u 21.023 0.397
54059.200418 z 16.126 0.049
54059.201251 g 18.897 0.299
54062.202721 r 17.397 0.099
54062.203555 i 16.509 0.052
54062.204388 u 21.233 0.383
54062.205221 z 16.016 0.050
54062.206055 g 18.561 0.170
54357.241011 r 17.541 0.148
54357.241845 i 16.548 0.061
#54357.242678 u 99.982 99.999
54357.243511 z 16.013 0.052
54357.244345 g 19.046 0.407
54362.290816 r 17.719 0.213
54362.291650 i 16.569 0.064
54362.292483 u 22.865 0.595
54362.293316 z 16.008 0.052
54362.294150 g 19.036 0.377
54376.299491 r 17.668 0.224
54376.300325 i 16.580 0.076
54376.301158 u 22.911 0.880
54376.301991 z 16.038 0.058
54376.302825 g 19.155 0.644
54385.288865 r 17.608 0.182
54385.289698 i 16.607 0.072
#54385.290532 u 31.246 99.999
54385.291365 z 16.010 0.053
54385.292198 g 19.050 0.394
54387.289407 r 17.706 0.146
54387.290241 i 16.602 0.058
#54387.291074 u 29.048 99.999
54387.291907 z 16.014 0.043
54387.292741 g 18.904 0.290
54392.284077 r 17.757 0.221
54392.284910 i 16.550 0.068
#54392.285744 u 28.407 99.999
54392.286577 z 16.074 0.053
54392.287410 g 18.675 0.250
54402.282570 r 17.654 0.164
54402.283403 i 16.605 0.075
54402.284237 u 21.210 0.534
54402.285070 z 15.988 0.047
54402.285903 g 19.211 0.415
