52172.230050 r 19.855 0.020
52172.230883 i 19.601 0.019
52172.231717 u 21.669 0.175
52172.232550 z 19.902 0.090
52172.233383 g 20.801 0.033
52931.081404 r 19.748 0.019
52931.082237 i 19.754 0.024
52931.083071 u 21.219 0.124
52931.083904 z 19.420 0.061
52931.084737 g 20.241 0.020
52935.078367 r 19.723 0.019
52935.079200 i 19.449 0.019
52935.080034 u 21.904 0.226
52935.080867 z 19.445 0.062
52935.081700 g 20.213 0.021
53645.195485 r 19.770 0.022
53645.196318 i 20.231 0.039
53645.197152 u 21.198 0.150
53645.197985 z 19.320 0.061
53645.198818 g 20.185 0.020
53664.132781 r 20.170 0.041
53664.133614 i 20.763 0.072
53664.134448 u 21.025 0.171
53664.135281 z 19.196 0.065
53664.136114 g 20.025 0.033
53666.096380 r 19.669 0.018
53666.097213 i 19.226 0.016
53666.098047 u 21.381 0.126
53666.098880 z 19.189 0.052
53666.099713 g 20.062 0.017
53669.092018 r 19.539 0.016
53669.092851 i 19.283 0.016
53669.093685 u 21.280 0.122
53669.094518 z 19.235 0.053
53669.095351 g 20.123 0.018
53674.076254 r 19.877 0.023
53674.077087 i 20.223 0.039
53674.077921 u 21.498 0.157
53674.078754 z 19.308 0.060
53674.079587 g 20.170 0.019
53700.085137 r 19.760 0.020
53700.085970 i 19.552 0.021
53700.086804 u 21.026 0.122
53700.087637 z 19.225 0.059
53700.088470 g 20.165 0.022
53705.071807 r 20.572 0.048
53705.072640 i 24.382 0.962
53705.073474 u 21.376 0.182
53705.074307 z 19.284 0.070
53705.075140 g 20.568 0.031
53975.156807 r 19.825 0.034
53975.157640 i 20.285 0.109
53975.158474 u 21.292 0.132
53975.159307 z 19.291 0.059
53975.160140 g 20.243 0.029
53994.152241 r 19.642 0.024
53994.153075 i 19.441 0.037
53994.153908 u 21.292 0.106
53994.154741 z 19.499 0.074
53994.155575 g 20.240 0.030
53998.132152 r 20.036 0.051
53998.132985 i 20.639 0.239
53998.133818 u 21.378 0.181
53998.134652 z 19.644 0.099
53998.135485 g 20.166 0.029
54005.169400 r 19.659 0.019
54005.170234 i 19.622 0.035
54005.171067 u 21.575 0.148
54005.171900 z 19.345 0.046
54005.172734 g 20.180 0.020
54020.116450 r 19.945 0.045
#54020.117283 i 34.897 99.999
54020.118116 u 21.334 0.154
54020.118950 z 19.202 0.061
54020.119783 g 20.218 0.025
54022.165731 r 19.549 0.026
54022.166565 i 19.735 0.100
54022.167398 u 21.434 0.178
54022.168231 z 19.373 0.084
54022.169065 g 20.293 0.034
54028.106838 r 19.638 0.028
54028.107671 i 19.648 0.040
54028.108504 u 21.091 0.128
54028.109338 z 19.217 0.058
54028.110171 g 20.194 0.028
54030.110008 r 19.592 0.015
54030.110842 i 19.605 0.037
54030.111675 u 21.172 0.102
54030.112508 z 19.284 0.044
54030.113342 g 20.140 0.020
54032.099269 r 19.576 0.027
54032.100103 i 19.948 0.101
#54032.100936 u -99.000 0.582
54032.101769 z 19.382 0.100
54032.102603 g 20.065 0.030
54037.091250 r 19.698 0.031
54037.092084 i 19.554 0.030
54037.092917 u 21.161 0.187
54037.093750 z 19.290 0.053
54037.094584 g 20.160 0.031
54050.090366 r 19.970 0.056
#54050.091199 i 99.992 99.999
54050.092033 u 20.983 0.169
54050.092866 z 19.291 0.074
54050.093699 g 20.395 0.044
54057.066852 r 19.595 0.022
54057.067685 i 19.535 0.033
54057.068518 u 21.112 0.123
54057.069352 z 19.205 0.064
54057.070185 g 20.124 0.023
54365.133529 r 19.711 0.032
54365.134362 i 19.815 0.071
54365.135195 u 22.063 0.602
54365.136029 z 19.405 0.059
54365.136862 g 20.167 0.053
54385.183509 r 20.145 0.056
#54385.184343 i -99.000 99.999
54385.185176 u 20.827 0.120
54385.186009 z 19.277 0.054
54385.186843 g 20.273 0.029
#54392.178735 r -99.000 0.078
#54392.179568 i -99.000 0.210
#54392.180402 u 24.467 2.742
#54392.181235 z 100.002 99.999
54392.182068 g 20.177 0.099
