51467.342061 r 18.100 0.009
51467.342894 i 16.708 0.005
#51467.343728 u 23.761 1.860
51467.344561 z 15.969 0.007
51467.345394 g 19.699 0.027
51819.318059 r 18.019 0.008
51819.318892 i 16.673 0.006
51819.319726 u 22.366 0.366
51819.320559 z 15.964 0.007
51819.321392 g 19.519 0.017
52558.283343 r 17.990 0.008
52558.284176 i 16.656 0.005
52558.285010 u 22.427 0.383
52558.285843 z 15.950 0.007
52558.286676 g 20.693 0.046
52577.170840 r 18.034 0.009
52577.171673 i 16.703 0.005
#52577.172507 u 24.656 1.605
52577.173340 z 15.965 0.007
52577.174173 g 19.731 0.024
52586.174318 r 18.031 0.008
52586.175151 i 16.655 0.005
#52586.175985 u 24.570 1.464
52586.176818 z 15.935 0.007
52586.177651 g 19.504 0.017
52910.254802 r 18.041 0.007
52910.255635 i 16.728 0.006
52910.256469 u 22.166 0.241
52910.257302 z 15.969 0.007
52910.258135 g 19.555 0.014
52931.185001 r 18.112 0.009
52931.185834 i 16.698 0.005
52931.186668 u 22.553 0.354
52931.187501 z 15.969 0.007
52931.188334 g 19.534 0.016
52935.181966 r 18.025 0.009
52935.182799 i 16.706 0.005
52935.183633 u 23.522 0.935
52935.184466 z 15.939 0.007
52935.185299 g 19.485 0.019
52959.125292 r 18.106 0.008
52959.126125 i 16.664 0.005
52959.126959 u 23.131 0.597
52959.127792 z 15.939 0.007
52959.128625 g 19.583 0.014
52963.105036 r 17.990 0.008
52963.105869 i 17.159 0.006
52963.106703 u 22.989 0.431
52963.107536 z 15.922 0.007
52963.108369 g 19.564 0.017
53352.076102 r 18.030 0.008
53352.076935 i 16.691 0.005
53352.077769 u 23.135 0.603
53352.078602 z 15.942 0.007
53352.079435 g 19.568 0.018
53622.284407 r 18.024 0.009
53622.285240 i 16.647 0.005
#53622.286074 u 24.072 1.625
53622.286907 z 15.953 0.007
53622.287740 g 19.501 0.021
#53634.233878 r -99.000 0.010
#53634.234711 i -99.000 0.005
#53634.235545 u 22.312 1.534
#53634.236378 z -99.000 0.008
#53634.237211 g -99.000 0.046
53636.239411 r 18.058 0.010
53636.240244 i 16.714 0.006
#53636.241078 u 24.471 2.725
53636.241911 z 15.989 0.009
53636.242744 g 19.760 0.035
53638.275211 r 18.041 0.008
53638.276044 i 16.671 0.005
#53638.276878 u 24.652 1.543
53638.277711 z 15.961 0.007
53638.278544 g 19.597 0.016
#53640.239246 r -99.000 0.013
#53640.240079 i -99.000 0.018
53640.240913 u 22.626 0.800
#53640.241746 z -99.000 0.010
53640.242579 g 20.769 0.114
53655.211416 r 17.806 0.010
53655.212249 i 16.574 0.005
#53655.213083 u 25.410 3.384
53655.213916 z 15.861 0.007
53655.214749 g 19.442 0.032
53664.236374 r 17.873 0.010
53664.237207 i 16.624 0.005
#53664.238041 u 24.422 3.925
53664.238874 z 15.890 0.007
53664.239707 g 19.514 0.033
53666.199977 r 18.064 0.008
53666.200810 i 16.472 0.005
53666.201644 u 23.338 0.762
53666.202477 z 15.985 0.007
53666.203310 g 19.650 0.016
53669.195616 r 17.985 0.008
53669.196449 i 16.667 0.005
53669.197283 u 23.603 0.947
53669.198116 z 15.952 0.007
53669.198949 g 19.601 0.017
53671.280395 r 18.000 0.009
53671.281228 i 16.658 0.005
53671.282062 u 22.425 0.597
53671.282895 z 15.976 0.007
53671.283728 g 19.472 0.019
53674.179851 r 17.964 0.009
53674.180684 i 16.628 0.005
#53674.181518 u 24.610 1.888
53674.182351 z 15.942 0.007
53674.183184 g 19.515 0.020
53676.269339 r 17.969 0.008
53676.270172 i 16.640 0.005
#53676.271006 u 24.258 1.936
53676.271839 z 15.919 0.007
53676.272672 g 19.434 0.018
53679.241226 r 17.998 0.008
53679.242059 i 16.660 0.005
#53679.242893 u 25.423 1.486
53679.243726 z 15.933 0.007
53679.244559 g 19.550 0.018
53681.232738 r 17.994 0.009
53681.233571 i 16.639 0.005
53681.234405 u 22.160 0.310
53681.235238 z 15.920 0.007
53681.236071 g 19.460 0.017
53685.191787 r 18.219 0.020
53685.192620 i 16.681 0.007
#53685.193454 u 24.335 5.751
53685.194287 z 15.961 0.010
53685.195120 g 20.006 0.116
53687.230129 r 17.980 0.012
53687.230962 i 16.757 0.006
#53687.231796 u 23.469 3.429
53687.232629 z 15.921 0.007
53687.233462 g 19.494 0.045
53694.205670 r 17.523 0.010
53694.206503 i 16.789 0.007
53694.207337 u 20.846 0.492
53694.208170 z 15.827 0.008
#53694.209003 g 25.107 4.396
53697.189761 r 18.041 0.013
53697.190594 i 16.671 0.006
#53697.191428 u 23.614 1.782
53697.192261 z 15.973 0.011
53697.193094 g 19.645 0.044
53700.188721 r 17.995 0.008
53700.189554 i 16.786 0.005
53700.190388 u 22.254 0.380
53700.191221 z 15.917 0.007
53700.192054 g 19.424 0.019
53705.175390 r 18.032 0.008
53705.176223 i 16.662 0.005
#53705.177057 u 24.631 1.526
53705.177890 z 15.931 0.007
53705.178723 g 19.761 0.018
53975.260396 r 17.926 0.447
53975.261229 i 16.648 0.146
#53975.262062 u 99.986 99.999
53975.262896 z 15.921 0.094
#53975.263729 g 19.547 1.488
53993.328199 r 17.987 0.596
53993.329032 i 16.669 0.177
#53993.329865 u 23.398 1.126
53993.330699 z 15.947 0.114
#53993.331532 g 19.634 1.420
53996.267136 r 18.033 0.524
53996.267969 i 16.633 0.150
53996.268803 u 22.285 0.725
53996.269636 z 15.937 0.103
#53996.270469 g 19.512 1.359
53998.235759 r 18.019 0.553
53998.236593 i 16.672 0.201
53998.237426 u 22.341 0.273
53998.238259 z 15.951 0.099
#53998.239093 g 19.493 1.330
54005.266024 r 18.035 0.422
54005.266857 i 16.674 0.193
54005.267691 u 23.143 0.579
54005.268524 z 15.948 0.057
54005.269357 g 19.536 0.103
54010.221223 r 18.044 0.722
54010.222056 i 16.684 0.226
#54010.222890 u 23.726 1.465
54010.223723 z 15.945 0.024
#54010.224556 g 19.541 1.217
54012.214072 r 18.064 0.027
54012.214905 i 16.702 0.226
54012.215739 u 22.554 0.920
54012.216572 z 15.980 0.100
54012.217405 g 19.552 0.051
54020.220061 r 18.089 0.587
54020.220894 i 16.697 0.204
#54020.221727 u 23.910 1.890
54020.222561 z 15.930 0.099
#54020.223394 g 19.452 1.306
54022.269325 r 18.008 0.517
54022.270158 i 16.675 0.159
#54022.270991 u -99.000 0.659
54022.271825 z 15.965 0.101
54022.272658 g 19.511 0.182
54028.210456 r 18.024 0.542
54028.211289 i 16.690 0.172
#54028.212122 u 24.631 3.605
54028.212956 z 15.959 0.116
54028.213789 g 19.624 0.523
54030.213606 r 18.070 0.089
54030.214439 i 16.692 0.156
54030.215273 u 23.084 0.603
54030.216106 z 15.955 0.024
54030.216939 g 19.567 0.076
54035.289441 r 18.059 0.407
54035.290275 i 16.685 0.135
#54035.291108 u 22.764 1.060
54035.291941 z 15.964 0.081
#54035.292775 g 19.646 1.046
54037.194848 r 18.055 0.138
54037.195681 i 16.732 0.171
54037.196514 u 22.669 0.595
54037.197348 z 15.964 0.088
54037.198181 g 19.538 0.104
54040.209337 r 18.019 0.355
54040.210171 i 16.686 0.196
#54040.211004 u 25.210 99.999
54040.211837 z 15.941 0.101
54040.212671 g 19.544 0.237
54049.235807 r 17.965 0.455
54049.236640 i 16.702 0.155
#54049.237474 u 22.122 1.029
54049.238307 z 15.932 0.087
#54049.239140 g 19.938 1.450
54050.193961 r 18.392 0.577
54050.194794 i 16.731 0.125
#54050.195628 u 28.954 99.999
54050.196461 z 15.950 0.081
#54050.197294 g 19.673 1.213
54053.200138 r 17.996 0.520
54053.200972 i 16.666 0.148
#54053.201805 u 27.167 99.999
54053.202638 z 15.928 0.083
#54053.203472 g 19.523 1.130
54056.201789 r 18.071 0.439
54056.202622 i 16.692 0.127
54056.203456 u 21.043 0.418
54056.204289 z 15.963 0.084
54056.205122 g 18.970 0.632
54059.196092 r 18.010 0.457
54059.196925 i 16.669 0.140
#54059.197759 u 99.992 99.999
54059.198592 z 15.921 0.086
#54059.199425 g 19.632 1.106
54062.201020 r 17.930 0.366
54062.201853 i 16.631 0.142
#54062.202686 u 99.990 99.999
54062.203520 z 15.946 0.089
#54062.204353 g 19.643 1.172
54357.239320 r 17.986 0.494
54357.240153 i 16.660 0.158
#54357.240986 u 24.630 3.002
54357.241820 z 15.926 0.089
#54357.242653 g 19.547 1.263
54362.289074 r 18.053 0.323
54362.289908 i 16.650 0.189
54362.290741 u 23.076 0.674
54362.291574 z 15.923 0.110
54362.292408 g 19.514 0.410
54376.297779 r 18.021 0.375
54376.298612 i 16.679 0.186
54376.299445 u 22.181 0.345
54376.300279 z 15.948 0.105
54376.301112 g 19.503 0.112
54385.287113 r 17.985 0.536
54385.287947 i 16.652 0.164
#54385.288780 u 26.406 99.999
54385.289613 z 15.923 0.103
54385.290447 g 19.514 0.799
54387.287603 r 17.995 0.508
54387.288436 i 16.675 0.192
#54387.289269 u 24.297 2.617
54387.290103 z 15.945 0.089
54387.290936 g 19.647 0.343
54392.282321 r 18.026 0.414
54392.283155 i 16.666 0.130
#54392.283988 u 99.994 99.999
54392.284821 z 15.928 0.070
54392.285655 g 19.381 0.932
54402.280767 r 17.976 0.403
54402.281600 i 16.684 0.178
#54402.282433 u 24.669 9.726
54402.283267 z 15.906 0.091
54402.284100 g 19.696 0.199
