52172.226159 r 17.156 0.006
52172.226992 i 16.786 0.006
52172.227826 u 20.359 0.063
52172.228659 z 16.552 0.009
52172.229492 g 18.129 0.007
52931.077513 r 17.150 0.005
52931.078346 i 16.772 0.005
52931.079180 u 20.379 0.063
52931.080013 z 16.548 0.009
52931.080846 g 18.136 0.006
52935.074476 r 17.159 0.005
52935.075309 i 16.783 0.005
52935.076143 u 20.320 0.064
52935.076976 z 16.577 0.009
52935.077809 g 18.131 0.006
53313.067677 r 17.158 0.005
53313.068510 i 16.770 0.005
53313.069344 u 20.184 0.063
53313.070177 z 16.563 0.010
53313.071010 g 18.134 0.007
53622.176925 r 17.150 0.005
53622.177758 i 16.774 0.005
53622.178592 u 20.294 0.085
53622.179425 z 16.568 0.010
53622.180258 g 18.140 0.007
53625.172889 r 17.160 0.006
53625.173722 i 16.778 0.006
53625.174556 u 20.288 0.073
53625.175389 z 16.563 0.009
53625.176222 g 18.144 0.008
53636.131925 r 17.156 0.005
53636.132758 i 16.778 0.005
53636.133592 u 20.294 0.060
53636.134425 z 16.553 0.009
53636.135258 g 18.145 0.007
53645.191595 r 17.157 0.005
53645.192428 i 16.772 0.005
53645.193262 u 20.314 0.068
53645.194095 z 16.550 0.009
53645.194928 g 18.129 0.007
53655.103930 r 17.169 0.006
53655.104763 i 16.783 0.006
53655.105597 u 20.231 0.082
53655.106430 z 16.547 0.009
53655.107263 g 18.130 0.008
53664.128890 r 17.146 0.005
53664.129723 i 16.783 0.005
53664.130557 u 20.301 0.087
53664.131390 z 16.570 0.009
53664.132223 g 18.149 0.008
53666.092489 r 17.164 0.006
53666.093322 i 16.778 0.006
53666.094156 u 20.273 0.056
53666.094989 z 16.589 0.009
53666.095822 g 18.140 0.007
53669.088128 r 17.166 0.006
53669.088961 i 16.785 0.006
53669.089795 u 20.222 0.055
53669.090628 z 16.573 0.009
53669.091461 g 18.148 0.007
53674.072363 r 17.168 0.006
53674.073196 i 16.784 0.005
53674.074030 u 20.353 0.064
53674.074863 z 16.559 0.009
53674.075696 g 18.133 0.007
53681.125261 r 17.184 0.008
53681.126094 i 16.779 0.007
53681.126928 u 20.225 0.128
53681.127761 z 16.600 0.015
#53681.128594 g -99.000 0.028
53685.084303 r 17.154 0.006
53685.085136 i 16.781 0.005
53685.085970 u 20.516 0.251
53685.086803 z 16.571 0.011
53685.087636 g 18.120 0.012
53687.122657 r 17.182 0.006
53687.123490 i 16.789 0.005
53687.124324 u 20.209 0.159
53687.125157 z 16.563 0.009
53687.125990 g 18.134 0.011
53697.082285 r 17.168 0.012
53697.083118 i 16.784 0.010
53697.083952 u 20.173 0.201
53697.084785 z 16.594 0.024
53697.085618 g 18.133 0.016
53700.081248 r 17.165 0.005
53700.082081 i 16.781 0.005
53700.082915 u 20.296 0.069
53700.083748 z 16.559 0.009
53700.084581 g 18.132 0.007
53705.067918 r 17.162 0.005
53705.068751 i 16.768 0.005
53705.069585 u 20.306 0.080
53705.070418 z 16.573 0.009
53705.071251 g 18.125 0.007
53975.152911 r 17.151 0.010
53975.153744 i 16.761 0.010
53975.154577 u 20.290 0.067
53975.155411 z 16.556 0.016
53975.156244 g 18.135 0.008
53994.148348 r 17.157 0.005
53994.149181 i 16.763 0.009
53994.150015 u 20.267 0.054
53994.150848 z 16.540 0.016
53994.151681 g 18.131 0.013
53998.128278 r 17.159 0.009
53998.129111 i 16.771 0.010
53998.129944 u 20.370 0.053
53998.130778 z 16.553 0.013
53998.131611 g 18.118 0.010
54010.113738 r 17.159 0.009
54010.114571 i 16.793 0.011
54010.115405 u 20.270 0.079
54010.116238 z 16.572 0.020
54010.117071 g 18.123 0.015
54012.106581 r 17.167 0.009
54012.107415 i 16.816 0.011
54012.108248 u 20.302 0.122
54012.109081 z 16.561 0.014
54012.109915 g 18.140 0.017
54020.112574 r 17.129 0.007
54020.113407 i 16.761 0.008
54020.114240 u 20.320 0.070
54020.115074 z 16.534 0.020
54020.115907 g 18.144 0.008
54022.161846 r 17.180 0.010
#54022.162680 i -99.000 0.012
#54022.163513 u -99.000 0.077
54022.164346 z 16.550 0.014
54022.165180 g 18.144 0.011
54028.102937 r 17.150 0.010
54028.103770 i 16.760 0.006
54028.104603 u 20.334 0.091
#54028.105437 z -99.000 0.019
54028.106270 g 18.146 0.012
54030.106122 r 17.153 0.008
54030.106955 i 16.775 0.010
54030.107788 u 20.283 0.052
54030.108622 z 16.566 0.012
54030.109455 g 18.126 0.014
54032.095397 r 17.141 0.011
54032.096230 i 16.764 0.009
54032.097064 u 20.248 0.074
54032.097897 z 16.572 0.015
54032.098730 g 18.124 0.014
54034.165631 r 17.169 0.007
54034.166464 i 16.782 0.010
54034.167298 u 20.147 0.102
54034.168131 z 16.555 0.019
54034.168964 g 18.143 0.009
54037.087358 r 17.148 0.010
54037.088191 i 16.765 0.005
54037.089024 u 20.209 0.064
54037.089858 z 16.566 0.018
54037.090691 g 18.143 0.014
54040.101871 r 17.162 0.009
54040.102705 i 16.778 0.010
54040.103538 u 20.358 0.119
54040.104371 z 16.545 0.016
54040.105205 g 18.121 0.013
54050.086475 r 17.163 0.006
54050.087308 i 16.769 0.013
54050.088142 u 20.241 0.070
54050.088975 z 16.563 0.017
54050.089808 g 18.133 0.009
54053.092629 r 17.138 0.012
54053.093462 i 16.768 0.010
54053.094296 u 20.453 0.101
54053.095129 z 16.538 0.017
54053.095962 g 18.145 0.010
54056.094320 r 17.184 0.010
#54056.095153 i -99.000 0.022
54056.095987 u 20.242 0.098
#54056.096820 z -99.000 0.038
#54056.097653 g -99.000 0.015
54057.062960 r 17.156 0.007
54057.063794 i 16.775 0.008
54057.064627 u 20.378 0.067
54057.065460 z 16.574 0.014
54057.066294 g 18.128 0.010
54059.088593 r 17.150 0.006
54059.089427 i 16.781 0.009
54059.090260 u 20.274 0.079
54059.091093 z 16.555 0.014
54059.091927 g 18.124 0.011
54061.099647 r 17.148 0.008
54061.100480 i 16.756 0.008
54061.101313 u 20.254 0.087
54061.102147 z 16.597 0.021
54061.102980 g 18.100 0.013
54062.093508 r 17.154 0.008
54062.094341 i 16.776 0.011
54062.095174 u 20.229 0.087
54062.096008 z 16.556 0.020
54062.096841 g 18.088 0.006
54068.083467 r 17.713 0.028
54068.084300 i 17.211 0.022
#54068.085134 u 27.685 99.999
54068.085967 z 17.000 0.028
54068.086800 g 18.537 0.023
54357.131781 r 17.170 0.009
#54357.132614 i -99.000 0.011
54357.133448 u 20.224 0.058
54357.134281 z 16.557 0.024
54357.135114 g 18.146 0.014
54365.129636 r 17.158 0.008
54365.130469 i 16.776 0.014
54365.131303 u 20.370 0.095
54365.132136 z 16.563 0.014
54365.132969 g 18.126 0.014
54385.179609 r 17.141 0.017
54385.180442 i 16.768 0.017
54385.181275 u 20.310 0.074
54385.182109 z 16.579 0.015
54385.182942 g 18.113 0.011
54387.180113 r 17.149 0.014
54387.180946 i 16.767 0.007
54387.181779 u 20.222 0.098
54387.182613 z 16.514 0.016
54387.183446 g 18.131 0.011
54390.183132 r 17.164 0.009
54390.183966 i 16.782 0.008
54390.184799 u 20.166 0.084
54390.185632 z 16.545 0.016
54390.186466 g 18.115 0.011
#54392.174854 r -99.000 0.010
54392.175687 i 16.765 0.026
54392.176520 u 20.752 0.257
54392.177354 z 16.555 0.018
54392.178187 g 18.085 0.019
54402.173296 r 17.157 0.010
54402.174130 i 16.779 0.017
54402.174963 u 20.200 0.147
54402.175796 z 16.548 0.017
54402.176630 g 18.125 0.016
