51818.431266 r 15.487 0.006
51818.432099 i 14.925 0.007
51818.432933 u 19.112 0.027
51818.433766 z 14.558 0.007
51818.434599 g 16.749 0.006
52171.419375 r 15.517 0.004
52171.420208 i 14.936 0.004
52171.421042 u 19.175 0.030
52171.421875 z 14.554 0.004
52171.422708 g 16.773 0.004
52173.395637 r 15.533 0.004
52173.396470 i 14.952 0.004
52173.397304 u 19.168 0.031
52173.398137 z 14.583 0.004
52173.398970 g 16.779 0.004
52224.375795 r 15.479 0.005
52224.376628 i 14.919 0.005
#52224.377462 u -99.000 0.027
52224.378295 z 14.551 0.005
52224.379128 g 16.727 0.004
52234.332299 r 15.487 0.006
52234.333132 i 14.922 0.006
52234.333966 u 19.110 0.030
52234.334799 z 14.560 0.006
52234.335632 g 16.740 0.006
52261.295655 r 15.510 0.004
52261.296488 i 14.929 0.004
52261.297322 u 19.236 0.030
52261.298155 z 14.560 0.004
52261.298988 g 16.738 0.004
52283.163031 r 15.528 0.003
52283.163864 i 14.958 0.003
52283.164698 u 19.225 0.031
52283.165531 z 14.587 0.004
52283.166364 g 16.793 0.004
52287.176152 r 15.513 0.003
52287.176985 i 14.941 0.003
52287.177819 u 19.142 0.029
52287.178652 z 14.560 0.004
52287.179485 g 16.762 0.004
52557.469200 r 15.596 0.004
52557.470033 i 15.005 0.005
52557.470867 u 19.257 0.030
52557.471700 z 14.615 0.005
52557.472533 g 16.865 0.005
52585.370531 r 15.558 0.005
52585.371364 i 14.978 0.005
52585.372198 u 19.210 0.026
52585.373031 z 14.602 0.005
52585.373864 g 16.806 0.005
52908.443768 r 15.542 0.004
52908.444601 i 14.947 0.004
52908.445435 u 19.168 0.029
52908.446268 z 14.574 0.004
52908.447101 g 16.778 0.004
52912.423208 r 15.489 0.003
52912.424041 i 14.937 0.004
52912.424875 u 19.124 0.030
52912.425708 z 14.564 0.004
52912.426541 g 16.736 0.004
52934.375676 r 15.502 0.004
52934.376509 i 14.930 0.004
52934.377343 u 19.107 0.027
52934.378176 z 14.559 0.005
52934.379009 g 16.736 0.004
52936.371602 r 15.502 0.004
52936.372435 i 14.930 0.004
#52936.373269 u -99.000 0.026
52936.374102 z 14.561 0.005
52936.374935 g 16.747 0.004
53270.435685 r 15.474 0.015
53270.436518 i 14.922 0.015
53270.437351 u 19.106 0.033
53270.438185 z 14.561 0.018
53270.439018 g 16.745 0.012
53272.485596 r 15.452 0.004
53272.486429 i 14.920 0.004
53272.487263 u 19.086 0.027
53272.488096 z 14.549 0.004
53272.488929 g 16.726 0.004
53286.454318 r 15.484 0.004
53286.455151 i 14.908 0.004
53286.455985 u 19.140 0.035
53286.456818 z 14.552 0.004
53286.457651 g 16.731 0.004
53288.412812 r 15.493 0.004
53288.413645 i 14.914 0.004
53288.414479 u 19.082 0.028
53288.415312 z 14.550 0.004
53288.416145 g 16.722 0.004
53294.460483 r 15.478 0.004
53294.461316 i 14.903 0.004
53294.462150 u 19.098 0.029
53294.462983 z 14.542 0.004
53294.463816 g 16.714 0.004
53296.407527 r 15.490 0.013
53296.408361 i 14.898 0.012
53296.409194 u 19.106 0.036
53296.410027 z 14.523 0.016
53296.410861 g 16.736 0.023
53298.457259 r 15.490 0.004
53298.458092 i 14.904 0.004
53298.458926 u 19.090 0.029
53298.459759 z 14.558 0.004
53298.460592 g 16.724 0.004
53312.364019 r 15.467 0.008
53312.364852 i 14.896 0.014
53312.365685 u 18.996 0.053
53312.366519 z 14.532 0.014
53312.367352 g 16.700 0.011
53314.365213 r 15.467 0.004
53314.366046 i 14.893 0.004
53314.366880 u 19.067 0.031
53314.367713 z 14.535 0.004
53314.368546 g 16.705 0.004
53319.353011 r 15.481 0.003
53319.353844 i 14.919 0.003
53319.354678 u 19.100 0.039
53319.355511 z 14.541 0.004
53319.356344 g 16.725 0.004
53628.430855 r 15.512 0.003
53628.431688 i 14.937 0.003
53628.432522 u 19.132 0.033
53628.433355 z 14.553 0.004
53628.434188 g 16.735 0.004
53639.477851 r 15.526 0.004
53639.478684 i 14.938 0.004
53639.479518 u 19.124 0.039
53639.480351 z 14.559 0.005
53639.481184 g 16.744 0.005
53657.435902 r 15.510 0.003
53657.436735 i 14.939 0.003
53657.437569 u 19.174 0.032
53657.438402 z 14.565 0.004
53657.439235 g 16.738 0.004
53680.387477 r 15.515 0.003
53680.388310 i 14.951 0.004
53680.389144 u 19.111 0.030
53680.389977 z 14.563 0.004
53680.390810 g 16.755 0.004
53683.446022 r 15.516 0.005
53683.446855 i 14.940 0.005
53683.447689 u 19.187 0.059
53683.448522 z 14.595 0.006
53683.449355 g 16.801 0.006
53686.386907 r 15.532 0.003
53686.387740 i 14.933 0.004
53686.388574 u 19.145 0.037
53686.389407 z 14.565 0.004
53686.390240 g 16.768 0.004
53687.444284 r 15.500 0.003
53687.445117 i 14.937 0.003
53687.445951 u 19.327 0.095
53687.446784 z 14.540 0.004
53687.447617 g 16.744 0.006
53693.389365 r 15.553 0.003
53693.390198 i 14.965 0.003
#53693.391032 u -99.000 0.072
53693.391865 z 14.566 0.004
53693.392698 g 16.801 0.005
53699.410196 r 15.503 0.007
53699.411029 i 14.911 0.006
53699.411863 u 19.161 0.041
53699.412696 z 14.567 0.008
53699.413529 g 16.742 0.007
53704.372685 r 15.534 0.003
53704.373518 i 14.950 0.003
#53704.374352 u -99.000 0.042
53704.375185 z 14.577 0.004
53704.376018 g 16.776 0.004
53989.468879 r 15.532 0.016
53989.469712 i 14.936 0.017
#53989.470545 u -99.000 0.106
53989.471379 z 14.578 0.017
53989.472212 g 16.782 0.011
54008.455132 r 15.514 0.010
54008.455966 i 14.940 0.019
54008.456799 u 19.230 0.031
54008.457632 z 14.574 0.017
54008.458466 g 16.746 0.016
54009.418087 r 15.537 0.018
54009.418921 i 14.953 0.016
54009.419754 u 19.173 0.040
54009.420587 z 14.590 0.016
54009.421421 g 16.757 0.016
54011.482561 r 15.639 0.023
54011.483395 i 14.942 0.021
54011.484228 u 19.178 0.038
54011.485061 z 14.591 0.019
54011.485895 g 16.805 0.015
54019.477813 r 15.506 0.012
54019.478646 i 14.934 0.014
54019.479480 u 19.061 0.039
54019.480313 z 14.567 0.009
54019.481146 g 16.756 0.015
54025.481575 r 15.515 0.011
54025.482408 i 14.943 0.015
54025.483242 u 19.154 0.043
54025.484075 z 14.573 0.014
54025.484908 g 16.751 0.014
54358.435203 r 15.583 0.017
54358.436037 i 14.994 0.021
54358.436870 u 19.197 0.041
54358.437703 z 14.647 0.016
54358.438537 g 16.867 0.015
54365.468294 r 15.557 0.012
54365.469127 i 15.047 0.015
54365.469960 u 19.370 0.035
54365.470794 z 14.665 0.022
54365.471627 g 16.924 0.016
54381.487840 r 15.640 0.016
54381.488673 i 15.052 0.017
54381.489506 u 19.271 0.058
54381.490340 z 14.672 0.020
54381.491173 g 16.929 0.014
54386.480107 r 15.607 0.011
54386.480941 i 15.009 0.018
54386.481774 u 19.280 0.031
54386.482607 z 14.609 0.019
54386.483441 g 16.845 0.022
54388.484377 r 15.622 0.018
54388.485210 i 15.031 0.016
54388.486044 u 19.212 0.057
54388.486877 z 14.638 0.017
54388.487710 g 16.878 0.021
54392.481949 r 15.644 0.014
54392.482782 i 15.054 0.019
#54392.483616 u -99.000 0.032
54392.484449 z 14.648 0.010
54392.485282 g 16.924 0.011
#54403.398167 r -99.000 0.008
54403.399000 i 15.021 0.018
54403.399834 u 19.158 0.049
54403.400667 z 14.631 0.014
54403.401500 g 16.896 0.020
54404.456062 r 15.587 0.013
54404.456895 i 14.994 0.007
54404.457729 u 19.168 0.093
54404.458562 z 14.613 0.015
54404.459395 g 16.830 0.016
54406.392000 r 15.594 0.009
54406.392833 i 15.026 0.015
54406.393667 u 19.194 0.032
54406.394500 z 14.641 0.017
54406.395333 g 16.878 0.014
54409.396854 r 15.652 0.016
54409.397687 i 15.059 0.022
#54409.398521 u -99.000 0.066
54409.399354 z 14.648 0.016
54409.400187 g 16.936 0.019
54412.417733 r 15.611 0.016
54412.418567 i 15.029 0.012
#54412.419400 u -99.000 0.046
54412.420233 z 14.643 0.018
54412.421067 g 16.865 0.020
