51081.296245 r 18.841 0.013
51081.297078 i 17.888 0.009
51081.297912 u 22.753 0.567
51081.298745 z 17.368 0.016
51081.299578 g 20.208 0.026
51819.367403 r 18.942 0.012
51819.368236 i 17.992 0.009
51819.369070 u 22.684 0.439
51819.369903 z 17.483 0.016
51819.370736 g 20.277 0.024
52558.332647 r 18.953 0.011
52558.333480 i 17.997 0.009
52558.334314 u 22.430 0.333
52558.335147 z 17.493 0.015
52558.335980 g 20.299 0.022
52586.223626 r 18.916 0.012
52586.224459 i 17.979 0.009
52586.225293 u 22.649 0.310
52586.226126 z 17.442 0.016
52586.226959 g 20.252 0.021
52910.304108 r 18.981 0.011
52910.304941 i 17.988 0.009
52910.305775 u 22.928 0.397
52910.306608 z 17.475 0.014
52910.307441 g 20.293 0.022
52931.234311 r 18.931 0.014
52931.235144 i 17.958 0.012
52931.235978 u 21.867 0.194
52931.236811 z 17.422 0.017
52931.237644 g 20.270 0.025
52935.231274 r 18.970 0.011
52935.232107 i 18.073 0.009
52935.232941 u 23.317 0.576
52935.233774 z 17.496 0.015
52935.234607 g 20.376 0.023
52959.174602 r 18.967 0.011
52959.175435 i 17.999 0.008
52959.176269 u 22.878 0.345
52959.177102 z 17.485 0.014
52959.177935 g 20.297 0.021
52963.154346 r 18.968 0.011
52963.155179 i 18.011 0.009
52963.156013 u 23.094 0.337
52963.156846 z 17.479 0.013
52963.157679 g 20.277 0.019
53352.125413 r 18.950 0.011
53352.126246 i 17.981 0.009
53352.127080 u 22.406 0.229
53352.127913 z 17.464 0.015
53352.128746 g 20.317 0.020
53622.333714 r 18.842 0.013
53622.334547 i 17.893 0.010
53622.335381 u 21.939 0.262
53622.336214 z 17.363 0.017
53622.337047 g 20.156 0.025
53634.283184 r 18.860 0.020
53634.284017 i 17.885 0.011
#53634.284851 u 22.302 1.068
53634.285684 z 17.324 0.017
53634.286517 g 20.079 0.057
53638.324518 r 18.976 0.012
53638.325351 i 18.010 0.009
53638.326185 u 22.391 0.331
53638.327018 z 17.471 0.014
53638.327851 g 20.281 0.025
53640.288554 r 18.817 0.015
53640.289387 i 17.896 0.012
53640.290221 u 21.435 0.202
53640.291054 z 17.375 0.020
53640.291887 g 20.120 0.026
53655.260725 r 18.860 0.017
53655.261558 i 17.947 0.013
53655.262392 u 22.694 0.799
53655.263225 z 17.414 0.019
53655.264058 g 20.263 0.043
53664.285681 r 18.941 0.015
53664.286514 i 17.995 0.011
#53664.287348 u 23.526 1.733
53664.288181 z 17.485 0.017
53664.289014 g 20.355 0.052
53669.244924 r 18.956 0.011
53669.245757 i 18.003 0.009
53669.246591 u 22.696 0.330
53669.247424 z 17.471 0.015
53669.248257 g 20.319 0.021
53671.329693 r 18.850 0.013
53671.330526 i 17.914 0.009
53671.331360 u 22.466 0.546
53671.332193 z 17.361 0.017
53671.333026 g 20.186 0.025
53674.229160 r 18.957 0.011
53674.229993 i 18.014 0.009
53674.230827 u 22.452 0.314
53674.231660 z 17.474 0.014
53674.232493 g 20.298 0.021
53676.318637 r 18.951 0.011
53676.319470 i 17.997 0.009
53676.320304 u 23.158 0.648
53676.321137 z 17.453 0.014
53676.321970 g 20.295 0.022
53679.290528 r 18.834 0.014
53679.291361 i 17.879 0.010
53679.292195 u 21.967 0.307
53679.293028 z 17.349 0.018
53679.293861 g 20.147 0.025
53681.282041 r 18.923 0.012
53681.282874 i 18.011 0.010
53681.283708 u 22.296 0.346
53681.284541 z 17.476 0.016
53681.285374 g 20.309 0.027
53685.241093 r 18.938 0.027
53685.241926 i 17.884 0.012
#53685.242760 u 22.294 1.017
53685.243593 z 17.358 0.017
53685.244426 g 20.180 0.079
53694.254971 r 18.833 0.023
53694.255804 i 17.881 0.014
#53694.256638 u 22.332 1.474
53694.257471 z 17.350 0.023
53694.258304 g 20.011 0.073
53697.239065 r 18.921 0.012
53697.239898 i 17.980 0.009
53697.240732 u 22.845 0.511
53697.241565 z 17.472 0.014
53697.242398 g 20.266 0.023
53700.238023 r 18.787 0.013
53700.238856 i 17.860 0.010
#53700.239690 u 24.121 1.623
53700.240523 z 17.288 0.017
53700.241356 g 20.077 0.026
53705.224694 r 18.938 0.011
53705.225527 i 17.992 0.009
53705.226361 u 22.750 0.410
53705.227194 z 17.488 0.014
53705.228027 g 20.286 0.022
53975.309733 r 18.971 0.014
53975.310567 i 17.996 0.018
53975.311400 u 22.167 0.259
53975.312233 z 17.488 0.022
53975.313067 g 20.370 0.025
53990.322572 r 18.959 0.018
53990.323405 i 18.008 0.017
53990.324238 u 22.783 0.870
53990.325072 z 17.466 0.019
53990.325905 g 20.392 0.047
53994.332686 r 18.987 0.016
53994.333519 i 18.005 0.016
53994.334352 u 22.875 0.366
53994.335186 z 17.514 0.022
53994.336019 g 20.333 0.026
53996.316446 r 18.941 0.021
53996.317279 i 17.974 0.025
53996.318112 u 22.302 0.310
53996.318946 z 17.474 0.026
53996.319779 g 20.271 0.030
53998.285061 r 19.011 0.021
53998.285894 i 18.016 0.020
53998.286728 u 23.633 0.570
53998.287561 z 17.496 0.026
53998.288394 g 20.321 0.026
54005.315314 r 18.967 0.020
54005.316147 i 18.012 0.018
54005.316980 u 22.835 0.322
54005.317814 z 17.497 0.019
54005.318647 g 20.311 0.019
54010.270530 r 18.956 0.020
54010.271363 i 18.023 0.019
54010.272196 u 22.517 0.291
54010.273030 z 17.534 0.020
54010.273863 g 20.364 0.029
54012.263430 r 18.948 0.016
54012.264263 i 17.994 0.023
54012.265097 u 21.842 0.399
54012.265930 z 17.485 0.020
54012.266763 g 20.368 0.052
54020.269414 r 18.939 0.018
54020.270247 i 17.969 0.016
54020.271080 u 22.686 0.856
54020.271914 z 17.472 0.022
54020.272747 g 20.257 0.036
54024.350951 r 18.933 0.025
54024.351784 i 17.985 0.016
54024.352617 u 23.173 0.988
54024.353451 z 17.447 0.022
54024.354284 g 20.314 0.031
54030.262920 r 18.954 0.020
54030.263754 i 17.995 0.016
54030.264587 u 22.509 0.262
54030.265420 z 17.481 0.017
54030.266254 g 20.330 0.021
54035.338744 r 18.909 0.032
54035.339577 i 17.998 0.025
54035.340410 u 22.247 0.628
54035.341244 z 17.446 0.030
54035.342077 g 20.189 0.044
54037.244172 r 18.957 0.016
54037.245006 i 17.998 0.022
54037.245839 u 22.550 0.284
54037.246672 z 17.504 0.021
54037.247506 g 20.337 0.021
54040.258684 r 18.991 0.021
54040.259517 i 18.002 0.015
54040.260351 u 21.204 0.191
54040.261184 z 17.507 0.022
54040.262017 g 20.294 0.050
54047.289214 r 18.828 0.028
54047.290048 i 17.943 0.032
#54047.290881 u 21.531 1.093
54047.291714 z 17.476 0.035
54047.292548 g 20.329 0.104
54049.285122 r 18.874 0.023
54049.285955 i 17.951 0.017
54049.286788 u 21.240 0.438
54049.287622 z 17.473 0.052
54049.288455 g 20.162 0.055
54053.249434 r 18.947 0.023
54053.250267 i 17.995 0.013
54053.251100 u 22.742 0.392
54053.251934 z 17.468 0.023
54053.252767 g 20.339 0.026
54056.251133 r 18.947 0.024
54056.251967 i 17.988 0.018
54056.252800 u 22.004 0.326
54056.253633 z 17.510 0.029
54056.254467 g 20.307 0.024
54062.250263 r 18.925 0.016
54062.251096 i 17.991 0.017
54062.251929 u 22.148 0.403
54062.252763 z 17.440 0.025
54062.253596 g 20.337 0.032
54068.230880 r 18.937 0.023
54068.231713 i 17.993 0.015
54068.232547 u 21.219 0.303
54068.233380 z 17.494 0.024
54068.234213 g 20.306 0.072
54357.288584 r 18.992 0.028
54357.289417 i 17.993 0.017
54357.290250 u 22.436 0.265
54357.291084 z 17.497 0.018
54357.291917 g 20.352 0.024
54362.338413 r 18.952 0.017
54362.339246 i 18.019 0.028
54362.340080 u 22.289 0.229
54362.340913 z 17.489 0.025
54362.341746 g 20.342 0.024
54382.318612 r 18.942 0.023
54382.319445 i 18.001 0.025
54382.320278 u 22.033 0.308
54382.321112 z 17.502 0.024
54382.321945 g 20.232 0.026
54385.336413 r 18.958 0.020
54385.337246 i 18.017 0.015
#54385.338079 u 24.121 1.395
54385.338913 z 17.502 0.020
54385.339746 g 20.303 0.024
54387.336917 r 18.932 0.021
54387.337750 i 17.997 0.020
54387.338584 u 22.207 0.359
54387.339417 z 17.465 0.030
54387.340250 g 20.274 0.028
54392.331629 r 18.971 0.015
54392.332463 i 18.014 0.017
54392.333296 u 23.060 0.738
54392.334129 z 17.491 0.022
54392.334963 g 20.216 0.031
54402.330073 r 18.905 0.023
54402.330906 i 17.988 0.018
#54402.331739 u 22.351 1.092
54402.332573 z 17.854 0.049
54402.333406 g 20.381 0.064
