52936.058758 r 20.222 0.029
52936.059591 i 19.890 0.034
52936.060425 u 21.650 0.167
52936.061258 z 19.481 0.077
52936.062091 g 20.600 0.028
53270.122819 r 20.183 0.034
53270.123652 i 19.939 0.053
53270.124485 u 21.485 0.172
53270.125319 z 19.538 0.080
53270.126152 g 20.574 0.036
53288.099975 r 19.987 0.025
53288.100808 i 19.733 0.030
53288.101642 u 21.464 0.172
53288.102475 z 19.693 0.098
53288.103308 g 20.439 0.025
53302.095642 r 20.095 0.037
53302.096475 i 19.834 0.038
53302.097309 u 21.730 0.366
53302.098142 z 19.420 0.068
53302.098975 g 20.489 0.045
53623.146954 r 19.920 0.023
53623.147787 i 19.656 0.025
53623.148621 u 21.338 0.151
53623.149454 z 19.435 0.068
53623.150287 g 20.321 0.027
53626.133166 r 19.884 0.032
53626.133999 i 19.639 0.032
53626.134833 u 21.010 0.171
53626.135666 z 19.285 0.065
53626.136499 g 20.313 0.043
53628.118032 r 19.796 0.044
53628.118865 i 19.578 0.048
53628.119699 u 21.039 0.309
53628.120532 z 19.194 0.091
53628.121365 g 20.343 0.080
53644.112087 r 19.922 0.025
53644.112920 i 19.660 0.028
53644.113753 u 21.114 0.100
53644.114587 z 19.452 0.073
53644.115420 g 20.364 0.019
#53665.085582 r -99.000 0.114
#53665.086415 i -99.000 0.244
53665.087249 u 20.740 0.451
#53665.088082 z -99.000 0.339
#53665.088915 g -99.000 0.058
53677.087972 r 19.923 0.024
53677.088805 i 19.641 0.026
53677.089639 u 21.343 0.135
53677.090472 z 19.454 0.084
53677.091305 g 20.324 0.024
53680.074637 r 19.983 0.022
53680.075470 i 19.712 0.026
53680.076304 u 21.488 0.145
53680.077137 z 19.483 0.066
53680.077970 g 20.377 0.022
53693.076544 r 19.901 0.025
53693.077377 i 19.651 0.031
53693.078211 u 21.369 0.176
53693.079044 z 19.216 0.063
53693.079877 g 20.310 0.026
53703.081348 r 19.887 0.031
53703.082181 i 19.658 0.038
53703.083014 u 21.283 0.220
53703.083848 z 19.432 0.113
53703.084681 g 20.346 0.031
53704.059873 r 19.944 0.029
53704.060706 i 19.685 0.034
53704.061540 u 21.431 0.215
53704.062373 z 19.635 0.104
53704.063206 g 20.350 0.028
53974.147810 r 19.939 0.021
53974.148643 i 19.662 0.032
53974.149476 u 21.184 0.104
53974.150310 z 19.415 0.067
53974.151143 g 20.352 0.017
53989.137243 r 19.947 0.023
53989.138076 i 19.627 0.034
53989.138910 u 21.291 0.137
53989.139743 z 19.417 0.077
53989.140576 g 20.370 0.027
54011.169735 r 19.867 0.032
54011.170569 i 19.614 0.034
54011.171402 u 21.083 0.183
54011.172235 z 19.220 0.060
54011.173069 g 20.363 0.045
54025.168754 r 19.911 0.023
54025.169588 i 19.685 0.032
54025.170421 u 21.196 0.123
54025.171254 z 19.429 0.071
54025.172088 g 20.330 0.020
54386.167262 r 19.837 0.037
#54386.168095 i -99.000 0.039
#54386.168928 u -99.000 0.193
54386.169762 z 19.385 0.057
54386.170595 g 20.297 0.024
54403.085303 r 19.858 0.020
54403.086137 i 19.630 0.033
54403.086970 u 20.991 0.095
54403.087803 z 19.350 0.065
54403.088637 g 20.275 0.018
54415.119620 r 19.946 0.024
54415.120453 i 19.757 0.045
54415.121286 u 21.243 0.126
54415.122120 z 19.355 0.062
54415.122953 g 20.309 0.020
