51081.447142 r 16.152 0.004
51081.447975 i 14.538 0.003
51081.448809 u 20.241 0.067
51081.449642 z 13.642 0.003
51081.450475 g 17.650 0.006
52558.483450 r 16.991 0.006
52558.484283 i 15.357 0.005
52558.485117 u 20.635 0.074
52558.485950 z 14.732 0.006
52558.486783 g 18.031 0.006
52558.483451 r 16.819 0.005
52558.484284 i 15.211 0.005
52558.485118 u 21.334 0.129
52558.485951 z 14.160 0.005
52558.486784 g 19.061 0.010
52910.454917 r 16.167 0.003
52910.455750 i 14.540 0.003
52910.456584 u 20.241 0.064
52910.457417 z 13.663 0.003
52910.458250 g 17.647 0.005
53627.441614 r 16.193 0.004
53627.442447 i 14.551 0.003
53627.443281 u 20.286 0.075
53627.444114 z 13.642 0.003
53627.444947 g 17.672 0.005
53634.433987 r 16.189 0.004
53634.434820 i 14.543 0.003
53634.435654 u 20.023 0.146
53634.436487 z 13.635 0.003
53634.437320 g 17.676 0.009
53643.481835 r 16.186 0.004
53643.482668 i 14.537 0.003
53643.483502 u 20.290 0.080
53643.484335 z 13.640 0.003
53643.485168 g 17.682 0.005
53668.489729 r 17.241 0.006
53668.490562 i 15.659 0.004
#53668.491396 u 22.488 1.115
53668.492229 z 14.291 0.004
53668.493062 g 18.650 0.013
53670.495698 r 16.181 0.006
#53670.496531 i -99.000 0.004
53670.497365 u 20.714 0.249
#53670.498198 z -99.000 0.004
#53670.499031 g -99.000 0.007
53694.405814 r 16.199 0.004
53694.406647 i 14.608 0.004
53694.407481 u 19.989 0.180
53694.408314 z 13.669 0.004
53694.409147 g 17.652 0.009
53705.375493 r 16.158 0.003
53705.376326 i 14.532 0.003
53705.377160 u 20.026 0.105
53705.377993 z 13.647 0.003
#53705.378826 g -99.000 0.006
53975.460488 r 16.248 0.013
53975.461321 i 14.627 0.016
53975.462155 u 20.367 0.088
53975.462988 z 13.752 0.015
53975.463821 g 17.748 0.017
53994.483493 r 16.252 0.019
53994.484326 i 14.639 0.013
53994.485159 u 20.526 0.098
53994.485993 z 13.770 0.025
53994.486826 g 17.724 0.021
54028.490083 r 16.244 0.017
54028.490916 i 14.652 0.021
54028.491749 u 20.299 0.085
54028.492583 z 13.749 0.012
54028.493416 g 17.759 0.020
54035.489512 r 16.208 0.012
54035.490345 i 14.610 0.016
54035.491178 u 20.243 0.104
54035.492012 z 13.710 0.020
54035.492845 g 17.686 0.021
54047.439990 r 16.257 0.007
54047.440823 i 14.654 0.013
54047.441657 u 20.952 0.399
54047.442490 z 13.747 0.014
54047.443323 g 17.758 0.014
54049.435901 r 16.237 0.011
54049.436734 i 14.588 0.014
54049.437568 u 20.206 0.148
54049.438401 z 13.755 0.012
54049.439234 g 17.722 0.017
54050.396102 r 16.275 0.010
54050.396936 i 14.665 0.015
54050.397769 u 20.203 0.094
54050.398602 z 13.753 0.011
54050.399436 g 17.722 0.020
54053.415627 r 16.237 0.039
54053.416460 i 14.604 0.013
54053.417293 u 20.339 0.101
54053.418127 z 13.740 0.019
54053.418960 g 17.696 0.015
54059.396203 r 16.290 0.014
54059.397036 i 14.681 0.015
54059.397869 u 20.299 0.075
54059.398703 z 13.769 0.016
54059.399536 g 17.715 0.010
54061.407281 r 16.251 0.015
54061.408114 i 14.601 0.046
54061.408947 u 20.152 0.079
54061.409781 z 13.720 0.016
54061.410614 g 17.743 0.019
54064.397511 r 16.272 0.010
54064.398344 i 14.673 0.012
54064.399178 u 20.582 0.099
54064.400011 z 13.763 0.011
54064.400844 g 17.682 0.013
54068.381667 r 16.267 0.010
54068.382500 i 14.630 0.021
54068.383333 u 20.617 0.109
54068.384167 z 13.782 0.020
54068.385000 g 17.730 0.014
54385.487220 r 16.275 0.013
54385.488054 i 14.642 0.021
54385.488887 u 20.496 0.077
54385.489720 z 13.760 0.012
54385.490554 g 17.742 0.020
54387.487746 r 16.296 0.015
54387.488579 i 14.667 0.014
54387.489413 u 20.373 0.084
54387.490246 z 13.774 0.015
54387.491079 g 17.740 0.013
54390.480099 r 16.449 0.023
54390.480932 i 14.749 0.014
54390.481766 u 21.345 0.301
54390.482599 z 13.938 0.013
54390.483432 g 18.168 0.023
54391.488528 r 16.207 0.013
54391.489362 i 14.566 0.017
54391.490195 u 20.312 0.100
54391.491028 z 13.685 0.012
54391.491862 g 17.700 0.028
