53636.124634 r 18.865 0.011
53636.125467 i 17.558 0.007
53636.126301 u 24.480 0.892
53636.127134 z 16.876 0.010
53636.127967 g 20.126 0.020
53664.121598 r 18.204 0.009
53664.122431 i 17.305 0.007
53664.123265 u 21.518 0.238
53664.124098 z 16.581 0.009
53664.124931 g 20.125 0.035
53669.080836 r 18.364 0.009
53669.081669 i 17.301 0.007
53669.082503 u 21.736 0.198
53669.083336 z 16.676 0.010
53669.084169 g 20.227 0.026
53681.117968 r 18.770 0.029
#53681.118801 i -99.000 0.012
#53681.119635 u 23.955 1.135
53681.120468 z 16.772 0.015
#53681.121301 g -99.000 0.063
53687.115364 r 18.357 0.012
53687.116197 i 17.293 0.007
53687.117031 u 21.359 0.458
53687.117864 z 16.685 0.010
53687.118697 g 19.649 0.036
53697.074993 r 18.397 0.027
53697.075826 i 17.248 0.015
53697.076660 u 20.926 0.358
#53697.077493 z -99.000 0.026
53697.078326 g 20.407 0.106
53700.073956 r 18.603 0.011
53700.074789 i 17.267 0.006
53700.075623 u 21.960 0.248
53700.076456 z 16.715 0.010
53700.077289 g 19.663 0.017
53994.141061 r 18.500 0.138
53994.141894 i 17.397 0.054
53994.142728 u 21.463 0.249
53994.143561 z 16.716 0.036
53994.144394 g 19.579 0.169
#54032.088090 r -99.000 0.224
54032.088923 i 17.362 0.057
54032.089756 u 22.438 0.953
#54032.090590 z -99.000 0.035
#54032.091423 g -99.000 1.126
54037.080076 r 18.626 0.120
54037.080910 i 17.372 0.054
54037.081743 u 22.471 1.000
54037.082576 z 16.816 0.043
54037.083410 g 19.891 0.222
54040.094548 r 18.709 0.163
54040.095381 i 17.434 0.059
#54040.096214 u 23.081 2.405
54040.097048 z 16.867 0.045
54040.097881 g 20.638 0.574
#54357.124493 r -99.000 0.108
54357.125326 i 17.400 0.057
54357.126160 u 21.703 0.276
54357.126993 z 16.742 0.038
54357.127826 g 19.740 0.193
54402.166004 r 18.682 0.144
54402.166837 i 17.611 0.069
#54402.167671 u 99.994 99.999
54402.168504 z 16.870 0.041
#54402.169337 g 24.352 7.079
