52075.313617 r 17.375 0.006
52075.314450 i 17.087 0.006
52075.315284 u 20.059 0.059
52075.316117 z 16.913 0.012
52075.316950 g 18.030 0.007
52557.160110 r 17.214 0.005
52557.160943 i 16.998 0.006
52557.161777 u 19.918 0.046
52557.162610 z 16.906 0.011
52557.163443 g 17.914 0.006
52929.086412 r 17.252 0.005
52929.087245 i 16.987 0.005
52929.088079 u 19.770 0.040
52929.088912 z 16.927 0.012
52929.089745 g 18.028 0.007
52936.062495 r 17.290 0.006
52936.063328 i 17.005 0.006
52936.064162 u 19.868 0.043
52936.064995 z 16.929 0.012
52936.065828 g 17.991 0.007
53270.126559 r 17.256 0.140
#53270.127392 i -99.000 0.110
53270.128226 u 19.858 0.101
53270.129059 z 16.946 0.146
53270.129892 g 17.977 0.194
53288.103711 r 17.305 0.005
53288.104544 i 16.982 0.006
53288.105378 u 19.969 0.051
#53288.106211 z -99.000 0.012
53288.107044 g 17.973 0.007
53302.099379 r 17.224 0.006
53302.100212 i 16.958 0.006
53302.101046 u 19.900 0.078
53302.101879 z 16.881 0.011
53302.102712 g 17.976 0.008
53623.150691 r 17.265 0.005
53623.151524 i 16.997 0.006
53623.152358 u 19.906 0.051
53623.153191 z 16.917 0.011
53623.154024 g 18.001 0.007
53626.136903 r 17.281 0.006
53626.137736 i 16.995 0.006
53626.138570 u 20.021 0.074
53626.139403 z 16.917 0.012
53626.140236 g 17.988 0.008
53628.121768 r 17.269 0.007
53628.122601 i 17.039 0.007
53628.123435 u 20.130 0.136
53628.124268 z 16.927 0.014
53628.125101 g 18.239 0.013
53637.123382 r 17.186 0.005
53637.124215 i 16.918 0.005
53637.125049 u 20.090 0.069
53637.125882 z 16.894 0.013
53637.126715 g 17.938 0.006
53644.115826 r 17.235 0.121
53644.116659 i 16.958 0.111
53644.117493 u 19.922 0.135
53644.118326 z 16.887 0.150
53644.119159 g 17.989 0.199
53649.110450 r 17.209 0.005
53649.111283 i 16.819 0.005
#53649.112117 u -99.000 0.118
#53649.112950 z -99.000 0.017
#53649.113783 g -99.000 0.009
53656.098043 r 17.297 0.007
53656.098876 i 16.995 0.006
53656.099710 u 20.152 0.119
53656.100543 z 16.875 0.013
53656.101376 g 18.002 0.010
#53665.089319 r -99.000 0.010
53665.090152 i 17.033 0.012
53665.090986 u 20.118 0.154
53665.091819 z 16.850 0.030
#53665.092652 g -99.000 0.016
53668.100943 r 17.040 0.005
53668.101776 i 17.077 0.007
53668.102610 u 20.392 0.095
53668.103443 z 16.945 0.016
53668.104276 g 17.812 0.006
53670.105797 r 17.238 0.005
53670.106630 i 16.988 0.006
53670.107464 u 19.970 0.056
53670.108297 z 16.890 0.013
53670.109130 g 17.992 0.007
53673.073788 r 17.252 0.005
53673.074621 i 16.988 0.006
53673.075455 u 19.901 0.049
53673.076288 z 16.874 0.012
53673.077121 g 18.012 0.007
53675.070676 r 17.240 0.005
53675.071509 i 17.015 0.006
53675.072343 u 19.955 0.050
53675.073176 z 16.888 0.011
53675.074009 g 17.950 0.006
53677.091709 r 17.115 0.005
53677.092542 i 16.943 0.005
53677.093376 u 19.768 0.047
53677.094209 z 16.791 0.011
53677.095042 g 17.948 0.006
53680.078374 r 17.238 0.005
53680.079207 i 17.015 0.006
53680.080041 u 19.900 0.046
53680.080874 z 16.878 0.011
53680.081707 g 17.972 0.007
53693.080282 r 17.230 0.005
53693.081115 i 16.999 0.006
53693.081949 u 19.857 0.054
53693.082782 z 16.878 0.011
53693.083615 g 17.923 0.007
53703.085084 r 17.133 0.100
53703.085917 i 16.923 0.112
53703.086751 u 20.175 0.292
53703.087584 z 16.836 0.113
53703.088417 g 18.200 0.196
53704.063610 r 17.160 0.005
53704.064443 i 17.044 0.006
53704.065277 u 20.249 0.090
53704.066110 z 16.854 0.013
#53704.066943 g -99.000 0.006
53974.151550 r 17.268 0.143
#53974.152384 i -99.000 0.123
53974.153217 u 19.916 0.163
53974.154050 z 16.871 0.141
53974.154884 g 17.939 0.183
#53989.140984 r -99.000 0.140
53989.141818 i 17.013 0.124
53989.142651 u 19.927 0.088
53989.143484 z 16.889 0.133
53989.144318 g 18.050 0.204
53995.148903 r 17.240 0.141
53995.149737 i 16.971 0.123
53995.150570 u 20.078 0.135
53995.151403 z 16.936 0.164
53995.152237 g 17.984 0.191
53997.127274 r 17.199 0.123
53997.128108 i 17.029 0.106
53997.128941 u 19.765 0.211
53997.129774 z 16.882 0.097
53997.130608 g 17.952 0.153
54005.099122 r 17.270 0.140
54005.099955 i 16.978 0.125
54005.100788 u 19.918 0.136
54005.101622 z 16.905 0.140
54005.102455 g 18.000 0.210
54007.111874 r 17.337 0.132
54007.112707 i 17.085 0.122
54007.113540 u 19.839 0.282
54007.114374 z 16.910 0.127
54007.115207 g 17.930 0.141
54009.108981 r 17.262 0.138
54009.109815 i 17.006 0.129
54009.110648 u 19.979 0.150
54009.111481 z 16.853 0.142
54009.112315 g 17.993 0.203
54011.173473 r 17.267 0.134
54011.174307 i 16.962 0.115
54011.175140 u 20.049 0.160
54011.175973 z 16.887 0.152
54011.176807 g 18.001 0.198
54019.123715 r 17.178 0.105
54019.124548 i 16.943 0.092
54019.125382 u 20.174 0.270
54019.126215 z 16.924 0.157
54019.127048 g 18.059 0.162
54025.172498 r 17.238 0.108
54025.173331 i 16.999 0.103
54025.174165 u 19.838 0.110
54025.174998 z 16.891 0.087
54025.175831 g 18.066 0.161
54029.102828 r 17.239 0.105
54029.103661 i 16.973 0.094
54029.104494 u 19.881 0.184
54029.105328 z 16.849 0.087
54029.106161 g 17.943 0.138
54051.079410 r 17.254 0.111
#54051.080243 i -99.000 0.093
54051.081077 u 20.020 0.227
#54051.081910 z -99.000 0.123
54051.082743 g 17.878 0.122
#54356.180989 r -99.000 0.186
#54356.181822 i -99.000 99.999
#54356.182656 u -99.000 0.081
#54356.183489 z -99.000 0.159
54356.184322 g 18.038 0.255
54358.126052 r 17.263 0.103
54358.126885 i 17.064 0.111
54358.127719 u 20.064 0.226
54358.128552 z 16.862 0.099
#54358.129385 g -99.000 0.125
54382.168243 r 17.343 0.105
54382.169076 i 16.851 0.075
54382.169909 u 20.100 0.238
54382.170743 z 16.842 0.091
#54382.171576 g -99.000 0.172
54383.173981 r 17.249 0.130
54383.174814 i 17.027 0.115
54383.175647 u 20.741 0.239
54383.176481 z 16.917 0.135
54383.177314 g 17.938 0.188
54386.171001 r 17.260 0.120
54386.171834 i 17.008 0.137
54386.172667 u 20.055 0.060
54386.173501 z 16.860 0.098
54386.174334 g 17.943 0.170
#54388.175265 r -99.000 0.115
54388.176098 i 17.022 0.112
54388.176931 u 20.110 0.144
54388.177765 z 16.884 0.086
54388.178598 g 17.993 0.160
54403.089041 r 17.238 0.130
54403.089875 i 16.982 0.115
54403.090708 u 19.886 0.203
54403.091541 z 16.853 0.112
54403.092375 g 17.936 0.159
54406.082876 r 17.248 0.127
54406.083710 i 16.992 0.139
54406.084543 u 19.927 0.227
54406.085376 z 16.896 0.102
54406.086210 g 17.937 0.157
54415.123362 r 17.241 0.119
54415.124196 i 16.953 0.108
54415.125029 u 19.978 0.073
54415.125862 z 16.908 0.078
54415.126696 g 17.971 0.179
