53625.163503 r 18.703 0.011
53625.164336 i 18.419 0.010
53625.165170 u 20.866 0.115
53625.166003 z 18.385 0.027
53625.166836 g 19.452 0.016
53636.122540 r 18.864 0.011
53636.123373 i 18.400 0.010
53636.124207 u 21.321 0.137
53636.125040 z 18.418 0.029
53636.125873 g 19.755 0.016
53645.182209 r 18.679 0.010
53645.183042 i 18.545 0.010
53645.183876 u 20.938 0.117
#53645.184709 z -99.000 0.029
#53645.185542 g -99.000 0.041
53655.094544 r 18.806 0.013
53655.095377 i 18.462 0.011
53655.096211 u 21.713 0.288
53655.097044 z 18.622 0.034
53655.097877 g 19.476 0.019
53664.119504 r 18.781 0.013
53664.120337 i 18.671 0.014
53664.121171 u 21.504 0.255
53664.122004 z 18.615 0.042
53664.122837 g 19.715 0.023
53666.083104 r 18.766 0.015
53666.083937 i 18.488 0.016
53666.084771 u 21.297 0.131
53666.085604 z 18.313 0.031
53666.086437 g 19.512 0.015
53669.078742 r 18.652 0.010
53669.079575 i 18.760 0.011
53669.080409 u 21.798 0.201
53669.081242 z 18.243 0.025
#53669.082075 g -99.000 0.014
53674.062976 r 18.548 0.010
53674.063809 i 18.267 0.009
53674.064643 u 21.293 0.142
53674.065476 z 18.215 0.026
53674.066309 g 19.479 0.014
#53681.115876 r -99.000 0.026
#53681.116709 i -99.000 0.027
#53681.117543 u 22.882 1.281
53681.118376 z 18.468 0.072
53681.119209 g 19.525 0.034
53685.074917 r 19.042 0.026
53685.075750 i 19.338 0.031
53685.076584 u 21.631 0.563
53685.077417 z 19.189 0.085
53685.078250 g 20.019 0.054
53687.113272 r 19.250 0.026
53687.114105 i 18.789 0.016
53687.114939 u 21.939 0.767
53687.115772 z 18.915 0.055
53687.116605 g 19.795 0.044
53697.072900 r 18.877 0.029
53697.073733 i 18.621 0.027
53697.074567 u 21.399 0.465
53697.075400 z 18.397 0.087
53697.076233 g 20.752 0.123
53700.071863 r 18.702 0.011
53700.072696 i 18.395 0.011
53700.073530 u 20.881 0.116
53700.074363 z 18.442 0.036
53700.075196 g 19.973 0.022
53705.058532 r 19.130 0.016
53705.059365 i 18.384 0.011
#53705.060199 u 24.727 1.839
53705.061032 z 18.950 0.057
53705.061865 g 20.754 0.049
53975.143524 r 18.785 0.087
53975.144357 i 18.606 0.105
53975.145190 u 22.091 0.374
#53975.146024 z -99.000 0.172
53975.146857 g 20.011 0.173
53994.138990 r 18.732 0.063
53994.139823 i 18.431 0.085
53994.140656 u 21.717 0.237
53994.141490 z 18.359 0.104
53994.142323 g 19.679 0.112
53998.118871 r 18.699 0.108
53998.119705 i 18.530 0.120
53998.120538 u 21.852 0.295
53998.121371 z 18.405 0.118
53998.122205 g 20.005 0.214
54010.104378 r 18.807 0.142
54010.105212 i 18.446 0.124
54010.106045 u 21.125 0.162
54010.106878 z 18.358 0.158
54010.107712 g 19.510 0.145
54012.097193 r 18.763 0.126
54012.098026 i 18.437 0.100
54012.098859 u 22.037 0.624
54012.099693 z 18.449 0.176
54012.100526 g 19.419 0.104
54022.152457 r 19.331 0.198
54022.153290 i 18.457 0.110
#54022.154123 u -99.000 0.275
54022.154957 z 18.884 0.179
#54022.155790 g -99.000 0.357
54030.096745 r 18.897 0.148
54030.097578 i 18.399 0.110
54030.098412 u 20.862 0.090
54030.099245 z 18.321 0.155
54030.100078 g 19.579 0.136
54032.085993 r 18.806 0.115
54032.086827 i 18.660 0.128
54032.087660 u 20.770 0.100
54032.088493 z 18.305 0.095
54032.089327 g 19.560 0.099
54037.077974 r 18.733 0.088
54037.078808 i 18.422 0.098
54037.079641 u 20.933 0.111
54037.080474 z 18.389 0.099
54037.081308 g 19.479 0.058
54040.092460 r 18.778 0.101
54040.093293 i 18.440 0.085
54040.094127 u 20.724 0.162
54040.094960 z 18.300 0.080
54040.095793 g 19.755 0.133
54056.084962 r 19.068 0.135
#54056.085796 i -99.000 0.123
54056.086629 u 20.807 0.135
#54056.087462 z -99.000 0.149
54056.088296 g 19.595 0.112
54059.079269 r 18.822 0.109
54059.080102 i 18.403 0.087
54059.080936 u 20.708 0.112
54059.081769 z 18.493 0.132
54059.082602 g 19.273 0.064
54357.122406 r 19.253 0.154
54357.123239 i 18.559 0.122
54357.124073 u 20.958 0.133
54357.124906 z 18.594 0.158
#54357.125739 g -99.000 0.123
54365.120303 r 18.707 0.113
54365.121136 i 18.559 0.136
54365.121969 u 21.401 0.280
54365.122803 z 18.406 0.147
54365.123636 g 19.802 0.172
