52935.069033 r 16.709 0.004
52935.069866 i 16.610 0.005
52935.070700 u 18.221 0.013
52935.071533 z 16.587 0.009
52935.072366 g 17.020 0.005
53313.062236 r 16.696 0.004
53313.063069 i 16.598 0.005
53313.063903 u 18.214 0.014
53313.064736 z 16.635 0.011
53313.065569 g 17.009 0.004
53622.171482 r 16.603 0.004
53622.172315 i 16.520 0.005
53622.173149 u 18.127 0.015
53622.173982 z 16.452 0.009
53622.174815 g 16.930 0.004
53625.167446 r 16.513 0.005
53625.168279 i 16.413 0.006
53625.169113 u 18.006 0.013
53625.169946 z 16.347 0.008
53625.170779 g 16.792 0.005
53636.126483 r 16.599 0.005
53636.127316 i 16.513 0.005
53636.128150 u 18.133 0.014
53636.128983 z 16.479 0.009
53636.129816 g 16.913 0.004
53645.186153 r 16.541 0.005
#53645.186986 i -99.000 0.005
53645.187820 u 18.113 0.014
53645.188653 z 16.439 0.008
53645.189486 g 16.881 0.004
53655.098488 r 16.524 0.005
53655.099321 i 16.416 0.006
53655.100155 u 17.985 0.014
53655.100988 z 16.351 0.008
53655.101821 g 16.775 0.005
53664.123448 r 16.659 0.004
53664.124281 i 16.602 0.005
53664.125115 u 18.143 0.015
53664.125948 z 16.510 0.009
53664.126781 g 16.941 0.004
53666.087046 r 16.746 0.005
53666.087879 i 16.649 0.005
53666.088713 u 18.215 0.014
53666.089546 z 16.582 0.009
53666.090379 g 17.017 0.005
53669.082685 r 16.486 0.004
53669.083518 i 16.386 0.005
53669.084352 u 17.999 0.012
53669.085185 z 16.342 0.008
53669.086018 g 16.779 0.004
#53681.119819 r -99.000 0.007
53681.120652 i 16.689 0.007
#53681.121486 u -99.000 0.026
53681.122319 z 16.637 0.014
#53681.123152 g -99.000 0.006
53685.078861 r 16.596 0.005
53685.079694 i 16.508 0.005
53685.080528 u 18.113 0.025
53685.081361 z 16.464 0.010
53685.082194 g 16.910 0.006
53697.076842 r 16.776 0.008
53697.077675 i 16.671 0.009
53697.078509 u 18.373 0.042
53697.079342 z 16.617 0.027
#53697.080175 g -99.000 0.010
53700.075806 r 16.485 0.004
53700.076639 i 16.415 0.005
53700.077473 u 17.958 0.013
53700.078306 z 16.339 0.008
53700.079139 g 16.775 0.004
53705.062475 r 16.840 0.004
53705.063308 i 16.733 0.005
53705.064142 u 18.351 0.018
53705.064975 z 16.660 0.011
53705.065808 g 17.155 0.005
53994.142922 r 16.471 0.011
53994.143756 i 16.375 0.022
53994.144589 u 17.991 0.016
53994.145422 z 16.382 0.013
53994.146256 g 16.761 0.007
53998.122825 r 16.467 0.007
53998.123658 i 16.358 0.007
53998.124492 u 17.965 0.019
53998.125325 z 16.348 0.016
53998.126158 g 16.771 0.011
54010.108296 r 16.484 0.006
54010.109129 i 16.388 0.008
54010.109962 u 17.966 0.019
54010.110796 z 16.357 0.014
54010.111629 g 16.808 0.014
54012.101144 r 16.493 0.007
54012.101977 i 16.382 0.013
54012.102810 u 17.968 0.029
54012.103644 z 16.351 0.013
54012.104477 g 16.793 0.016
54020.107119 r 16.586 0.019
54020.107952 i 16.447 0.017
54020.108786 u 18.028 0.020
54020.109619 z 16.443 0.015
54020.110452 g 16.886 0.005
#54022.156427 r -99.000 0.014
#54022.157260 i -99.000 0.014
54022.158093 u 18.619 0.042
54022.158927 z 16.760 0.031
#54022.159760 g -99.000 0.014
54028.097488 r 16.563 0.036
54028.098321 i 16.496 0.028
54028.099155 u 18.154 0.023
54028.099988 z 16.456 0.012
54028.100821 g 16.934 0.008
54030.100691 r 16.628 0.005
54030.101525 i 16.545 0.006
54030.102358 u 18.098 0.016
54030.103191 z 16.487 0.013
54030.104025 g 16.922 0.012
#54032.089944 r -99.000 0.008
#54032.090778 i -99.000 0.008
54032.091611 u 18.151 0.018
54032.092444 z 16.500 0.016
54032.093278 g 16.945 0.011
54034.160457 r 16.582 0.009
54034.161290 i 16.480 0.009
54034.162123 u 18.011 0.018
#54034.162957 z -99.000 0.015
54034.163790 g 16.848 0.007
54037.081919 r 16.517 0.007
54037.082753 i 16.426 0.015
54037.083586 u 18.037 0.019
54037.084419 z 16.361 0.014
54037.085253 g 16.814 0.008
54040.096400 r 16.833 0.007
54040.097233 i 16.738 0.008
54040.098067 u 18.358 0.026
54040.098900 z 16.691 0.014
54040.099733 g 17.163 0.012
54050.081033 r 16.737 0.022
54050.081867 i 16.635 0.010
54050.082700 u 18.223 0.022
54050.083533 z 16.647 0.017
54050.084367 g 17.022 0.008
54053.087191 r 16.508 0.011
54053.088024 i 16.418 0.027
54053.088858 u 18.012 0.019
54053.089691 z 16.368 0.016
54053.090524 g 16.811 0.017
#54056.088868 r -99.000 0.068
54056.089701 i 16.582 0.016
54056.090535 u 18.252 0.031
54056.091368 z 16.611 0.023
54056.092201 g 16.972 0.014
54057.057526 r 16.472 0.012
54057.058359 i 16.395 0.007
54057.059193 u 17.957 0.020
54057.060026 z 16.352 0.013
54057.060859 g 16.782 0.008
54059.083149 r 16.565 0.016
54059.083982 i 16.471 0.011
54059.084815 u 18.013 0.019
54059.085649 z 16.366 0.012
54059.086482 g 16.840 0.008
54061.094199 r 16.621 0.016
54061.095032 i 16.506 0.012
54061.095865 u 18.132 0.048
54061.096699 z 16.457 0.013
54061.097532 g 16.964 0.041
54062.088049 r 16.536 0.042
54062.088882 i 16.493 0.048
54062.089715 u 18.011 0.379
54062.090549 z 16.396 0.014
54062.091382 g 16.845 0.118
54068.078031 r 16.528 0.011
54068.078864 i 16.418 0.014
54068.079697 u 18.080 0.032
54068.080531 z 16.417 0.013
54068.081364 g 16.815 0.009
54357.126349 r 16.507 0.008
54357.127182 i 16.384 0.008
54357.128015 u 17.992 0.020
54357.128849 z 16.364 0.017
54357.129682 g 16.797 0.010
54365.124196 r 16.518 0.013
54365.125030 i 16.488 0.011
54365.125863 u 18.021 0.022
54365.126696 z 16.390 0.017
54365.127530 g 16.843 0.013
54385.174169 r 16.576 0.047
54385.175002 i 16.416 0.007
54385.175835 u 18.060 0.021
54385.176669 z 16.401 0.016
54385.177502 g 16.835 0.006
54387.174685 r 16.560 0.011
#54387.175518 i -99.000 0.109
54387.176352 u 18.019 0.021
54387.177185 z 16.460 0.018
#54387.178018 g -99.000 0.011
54390.177684 r 16.687 0.014
54390.178517 i 16.626 0.016
54390.179350 u 18.178 0.021
54390.180184 z 16.568 0.018
54390.181017 g 16.988 0.006
#54392.169403 r -99.000 0.010
#54392.170236 i -99.000 0.022
#54392.171069 u -99.000 0.048
#54392.171903 z -99.000 0.026
#54392.172736 g -99.000 0.024
54402.167863 r 16.738 0.015
54402.168696 i 16.715 0.014
54402.169530 u 18.203 0.029
54402.170363 z 16.590 0.014
54402.171196 g 17.035 0.015
