52172.223726 r 19.053 0.012
52172.224559 i 18.521 0.011
52172.225393 u 22.984 0.425
52172.226226 z 18.149 0.024
52172.227059 g 20.397 0.022
52935.072042 r 19.089 0.012
52935.072875 i 18.521 0.010
52935.073709 u 25.104 0.889
52935.074542 z 18.246 0.026
52935.075375 g 20.330 0.021
53313.065243 r 18.931 0.013
53313.066076 i 18.446 0.013
53313.066910 u 23.158 0.657
53313.067743 z 18.077 0.030
53313.068576 g 20.243 0.023
53622.174465 r 18.814 0.013
53622.175298 i 18.304 0.011
#53622.176132 u 24.587 1.562
53622.176965 z 18.013 0.030
53622.177798 g 20.128 0.026
53625.170456 r 19.061 0.013
53625.171289 i 18.541 0.011
53625.172123 u 22.913 0.529
53625.172956 z 18.213 0.025
53625.173789 g 20.397 0.033
53636.129494 r 19.041 0.012
53636.130327 i 18.520 0.011
53636.131161 u 23.204 0.539
53636.131994 z 18.283 0.027
53636.132827 g 20.379 0.021
53645.189161 r 19.027 0.012
53645.189994 i 18.506 0.010
53645.190828 u 23.632 0.849
53645.191661 z 18.193 0.024
53645.192494 g 20.394 0.022
53655.101497 r 19.075 0.014
53655.102330 i 18.518 0.012
53655.103164 u 22.718 0.620
53655.103997 z 18.158 0.025
53655.104830 g 20.370 0.036
53664.126456 r 18.921 0.014
53664.127289 i 18.402 0.012
53664.128123 u 22.566 0.595
53664.128956 z 18.151 0.033
53664.129789 g 20.242 0.039
53666.090055 r 19.064 0.012
53666.090888 i 18.867 0.014
53666.091722 u 22.777 0.345
53666.092555 z 18.185 0.026
53666.093388 g 20.383 0.020
53669.085696 r 19.030 0.011
53669.086529 i 18.487 0.010
53669.087363 u 22.936 0.376
53669.088196 z 18.177 0.024
53669.089029 g 20.332 0.020
53674.069929 r 19.068 0.012
53674.070762 i 18.533 0.011
53674.071596 u 22.356 0.263
53674.072429 z 18.247 0.027
53674.073262 g 20.391 0.022
53681.122828 r 19.030 0.025
53681.123661 i 18.473 0.017
#53681.124495 u 23.742 1.168
53681.125328 z 18.187 0.044
53681.126161 g 20.217 0.046
53687.120225 r 19.044 0.018
53687.121058 i 18.494 0.013
#53687.121892 u -99.000 2.079
53687.122725 z 18.189 0.029
53687.123558 g 20.373 0.064
53697.079853 r 18.996 0.045
53697.080686 i 18.567 0.037
#53697.081520 u -99.000 1.083
#53697.082353 z -99.000 0.092
53697.083186 g 20.432 0.088
53700.078815 r 19.068 0.012
53700.079648 i 18.501 0.011
53700.080482 u 22.622 0.392
53700.081315 z 18.249 0.029
53700.082148 g 20.370 0.024
53705.065485 r 18.819 0.013
53705.066318 i 18.728 0.018
53705.067152 u 23.071 0.820
53705.067985 z 17.934 0.029
53705.068818 g 20.942 0.051
53994.145914 r 19.076 0.017
53994.146748 i 18.516 0.018
53994.147581 u 22.686 0.336
53994.148414 z 18.259 0.026
53994.149248 g 20.377 0.025
53998.125829 r 19.038 0.015
53998.126662 i 18.519 0.017
53998.127496 u 22.733 0.343
53998.128329 z 18.186 0.028
53998.129162 g 20.418 0.026
54010.111309 r 19.039 0.017
54010.112143 i 18.518 0.017
54010.112976 u 22.649 0.556
54010.113809 z 18.171 0.026
54010.114643 g 20.421 0.041
54012.104146 r 19.034 0.022
54012.104979 i 18.511 0.023
54012.105812 u 22.452 0.775
54012.106646 z 18.159 0.028
54012.107479 g 20.276 0.057
54020.110129 r 18.998 0.012
54020.110962 i 18.489 0.013
54020.111796 u 23.106 0.681
54020.112629 z 18.166 0.030
54020.113462 g 20.347 0.027
#54022.159414 r -99.000 0.029
#54022.160247 i -99.000 0.022
54022.161081 u 22.218 0.314
54022.161914 z 18.232 0.030
#54022.162747 g -99.000 0.047
54028.100495 r 19.334 0.029
54028.101328 i 18.469 0.021
54028.102162 u 22.404 0.375
54028.102995 z 18.121 0.029
54028.103828 g 21.061 0.088
54030.103684 r 19.056 0.019
54030.104517 i 18.508 0.018
#54030.105351 u 24.173 1.214
54030.106184 z 18.171 0.029
54030.107017 g 20.354 0.027
54032.092945 r 19.038 0.019
#54032.093779 i -99.000 0.021
54032.094612 u 22.180 0.357
#54032.095445 z -99.000 0.037
#54032.096279 g -99.000 0.027
54037.084927 r 19.028 0.015
54037.085760 i 18.518 0.016
54037.086594 u 23.291 0.782
54037.087427 z 18.247 0.029
54037.088260 g 20.347 0.028
54040.099419 r 19.036 0.021
54040.100252 i 18.645 0.024
54040.101085 u 22.482 0.754
54040.101919 z 18.203 0.033
54040.102752 g 20.341 0.047
54050.084038 r 18.968 0.020
54050.084872 i 18.487 0.014
54050.085705 u 22.620 0.494
54050.086538 z 18.195 0.035
54050.087372 g 20.286 0.025
54053.090202 r 19.077 0.022
54053.091036 i 18.497 0.017
54053.091869 u 23.232 0.866
54053.092702 z 18.193 0.032
#54053.093536 g -99.000 0.038
54057.060531 r 19.010 0.015
54057.061364 i 18.478 0.017
54057.062197 u 22.790 0.500
54057.063031 z 18.154 0.028
54057.063864 g 20.295 0.020
54061.097208 r 18.956 0.016
54061.098041 i 18.435 0.015
54061.098875 u 22.045 0.972
54061.099708 z 18.163 0.046
54061.100541 g 20.227 0.026
54357.129351 r 19.040 0.017
54357.130184 i 18.516 0.013
54357.131018 u 22.672 0.366
54357.131851 z 18.172 0.024
#54357.132684 g -99.000 0.025
54365.127215 r 19.054 0.019
54365.128048 i 18.531 0.018
54365.128882 u 22.501 0.578
54365.129715 z 18.276 0.027
54365.130548 g 20.408 0.042
54385.177176 r 18.962 0.017
54385.178009 i 18.427 0.024
54385.178843 u 22.318 0.361
54385.179676 z 18.170 0.026
54385.180509 g 20.273 0.021
54387.177678 r 18.910 0.020
#54387.178512 i -99.000 0.023
54387.179345 u 22.240 0.549
54387.180178 z 18.194 0.035
#54387.181012 g 23.514 1.631
54390.180687 r 18.964 0.020
54390.181520 i 18.735 0.033
#54390.182353 u 25.204 8.234
54390.183187 z 18.190 0.044
54390.184020 g 20.110 0.024
54402.170865 r 19.057 0.020
54402.171698 i 18.502 0.020
#54402.172531 u 99.990 99.999
54402.173365 z 18.184 0.030
54402.174198 g 20.341 0.060
