52075.313660 r 18.498 0.009
52075.314493 i 18.421 0.010
52075.315327 u 20.997 0.118
52075.316160 z 18.076 0.028
52075.316993 g 19.354 0.012
52172.222962 r 18.510 0.009
52172.223795 i 18.228 0.009
52172.224629 u 20.774 0.080
52172.225462 z 18.095 0.026
52172.226295 g 19.198 0.011
52557.160137 r 18.523 0.009
52557.160970 i 18.250 0.009
52557.161804 u 20.856 0.091
52557.162637 z 18.045 0.027
52557.163470 g 19.221 0.011
52929.086438 r 18.530 0.009
52929.087271 i 18.225 0.009
52929.088105 u 20.853 0.092
52929.088938 z 18.049 0.026
52929.089771 g 19.192 0.010
52934.066595 r 18.558 0.009
52934.067428 i 18.266 0.010
52934.068262 u 20.676 0.085
52934.069095 z 18.025 0.027
52934.069928 g 19.229 0.011
52936.062522 r 18.527 0.009
52936.063355 i 18.250 0.010
52936.064189 u 20.783 0.079
52936.065022 z 18.050 0.026
52936.065855 g 19.231 0.011
53270.126584 r 18.535 0.038
53270.127417 i 18.234 0.028
53270.128251 u 20.721 0.091
53270.129084 z 18.058 0.028
53270.129917 g 19.229 0.049
53288.103737 r 18.533 0.009
53288.104570 i 18.259 0.010
53288.105404 u 20.925 0.104
53288.106237 z 18.077 0.028
53288.107070 g 19.256 0.011
53302.099405 r 18.515 0.011
53302.100238 i 18.216 0.010
53302.101072 u 20.566 0.136
53302.101905 z 18.067 0.025
53302.102738 g 19.181 0.016
53622.173731 r 18.537 0.010
53622.174564 i 18.314 0.011
53622.175398 u 20.787 0.115
53622.176231 z 18.034 0.030
53622.177064 g 19.301 0.013
53623.150716 r 18.527 0.009
53623.151549 i 18.233 0.010
53623.152383 u 20.853 0.100
53623.153216 z 18.049 0.025
53623.154049 g 19.219 0.012
53626.136929 r 18.533 0.011
53626.137762 i 18.244 0.011
53626.138596 u 20.724 0.132
53626.139429 z 18.035 0.026
53626.140262 g 19.207 0.017
53628.121794 r 18.670 0.017
53628.122627 i 18.313 0.014
#53628.123461 u 23.272 2.183
53628.124294 z 18.179 0.040
53628.125127 g 19.492 0.033
53637.123405 r 18.541 0.010
53637.124238 i 18.251 0.010
53637.125072 u 20.953 0.132
53637.125905 z 18.187 0.034
53637.126738 g 19.212 0.011
53644.115848 r 18.541 0.034
53644.116681 i 18.186 0.030
53644.117515 u 20.756 0.083
53644.118348 z 18.050 0.028
53644.119181 g 19.274 0.035
53649.110475 r 18.542 0.009
53649.111308 i 18.256 0.010
53649.112142 u 21.274 0.284
#53649.112975 z -99.000 0.051
#53649.113808 g -99.000 0.018
53656.098067 r 18.538 0.014
53656.098900 i 18.224 0.012
53656.099734 u 20.617 0.183
53656.100567 z 18.089 0.035
53656.101400 g 19.243 0.025
#53665.089346 r -99.000 0.027
53665.090179 i 18.485 0.028
53665.091013 u 21.189 0.362
#53665.091846 z -99.000 0.080
#53665.092679 g -99.000 0.044
53668.100978 r 18.713 0.013
53668.101811 i 18.580 0.017
53668.102645 u 21.119 0.168
53668.103478 z 18.079 0.039
53668.104311 g 19.504 0.015
53670.105831 r 18.558 0.010
53670.106664 i 18.277 0.010
53670.107498 u 20.728 0.097
53670.108331 z 18.174 0.037
53670.109164 g 19.260 0.012
53673.073812 r 18.555 0.009
53673.074645 i 18.233 0.010
53673.075479 u 20.579 0.080
53673.076312 z 18.100 0.030
53673.077145 g 19.214 0.011
53675.070702 r 18.538 0.010
53675.071535 i 18.258 0.010
53675.072369 u 20.651 0.081
53675.073202 z 18.114 0.027
53675.074035 g 19.234 0.011
53677.091735 r 18.559 0.010
53677.092568 i 18.275 0.010
53677.093402 u 20.691 0.089
53677.094235 z 18.099 0.027
53677.095068 g 19.261 0.011
53680.078399 r 18.529 0.009
53680.079232 i 18.248 0.009
53680.080066 u 20.607 0.075
53680.080899 z 18.049 0.023
53680.081732 g 19.190 0.011
#53681.122066 r -99.000 0.018
53681.122899 i 18.278 0.018
53681.123733 u 20.692 0.139
53681.124566 z 18.029 0.038
53681.125399 g 19.207 0.019
53693.080307 r 18.540 0.010
53693.081140 i 18.258 0.010
53693.081974 u 21.031 0.126
53693.082807 z 18.147 0.031
53693.083640 g 19.223 0.013
#53697.079091 r -99.000 0.038
#53697.079924 i -99.000 0.033
53697.080758 u 21.913 0.862
53697.081591 z 18.355 0.110
53697.082424 g 19.432 0.038
53703.085109 r 18.619 0.037
53703.085942 i 18.283 0.028
53703.086776 u 21.406 0.223
53703.087609 z 18.323 0.061
53703.088442 g 19.289 0.041
53704.063635 r 18.562 0.010
53704.064468 i 18.192 0.011
53704.065302 u 21.034 0.162
53704.066135 z 18.127 0.035
53704.066968 g 19.322 0.014
53974.151575 r 18.528 0.027
53974.152408 i 18.242 0.031
53974.153241 u 20.747 0.079
53974.154075 z 18.099 0.034
53974.154908 g 19.177 0.049
53989.141036 r 18.570 0.039
53989.141869 i 18.191 0.033
53989.142702 u 20.651 0.084
53989.143536 z 18.068 0.033
53989.144369 g 19.232 0.047
53995.148927 r 18.533 0.037
53995.149760 i 18.307 0.031
53995.150593 u 20.734 0.077
53995.151427 z 18.110 0.031
53995.152260 g 19.233 0.048
53997.127306 r 18.555 0.035
#53997.128139 i -99.000 0.030
53997.128972 u 20.939 0.400
53997.129806 z 18.046 0.041
53997.130639 g 19.195 0.430
54005.099153 r 18.556 0.036
54005.099986 i 18.243 0.031
54005.100819 u 20.896 0.080
54005.101653 z 18.066 0.029
54005.102486 g 19.245 0.045
54007.111904 r 18.507 0.037
54007.112737 i 18.252 0.031
54007.113571 u 20.667 0.077
54007.114404 z 18.123 0.037
54007.115237 g 19.233 0.045
54009.109010 r 18.552 0.025
54009.109843 i 18.250 0.029
54009.110676 u 20.946 0.121
54009.111510 z 18.081 0.034
54009.112343 g 19.228 0.048
54011.173515 r 18.787 0.063
54011.174349 i 18.359 0.041
54011.175182 u 20.819 0.157
54011.176015 z 18.274 0.053
54011.176849 g 19.391 0.046
54019.123709 r 18.546 0.036
54019.124542 i 18.231 0.031
54019.125376 u 20.668 0.077
54019.126209 z 18.144 0.033
54019.127042 g 19.240 0.047
54025.172530 r 18.554 0.035
54025.173364 i 18.247 0.035
54025.174197 u 20.855 0.099
54025.175030 z 18.091 0.032
54025.175864 g 19.195 0.046
54029.102875 r 18.520 0.035
54029.103709 i 18.229 0.031
54029.104542 u 20.741 0.092
54029.105375 z 18.076 0.037
54029.106209 g 19.269 0.050
54059.085399 r 18.562 0.038
54059.086233 i 18.275 0.031
54059.087066 u 20.953 0.137
54059.087899 z 18.031 0.040
54059.088733 g 19.192 0.044
54062.090299 r 18.655 0.039
54062.091133 i 18.404 0.038
54062.091966 u 21.160 0.243
54062.092799 z 18.333 0.068
54062.093633 g 19.275 0.047
#54356.181042 r -99.000 0.084
54356.181875 i 18.565 0.069
54356.182709 u 20.748 0.112
54356.183542 z 18.194 0.041
54356.184375 g 19.624 0.062
54357.128590 r 18.514 0.031
54357.129423 i 18.207 0.057
54357.130257 u 20.798 0.089
54357.131090 z 18.054 0.040
54357.131923 g 19.142 0.037
54358.126077 r 18.508 0.034
54358.126910 i 18.299 0.033
54358.127743 u 20.864 0.099
54358.128577 z 18.048 0.043
54358.129410 g 19.277 0.053
54365.126450 r 18.547 0.028
54365.127283 i 18.226 0.029
54365.128116 u 20.842 0.148
54365.128950 z 18.090 0.039
54365.129783 g 19.198 0.034
54382.168324 r 18.662 0.036
54382.169158 i 18.293 0.036
54382.169991 u 21.292 0.259
#54382.170824 z -99.000 0.067
#54382.171658 g -99.000 0.074
54383.174009 r 18.517 0.036
54383.174843 i 18.255 0.032
54383.175676 u 20.859 0.109
54383.176509 z 18.064 0.036
54383.177343 g 19.248 0.045
54386.171057 r 18.825 0.057
54386.171890 i 18.316 0.036
54386.172723 u 21.039 0.118
#54386.173557 z -99.000 0.038
54386.174390 g 19.523 0.056
54388.175294 r 18.505 0.363
54388.176127 i 18.254 0.030
54388.176960 u 21.319 0.369
54388.177794 z 18.079 0.037
54388.178627 g 19.233 0.381
54402.170105 r 18.539 0.088
54402.170938 i 18.236 0.030
54402.171772 u 20.699 0.225
54402.172605 z 18.128 0.039
54402.173438 g 19.174 0.040
54403.089076 r 18.543 0.035
54403.089909 i 18.249 0.032
54403.090743 u 20.720 0.079
54403.091576 z 18.091 0.030
54403.092409 g 19.156 0.033
54406.082911 r 18.539 0.036
54406.083744 i 18.235 0.032
54406.084578 u 20.743 0.074
54406.085411 z 18.081 0.032
54406.086244 g 19.196 0.050
54412.085826 r 18.503 0.030
54412.086659 i 18.236 0.033
54412.087492 u 20.597 0.093
54412.088326 z 18.159 0.040
54412.089159 g 19.194 0.036
54415.123385 r 18.528 0.030
54415.124218 i 18.263 0.032
54415.125051 u 20.655 0.086
54415.125885 z 18.127 0.028
54415.126718 g 19.169 0.048
