52172.229653 r 20.087 0.024
52172.230486 i 19.849 0.026
52172.231320 u 21.704 0.161
52172.232153 z 20.201 0.139
52172.232986 g 20.448 0.026
52930.080180 r 19.692 0.021
52930.081013 i 19.845 0.033
52930.081847 u 21.480 0.174
52930.082680 z 19.955 0.144
52930.083513 g 20.190 0.022
52931.081011 r 20.444 0.034
52931.081844 i 19.874 0.027
52931.082678 u 22.013 0.220
52931.083511 z 20.144 0.145
52931.084344 g 20.513 0.026
53625.176387 r 20.121 0.028
53625.177220 i 20.061 0.032
53625.178054 u 21.732 0.198
53625.178887 z 19.919 0.104
53625.179720 g 20.498 0.033
53636.135421 r 19.988 0.023
53636.136254 i 20.144 0.042
53636.137088 u 21.494 0.176
53636.137921 z 19.983 0.132
53636.138754 g 20.480 0.027
53645.195091 r 20.035 0.023
53645.195924 i 19.797 0.033
53645.196758 u 21.856 0.252
53645.197591 z 20.020 0.152
53645.198424 g 20.406 0.024
53655.107428 r 20.204 0.033
53655.108261 i 19.965 0.032
53655.109095 u 21.727 0.266
53655.109928 z 19.876 0.109
53655.110761 g 20.510 0.042
53666.095987 r 19.966 0.021
53666.096820 i 19.960 0.030
53666.097654 u 21.368 0.115
53666.098487 z 19.903 0.109
53666.099320 g 20.353 0.020
53669.091626 r 20.144 0.025
53669.092459 i 20.012 0.029
53669.093293 u 21.853 0.187
53669.094126 z 19.860 0.101
53669.094959 g 20.364 0.022
53674.075861 r 20.224 0.031
53674.076694 i 19.985 0.033
53674.077528 u 21.778 0.193
53674.078361 z 19.851 0.115
53674.079194 g 20.425 0.023
53700.084744 r 20.016 0.026
53700.085577 i 19.790 0.029
53700.086411 u 21.910 0.244
53700.087244 z 20.202 0.168
53700.088077 g 20.569 0.029
53994.151860 r 19.927 0.410
53994.152693 i 19.843 0.442
53994.153527 u 21.919 0.231
53994.154360 z 20.010 0.436
53994.155193 g 20.300 0.317
53998.131757 r 19.976 0.278
53998.132590 i 19.869 0.413
53998.133423 u 21.455 0.184
53998.134257 z 19.881 0.423
53998.135090 g 20.333 0.240
54005.169009 r 20.113 0.344
54005.169842 i 19.900 0.315
54005.170676 u 21.445 0.204
54005.171509 z 19.809 0.474
54005.172342 g 20.306 0.232
54010.117239 r 20.090 0.373
54010.118073 i 19.902 0.384
54010.118906 u 21.445 0.215
54010.119739 z 20.033 0.422
54010.120573 g 20.449 0.267
54012.110077 r 19.939 0.365
54012.110910 i 19.890 0.485
54012.111744 u 21.837 0.487
54012.112577 z 19.896 0.409
54012.113410 g 20.584 0.367
54030.109620 r 20.241 0.402
54030.110453 i 19.968 0.574
54030.111286 u 22.558 0.448
54030.112120 z 20.136 0.190
54030.112953 g 20.484 0.282
54037.090855 r 20.024 0.336
54037.091688 i 19.916 0.327
54037.092522 u 21.914 0.341
54037.093355 z 19.897 0.420
54037.094188 g 20.370 0.215
54357.135303 r 20.147 0.525
54357.136136 i 20.046 0.351
54357.136969 u 21.909 0.221
54357.137803 z 19.610 0.105
54357.138636 g 20.392 0.314
