52172.224970 r 19.056 0.012
52172.225803 i 18.477 0.011
52172.226637 u 22.919 0.406
52172.227470 z 17.884 0.020
52172.228303 g 20.350 0.022
52935.073283 r 19.018 0.012
52935.074116 i 18.339 0.010
52935.074950 u 22.774 0.375
52935.075783 z 17.958 0.021
52935.076616 g 20.346 0.022
53313.066485 r 18.997 0.014
53313.067318 i 18.323 0.011
53313.068152 u 23.297 0.705
53313.068985 z 17.888 0.026
53313.069818 g 20.511 0.030
53622.175731 r 18.929 0.013
53622.176564 i 18.411 0.013
53622.177398 u 22.525 0.497
53622.178231 z 17.969 0.026
53622.179064 g 20.566 0.039
53625.171697 r 18.968 0.012
53625.172530 i 18.364 0.011
53625.173364 u 23.119 0.708
53625.174197 z 18.000 0.022
53625.175030 g 20.395 0.033
53636.130735 r 18.970 0.012
53636.131568 i 18.256 0.010
53636.132402 u 25.243 0.873
53636.133235 z 17.852 0.020
53636.134068 g 20.344 0.022
53645.190402 r 19.175 0.013
53645.191235 i 18.300 0.010
53645.192069 u 23.234 0.652
53645.192902 z 17.948 0.021
53645.193735 g 20.463 0.024
53655.102738 r 18.985 0.014
53655.103571 i 18.313 0.011
53655.104405 u 22.908 0.733
53655.105238 z 17.917 0.021
53655.106071 g 20.537 0.042
53664.127698 r 18.957 0.015
53664.128531 i 18.287 0.012
#53664.129365 u 23.717 1.490
53664.130198 z 17.834 0.023
53664.131031 g 20.611 0.051
53666.091297 r 18.969 0.012
53666.092130 i 18.348 0.011
53666.092964 u 23.632 0.699
53666.093797 z 17.899 0.021
53666.094630 g 20.439 0.021
53669.086937 r 19.041 0.012
53669.087770 i 18.282 0.010
53669.088604 u 23.884 0.774
53669.089437 z 18.109 0.023
53669.090270 g 20.556 0.024
53674.071171 r 19.004 0.013
53674.072004 i 18.293 0.010
53674.072838 u 22.481 0.296
53674.073671 z 18.000 0.023
53674.074504 g 20.589 0.025
53681.124069 r 18.978 0.020
53681.124902 i 18.388 0.017
53681.125736 u 22.456 0.584
#53681.126569 z -99.000 0.041
53681.127402 g 20.563 0.068
53685.083112 r 19.312 0.031
53685.083945 i 18.515 0.018
53685.084779 u 21.131 0.405
53685.085612 z 18.078 0.039
53685.086445 g 21.332 0.210
53687.121466 r 19.200 0.020
53687.122299 i 18.359 0.012
#53687.123133 u 23.563 2.789
53687.123966 z 17.914 0.022
53687.124799 g 20.455 0.072
53697.081094 r 19.184 0.050
#53697.081927 i -99.000 0.030
#53697.082761 u 22.942 1.087
53697.083594 z 18.214 0.090
53697.084427 g 20.290 0.079
53700.080056 r 19.001 0.013
53700.080889 i 18.283 0.010
53700.081723 u 23.068 0.559
53700.082556 z 17.867 0.022
53700.083389 g 20.525 0.027
53705.066727 r 19.368 0.021
53705.067560 i 18.319 0.012
#53705.068394 u 23.665 1.046
53705.069227 z 18.036 0.029
53705.070060 g 20.650 0.035
53975.151720 r 19.402 0.478
53975.152554 i 18.425 0.254
#53975.153387 u 99.994 99.999
53975.154220 z 18.855 0.587
53975.155054 g 20.365 0.454
53994.147155 r 18.970 0.365
53994.147988 i 18.257 0.329
53994.148821 u 23.507 0.753
53994.149655 z 17.919 0.212
53994.150488 g 20.426 0.175
53998.127068 r 18.944 0.370
53998.127902 i 18.255 0.315
53998.128735 u 22.992 0.407
53998.129568 z 17.825 0.314
53998.130402 g 20.380 0.241
54010.112545 r 18.928 0.230
54010.113378 i 18.234 0.344
54010.114211 u 22.468 0.467
54010.115045 z 17.885 0.030
54010.115878 g 20.393 0.051
54012.105409 r 18.968 0.045
54012.106242 i 18.308 0.318
54012.107076 u 21.358 0.260
54012.107909 z 17.863 0.028
54012.108742 g 20.360 0.072
54020.111368 r 19.020 0.447
54020.112202 i 18.395 0.371
#54020.113035 u 24.032 1.755
54020.113868 z 18.011 0.125
54020.114702 g 20.471 0.436
#54022.160946 r -99.000 0.250
54022.161779 i 18.317 0.297
#54022.162613 u -99.000 0.834
#54022.163446 z -99.000 0.049
#54022.164279 g -99.000 0.122
54028.101742 r 19.128 0.400
54028.102576 i 18.302 0.330
#54028.103409 u 23.316 1.056
54028.104242 z 18.048 0.263
54028.105076 g 21.448 0.429
54030.104926 r 19.029 0.331
54030.105759 i 18.300 0.326
54030.106593 u 23.723 0.825
54030.107426 z 17.924 0.035
54030.108259 g 20.454 0.044
#54032.094192 r -99.000 0.281
#54032.095026 i -99.000 0.382
#54032.095859 u -99.000 1.117
#54032.096692 z -99.000 0.293
#54032.097526 g -99.000 0.380
54037.086178 r 19.013 0.204
54037.087012 i 18.309 0.353
#54037.087845 u 23.630 1.046
54037.088678 z 17.888 0.029
54037.089512 g 20.494 0.064
54040.100649 r 19.122 0.515
54040.101482 i 18.291 0.350
#54040.102315 u 100.065 99.999
54040.103149 z 18.045 0.043
54040.103982 g 20.577 0.208
54050.085281 r 18.931 0.337
54050.086114 i 18.345 0.298
#54050.086947 u 23.553 1.202
54050.087781 z 18.174 0.314
54050.088614 g 20.349 0.364
54053.091452 r 19.428 0.596
54053.092286 i 18.304 0.313
54053.093119 u 22.496 0.448
54053.093952 z 18.126 0.178
54053.094786 g 20.752 0.499
54056.093117 r 19.187 0.490
#54056.093950 i -99.000 0.384
#54056.094784 u -99.000 99.999
#54056.095617 z -99.000 0.152
#54056.096450 g -99.000 0.337
54057.061768 r 18.961 0.428
54057.062601 i 18.326 0.325
#54057.063434 u 99.969 99.999
54057.064268 z 17.942 0.216
54057.065101 g 20.516 0.424
54059.087401 r 18.966 0.369
54059.088234 i 18.358 0.341
#54059.089068 u 99.985 99.999
54059.089901 z 18.056 0.294
54059.090734 g 20.534 0.533
54061.098466 r 19.163 0.380
54061.099300 i 18.712 0.412
#54061.100133 u 26.061 99.999
54061.100966 z 18.067 0.275
54061.101800 g 20.631 0.546
54062.092299 r 18.981 0.305
54062.093133 i 18.492 0.291
#54062.093966 u 24.102 2.474
54062.094799 z 18.017 0.262
#54062.095633 g -99.000 0.472
54068.082283 r 18.991 0.332
54068.083116 i 18.285 0.241
#54068.083949 u 99.969 99.999
54068.084783 z 17.971 0.257
54068.085616 g 20.429 0.445
#54357.130596 r -99.000 0.437
54357.131429 i 18.280 0.324
54357.132263 u 22.791 0.416
54357.133096 z 17.850 0.183
54357.133929 g 20.447 0.109
54365.128445 r 18.931 0.426
54365.129279 i 18.278 0.320
#54365.130112 u 99.995 99.999
54365.130945 z 17.908 0.359
54365.131779 g 20.444 0.632
54385.178414 r 18.970 0.408
54385.179248 i 18.403 0.399
#54385.180081 u 23.730 1.210
54385.180914 z 17.895 0.060
54385.181748 g 20.648 0.197
54402.172105 r 19.022 0.388
54402.172938 i 18.248 0.313
54402.173772 u 21.811 0.564
54402.174605 z 17.985 0.043
54402.175438 g 20.702 0.284
