52172.223702 r 17.362 0.006
52172.224535 i 17.171 0.006
52172.225369 u 19.202 0.028
52172.226202 z 17.059 0.012
52172.227035 g 17.902 0.007
52935.072018 r 17.412 0.006
52935.072851 i 17.208 0.006
52935.073685 u 19.166 0.026
52935.074518 z 17.103 0.013
52935.075351 g 17.903 0.006
53313.065219 r 17.286 0.005
53313.066052 i 17.103 0.006
53313.066886 u 19.233 0.032
53313.067719 z 17.009 0.014
53313.068552 g 17.762 0.006
53622.174443 r 17.288 0.005
53622.175276 i 17.010 0.006
53622.176110 u 19.291 0.040
53622.176943 z 16.959 0.014
53622.177776 g 17.862 0.006
53625.170433 r 17.408 0.006
53625.171266 i 17.159 0.006
53625.172100 u 19.134 0.029
53625.172933 z 17.066 0.012
53625.173766 g 18.265 0.008
53636.129470 r 17.381 0.006
53636.130303 i 17.181 0.006
53636.131137 u 19.261 0.029
53636.131970 z 17.101 0.013
53636.132803 g 17.870 0.006
53645.189137 r 17.417 0.006
53645.189970 i 17.169 0.006
53645.190804 u 19.233 0.031
53645.191637 z 17.113 0.012
53645.192470 g 17.905 0.006
53655.101473 r 17.501 0.007
53655.102306 i 17.215 0.007
53655.103140 u 19.242 0.036
53655.103973 z 17.099 0.013
53655.104806 g 18.314 0.009
53664.126432 r 17.430 0.006
53664.127265 i 17.165 0.006
53664.128099 u 19.297 0.039
53664.128932 z 17.116 0.015
53664.129765 g 17.855 0.007
53666.090032 r 17.547 0.006
53666.090865 i 17.232 0.006
53666.091699 u 19.318 0.029
53666.092532 z 17.171 0.014
53666.093365 g 17.894 0.006
53669.085672 r 17.349 0.005
53669.086505 i 17.116 0.006
53669.087339 u 19.218 0.028
53669.088172 z 17.174 0.013
53669.089005 g 17.822 0.006
53674.069905 r 17.387 0.006
53674.070738 i 17.183 0.006
53674.071572 u 19.306 0.030
53674.072405 z 17.050 0.013
53674.073238 g 17.831 0.006
#53681.122803 r -99.000 0.009
#53681.123636 i -99.000 0.009
53681.124470 u 19.218 0.044
53681.125303 z 17.091 0.020
53681.126136 g 18.079 0.010
53685.081846 r 17.443 0.008
53685.082679 i 17.189 0.007
53685.083513 u 19.627 0.099
53685.084346 z 17.100 0.016
53685.085179 g 17.926 0.011
53687.120199 r 17.401 0.006
53687.121032 i 17.174 0.007
53687.121866 u 19.413 0.075
53687.122699 z 17.076 0.013
53687.123532 g 17.920 0.009
53697.079829 r 17.397 0.013
53697.080662 i 17.510 0.018
53697.081496 u 19.472 0.106
53697.082329 z 17.168 0.037
53697.083162 g 17.900 0.013
53700.078790 r 17.382 0.006
53700.079623 i 17.173 0.006
53700.080457 u 19.221 0.033
53700.081290 z 17.110 0.013
53700.082123 g 18.569 0.009
53705.065461 r 17.272 0.005
53705.066294 i 16.976 0.006
53705.067128 u 19.074 0.035
53705.067961 z 16.911 0.013
53705.068794 g 17.831 0.006
53994.145909 r 17.359 0.075
#53994.146742 i -99.000 0.126
53994.147576 u 19.217 0.053
53994.148409 z 17.078 0.064
53994.149242 g 18.366 0.147
53998.125801 r 17.413 0.100
53998.126634 i 17.199 0.122
53998.127467 u 19.215 0.057
53998.128301 z 17.089 0.105
53998.129134 g 17.889 0.090
54010.111279 r 17.398 0.124
54010.112113 i 17.255 0.131
54010.112946 u 19.293 0.078
54010.113779 z 17.060 0.145
54010.114613 g 17.891 0.110
54012.104126 r 17.361 0.105
54012.104959 i 17.154 0.109
54012.105793 u 19.220 0.092
54012.106626 z 17.059 0.128
54012.107459 g 17.896 0.106
54020.110109 r 17.438 0.061
54020.110942 i 17.192 0.057
54020.111776 u 19.288 0.091
54020.112609 z 17.061 0.060
54020.113442 g 17.966 0.074
#54022.159385 r -99.000 0.099
#54022.160218 i -99.000 0.113
54022.161051 u 19.207 0.132
54022.161885 z 17.108 0.115
#54022.162718 g -99.000 0.112
54028.100493 r 17.349 0.070
54028.101326 i 17.131 0.064
54028.102160 u 19.421 0.107
54028.102993 z 17.040 0.063
54028.103826 g 17.972 0.065
54030.103670 r 17.473 0.104
54030.104503 i 17.212 0.097
54030.105336 u 19.248 0.062
54030.106170 z 17.088 0.105
54030.107003 g 17.866 0.086
54032.093007 r 17.403 0.080
#54032.093840 i -99.000 0.087
54032.094674 u 19.233 0.055
#54032.095507 z -99.000 0.107
54032.096340 g 17.819 0.069
54034.163166 r 17.353 0.089
54034.163999 i 17.233 0.092
54034.164833 u 19.853 0.125
54034.165666 z 17.254 0.133
#54034.166499 g -99.000 0.106
54037.084899 r 17.401 0.069
#54037.085732 i 27.124 99.999
54037.086565 u 19.300 0.073
54037.087399 z 17.052 0.074
54037.088232 g 17.901 0.064
54040.099386 r 17.404 0.095
54040.100219 i 17.222 0.091
54040.101053 u 19.236 0.096
54040.101886 z 17.140 0.092
54040.102719 g 17.935 0.082
54050.084020 r 17.407 0.064
54050.084853 i 17.118 0.065
54050.085687 u 19.245 0.090
54050.086520 z 17.031 0.069
54050.087353 g 17.876 0.065
54053.090173 r 17.502 0.087
54053.091006 i 17.172 0.083
54053.091840 u 19.474 0.085
54053.092673 z 17.108 0.086
54053.093506 g 17.924 0.095
54056.091862 r 17.520 0.115
#54056.092696 i -99.000 0.100
#54056.093529 u -99.000 0.078
54056.094362 z 17.306 0.107
54056.095196 g 17.970 0.103
54057.060506 r 17.392 0.072
54057.061339 i 17.194 0.076
54057.062173 u 19.259 0.081
54057.063006 z 17.033 0.076
54057.063839 g 17.867 0.064
54059.086148 r 17.428 0.091
54059.086981 i 17.133 0.081
54059.087815 u 19.724 0.090
54059.088648 z 17.159 0.117
54059.089481 g 18.024 0.125
54061.097211 r 17.444 0.078
54061.098044 i 17.119 0.067
54061.098877 u 19.512 0.087
54061.099711 z 17.123 0.091
54061.100544 g 17.858 0.088
54062.091036 r 17.533 0.101
54062.091869 i 17.201 0.106
54062.092702 u 19.464 0.096
54062.093536 z 17.149 0.120
54062.094369 g 17.989 0.097
54068.081005 r 17.434 0.092
54068.081838 i 17.339 0.121
54068.082671 u 19.616 0.126
54068.083505 z 17.169 0.122
54068.084338 g 17.945 0.095
#54357.129326 r -99.000 0.076
#54357.130160 i -99.000 0.114
54357.130993 u 19.182 0.116
54357.131826 z 17.099 0.104
#54357.132660 g -99.000 0.059
54365.127190 r 17.367 0.080
54365.128024 i 17.176 0.105
54365.128857 u 19.157 0.064
54365.129690 z 17.069 0.067
54365.130524 g 17.862 0.076
54385.177163 r 17.321 0.070
54385.177996 i 17.180 0.077
54385.178829 u 19.336 0.090
54385.179663 z 17.095 0.069
54385.180496 g 17.864 0.069
#54387.177654 r -99.000 0.094
#54387.178487 i -99.000 0.083
54387.179320 u 19.746 0.102
54387.180154 z 17.181 0.131
54387.180987 g 17.882 0.085
54390.180672 r 17.831 0.140
54390.181505 i 17.175 0.078
54390.182338 u 19.686 0.150
54390.183172 z 17.556 0.160
54390.184005 g 18.153 0.121
54402.170835 r 17.424 0.062
54402.171668 i 17.174 0.062
54402.172501 u 19.342 0.092
54402.173335 z 17.088 0.086
54402.174168 g 17.925 0.066
