52172.228435 r 19.697 0.019
52172.229268 i 19.322 0.020
52172.230102 u 22.614 0.355
52172.230935 z 19.103 0.050
52172.231768 g 20.333 0.023
52931.079776 r 19.391 0.015
52931.080609 i 19.256 0.020
52931.081443 u 22.820 0.459
52931.082276 z 18.973 0.053
52931.083109 g 20.163 0.021
52935.076739 r 19.373 0.016
52935.077572 i 19.101 0.019
52935.078406 u 21.751 0.204
52935.079239 z 18.981 0.055
52935.080072 g 20.148 0.021
53313.069940 r 19.390 0.019
53313.070773 i 19.155 0.024
53313.071607 u 21.988 0.315
53313.072440 z 19.089 0.083
53313.073273 g 20.206 0.025
53625.175153 r 19.395 0.018
53625.175986 i 19.289 0.023
53625.176820 u 22.230 0.351
53625.177653 z 18.955 0.049
53625.178486 g 20.173 0.028
53636.134189 r 19.397 0.015
53636.135022 i 19.158 0.019
53636.135856 u 22.449 0.400
53636.136689 z 18.954 0.052
53636.137522 g 20.149 0.021
53655.106195 r 19.476 0.020
53655.107028 i 19.309 0.023
53655.107862 u 21.982 0.334
53655.108695 z 19.201 0.062
53655.109528 g 20.389 0.038
53664.131153 r 19.518 0.023
53664.131986 i 19.715 0.037
53664.132820 u 22.843 0.839
53664.133653 z 19.114 0.059
53664.134486 g 20.352 0.038
53666.094753 r 19.715 0.019
53666.095586 i 19.294 0.021
53666.096420 u 21.882 0.191
53666.097253 z 19.168 0.058
53666.098086 g 20.260 0.019
53669.090393 r 19.491 0.016
53669.091226 i 19.320 0.020
53669.092060 u 22.466 0.305
53669.092893 z 19.102 0.052
53669.093726 g 20.226 0.019
53674.074628 r 19.413 0.018
53674.075461 i 19.227 0.023
53674.076295 u 22.593 0.399
53674.077128 z 19.101 0.064
53674.077961 g 20.173 0.021
53687.124920 r 20.053 0.047
53687.125753 i 19.427 0.030
#53687.126587 u 24.624 4.673
53687.127420 z 22.832 0.849
53687.128253 g 20.352 0.063
53700.083511 r 19.558 0.018
53700.084344 i 19.245 0.021
53700.085178 u 22.178 0.308
53700.086011 z 19.172 0.061
53700.086844 g 20.314 0.025
53705.070182 r 19.492 0.021
53705.071015 i 19.114 0.022
53705.071849 u 22.414 0.497
53705.072682 z 18.984 0.063
53705.073515 g 20.052 0.023
53994.150626 r 19.521 0.141
53994.151460 i 19.344 0.181
#53994.152293 u 27.512 99.999
53994.153126 z 19.094 0.131
53994.153960 g 20.280 0.193
53998.130521 r 19.493 0.159
53998.131354 i 19.258 0.162
53998.132188 u 23.322 0.689
53998.133021 z 19.110 0.096
53998.133854 g 20.227 0.171
54005.167775 r 19.621 0.204
54005.168608 i 19.260 0.159
54005.169442 u 22.209 0.294
54005.170275 z 19.081 0.129
54005.171108 g 20.296 0.184
54010.116000 r 19.514 0.127
54010.116833 i 20.052 0.265
54010.117666 u 22.066 0.478
54010.118500 z 19.159 0.138
54010.119333 g 20.631 0.239
54022.164111 r 19.461 0.091
54022.164944 i 19.532 0.128
54022.165778 u 21.855 0.270
#54022.166611 z -99.000 0.099
54022.167444 g 20.309 0.157
54030.108388 r 19.702 0.222
54030.109221 i 19.390 0.199
#54030.110054 u 37.221 99.999
54030.110888 z 19.189 0.122
54030.111721 g 20.262 0.195
54037.089621 r 19.543 0.163
54037.090454 i 19.268 0.165
54037.091287 u 22.463 0.711
54037.092121 z 19.080 0.131
54037.092954 g 20.384 0.217
54040.104106 r 19.515 0.120
54040.104940 i 19.393 0.124
54040.105773 u 22.209 0.741
54040.106606 z 19.207 0.120
54040.107440 g 21.537 0.453
54050.088736 r 19.666 0.073
54050.089569 i 20.872 0.470
#54050.090403 u 23.425 1.084
54050.091236 z 19.047 0.103
54050.092069 g 20.220 0.135
54057.065225 r 19.429 0.133
54057.066058 i 19.299 0.144
54057.066892 u 22.714 0.635
54057.067725 z 18.977 0.106
54057.068558 g 20.133 0.154
54059.090856 r 20.160 0.203
54059.091689 i 19.985 0.265
#54059.092522 u 23.179 1.073
54059.093356 z 19.146 0.153
54059.094189 g 20.878 0.171
54357.134047 r 19.505 0.152
54357.134880 i 19.294 0.176
54357.135713 u 22.275 0.358
54357.136547 z 19.194 0.091
54357.137380 g 20.275 0.180
54365.131905 r 19.516 0.146
54365.132739 i 19.202 0.142
54365.133572 u 22.058 0.401
54365.134405 z 19.130 0.092
54365.135239 g 20.282 0.143
54385.181871 r 19.483 0.141
54385.182704 i 19.596 0.229
54385.183537 u 21.648 0.230
54385.184371 z 19.020 0.120
54385.185204 g 20.191 0.177
54402.175565 r 19.489 0.106
54402.176398 i 19.800 0.172
#54402.177231 u 100.004 99.999
54402.178065 z 19.040 0.106
54402.178898 g 21.282 0.388
