52172.222939 r 19.685 0.017
52172.223772 i 19.332 0.020
52172.224606 u 21.894 0.201
52172.225439 z 18.813 0.042
52172.226272 g 20.340 0.021
52935.071253 r 19.605 0.017
52935.072086 i 19.310 0.020
52935.072920 u 21.825 0.186
52935.073753 z 19.072 0.055
52935.074586 g 20.326 0.022
53313.064455 r 19.693 0.023
53313.065288 i 19.307 0.027
53313.066122 u 22.226 0.353
53313.066955 z 19.340 0.092
53313.067788 g 20.388 0.026
53622.173679 r 19.730 0.023
53622.174512 i 19.380 0.029
53622.175346 u 22.200 0.379
53622.176179 z 19.071 0.063
53622.177012 g 20.569 0.042
53625.169669 r 19.589 0.019
53625.170502 i 19.273 0.021
53625.171336 u 21.795 0.236
53625.172169 z 18.945 0.048
53625.173002 g 20.300 0.030
53636.128705 r 19.696 0.017
53636.129538 i 19.327 0.021
53636.130372 u 22.263 0.296
53636.131205 z 19.082 0.053
53636.132038 g 20.301 0.021
53645.188372 r 19.653 0.018
53645.189205 i 19.344 0.020
53645.190039 u 21.986 0.248
53645.190872 z 19.259 0.059
53645.191705 g 20.394 0.022
53655.100708 r 19.619 0.022
53655.101541 i 19.301 0.023
53655.102375 u 22.059 0.372
53655.103208 z 19.839 0.112
53655.104041 g 20.320 0.037
53664.125667 r 19.751 0.025
53664.126500 i 19.491 0.029
#53664.127334 u 23.141 1.027
53664.128167 z 19.138 0.066
53664.129000 g 20.453 0.049
53666.089267 r 19.705 0.018
53666.090100 i 19.279 0.021
53666.090934 u 22.329 0.283
53666.091767 z 19.025 0.055
53666.092600 g 20.323 0.020
53669.084908 r 19.760 0.018
53669.085741 i 19.403 0.021
53669.086575 u 21.894 0.180
53669.087408 z 19.690 0.086
53669.088241 g 20.419 0.021
53674.069141 r 19.811 0.021
53674.069974 i 19.404 0.024
53674.070808 u 22.251 0.269
53674.071641 z 19.231 0.067
53674.072474 g 20.364 0.021
#53681.122039 r -99.000 0.049
53681.122872 i 19.200 0.050
53681.123706 u 22.485 0.667
#53681.124539 z -99.000 0.076
53681.125372 g 20.325 0.046
53685.081081 r 19.794 0.047
53685.081914 i 19.502 0.048
#53685.082748 u 23.233 2.310
53685.083581 z 19.434 0.110
53685.084414 g 20.855 0.127
53687.119434 r 19.631 0.030
53687.120267 i 19.401 0.030
53687.121101 u 21.737 0.556
53687.121934 z 19.186 0.066
53687.122767 g 20.415 0.067
53697.079064 r 19.593 0.076
53697.079897 i 19.282 0.083
53697.080731 u 22.131 0.964
53697.081564 z 19.061 0.182
53697.082397 g 20.371 0.083
53700.078025 r 19.626 0.019
53700.078858 i 19.302 0.022
53700.079692 u 21.488 0.171
53700.080525 z 19.144 0.062
53700.081358 g 20.336 0.024
53705.064696 r 19.705 0.025
53705.065529 i 19.492 0.032
53705.066363 u 22.117 0.394
53705.067196 z 19.360 0.085
53705.068029 g 20.462 0.030
53975.149686 r 19.692 0.396
53975.150519 i 19.385 0.248
53975.151352 u 21.428 0.170
53975.152186 z 19.279 0.630
53975.153019 g 20.387 0.890
53994.145136 r 19.627 0.023
53994.145969 i 19.320 0.027
53994.146802 u 22.314 0.280
53994.147636 z 19.133 0.073
53994.148469 g 20.428 0.027
53998.125036 r 19.608 0.510
53998.125870 i 19.343 0.085
53998.126703 u 21.687 0.146
53998.127536 z 19.167 0.072
53998.128370 g 20.380 0.579
54010.110517 r 19.606 0.156
54010.111351 i 19.361 0.027
54010.112184 u 21.972 0.318
54010.113017 z 19.256 0.065
54010.113851 g 20.560 0.051
54012.103361 r 19.671 0.037
54012.104194 i 19.341 0.034
#54012.105027 u 25.753 99.999
54012.105861 z 18.982 0.056
54012.106694 g 20.299 0.055
54020.109337 r 19.605 0.157
54020.110170 i 19.453 0.709
54020.111003 u 21.727 0.228
54020.111837 z 19.471 0.109
#54020.112670 g 20.403 1.140
#54022.158620 r -99.000 0.065
#54022.159453 i -99.000 0.050
#54022.160287 u -99.000 0.353
54022.161120 z 19.512 0.137
#54022.161953 g -99.000 0.051
54028.099708 r 19.692 0.650
54028.100541 i 19.386 0.319
54028.101374 u 22.060 0.377
54028.102208 z 19.252 0.133
#54028.103041 g -99.000 0.851
54030.102897 r 19.646 0.019
54030.103731 i 19.468 0.030
54030.104564 u 22.331 0.270
54030.105397 z 19.256 0.063
54030.106231 g 20.374 0.022
54032.092210 r 19.646 0.080
#54032.093043 i -99.000 0.072
54032.093877 u 22.347 0.394
#54032.094710 z -99.000 0.095
54032.095543 g 20.426 0.063
54037.084135 r 19.769 0.090
54037.084969 i 19.492 0.136
54037.085802 u 22.472 0.433
54037.086635 z 19.073 0.052
54037.087469 g 20.410 0.041
54040.098623 r 19.803 0.049
54040.099456 i 19.450 0.225
#54040.100290 u 22.299 1.243
54040.101123 z 19.151 0.066
54040.101956 g 20.420 0.056
54050.083251 r 19.756 0.379
54050.084084 i 19.347 0.482
54050.084917 u 22.469 0.608
54050.085751 z 19.465 0.200
#54050.086584 g 20.421 1.198
54053.089408 r 19.745 0.431
54053.090242 i 19.603 0.503
54053.091075 u 22.320 0.472
54053.091908 z 19.724 0.184
#54053.092742 g 20.370 1.035
54056.091094 r 19.713 0.134
54056.091927 i 19.350 0.175
54056.092761 u 22.043 0.350
#54056.093594 z -99.000 0.117
#54056.094427 g 20.821 1.678
54057.059737 r 19.702 0.892
54057.060570 i 19.409 0.059
54057.061403 u 21.832 0.220
54057.062237 z 19.064 0.086
54057.063070 g 20.367 0.172
54059.085369 r 19.730 0.455
54059.086202 i 19.490 0.140
54059.087035 u 22.241 0.423
54059.087869 z 19.220 0.146
54059.088702 g 20.393 0.961
54061.096417 r 19.657 0.608
54061.097251 i 19.372 0.102
#54061.098084 u 23.159 1.139
54061.098917 z 19.348 0.152
#54061.099751 g 20.396 1.064
54068.080257 r 19.712 0.502
54068.081091 i 19.481 0.469
#54068.081924 u 99.996 99.999
54068.082757 z 19.127 0.781
#54068.083591 g 20.915 1.093
54357.128562 r 19.649 0.021
54357.129395 i 19.323 0.042
54357.130228 u 22.230 0.278
54357.131062 z 19.194 0.050
#54357.131895 g -99.000 0.022
54365.126417 r 19.645 0.024
54365.127251 i 19.305 0.025
54365.128084 u 21.682 0.290
54365.128917 z 19.088 0.050
54365.129751 g 20.330 0.041
54385.176384 r 19.639 0.870
54385.177217 i 19.382 0.285
54385.178050 u 22.488 0.314
54385.178884 z 19.442 0.482
54385.179717 g 20.437 0.307
54387.176891 r 19.626 0.877
#54387.177725 i -99.000 0.762
54387.178558 u 22.468 0.719
54387.179391 z 19.353 0.359
54387.180225 g 20.441 0.632
54402.170078 r 19.627 0.111
54402.170912 i 19.403 0.042
54402.171745 u 22.325 0.706
54402.172578 z 19.161 0.079
54402.173412 g 20.316 0.123
