52172.228069 r 19.854 0.019
52172.228902 i 19.700 0.022
52172.229736 u 21.488 0.129
52172.230569 z 19.569 0.070
52172.231402 g 20.339 0.021
52931.079419 r 20.023 0.022
52931.080252 i 19.906 0.026
52931.081086 u 21.306 0.110
52931.081919 z 19.583 0.074
52931.082752 g 20.438 0.023
52935.076382 r 20.019 0.022
52935.077215 i 19.870 0.026
52935.078049 u 21.386 0.130
52935.078882 z 19.554 0.073
52935.079715 g 20.378 0.022
53313.069582 r 20.091 0.030
53313.070415 i 19.833 0.031
53313.071249 u 21.594 0.207
53313.072082 z 20.958 0.404
53313.072915 g 20.524 0.040
53625.174796 r 19.861 0.023
53625.175629 i 19.854 0.028
53625.176463 u 21.572 0.172
53625.177296 z 19.585 0.070
53625.178129 g 20.292 0.028
53636.133831 r 19.866 0.019
53636.134664 i 19.792 0.024
53636.135498 u 21.429 0.127
53636.136331 z 19.778 0.095
53636.137164 g 20.346 0.023
53645.193500 r 20.080 0.023
53645.194333 i 19.879 0.024
53645.195167 u 21.667 0.181
53645.196000 z 19.687 0.099
53645.196833 g 20.440 0.024
53655.105836 r 19.873 0.025
53655.106669 i 19.708 0.026
53655.107503 u 21.421 0.198
53655.108336 z 19.591 0.075
53655.109169 g 20.398 0.038
53664.130796 r 20.026 0.034
53664.131629 i 19.839 0.035
53664.132463 u 21.420 0.228
53664.133296 z 19.834 0.114
53664.134129 g 20.447 0.042
53666.094396 r 20.068 0.023
53666.095229 i 19.740 0.023
53666.096063 u 21.337 0.107
53666.096896 z 19.564 0.074
53666.097729 g 20.456 0.021
53669.090036 r 19.998 0.021
53669.090869 i 19.790 0.023
53669.091703 u 21.375 0.114
53669.092536 z 19.705 0.076
53669.093369 g 20.520 0.023
53674.074270 r 19.924 0.022
53674.075103 i 19.736 0.025
53674.075937 u 21.281 0.115
53674.076770 z 19.739 0.093
53674.077603 g 20.351 0.022
#53681.127168 r -99.000 0.083
#53681.128001 i -99.000 0.069
#53681.128835 u -99.000 0.569
#53681.129668 z -99.000 0.204
53681.130501 g 20.440 0.058
53687.124564 r 19.901 0.038
53687.125397 i 19.663 0.032
53687.126231 u 21.277 0.430
53687.127064 z 19.914 0.135
53687.127897 g 20.428 0.075
53697.084192 r 19.841 0.086
53697.085025 i 19.683 0.091
53697.085859 u 20.919 0.320
53697.086692 z 20.113 0.422
53697.087525 g 20.374 0.090
53700.083154 r 19.948 0.022
53700.083987 i 19.718 0.025
53700.084821 u 21.580 0.158
53700.085654 z 19.652 0.086
53700.086487 g 20.404 0.024
53705.069825 r 19.898 0.031
53705.070658 i 19.671 0.029
53705.071492 u 21.419 0.188
53705.072325 z 19.541 0.099
53705.073158 g 20.275 0.026
53975.154825 r 20.043 0.414
53975.155659 i 19.957 0.076
53975.156492 u 21.844 0.232
53975.157325 z 20.625 0.440
53975.158159 g 20.502 0.150
53994.150255 r 20.043 0.028
53994.151088 i 19.755 0.030
53994.151922 u 21.892 0.159
53994.152755 z 19.692 0.068
53994.153588 g 20.465 0.022
53998.130166 r 19.998 0.021
53998.130999 i 19.754 0.025
53998.131832 u 21.475 0.113
53998.132666 z 19.570 0.066
53998.133499 g 20.390 0.018
54005.167428 r 20.048 0.030
54005.168262 i 19.917 0.044
54005.169095 u 21.455 0.111
54005.169928 z 19.746 0.068
54005.170762 g 20.477 0.023
54010.115644 r 19.872 0.024
54010.116477 i 19.851 0.032
54010.117310 u 21.527 0.195
54010.118144 z 19.583 0.057
54010.118977 g 20.360 0.033
54012.108499 r 19.858 0.038
54012.109332 i 19.964 0.042
54012.110166 u 22.347 0.676
54012.110999 z 19.597 0.070
54012.111832 g 20.415 0.053
54020.114475 r 20.207 0.266
54020.115309 i 19.948 0.364
54020.116142 u 21.445 0.150
54020.116975 z 19.831 0.152
54020.117809 g 20.526 0.604
54028.104835 r 20.555 0.171
54028.105669 i 19.705 0.044
54028.106502 u 21.748 0.202
54028.107335 z 20.104 0.172
54028.108169 g 20.338 0.035
54030.108023 r 19.995 0.024
54030.108856 i 19.755 0.026
54030.109690 u 21.699 0.132
54030.110523 z 19.797 0.080
54030.111356 g 20.469 0.028
54032.097453 r 19.966 0.041
#54032.098286 i -99.000 0.057
#54032.099120 u -99.000 0.222
#54032.099953 z -99.000 0.155
#54032.100786 g -99.000 0.049
54037.089264 r 19.975 0.038
54037.090098 i 19.813 0.035
54037.090931 u 21.298 0.143
54037.091764 z 19.587 0.076
54037.092598 g 20.530 0.058
54040.103754 r 20.008 0.042
54040.104587 i 19.700 0.036
54040.105421 u 21.553 0.458
54040.106254 z 19.745 0.108
54040.107087 g 20.533 0.070
54050.088379 r 19.981 0.213
54050.089212 i 19.892 0.100
54050.090045 u 21.441 0.161
54050.090879 z 20.106 0.182
#54050.091712 g 20.881 1.701
54059.090497 r 19.969 0.378
54059.091330 i 19.856 0.133
54059.092163 u 21.535 0.200
#54059.092997 z 19.685 1.074
54059.093830 g 20.483 0.918
54062.095394 r 20.453 0.112
54062.096227 i 20.180 0.243
#54062.097060 u 22.726 1.109
54062.097894 z 19.648 0.151
54062.098727 g 20.729 0.187
54357.133688 r 19.961 0.053
54357.134521 i 19.771 0.050
54357.135354 u 21.382 0.116
54357.136188 z 19.522 0.065
54357.137021 g 20.467 0.035
54365.131545 r 20.030 0.038
54365.132379 i 19.751 0.034
54365.133212 u 21.476 0.221
54365.134045 z 19.667 0.074
54365.134879 g 20.503 0.052
#54385.181516 r 19.913 2.073
54385.182350 i 19.900 0.064
54385.183183 u 21.386 0.151
54385.184016 z 19.988 0.169
54385.184850 g 20.507 0.174
54390.185039 r 20.191 0.214
54390.185873 i 20.891 0.664
54390.186706 u 21.163 0.181
#54390.187539 z 26.481 99.999
54390.188373 g 20.809 0.311
54402.175214 r 19.974 0.120
54402.176047 i 19.872 0.120
54402.176881 u 20.815 0.239
54402.177714 z 19.596 0.175
54402.178547 g 20.542 0.099
