52172.223522 r 19.688 0.018
52172.224355 i 19.431 0.019
52172.225189 u 22.127 0.214
52172.226022 z 19.416 0.062
52172.226855 g 20.332 0.022
52935.071838 r 19.690 0.019
52935.072671 i 19.372 0.019
52935.073505 u 21.751 0.162
52935.074338 z 19.574 0.073
52935.075171 g 20.251 0.022
53313.065039 r 19.532 0.022
53313.065872 i 19.400 0.028
53313.066706 u 22.595 0.415
53313.067539 z 19.440 0.092
53313.068372 g 20.280 0.026
53622.174261 r 19.473 0.021
53622.175094 i 19.597 0.031
53622.175928 u 22.374 0.431
53622.176761 z 19.205 0.082
53622.177594 g 20.361 0.034
53625.170252 r 19.624 0.019
53625.171085 i 19.488 0.020
53625.171919 u 22.252 0.306
53625.172752 z 19.308 0.055
53625.173585 g 20.260 0.031
53636.129290 r 19.690 0.021
53636.130123 i 19.526 0.023
53636.130957 u 22.048 0.216
53636.131790 z 19.369 0.064
53636.132623 g 20.396 0.024
53645.188957 r 19.664 0.018
53645.189790 i 19.427 0.020
53645.190624 u 22.090 0.251
53645.191457 z 19.238 0.053
53645.192290 g 20.316 0.023
53655.101293 r 19.596 0.020
53655.102126 i 19.420 0.022
53655.102960 u 22.152 0.378
53655.103793 z 19.334 0.061
53655.104626 g 20.390 0.038
53666.089852 r 19.691 0.018
53666.090685 i 19.440 0.022
53666.091519 u 21.833 0.163
53666.092352 z 19.346 0.064
53666.093185 g 20.322 0.021
53669.085492 r 19.593 0.016
53669.086325 i 19.418 0.019
53669.087159 u 22.105 0.193
53669.087992 z 19.322 0.056
53669.088825 g 20.266 0.019
53674.069726 r 19.581 0.018
53674.070559 i 19.365 0.020
53674.071393 u 21.708 0.156
53674.072226 z 19.491 0.072
53674.073059 g 20.301 0.021
53681.122624 r 19.655 0.041
53681.123457 i 19.403 0.035
53681.124291 u 22.030 0.385
53681.125124 z 19.483 0.129
53681.125957 g 20.332 0.051
53687.120021 r 19.529 0.029
53687.120854 i 19.201 0.025
53687.121688 u 21.589 0.523
53687.122521 z 19.269 0.078
53687.123354 g 20.360 0.072
53700.078611 r 19.612 0.019
53700.079444 i 19.344 0.021
53700.080278 u 21.757 0.196
53700.081111 z 19.461 0.079
53700.081944 g 20.183 0.022
53705.065281 r 19.524 0.023
53705.066114 i 19.307 0.027
53705.066948 u 22.448 0.462
53705.067781 z 19.319 0.083
53705.068614 g 20.144 0.025
53975.150268 r 19.629 0.337
53975.151102 i 19.557 0.404
53975.151935 u 22.243 0.335
53975.152768 z 19.544 0.380
53975.153602 g 20.170 0.194
53994.145711 r 19.594 0.487
53994.146544 i 19.320 0.359
53994.147377 u 22.032 0.202
53994.148211 z 19.350 0.183
53994.149044 g 20.234 0.238
53998.125625 r 19.566 0.402
53998.126459 i 19.350 0.376
53998.127292 u 22.279 0.235
53998.128125 z 19.298 0.323
53998.128959 g 20.289 0.274
54010.111107 r 19.604 0.217
54010.111941 i 19.337 0.367
54010.112774 u 21.981 0.302
54010.113607 z 19.372 0.060
54010.114441 g 20.284 0.073
54012.103952 r 19.737 0.429
54012.104785 i 19.462 0.224
#54012.105618 u 24.819 6.765
54012.106452 z 19.295 0.272
54012.107285 g 20.436 0.172
54020.109922 r 19.684 0.359
54020.110755 i 19.271 0.302
54020.111589 u 22.110 0.282
54020.112422 z 19.329 0.372
54020.113255 g 20.482 0.252
#54022.159210 r -99.000 0.515
#54022.160044 i -99.000 0.317
54022.160877 u 21.942 0.263
54022.161710 z 19.419 0.655
#54022.162544 g -99.000 0.384
54030.103479 r 19.619 0.403
54030.104312 i 19.418 0.350
54030.105146 u 22.640 0.335
54030.105979 z 19.540 0.080
54030.106812 g 20.259 0.319
54032.092974 r 19.681 0.399
#54032.093807 i -99.000 0.450
54032.094641 u 22.395 0.392
#54032.095474 z -99.000 0.129
#54032.096307 g -99.000 0.114
54037.084734 r 19.628 0.412
54037.085567 i 19.395 0.458
54037.086401 u 21.774 0.184
54037.087234 z 19.404 0.098
54037.088067 g 20.202 0.277
54040.099215 r 19.590 0.450
54040.100048 i 19.404 0.437
54040.100881 u 22.115 0.544
54040.101715 z 19.279 0.085
54040.102548 g 20.369 0.200
54050.083835 r 19.589 0.301
54050.084668 i 19.550 0.359
54050.085501 u 22.236 0.377
54050.086335 z 19.425 0.372
54050.087168 g 20.297 0.243
54056.091673 r 19.541 0.319
54056.092506 i 19.377 0.330
54056.093340 u 22.120 0.335
54056.094173 z 19.365 0.306
54056.095006 g 20.561 0.290
54057.060324 r 19.576 0.330
54057.061158 i 19.339 0.333
54057.061991 u 22.379 0.364
54057.062824 z 19.151 0.315
54057.063658 g 20.232 0.244
54357.129147 r 19.588 0.344
54357.129981 i 19.316 0.460
54357.130814 u 21.904 0.198
54357.131647 z 19.347 0.461
#54357.132481 g -99.000 0.224
54365.127008 r 19.675 0.395
54365.127841 i 19.337 0.500
54365.128675 u 22.926 0.893
54365.129508 z 19.299 0.525
54365.130341 g 20.290 0.324
54385.176984 r 19.465 0.308
54385.177817 i 19.396 0.420
54385.178651 u 22.301 0.391
54385.179484 z 19.589 0.396
54385.180317 g 20.302 0.252
54402.170674 r 19.601 0.392
54402.171507 i 19.356 0.429
54402.172340 u 21.580 0.490
54402.173174 z 19.478 0.642
54402.174007 g 20.432 0.375
