53270.119905 r 16.943 0.092
53270.120738 i 15.829 0.030
53270.121571 u 21.601 0.297
53270.122405 z 15.253 0.024
53270.123238 g 18.603 0.389
53288.097060 r 16.897 0.005
53288.097893 i 15.712 0.004
53288.098727 u 21.232 0.146
53288.099560 z 15.233 0.005
53288.100393 g 18.955 0.013
53302.092729 r 16.883 0.005
53302.093562 i 15.835 0.005
53302.094396 u 21.240 0.273
53302.095229 z 15.188 0.005
53302.096062 g 18.274 0.010
53623.144040 r 17.130 0.006
53623.144873 i 15.889 0.004
53623.145707 u 22.596 0.482
53623.146540 z 15.237 0.005
53623.147373 g 18.430 0.010
53626.130252 r 16.766 0.005
53626.131085 i 15.799 0.005
53626.131919 u 21.563 0.355
53626.132752 z 15.262 0.006
53626.133585 g 18.292 0.012
53628.115118 r 16.801 0.005
53628.115951 i 15.725 0.004
53628.116785 u 21.493 0.513
53628.117618 z 15.176 0.005
53628.118451 g 18.278 0.014
53637.116730 r 16.881 0.005
53637.117563 i 15.809 0.004
53637.118397 u 22.200 0.399
53637.119230 z 15.220 0.005
53637.120063 g 18.428 0.009
53644.109171 r 16.969 0.138
53644.110004 i 15.857 0.037
53644.110837 u 21.828 0.247
53644.111671 z 15.212 0.021
53644.112504 g 18.499 0.354
#53649.103798 r -99.000 0.005
53649.104631 i 15.846 0.004
#53649.105465 u -99.000 0.127
#53649.106298 z -99.000 0.005
#53649.107131 g -99.000 0.008
53656.091392 r 17.058 0.006
53656.092225 i 15.910 0.004
53656.093059 u 22.182 0.765
53656.093892 z 15.248 0.005
53656.094725 g 18.818 0.019
53665.082669 r 17.075 0.008
53665.083502 i 15.771 0.005
53665.084336 u 21.196 0.409
#53665.085169 z -99.000 0.009
#53665.086002 g -99.000 0.030
53668.094302 r 17.055 0.005
#53668.095135 i -99.000 0.004
53668.095969 u 22.641 0.720
53668.096802 z 15.265 0.005
53668.097635 g 18.263 0.008
53670.099156 r 16.954 0.005
53670.099989 i 15.897 0.004
53670.100823 u 21.052 0.142
53670.101656 z 15.227 0.005
53670.102489 g 18.622 0.010
53677.085059 r 16.885 0.005
#53677.085892 i -99.000 0.004
53677.086726 u 21.203 0.155
#53677.087559 z -99.000 0.005
#53677.088392 g -99.000 0.009
53680.071724 r 17.156 0.006
53680.072557 i 15.858 0.005
53680.073391 u 21.656 0.176
53680.074224 z 15.285 0.006
53680.075057 g 18.508 0.010
53693.073632 r 17.108 0.005
53693.074465 i 15.864 0.004
53693.075299 u 21.640 0.220
53693.076132 z 15.225 0.005
53693.076965 g 18.515 0.010
53702.069302 r 16.960 0.057
53702.070136 i 15.859 0.025
53702.070969 u 20.634 0.280
53702.071802 z 15.170 0.016
53702.072636 g 18.391 0.179
53703.078435 r 17.002 0.069
53703.079268 i 15.956 0.034
53703.080101 u 22.119 0.635
53703.080935 z 15.235 0.017
53703.081768 g 18.602 0.227
53974.144895 r 17.070 0.118
53974.145728 i 15.889 0.049
53974.146562 u 21.018 0.340
53974.147395 z 15.253 0.033
53974.148228 g 18.570 0.330
53989.134326 r 16.965 0.111
53989.135160 i 15.899 0.036
53989.135993 u 21.093 0.533
53989.136826 z 15.234 0.022
53989.137660 g 18.534 0.264
53995.142253 r 16.999 0.104
53995.143086 i 15.856 0.027
53995.143920 u 20.983 0.215
53995.144753 z 15.269 0.026
53995.145586 g 18.658 0.246
#53997.120624 r -99.000 0.054
53997.121457 i 15.833 0.035
53997.122291 u 21.385 0.394
53997.123124 z 15.188 0.019
53997.123957 g 18.664 0.238
54005.092474 r 17.026 0.123
54005.093307 i 15.844 0.050
54005.094140 u 21.115 0.577
54005.094974 z 15.237 0.020
54005.095807 g 18.447 0.275
54007.105224 r 16.885 0.067
54007.106058 i 15.800 0.029
54007.106891 u 21.487 0.363
54007.107724 z 15.216 0.020
54007.108558 g 18.514 0.257
54009.102344 r 16.987 0.103
54009.103177 i 15.839 0.028
54009.104010 u 21.656 0.240
54009.104844 z 15.258 0.021
54009.105677 g 18.615 0.399
54011.166834 r 17.069 0.201
54011.167667 i 15.900 0.042
#54011.168501 u 99.965 99.999
54011.169334 z 15.265 0.034
54011.170167 g 18.507 0.430
54019.117034 r 16.890 0.061
54019.117868 i 15.795 0.026
54019.118701 u 21.634 0.389
54019.119534 z 15.213 0.019
54019.120368 g 18.396 0.212
54025.165843 r 17.000 0.113
54025.166676 i 15.831 0.037
54025.167510 u 21.535 0.244
54025.168343 z 15.245 0.021
54025.169176 g 18.398 0.240
#54029.096188 r -99.000 0.107
#54029.097021 i -99.000 0.039
54029.097854 u 21.543 0.271
54029.098688 z 15.227 0.022
54029.099521 g 18.399 0.241
54051.072756 r 17.102 0.138
#54051.073590 i -99.000 0.052
#54051.074423 u 99.037 99.999
#54051.075256 z -99.000 0.041
#54051.076090 g -99.000 0.272
54358.119401 r 16.912 0.052
#54358.120235 i -99.000 0.029
#54358.121068 u 100.023 99.999
54358.121901 z 15.220 0.017
54358.122735 g 18.871 0.262
54382.161597 r 17.054 0.076
#54382.162430 i -99.000 0.072
54382.163264 u 20.860 0.278
54382.164097 z 15.169 0.019
54382.164930 g 18.375 0.172
54383.167339 r 17.041 0.113
54383.168172 i 15.853 0.033
54383.169006 u 21.502 0.224
54383.169839 z 15.278 0.028
54383.170672 g 18.918 0.541
54386.164349 r 17.033 0.141
54386.165183 i 15.889 0.044
54386.166016 u 21.543 0.283
54386.166849 z 15.242 0.030
#54386.167683 g -99.000 0.440
#54388.168625 r -99.000 0.102
54388.169458 i 15.857 0.028
#54388.170292 u 100.016 99.999
54388.171125 z 15.292 0.025
54388.171958 g 18.378 0.178
54403.082441 r 17.032 0.103
54403.083275 i 15.857 0.031
54403.084108 u 21.698 0.218
54403.084941 z 15.214 0.022
54403.085775 g 18.332 0.300
54406.076222 r 17.077 0.107
54406.077055 i 15.906 0.028
54406.077889 u 22.189 0.277
54406.078722 z 15.306 0.033
54406.079555 g 18.541 0.372
#54412.079149 r -99.000 0.122
#54412.079982 i -99.000 0.034
#54412.080816 u 24.411 1.528
#54412.081649 z -99.000 0.027
54412.082482 g 18.671 0.422
54415.116712 r 17.074 0.131
54415.117546 i 15.867 0.033
54415.118379 u 22.735 0.461
54415.119212 z 15.256 0.026
54415.120046 g 18.411 0.365
