53270.122394 r 17.891 0.008
53270.123228 i 17.441 0.007
53270.124061 u 20.569 0.073
53270.124894 z 17.198 0.014
53270.125728 g 18.704 0.011
53288.099549 r 17.694 0.006
53288.100382 i 17.268 0.006
53288.101216 u 20.268 0.057
53288.102049 z 17.063 0.011
53288.102882 g 18.529 0.008
53302.095218 r 17.646 0.007
53302.096051 i 17.243 0.007
53302.096885 u 20.197 0.091
53302.097718 z 17.016 0.011
53302.098551 g 18.487 0.010
53623.146528 r 17.685 0.006
53623.147361 i 17.286 0.007
53623.148195 u 20.396 0.065
53623.149028 z 17.061 0.011
53623.149861 g 18.539 0.009
53626.132739 r 17.632 0.007
53626.133572 i 17.246 0.007
53626.134406 u 20.357 0.089
53626.135239 z 17.014 0.011
53626.136072 g 18.501 0.011
53628.117606 r 17.812 0.009
53628.118439 i 17.431 0.008
53628.119273 u 20.475 0.178
53628.120106 z 17.169 0.015
53628.120939 g 18.644 0.018
53637.119218 r 17.723 0.006
53637.120051 i 17.261 0.006
53637.120885 u 20.354 0.073
53637.121718 z 17.025 0.012
53637.122551 g 18.566 0.009
53644.111689 r 17.692 0.008
53644.112523 i 17.300 0.009
53644.113356 u 20.335 0.047
53644.114189 z 17.111 0.020
53644.115023 g 18.611 0.010
53649.106285 r 17.696 0.006
53649.107118 i 17.262 0.006
#53649.107952 u -99.000 0.074
#53649.108785 z -99.000 0.012
#53649.109618 g -99.000 0.008
53656.093879 r 17.653 0.008
53656.094712 i 17.300 0.007
53656.095546 u 20.471 0.142
53656.096379 z 17.044 0.014
53656.097212 g 18.502 0.014
53665.085158 r 17.810 0.014
#53665.085991 i -99.000 0.027
#53665.086825 u -99.000 0.654
#53665.087658 z -99.000 0.040
#53665.088491 g -99.000 0.019
53668.096790 r 17.673 0.006
53668.097623 i 17.333 0.007
53668.098457 u 20.455 0.093
53668.099290 z 17.104 0.015
53668.100123 g 18.580 0.009
53670.101643 r 17.612 0.006
53670.102476 i 17.220 0.006
53670.103310 u 20.350 0.072
53670.104143 z 17.018 0.013
53670.104976 g 18.470 0.008
53673.069625 r 17.706 0.006
53673.070458 i 17.312 0.007
53673.071292 u 20.326 0.056
53673.072125 z 17.068 0.012
53673.072958 g 18.573 0.008
53675.066514 r 17.671 0.006
53675.067347 i 17.282 0.006
53675.068181 u 20.366 0.062
53675.069014 z 17.062 0.012
53675.069847 g 18.531 0.008
53677.087547 r 17.664 0.006
53677.088380 i 17.269 0.006
53677.089214 u 20.311 0.054
53677.090047 z 17.011 0.011
53677.090880 g 18.477 0.008
53680.074212 r 17.701 0.006
53680.075045 i 17.280 0.007
53680.075879 u 20.368 0.056
53680.076712 z 17.064 0.011
53680.077545 g 18.562 0.008
53693.076118 r 17.764 0.006
53693.076951 i 17.366 0.007
53693.077785 u 20.561 0.076
53693.078618 z 17.093 0.012
53693.079451 g 18.589 0.009
53702.071803 r 17.659 0.008
#53702.072636 i -99.000 0.039
53702.073469 u 20.522 0.102
53702.074303 z 17.086 0.016
53702.075136 g 18.573 0.011
53703.080926 r 17.820 0.008
53703.081759 i 17.420 0.008
53703.082592 u 20.449 0.089
53703.083426 z 17.170 0.016
53703.084259 g 18.648 0.010
53704.059447 r 17.638 0.006
53704.060280 i 17.242 0.006
53704.061114 u 20.249 0.072
53704.061947 z 17.009 0.012
53704.062780 g 18.490 0.008
53974.147384 r 17.669 0.008
53974.148218 i 17.231 0.025
53974.149051 u 20.349 0.047
53974.149884 z 17.030 0.015
53974.150718 g 18.490 0.008
53989.136829 r 17.740 0.008
53989.137662 i 17.321 0.008
53989.138495 u 20.468 0.062
53989.139329 z 17.053 0.014
53989.140162 g 18.582 0.012
53995.144736 r 17.825 0.014
53995.145569 i 17.496 0.007
53995.146403 u 20.644 0.061
53995.147236 z 17.248 0.012
53995.148069 g 18.774 0.012
#53997.123119 r -99.000 0.022
53997.123952 i 17.229 0.006
53997.124786 u 20.288 0.051
53997.125619 z 17.009 0.014
53997.126452 g 18.518 0.009
54005.094973 r 17.604 0.010
54005.095807 i 17.211 0.020
54005.096640 u 20.294 0.045
54005.097473 z 17.017 0.015
54005.098307 g 18.494 0.008
54007.107709 r 17.600 0.007
54007.108543 i 17.246 0.005
54007.109376 u 20.311 0.059
54007.110209 z 17.005 0.015
54007.111043 g 18.470 0.013
54009.104821 r 17.816 0.009
54009.105654 i 17.427 0.013
54009.106488 u 20.610 0.076
54009.107321 z 17.191 0.016
54009.108154 g 18.691 0.015
54011.169323 r 17.822 0.011
54011.170157 i 17.341 0.010
54011.170990 u 20.327 0.089
54011.171823 z 17.098 0.013
54011.172657 g 18.591 0.015
54019.119531 r 17.845 0.007
54019.120365 i 17.466 0.012
54019.121198 u 20.429 0.056
54019.122031 z 17.232 0.014
54019.122865 g 18.714 0.008
54025.168331 r 17.870 0.007
54025.169164 i 17.465 0.006
54025.169997 u 20.376 0.057
54025.170831 z 17.252 0.015
54025.171664 g 18.721 0.011
54029.098671 r 17.647 0.010
54029.099505 i 17.228 0.005
54029.100338 u 20.293 0.048
54029.101171 z 17.053 0.019
54029.102005 g 18.534 0.011
54358.121890 r 17.601 0.051
54358.122723 i 17.237 0.012
54358.123557 u 20.333 0.075
54358.124390 z 16.965 0.012
54358.125223 g 18.484 0.009
#54382.164093 r -99.000 0.005
54382.164926 i 17.308 0.021
54382.165759 u 20.536 0.100
#54382.166593 z -99.000 0.020
#54382.167426 g -99.000 0.024
54383.169842 r 17.821 0.009
54383.170675 i 17.404 0.017
54383.171508 u 20.487 0.062
54383.172342 z 17.175 0.016
54383.173175 g 18.647 0.013
#54386.166838 r -99.000 0.011
#54386.167671 i -99.000 0.013
#54386.168504 u -99.000 0.112
#54386.169338 z -99.000 0.015
#54386.170171 g -99.000 0.010
54388.171104 r 17.706 0.005
54388.171937 i 17.287 0.013
54388.172771 u 20.295 0.067
54388.173604 z 17.057 0.015
54388.174437 g 18.541 0.009
54403.084893 r 17.625 0.011
54403.085727 i 17.245 0.009
54403.086560 u 20.212 0.046
54403.087393 z 16.998 0.014
54403.088227 g 18.479 0.010
54406.078710 r 17.661 0.008
54406.079543 i 17.278 0.007
54406.080377 u 20.361 0.051
54406.081210 z 17.045 0.015
54406.082043 g 18.560 0.008
54412.081644 r 17.729 0.012
54412.082477 i 17.384 0.012
54412.083310 u 20.447 0.069
54412.084144 z 17.099 0.015
54412.084977 g 18.620 0.010
54415.119204 r 17.732 0.007
54415.120037 i 17.333 0.007
54415.120871 u 20.378 0.056
54415.121704 z 17.075 0.013
54415.122537 g 18.596 0.010
