52935.068261 r 17.559 0.006
52935.069094 i 16.913 0.005
52935.069928 u 21.704 0.159
52935.070761 z 16.556 0.009
52935.071594 g 18.978 0.010
53302.096384 r 17.551 0.007
53302.097217 i 16.929 0.006
53302.098051 u 21.894 0.353
53302.098884 z 16.611 0.009
53302.099717 g 18.980 0.014
53313.061461 r 17.552 0.006
53313.062294 i 16.901 0.006
53313.063128 u 21.377 0.142
53313.063961 z 16.560 0.010
53313.064794 g 19.079 0.011
53622.170710 r 17.564 0.006
53622.171543 i 16.911 0.005
53622.172377 u 21.668 0.185
53622.173210 z 16.560 0.009
53622.174043 g 18.996 0.012
53625.166673 r 17.542 0.007
53625.167506 i 16.925 0.006
53625.168340 u 21.085 0.113
53625.169173 z 16.590 0.009
53625.170006 g 19.006 0.012
53626.133906 r 17.536 0.007
53626.134739 i 16.921 0.006
53626.135573 u 21.290 0.197
53626.136406 z 16.570 0.009
53626.137239 g 19.022 0.015
53636.125711 r 17.550 0.006
53636.126544 i 16.904 0.006
53636.127378 u 21.446 0.123
53636.128211 z 16.550 0.009
#53636.129044 g -99.000 0.011
#53645.185378 r -99.000 0.006
#53645.186211 i -99.000 0.008
#53645.187045 u -99.000 0.228
53645.187878 z 16.552 0.009
53645.188711 g 18.982 0.010
53655.097714 r 17.550 0.007
53655.098547 i 16.934 0.006
53655.099381 u 21.922 0.292
53655.100214 z 16.580 0.009
53655.101047 g 18.982 0.014
53664.122675 r 17.550 0.006
53664.123508 i 16.905 0.006
53664.124342 u 21.707 0.258
53664.125175 z 16.571 0.009
53664.126008 g 18.972 0.013
#53665.086324 r -99.000 0.028
#53665.087157 i -99.000 0.015
#53665.087991 u -99.000 0.670
#53665.088824 z -99.000 0.018
#53665.089657 g -99.000 0.025
53666.086274 r 17.540 0.006
53666.087107 i 16.921 0.006
53666.087941 u 21.789 0.164
53666.088774 z 16.556 0.009
53666.089607 g 18.986 0.010
53669.081913 r 17.547 0.006
53669.082746 i 16.912 0.005
53669.083580 u 21.693 0.155
53669.084413 z 16.560 0.009
53669.085246 g 18.992 0.010
53674.066148 r 17.540 0.006
53674.066981 i 16.905 0.006
53674.067815 u 21.556 0.134
53674.068648 z 16.568 0.009
53674.069481 g 18.983 0.010
53681.119045 r 17.520 0.011
53681.119878 i 16.911 0.008
#53681.120712 u -99.000 0.530
#53681.121545 z -99.000 0.017
#53681.122378 g -99.000 0.019
53685.078087 r 17.551 0.008
53685.078920 i 16.906 0.006
53685.079754 u 21.663 0.559
53685.080587 z 16.541 0.010
53685.081420 g 18.965 0.024
53687.116441 r 17.547 0.007
53687.117274 i 16.913 0.006
53687.118108 u 22.103 0.809
53687.118941 z 16.548 0.009
53687.119774 g 18.996 0.020
53697.076070 r 17.539 0.014
53697.076903 i 16.958 0.012
53697.077737 u 22.192 0.738
53697.078570 z 16.602 0.024
53697.079403 g 18.991 0.031
53700.075032 r 17.550 0.006
53700.075865 i 16.911 0.006
53700.076699 u 21.592 0.169
53700.077532 z 16.519 0.009
53700.078365 g 19.009 0.011
53705.061702 r 17.540 0.006
53705.062535 i 16.903 0.006
53705.063369 u 22.057 0.303
53705.064202 z 16.556 0.010
53705.065035 g 18.987 0.012
53975.146691 r 17.550 0.013
53975.147524 i 16.931 0.008
53975.148358 u 22.185 0.443
53975.149191 z 16.571 0.018
53975.150024 g 18.985 0.010
53989.137984 r 17.545 0.020
53989.138818 i 16.940 0.009
53989.139651 u 21.672 0.162
53989.140484 z 16.582 0.015
53989.141318 g 19.040 0.015
53994.142158 r 17.552 0.008
53994.142991 i 16.926 0.021
53994.143825 u 21.939 0.247
53994.144658 z 16.561 0.013
53994.145491 g 18.943 0.009
53998.122058 r 17.556 0.016
53998.122891 i 16.924 0.016
53998.123724 u 21.522 0.119
53998.124558 z 16.528 0.017
53998.125391 g 18.989 0.012
54005.096136 r 17.485 0.010
54005.096970 i 16.874 0.011
54005.097803 u 21.505 0.108
54005.098636 z 16.585 0.012
54005.099470 g 18.973 0.011
54009.105991 r 17.602 0.007
54009.106825 i 16.895 0.010
54009.107658 u 21.506 0.173
54009.108491 z 16.547 0.017
54009.109325 g 18.999 0.020
54010.107522 r 17.543 0.009
54010.108355 i 16.948 0.007
54010.109188 u 21.393 0.182
54010.110022 z 16.550 0.014
54010.110855 g 18.988 0.015
54012.100365 r 17.541 0.009
54012.101198 i 16.917 0.008
54012.102032 u 21.507 1.000
54012.102865 z 16.574 0.014
54012.103698 g 18.978 0.020
54020.106345 r 17.553 0.012
54020.107178 i 16.924 0.006
54020.108011 u 21.672 0.169
54020.108845 z 16.571 0.015
54020.109678 g 18.936 0.011
#54022.155631 r -99.000 0.012
#54022.156465 i -99.000 0.012
#54022.157298 u -99.000 1.000
#54022.158131 z -99.000 0.022
#54022.158965 g -99.000 0.026
54028.096713 r 17.550 0.009
54028.097547 i 16.868 0.007
54028.098380 u 21.857 0.227
54028.099213 z 16.551 0.014
54028.100047 g 18.997 0.012
54029.099835 r 17.528 0.004
54029.100668 i 16.871 0.007
54029.101501 u 21.564 0.143
54029.102335 z 16.580 0.012
54029.103168 g 18.988 0.022
54030.099902 r 17.546 0.008
54030.100736 i 16.989 0.021
54030.101569 u 21.449 0.109
54030.102402 z 16.542 0.010
54030.103236 g 18.987 0.011
#54032.089457 r -99.000 0.009
#54032.090291 i -99.000 0.011
#54032.091124 u -99.000 1.000
#54032.091957 z -99.000 0.016
#54032.092791 g -99.000 0.013
#54034.159421 r -99.000 0.009
54034.160255 i 16.929 0.009
54034.161088 u 22.425 0.401
#54034.161921 z -99.000 0.013
#54034.162755 g -99.000 0.011
54037.081150 r 17.537 0.009
54037.081984 i 16.899 0.007
54037.082817 u 21.474 0.159
54037.083650 z 16.547 0.012
54037.084484 g 18.976 0.013
54040.095625 r 17.532 0.009
54040.096458 i 16.916 0.007
54040.097291 u 21.525 0.350
54040.098125 z 16.554 0.014
54040.098958 g 19.029 0.020
54050.080265 r 17.491 0.009
54050.081099 i 16.897 0.010
54050.081932 u 21.608 0.197
54050.082765 z 16.561 0.017
54050.083599 g 18.970 0.016
54053.086419 r 17.524 0.012
54053.087252 i 16.910 0.012
54053.088086 u 21.334 0.191
54053.088919 z 16.517 0.020
54053.089752 g 19.002 0.011
54056.088094 r 17.482 0.029
54056.088928 i 16.929 0.015
54056.089761 u 21.537 0.175
#54056.090594 z -99.000 0.047
54056.091428 g 18.945 0.013
54057.056744 r 17.513 0.010
54057.057577 i 16.927 0.010
54057.058410 u 21.908 0.206
54057.059244 z 16.560 0.017
54057.060077 g 19.065 0.010
54059.082380 r 17.554 0.007
54059.083213 i 16.956 0.006
54059.084047 u 21.852 0.362
54059.084880 z 16.574 0.016
54059.085713 g 18.945 0.015
54061.093425 r 17.544 0.011
54061.094258 i 16.908 0.001
54061.095092 u 21.225 0.127
54061.095925 z 16.541 0.023
54061.096758 g 18.977 0.015
54062.087285 r 17.555 0.009
54062.088118 i 16.888 0.022
54062.088952 u 21.598 0.369
54062.089785 z 16.538 0.015
54062.090618 g 18.976 0.011
54068.077253 r 17.519 0.010
54068.078086 i 16.894 0.020
#54068.078920 u 21.907 1.551
54068.079753 z 16.537 0.012
54068.080586 g 18.951 0.020
54357.125568 r 17.570 0.012
54357.126402 i 16.908 0.015
54357.127235 u 21.404 0.129
54357.128068 z 16.551 0.012
54357.128902 g 18.950 0.010
54365.123427 r 17.571 0.011
54365.124261 i 16.915 0.011
54365.125094 u 21.179 0.179
54365.125927 z 16.553 0.013
54365.126761 g 18.968 0.016
54385.173393 r 17.534 0.049
54385.174227 i 16.885 0.015
54385.175060 u 21.667 0.165
54385.175893 z 16.564 0.015
54385.176727 g 18.956 0.024
54387.173893 r 17.563 0.011
54387.174727 i 16.924 0.010
54387.175560 u 21.192 0.311
54387.176393 z 16.612 0.017
54387.177227 g 18.953 0.014
54390.176911 r 17.856 0.022
54390.177744 i 17.034 0.012
#54390.178577 u 23.575 3.047
54390.179411 z 16.772 0.021
54390.180244 g 19.531 0.032
54392.168631 r 17.531 0.018
#54392.169464 i -99.000 0.017
54392.170297 u 22.114 1.000
#54392.171131 z -99.000 0.091
54392.171964 g 18.991 0.027
54402.167097 r 17.596 0.015
54402.167930 i 16.910 0.013
54402.168763 u 22.243 0.826
54402.169597 z 16.569 0.017
54402.170430 g 18.965 0.022
