52929.083318 r 19.313 0.013
52929.084151 i 19.003 0.016
52929.084985 u 22.215 0.237
52929.085818 z 18.732 0.037
52929.086651 g 20.204 0.020
52936.059401 r 19.287 0.014
52936.060234 i 18.990 0.016
52936.061068 u 21.902 0.174
52936.061901 z 18.750 0.037
52936.062734 g 20.199 0.021
53270.123468 r 19.341 0.015
53270.124302 i 18.952 0.023
53270.125135 u 21.926 0.229
53270.125968 z 18.708 0.033
53270.126802 g 20.238 0.028
53288.100617 r 19.310 0.014
53288.101450 i 18.959 0.015
53288.102284 u 22.568 0.363
53288.103117 z 18.771 0.038
53288.103950 g 20.187 0.020
53302.096284 r 19.323 0.020
53302.097117 i 18.887 0.017
53302.097951 u 22.029 0.431
53302.098784 z 18.765 0.036
53302.099617 g 20.147 0.038
53623.147595 r 19.347 0.015
53623.148428 i 18.953 0.015
53623.149262 u 21.485 0.157
53623.150095 z 18.771 0.036
53623.150928 g 20.206 0.026
53626.133807 r 19.301 0.019
53626.134640 i 18.963 0.018
53626.135474 u 21.852 0.322
53626.136307 z 18.728 0.036
53626.137140 g 20.268 0.041
53628.118672 r 19.305 0.028
53628.119505 i 18.984 0.024
53628.120339 u 22.020 0.673
53628.121172 z 18.767 0.054
53628.122005 g 20.062 0.056
53637.120285 r 19.341 0.015
53637.121118 i 18.966 0.017
53637.121952 u 21.742 0.211
#53637.122785 z -99.000 0.052
53637.123618 g 20.212 0.023
53644.112732 r 19.312 0.023
53644.113566 i 18.964 0.018
53644.114399 u 22.191 0.206
53644.115232 z 18.805 0.036
53644.116066 g 20.234 0.021
53649.107353 r 19.338 0.015
#53649.108186 i -99.000 0.017
#53649.109020 u -99.000 0.329
#53649.109853 z -99.000 0.041
53649.110686 g 19.987 0.023
53656.094946 r 19.442 0.030
53656.095779 i 18.941 0.022
#53656.096613 u 24.059 2.999
53656.097446 z 18.685 0.051
53656.098279 g 20.149 0.054
#53665.086225 r -99.000 0.104
#53665.087058 i -99.000 0.096
#53665.087892 u -99.000 0.276
#53665.088725 z -99.000 0.110
#53665.089558 g -99.000 0.067
53668.097857 r 19.348 0.021
53668.098690 i 19.100 0.028
53668.099524 u 22.212 0.388
53668.100357 z 18.787 0.064
53668.101190 g 20.281 0.030
53670.102710 r 19.406 0.018
#53670.103543 i -99.000 0.023
53670.104377 u 22.045 0.293
53670.105210 z 18.765 0.049
53670.106043 g 20.211 0.022
53673.070692 r 19.331 0.014
53673.071525 i 18.943 0.015
53673.072359 u 22.389 0.276
53673.073192 z 18.712 0.036
53673.074025 g 20.238 0.021
53675.067581 r 19.364 0.017
53675.068414 i 18.993 0.017
53675.069248 u 22.485 0.371
53675.070081 z 18.919 0.046
53675.070914 g 20.222 0.021
53677.088614 r 19.290 0.014
53677.089447 i 18.953 0.015
53677.090281 u 22.021 0.227
53677.091114 z 18.732 0.040
53677.091947 g 20.280 0.025
53680.075279 r 19.329 0.014
53680.076112 i 18.965 0.014
53680.076946 u 21.882 0.179
53680.077779 z 18.765 0.034
53680.078612 g 20.204 0.020
53693.077185 r 19.391 0.017
53693.078018 i 19.077 0.018
53693.078852 u 22.439 0.360
53693.079685 z 18.857 0.041
53693.080518 g 20.264 0.025
#53702.072865 r -99.000 0.179
53702.073698 i 19.138 0.063
53702.074531 u 21.786 0.315
53702.075365 z 18.918 0.083
53702.076198 g 20.348 0.056
53703.081993 r 19.438 0.098
53703.082826 i 19.111 0.043
#53703.083660 u 27.293 99.999
53703.084493 z 18.802 0.527
53703.085326 g 20.407 0.324
53704.060514 r 19.405 0.018
53704.061347 i 18.960 0.018
53704.062181 u 22.131 0.344
53704.063014 z 18.761 0.043
53704.063847 g 20.198 0.024
53974.148457 r 19.350 0.011
53974.149291 i 18.917 0.014
53974.150124 u 21.909 0.150
53974.150957 z 18.741 0.033
53974.151791 g 20.195 0.017
53989.137886 r 19.345 0.020
53989.138719 i 18.960 0.021
53989.139552 u 22.201 0.251
53989.140386 z 18.680 0.030
53989.141219 g 20.171 0.025
53995.145803 r 19.491 0.022
53995.146637 i 19.012 0.029
53995.147470 u 22.037 0.173
53995.148303 z 19.031 0.051
53995.149137 g 20.299 0.020
53997.124178 r 19.599 0.074
53997.125012 i 19.295 0.058
53997.125845 u 22.192 0.270
53997.126678 z 18.992 0.061
53997.127512 g 20.310 0.032
54005.096037 r 19.329 0.026
54005.096871 i 18.959 0.024
54005.097704 u 21.952 0.161
54005.098537 z 18.675 0.028
54005.099371 g 20.193 0.018
54007.108799 r 19.397 0.018
54007.109632 i 18.997 0.027
54007.110465 u 22.318 0.312
54007.111299 z 18.765 0.039
54007.112132 g 20.249 0.026
54009.105892 r 19.325 0.016
54009.106726 i 18.965 0.016
54009.107559 u 22.233 0.347
54009.108392 z 18.720 0.036
54009.109226 g 20.208 0.031
54011.170399 r 19.304 0.019
54011.171232 i 18.947 0.018
54011.172065 u 21.782 1.000
54011.172899 z 18.715 0.033
54011.173732 g 20.156 0.039
54019.120587 r 19.437 0.030
54019.121421 i 19.242 0.031
54019.122254 u 22.568 0.350
54019.123087 z 18.980 0.058
54019.123921 g 20.361 0.028
54025.169477 r 19.336 0.029
54025.170310 i 18.945 0.016
54025.171143 u 22.198 0.266
54025.171977 z 18.765 0.035
54025.172810 g 20.237 0.019
54029.099995 r 19.300 0.027
54029.100829 i 18.942 0.018
54029.101662 u 21.489 0.129
54029.102495 z 18.786 0.041
54029.103329 g 20.174 0.025
54358.122959 r 19.445 0.060
54358.123792 i 19.041 0.118
54358.124626 u 21.853 0.199
54358.125459 z 18.745 0.052
54358.126292 g 20.229 0.033
54382.165145 r 19.436 0.239
54382.165978 i 19.081 0.071
54382.166811 u 21.832 0.426
#54382.167645 z -99.000 0.110
54382.168478 g 20.352 0.249
54383.170888 r 19.354 0.026
54383.171721 i 18.936 0.015
54383.172554 u 22.214 0.266
54383.173388 z 18.757 0.035
54383.174221 g 20.209 0.020
#54386.167904 r -99.000 0.021
#54386.168737 i -99.000 0.025
#54386.169570 u -99.000 0.222
#54386.170404 z -99.000 0.037
#54386.171237 g -99.000 0.027
54388.172173 r 19.351 0.023
54388.173007 i 19.109 0.037
54388.173840 u 22.705 0.656
54388.174673 z 18.717 0.040
54388.175507 g 20.270 0.025
54403.085946 r 19.317 0.018
54403.086779 i 18.943 0.015
54403.087613 u 22.179 1.000
54403.088446 z 18.769 0.035
54403.089279 g 20.236 0.030
54406.079777 r 19.355 0.022
54406.080610 i 18.946 0.018
54406.081444 u 21.918 0.144
54406.082277 z 18.653 0.037
54406.083110 g 20.180 0.017
54412.082706 r 19.445 0.032
54412.083539 i 19.017 0.028
54412.084373 u 22.035 1.000
54412.085206 z 18.714 0.043
54412.086039 g 20.219 0.023
54415.120264 r 19.306 0.023
54415.121097 i 18.982 0.015
54415.121930 u 22.037 0.177
54415.122764 z 18.684 0.034
54415.123597 g 20.242 0.020
