52075.316855 r 18.761 0.012
52075.317688 i 18.605 0.013
52075.318522 u 21.147 0.137
52075.319355 z 18.456 0.035
52075.320188 g 19.418 0.015
52197.125497 r 18.936 0.012
52197.126330 i 18.682 0.013
52197.127164 u 20.800 0.074
52197.127997 z 18.569 0.035
52197.128830 g 19.453 0.014
52557.163350 r 18.903 0.012
52557.164183 i 18.821 0.015
52557.165017 u 20.955 0.096
52557.165850 z 18.548 0.038
52557.166683 g 19.426 0.014
52929.089652 r 18.828 0.011
52929.090485 i 18.648 0.012
52929.091319 u 20.890 0.084
52929.092152 z 18.540 0.034
52929.092985 g 19.395 0.013
52934.069809 r 18.854 0.012
52934.070642 i 18.594 0.012
52934.071476 u 20.785 0.077
52934.072309 z 18.597 0.036
52934.073142 g 19.445 0.014
52936.065734 r 18.854 0.011
52936.066567 i 18.608 0.012
52936.067401 u 20.605 0.064
52936.068234 z 18.675 0.039
52936.069067 g 19.377 0.013
53243.250947 r 18.772 0.016
53243.251780 i 18.468 0.015
53243.252614 u 20.679 0.176
53243.253447 z 18.413 0.040
53243.254280 g 19.410 0.028
53270.129796 r 18.939 0.327
53270.130629 i 18.674 0.264
53270.131462 u 20.946 0.169
53270.132296 z 18.586 0.168
53270.133129 g 19.447 0.307
53288.106949 r 18.875 0.012
53288.107782 i 18.648 0.012
53288.108616 u 20.723 0.082
53288.109449 z 18.515 0.034
53288.110282 g 19.345 0.014
53302.102620 r 18.865 0.014
53302.103453 i 18.637 0.014
53302.104287 u 20.704 0.144
53302.105120 z 18.581 0.036
53302.105953 g 19.426 0.021
53623.153931 r 18.878 0.012
53623.154764 i 18.638 0.012
53623.155598 u 20.805 0.101
53623.156431 z 18.675 0.041
53623.157264 g 19.510 0.020
53626.140143 r 18.844 0.014
53626.140976 i 18.645 0.014
53626.141810 u 20.736 0.123
53626.142643 z 18.587 0.034
53626.143476 g 19.559 0.022
53628.125007 r 18.866 0.020
53628.125840 i 18.728 0.019
53628.126674 u 20.715 0.232
53628.127507 z 18.579 0.051
53628.128340 g 19.401 0.033
53637.126622 r 18.785 0.012
53637.127455 i 18.621 0.014
53637.128289 u 21.167 0.163
53637.129122 z 18.958 0.067
53637.129955 g 19.374 0.016
53644.119060 r 18.847 0.287
53644.119893 i 18.677 0.290
53644.120726 u 20.717 0.113
53644.121560 z 18.662 0.084
53644.122393 g 19.501 0.354
53649.113691 r 18.739 0.019
53649.114524 i 18.608 0.028
#53649.115358 u 22.935 1.482
53649.116191 z 18.919 0.166
53649.117024 g 19.405 0.041
53654.153692 r 18.865 0.016
#53654.154525 i -99.000 0.024
#53654.155359 u -99.000 2.162
#53654.156192 z -99.000 0.130
#53654.157025 g -99.000 0.045
53656.101281 r 18.896 0.020
53656.102114 i 18.612 0.018
53656.102948 u 20.732 0.228
53656.103781 z 18.591 0.050
53656.104614 g 19.545 0.032
#53665.092559 r -99.000 0.042
#53665.093392 i -99.000 0.070
#53665.094226 u -99.000 0.467
#53665.095059 z -99.000 0.629
#53665.095892 g -99.000 0.083
53668.104191 r 18.728 0.013
53668.105024 i 18.821 0.021
53668.105858 u 20.695 0.120
53668.106691 z 18.833 0.073
53668.107524 g 19.348 0.017
53670.109045 r 18.695 0.012
53670.109878 i 18.426 0.013
53670.110712 u 20.868 0.115
53670.111545 z 18.446 0.046
53670.112378 g 19.218 0.013
53673.077027 r 18.865 0.012
53673.077860 i 18.681 0.013
53673.078694 u 20.788 0.085
53673.079527 z 18.637 0.039
53673.080360 g 19.470 0.015
53675.073916 r 18.805 0.012
53675.074749 i 18.605 0.012
53675.075583 u 20.939 0.092
53675.076416 z 18.594 0.038
53675.077249 g 19.485 0.015
53677.094948 r 18.986 0.013
53677.095781 i 18.617 0.013
#53677.096615 u -99.000 0.133
53677.097448 z 18.775 0.039
53677.098281 g 19.433 0.015
53680.081614 r 18.870 0.011
53680.082447 i 18.512 0.011
53680.083281 u 20.960 0.087
53680.084114 z 18.553 0.030
53680.084947 g 19.452 0.013
53703.088326 r 18.957 0.232
53703.089159 i 18.760 0.210
53703.089992 u 20.525 0.196
53703.090826 z 18.915 0.256
53703.091659 g 19.874 0.348
53974.154786 r 18.864 0.292
53974.155620 i 18.813 0.475
53974.156453 u 20.753 0.117
53974.157286 z 18.661 0.197
53974.158120 g 19.391 0.285
53989.144223 r 18.856 0.272
53989.145056 i 18.606 0.309
53989.145889 u 20.708 0.118
53989.146723 z 18.625 0.165
53989.147556 g 19.481 0.201
53995.152147 r 18.892 0.199
53995.152980 i 18.665 0.186
53995.153813 u 20.914 0.141
53995.154647 z 18.545 0.134
53995.155480 g 19.410 0.274
53997.130525 r 18.912 0.299
#53997.131358 i -99.000 0.317
53997.132191 u 20.982 0.245
53997.133025 z 18.829 0.278
#53997.133858 g -99.000 0.330
54005.102365 r 18.873 0.301
54005.103199 i 18.656 0.315
54005.104032 u 20.748 0.084
54005.104865 z 18.626 0.067
54005.105699 g 19.429 0.289
54007.115116 r 18.852 0.273
54007.115949 i 18.662 0.272
54007.116783 u 20.794 0.143
54007.117616 z 18.541 0.091
54007.118449 g 19.398 0.295
54009.112221 r 18.889 0.241
54009.113054 i 18.638 0.286
54009.113887 u 20.761 0.218
54009.114721 z 18.524 0.220
54009.115554 g 19.433 0.282
54011.176717 r 18.943 0.392
54011.177551 i 18.640 0.355
54011.178384 u 20.861 0.175
54011.179217 z 18.560 0.043
54011.180051 g 19.520 0.272
54019.126922 r 18.939 0.219
54019.127755 i 18.605 0.208
54019.128589 u 21.136 0.291
54019.129422 z 18.656 0.237
54019.130255 g 19.385 0.219
54025.175733 r 18.847 0.290
54025.176567 i 18.628 0.324
54025.177400 u 21.338 0.175
54025.178233 z 18.552 0.071
54025.179067 g 19.434 0.293
54029.106067 r 18.907 0.321
54029.106900 i 18.668 0.269
54029.107733 u 20.962 0.116
54029.108567 z 18.651 0.141
54029.109400 g 19.352 0.293
54051.082643 r 19.015 0.246
54051.083477 i 18.811 0.242
54051.084310 u 21.841 0.395
54051.085143 z 18.640 0.219
54051.085977 g 19.631 0.267
54356.184225 r 18.872 0.212
54356.185059 i 18.633 0.250
54356.185892 u 21.008 0.091
54356.186725 z 18.523 0.202
54356.187559 g 19.410 0.240
54358.129288 r 19.133 0.271
#54358.130121 i -99.000 0.247
54358.130954 u 21.147 0.229
54358.131788 z 18.716 0.235
54358.132621 g 19.761 0.305
54382.171479 r 19.052 0.255
54382.172312 i 18.608 0.167
54382.173145 u 20.719 0.219
54382.173979 z 19.202 0.362
54382.174812 g 19.749 0.292
54383.177222 r 18.913 0.236
54383.178056 i 18.625 0.167
54383.178889 u 20.808 0.152
54383.179722 z 18.566 0.194
54383.180556 g 19.587 0.257
54386.174260 r 18.875 0.337
54386.175093 i 18.659 0.339
54386.175926 u 20.726 0.084
54386.176760 z 18.609 0.055
54386.177593 g 19.487 0.208
54388.178514 r 18.852 0.267
54388.179347 i 18.626 0.245
54388.180181 u 21.379 0.241
54388.181014 z 18.665 0.154
54388.181847 g 19.405 0.274
54403.092284 r 18.847 0.313
54403.093117 i 18.659 0.340
54403.093950 u 20.919 0.138
54403.094784 z 18.546 0.087
54403.095617 g 19.398 0.302
54406.086112 r 18.866 0.321
54406.086945 i 18.668 0.284
54406.087779 u 20.859 0.144
54406.088612 z 18.698 0.216
54406.089445 g 19.340 0.273
54412.089046 r 18.867 0.291
54412.089880 i 18.663 0.297
54412.090713 u 21.013 0.111
54412.091546 z 18.619 0.052
54412.092380 g 19.408 0.283
54415.126598 r 18.865 0.222
54415.127431 i 18.653 0.246
54415.128264 u 20.733 0.087
54415.129098 z 18.490 0.178
54415.129931 g 19.436 0.241
