53313.063207 r 18.991 0.013
53313.064040 i 18.645 0.013
53313.064874 u 22.133 0.341
53313.065707 z 18.446 0.040
53313.066540 g 19.924 0.018
53622.172454 r 18.977 0.012
53622.173287 i 18.764 0.013
53622.174121 u 21.781 0.301
53622.174954 z 18.430 0.034
53622.175787 g 19.968 0.021
53625.168418 r 19.011 0.013
53625.169251 i 18.748 0.012
53625.170085 u 21.907 0.262
53625.170918 z 18.354 0.026
53625.171751 g 19.913 0.022
53636.127455 r 18.984 0.011
53636.128288 i 18.650 0.011
53636.129122 u 21.768 0.217
53636.129955 z 18.448 0.030
53636.130788 g 19.868 0.016
53645.187123 r 19.078 0.012
53645.187956 i 18.614 0.011
53645.188790 u 21.721 0.222
53645.189623 z 18.402 0.026
53645.190456 g 19.898 0.017
53655.099460 r 18.996 0.013
53655.100293 i 18.582 0.011
53655.101127 u 22.411 0.518
53655.101960 z 18.404 0.028
53655.102793 g 19.896 0.026
53664.124420 r 18.988 0.014
53664.125253 i 18.764 0.013
53664.126087 u 22.093 0.408
53664.126920 z 18.368 0.032
53664.127753 g 19.898 0.028
53666.088019 r 18.979 0.012
53666.088852 i 18.662 0.011
53666.089686 u 21.663 0.162
53666.090519 z 18.423 0.031
53666.091352 g 19.930 0.016
53669.083658 r 18.964 0.011
53669.084491 i 19.294 0.017
53669.085325 u 22.419 0.313
53669.086158 z 18.337 0.025
53669.086991 g 19.896 0.015
53674.067892 r 18.976 0.012
53674.068725 i 18.707 0.012
53674.069559 u 21.989 0.231
53674.070392 z 18.444 0.030
53674.071225 g 19.901 0.016
53681.120791 r 18.909 0.023
#53681.121624 i -99.000 0.021
53681.122458 u 22.128 0.558
#53681.123291 z -99.000 0.045
#53681.124124 g -99.000 0.034
53685.079833 r 18.976 0.023
53685.080666 i 18.505 0.015
#53685.081500 u 22.848 1.974
53685.082333 z 18.347 0.043
53685.083166 g 19.900 0.056
53687.118187 r 19.117 0.020
53687.119020 i 18.626 0.013
53687.119854 u 21.578 0.520
53687.120687 z 18.373 0.031
53687.121520 g 19.906 0.042
53697.077815 r 18.902 0.039
53697.078648 i 18.453 0.032
#53697.079482 u 22.804 1.406
#53697.080315 z -99.000 0.111
53697.081148 g 19.819 0.062
53700.076778 r 19.042 0.013
53700.077611 i 20.060 0.034
53700.078445 u 21.669 0.207
53700.079278 z 18.332 0.029
53700.080111 g 19.889 0.018
53705.063447 r 18.964 0.013
53705.064280 i 18.508 0.013
53705.065114 u 22.424 0.562
53705.065947 z 18.503 0.043
53705.066780 g 19.858 0.021
53975.148437 r 19.005 0.014
53975.149271 i 18.647 0.019
53975.150104 u 22.266 1.000
53975.150937 z 18.498 0.046
53975.151771 g 19.901 0.022
53994.143877 r 18.984 0.011
53994.144711 i 18.618 0.013
53994.145544 u 22.049 0.234
53994.146377 z 18.346 0.026
53994.147211 g 19.906 0.015
53998.123787 r 19.015 0.010
53998.124620 i 18.773 0.016
53998.125454 u 21.707 0.167
53998.126287 z 18.419 0.027
53998.127120 g 19.926 0.017
54010.109269 r 18.992 0.014
54010.110102 i 18.590 0.012
54010.110936 u 21.955 0.322
54010.111769 z 18.365 0.023
54010.112602 g 19.918 0.025
54012.102136 r 18.973 0.017
54012.102969 i 18.559 0.016
54012.103802 u 21.957 0.795
54012.104636 z 18.356 0.027
54012.105469 g 19.951 0.039
54028.098461 r 18.995 0.012
54028.099294 i 18.557 0.015
54028.100128 u 21.989 0.332
54028.100961 z 18.541 0.047
#54028.101794 g -99.000 0.020
54030.101660 r 18.994 0.011
54030.102493 i 18.660 0.016
54030.103327 u 21.845 0.176
54030.104160 z 18.367 0.023
54030.104993 g 19.901 0.016
#54032.090921 r -99.000 0.017
54032.091755 i 18.604 0.015
54032.092588 u 22.365 0.390
54032.093421 z 18.418 0.031
54032.094255 g 19.899 0.021
54037.082890 r 18.974 0.012
54037.083724 i 18.663 0.052
54037.084557 u 22.119 0.308
54037.085390 z 18.420 0.025
54037.086224 g 19.921 0.020
54040.097374 r 19.015 0.016
54040.098207 i 18.551 0.016
54040.099040 u 21.824 0.458
54040.099874 z 18.451 0.032
54040.100707 g 19.863 0.035
54053.088162 r 19.325 0.037
54053.088995 i 18.705 0.036
54053.089829 u 22.776 0.747
54053.090662 z 18.883 0.095
54053.091495 g 19.874 0.023
54056.089838 r 19.080 0.019
#54056.090671 i -99.000 0.036
54056.091504 u 21.886 0.314
54056.092338 z 18.360 0.037
54056.093171 g 19.878 0.031
54057.058496 r 19.008 0.012
54057.059329 i 18.602 0.016
54057.060162 u 22.025 0.284
54057.060996 z 18.407 0.031
54057.061829 g 19.892 0.017
54059.084119 r 19.034 0.016
54059.084953 i 18.632 0.020
54059.085786 u 21.667 0.254
54059.086619 z 18.444 0.050
54059.087453 g 19.846 0.018
54061.095175 r 19.004 0.019
54061.096008 i 19.253 0.050
54061.096842 u 22.643 0.707
54061.097675 z 18.337 0.045
54061.098508 g 20.351 0.048
54062.089018 r 19.123 0.032
54062.089851 i 18.812 0.038
#54062.090685 u 24.406 4.331
54062.091518 z 18.769 0.081
54062.092351 g 19.865 0.030
54068.078995 r 19.250 0.031
54068.079828 i 18.840 0.034
#54068.080662 u 99.989 99.999
54068.081495 z 18.909 0.081
54068.082328 g 19.928 0.045
54357.127330 r 19.019 0.012
54357.128164 i 19.027 0.027
#54357.128997 u 24.537 2.416
54357.129830 z 18.389 0.026
#54357.130664 g -99.000 0.028
54365.125165 r 18.980 0.014
54365.125998 i 18.628 0.015
54365.126832 u 22.005 0.425
54365.127665 z 18.410 0.028
54365.128498 g 19.918 0.029
54385.175136 r 19.053 0.016
54385.175970 i 18.544 0.016
54385.176803 u 21.943 0.220
54385.177636 z 18.764 0.057
54385.178470 g 19.913 0.020
54390.178667 r 18.991 0.018
#54390.179500 i 99.992 99.999
#54390.180334 u 23.173 1.624
54390.181167 z 19.833 0.322
54390.182000 g 20.021 0.029
54392.170376 r 19.057 0.028
#54392.171210 i -99.000 0.080
54392.172043 u 21.715 0.698
#54392.172876 z -99.000 0.062
#54392.173710 g -99.000 0.050
54402.168834 r 18.973 0.019
54402.169667 i 18.633 0.024
54402.170500 u 21.193 0.333
54402.171334 z 18.409 0.034
54402.172167 g 19.880 0.040
