53270.120674 r 18.546 0.053
53270.121507 i 18.332 0.015
53270.122341 u 20.464 0.071
53270.123174 z 18.190 0.083
53270.124007 g 19.204 0.283
53288.097829 r 18.616 0.010
53288.098662 i 18.370 0.010
53288.099496 u 20.512 0.066
53288.100329 z 18.238 0.026
53288.101162 g 19.203 0.012
53302.093497 r 18.594 0.011
53302.094330 i 18.332 0.011
53302.095164 u 20.636 0.138
53302.095997 z 18.213 0.026
53302.096830 g 19.184 0.018
53623.144809 r 18.641 0.010
53623.145642 i 18.336 0.010
53623.146476 u 20.678 0.085
53623.147309 z 18.193 0.024
53623.148142 g 19.240 0.012
53626.131021 r 18.584 0.012
53626.131854 i 18.333 0.011
53626.132688 u 20.516 0.108
53626.133521 z 18.193 0.026
53626.134354 g 19.164 0.017
53628.115888 r 18.540 0.015
53628.116721 i 18.352 0.014
53628.117555 u 20.469 0.173
53628.118388 z 18.114 0.033
53628.119221 g 19.212 0.028
53637.117499 r 18.602 0.010
53637.118332 i 18.367 0.010
53637.119166 u 20.608 0.084
53637.119999 z 18.176 0.029
53637.120832 g 19.190 0.012
53644.109959 r 18.543 0.017
53644.110792 i 18.490 0.025
53644.111625 u 20.617 0.061
53644.112459 z 18.187 0.030
53644.113292 g 19.173 0.014
53649.104567 r 18.619 0.010
53649.105400 i 18.338 0.011
#53649.106234 u -99.000 0.072
53649.107067 z 18.205 0.030
#53649.107900 g -99.000 0.013
53656.092162 r 18.688 0.016
53656.092995 i 18.328 0.013
53656.093829 u 20.668 0.194
53656.094662 z 18.349 0.038
53656.095495 g 19.259 0.023
53665.083437 r 18.587 0.020
53665.084270 i 18.348 0.025
53665.085104 u 20.847 0.257
#53665.085937 z -99.000 0.153
#53665.086770 g -99.000 0.059
53668.095062 r 18.574 0.011
53668.095895 i 18.371 0.014
53668.096729 u 20.909 0.134
53668.097562 z 18.251 0.051
53668.098395 g 19.210 0.013
53670.099912 r 18.743 0.011
53670.100745 i 18.383 0.011
53670.101579 u 20.615 0.094
53670.102412 z 18.309 0.039
#53670.103245 g -99.000 0.013
53673.067906 r 18.610 0.010
53673.068739 i 18.338 0.010
53673.069573 u 20.531 0.068
53673.070406 z 18.138 0.025
53673.071239 g 19.343 0.013
53677.085829 r 18.579 0.010
53677.086662 i 18.386 0.010
53677.087496 u 20.608 0.074
53677.088329 z 18.202 0.026
53677.089162 g 19.165 0.011
53680.072493 r 18.610 0.009
53680.073326 i 18.299 0.009
53680.074160 u 20.570 0.066
53680.074993 z 18.212 0.024
53680.075826 g 19.204 0.011
53693.074401 r 18.612 0.010
53693.075234 i 18.367 0.010
53693.076068 u 20.554 0.078
53693.076901 z 18.308 0.029
53693.077734 g 19.220 0.012
53702.070072 r 18.857 0.446
53702.070906 i 18.572 0.583
53702.071739 u 20.431 0.123
53702.072572 z 18.978 0.445
53702.073406 g 19.278 0.227
53703.079222 r 18.669 0.442
53703.080055 i 18.424 0.047
53703.080888 u 20.618 0.187
53703.081722 z 18.474 0.585
53703.082555 g 19.251 0.267
53974.145670 r 18.574 0.012
53974.146503 i 18.340 0.011
53974.147337 u 20.404 0.055
53974.148170 z 18.202 0.036
53974.149003 g 19.228 0.052
53989.135100 r 18.647 0.015
53989.135933 i 18.368 0.013
53989.136766 u 20.550 0.064
53989.137600 z 18.183 0.025
53989.138433 g 19.219 0.014
53995.143023 r 18.601 0.026
#53995.143856 i -99.000 0.077
53995.144689 u 20.501 0.062
53995.145523 z 18.329 0.035
53995.146356 g 19.190 0.015
53997.121403 r 18.568 0.291
53997.122236 i 18.444 0.115
53997.123070 u 20.509 0.069
53997.123903 z 18.195 0.655
53997.124736 g 19.200 0.015
54005.093245 r 18.585 0.009
54005.094078 i 18.283 0.140
54005.094911 u 20.493 0.055
54005.095745 z 18.192 0.022
54005.096578 g 19.195 0.014
54007.105990 r 18.569 0.396
54007.106824 i 18.320 0.021
54007.107657 u 20.477 0.067
54007.108490 z 18.180 0.029
54007.109324 g 19.172 0.018
54009.103109 r 18.587 0.012
54009.103942 i 18.375 0.019
54009.104776 u 20.438 0.071
54009.105609 z 18.163 0.025
54009.106442 g 19.170 0.117
54011.167597 r 18.584 0.012
54011.168430 i 18.344 0.016
54011.169263 u 20.336 0.088
54011.170097 z 18.252 0.028
54011.170930 g 19.157 0.019
54019.117800 r 18.612 0.071
54019.118634 i 18.319 0.176
54019.119467 u 20.505 0.061
54019.120300 z 18.306 0.714
54019.121134 g 19.198 0.297
54025.166615 r 18.563 0.089
54025.167449 i 18.406 0.062
54025.168282 u 20.415 0.072
54025.169115 z 18.219 0.229
54025.169949 g 19.191 0.116
#54029.096950 r -99.000 0.293
54029.097784 i 18.375 0.186
54029.098617 u 20.570 0.061
54029.099450 z 18.175 0.096
54029.100284 g 19.215 0.152
#54051.073550 r -99.000 0.288
54051.074383 i 18.285 0.089
#54051.075216 u -99.000 1.301
#54051.076050 z -99.000 0.313
#54051.076883 g -99.000 0.074
54358.120174 r 18.627 0.425
54358.121007 i 18.351 0.333
54358.121841 u 20.633 0.110
54358.122674 z 18.229 0.412
54358.123507 g 19.214 0.148
54382.162359 r 18.646 0.118
54382.163192 i 18.493 0.164
54382.164026 u 20.547 0.149
#54382.164859 z -99.000 0.724
54382.165692 g 20.318 0.736
54383.168102 r 18.594 0.017
54383.168935 i 18.364 0.032
54383.169769 u 20.497 0.079
54383.170602 z 18.212 0.028
54383.171435 g 19.174 0.011
54386.165125 r 18.607 0.017
54386.165958 i 18.393 0.013
54386.166792 u 20.330 0.136
#54386.167625 z -99.000 0.034
#54386.168458 g -99.000 0.017
54388.169407 r 18.560 0.017
54388.170240 i 18.353 0.024
54388.171073 u 20.307 0.075
54388.171907 z 18.181 0.033
54388.172740 g 19.229 0.026
54403.083179 r 18.666 0.015
54403.084012 i 18.324 0.020
54403.084846 u 20.566 0.063
54403.085679 z 18.189 0.026
54403.086512 g 19.203 0.013
54406.076988 r 18.582 0.017
54406.077821 i 18.365 0.020
54406.078655 u 20.614 0.063
54406.079488 z 18.184 0.027
#54406.080321 g -99.000 0.017
54412.079926 r 18.616 0.069
54412.080759 i 18.371 0.012
#54412.081593 u -99.000 0.074
54412.082426 z 18.185 0.032
54412.083259 g 19.186 0.027
54415.117477 r 18.586 0.012
54415.118310 i 18.321 0.011
54415.119144 u 20.492 0.062
54415.119977 z 18.252 0.029
54415.120810 g 19.216 0.014
