52929.085481 r 19.478 0.015
52929.086314 i 19.154 0.018
52929.087148 u 22.466 0.305
52929.087981 z 18.975 0.046
52929.088814 g 20.400 0.023
52936.061564 r 19.489 0.016
52936.062397 i 19.159 0.018
52936.063231 u 22.286 0.247
52936.064064 z 18.923 0.045
52936.064897 g 20.420 0.023
53270.125633 r 19.521 0.018
53270.126467 i 19.126 0.016
53270.127300 u 21.978 0.256
53270.128133 z 18.929 0.039
53270.128967 g 20.396 0.035
53288.102780 r 19.421 0.016
53288.103613 i 19.073 0.019
53288.104447 u 22.390 0.356
53288.105280 z 18.875 0.045
53288.106113 g 20.353 0.025
53302.098449 r 19.521 0.021
53302.099282 i 19.135 0.019
53302.100116 u 22.083 0.479
53302.100949 z 18.893 0.043
53302.101782 g 20.392 0.047
53623.149759 r 19.912 0.023
53623.150592 i 19.523 0.026
53623.151426 u 23.263 0.696
53623.152259 z 19.020 0.041
53623.153092 g 20.394 0.028
53626.135971 r 19.494 0.022
53626.136804 i 19.156 0.021
53626.137638 u 22.462 0.552
53626.138471 z 18.933 0.043
53626.139304 g 20.449 0.049
53628.120837 r 19.475 0.032
53628.121670 i 19.102 0.028
#53628.122504 u 23.609 2.537
53628.123337 z 18.809 0.055
53628.124170 g 20.493 0.091
53637.122449 r 19.475 0.018
53637.123282 i 19.086 0.020
53637.124116 u 22.779 0.544
53637.124949 z 18.890 0.051
53637.125782 g 20.382 0.027
53644.114893 r 19.524 0.070
53644.115726 i 19.116 0.021
53644.116560 u 22.942 0.397
53644.117393 z 18.899 0.039
53644.118226 g 20.383 0.031
53649.109517 r 19.479 0.017
53649.110350 i 19.002 0.018
#53649.111184 u -99.000 0.802
53649.112017 z 18.655 0.064
53649.112850 g 20.307 0.041
53656.097110 r 19.496 0.032
53656.097943 i 19.162 0.029
#53656.098777 u 24.389 2.987
53656.099610 z 18.969 0.058
53656.100443 g 20.395 0.070
#53665.088388 r -99.000 0.071
#53665.089221 i -99.000 0.068
#53665.090055 u 23.325 1.113
53665.090888 z 18.983 0.158
#53665.091721 g -99.000 0.067
53668.100021 r 19.866 0.028
53668.100854 i 19.321 0.032
#53668.101688 u 23.629 1.462
53668.102521 z 19.513 0.112
53668.103354 g 25.121 0.986
53673.072856 r 19.474 0.016
53673.073689 i 19.092 0.018
53673.074523 u 22.501 0.342
53673.075356 z 18.948 0.047
53673.076189 g 20.357 0.024
53675.069745 r 19.458 0.019
53675.070578 i 19.170 0.020
53675.071412 u 21.924 0.213
53675.072245 z 19.008 0.046
53675.073078 g 20.410 0.024
53677.090778 r 19.457 0.018
53677.091611 i 19.075 0.020
53677.092445 u 22.350 0.305
53677.093278 z 18.991 0.048
53677.094111 g 20.374 0.023
53680.077442 r 19.821 0.019
53680.078275 i 19.441 0.021
53680.079109 u 22.653 0.330
53680.079942 z 18.982 0.038
53680.080775 g 20.420 0.023
53693.079349 r 19.916 0.025
53693.080182 i 19.297 0.022
53693.081016 u 23.358 0.764
53693.081849 z 20.231 0.135
53693.082682 g 20.519 0.032
53704.062677 r 20.385 0.040
53704.063510 i 19.217 0.022
#53704.064344 u 24.195 1.430
53704.065177 z 19.404 0.081
53704.066010 g 20.728 0.039
#53974.150648 r -99.000 0.028
53974.151481 i 19.196 0.017
53974.152315 u 22.652 0.305
53974.153148 z 18.975 0.042
53974.153981 g 20.506 0.023
53989.140068 r 19.529 0.046
53989.140902 i 19.201 0.047
53989.141735 u 22.705 0.487
53989.142568 z 18.974 0.041
53989.143402 g 20.430 0.043
53995.147969 r 19.501 0.085
53995.148802 i 19.150 0.048
53995.149636 u 22.892 0.343
53995.150469 z 18.924 0.054
53995.151302 g 20.433 0.119
53997.126343 r 19.504 0.080
53997.127176 i 19.102 0.060
53997.128010 u 22.642 0.344
53997.128843 z 18.945 0.058
53997.129676 g 20.402 0.081
54005.098195 r 19.535 0.015
54005.099028 i 19.173 0.029
54005.099862 u 21.963 1.000
54005.100695 z 19.089 0.041
54005.101528 g 20.414 0.024
54007.110962 r 19.491 0.050
54007.111796 i 19.183 0.056
54007.112629 u 22.928 1.000
54007.113462 z 18.946 0.045
54007.114296 g 20.423 0.108
54009.108051 r 19.475 0.036
54009.108884 i 19.122 0.051
54009.109718 u 22.529 0.486
54009.110551 z 18.904 0.038
54009.111384 g 20.423 0.046
54011.172562 r 19.768 0.046
54011.173396 i 19.293 0.055
54011.174229 u 21.901 0.370
54011.175062 z 18.978 0.044
54011.175896 g 20.423 0.058
54019.122755 r 19.869 0.046
54019.123588 i 19.525 0.059
54019.124422 u 21.930 0.182
54019.125255 z 18.984 0.045
54019.126088 g 20.820 0.055
54025.171589 r 19.495 0.084
54025.172423 i 19.128 0.042
54025.173256 u 22.234 0.272
54025.174089 z 19.033 0.074
54025.174923 g 20.433 0.090
54029.101907 r 19.538 0.043
54029.102741 i 19.150 0.043
54029.103574 u 21.708 0.299
54029.104407 z 18.981 0.047
54029.105241 g 20.433 0.024
#54051.078472 r -99.000 0.533
#54051.079305 i -99.000 0.206
#54051.080139 u 31.301 99.999
#54051.080972 z -99.000 99.999
#54051.081805 g 32.272 99.999
54358.125121 r 19.481 0.044
#54358.125954 i -99.000 0.048
54358.126787 u 23.163 0.783
54358.127621 z 18.955 0.044
#54358.128454 g -99.000 0.035
#54382.167308 r -99.000 0.094
54382.168142 i 19.512 0.091
#54382.168975 u 99.979 99.999
54382.169808 z 19.162 0.126
#54382.170642 g -99.000 0.241
54383.173049 r 19.496 0.030
54383.173883 i 19.139 0.039
#54383.174716 u 23.728 1.078
54383.175549 z 18.932 0.044
54383.176383 g 20.364 0.027
54386.170090 r 19.587 0.025
54386.170923 i 19.546 0.053
54386.171756 u 22.639 1.000
54386.172590 z 18.981 0.037
#54386.173423 g -99.000 0.029
54388.174337 r 19.645 0.028
54388.175170 i 19.542 0.049
#54388.176003 u 99.987 99.999
54388.176837 z 18.844 0.042
54388.177670 g 20.703 0.044
54403.088111 r 19.792 0.037
54403.088944 i 19.550 0.054
54403.089778 u 22.304 0.236
54403.090611 z 18.956 0.040
54403.091444 g 20.736 0.055
54406.081940 r 19.456 0.082
54406.082773 i 19.181 0.026
54406.083607 u 22.535 0.280
54406.084440 z 18.920 0.044
54406.085273 g 20.400 0.066
54412.084867 r 20.022 0.070
54412.085701 i 19.329 0.034
54412.086534 u 22.400 0.408
54412.087367 z 19.054 0.049
54412.088201 g 20.752 0.060
54415.122436 r 19.687 0.028
54415.123270 i 19.476 0.045
54415.124103 u 22.818 0.422
54415.124936 z 18.933 0.042
54415.125770 g 20.437 0.026
