52172.227632 r 19.738 0.017
52172.228465 i 19.498 0.021
52172.229299 u 22.121 0.218
52172.230132 z 19.403 0.057
52172.230965 g 20.611 0.026
52931.078989 r 19.784 0.018
52931.079822 i 19.557 0.021
52931.080656 u 22.306 0.231
52931.081489 z 19.358 0.059
52931.082322 g 20.391 0.024
52935.075952 r 19.779 0.019
52935.076785 i 19.506 0.022
52935.077619 u 23.075 0.519
52935.078452 z 19.482 0.067
52935.079285 g 20.447 0.025
53313.069153 r 19.942 0.029
53313.069986 i 19.538 0.032
53313.070820 u 21.975 0.250
53313.071653 z 19.658 0.123
53313.072486 g 20.394 0.035
53622.178400 r 19.922 0.030
53622.179233 i 19.507 0.036
53622.180067 u 22.396 0.453
53622.180900 z 19.497 0.096
53622.181733 g 20.451 0.041
53625.174365 r 19.725 0.020
53625.175198 i 19.622 0.025
53625.176032 u 22.343 0.328
53625.176865 z 19.309 0.053
53625.177698 g 20.556 0.036
53636.133401 r 19.759 0.017
53636.134234 i 19.545 0.022
53636.135068 u 22.126 0.212
53636.135901 z 19.481 0.070
53636.136734 g 20.424 0.023
53645.193069 r 19.744 0.021
53645.193902 i 19.451 0.022
53645.194736 u 22.182 0.269
53645.195569 z 19.435 0.062
53645.196402 g 20.355 0.030
53655.105405 r 19.883 0.026
53655.106238 i 19.584 0.027
53655.107072 u 22.398 0.457
53655.107905 z 19.442 0.066
53655.108738 g 20.555 0.044
53664.130365 r 19.741 0.028
53664.131198 i 19.480 0.032
53664.132032 u 22.764 0.747
53664.132865 z 19.661 0.105
53664.133698 g 20.479 0.047
53666.093965 r 19.731 0.018
53666.094798 i 19.590 0.024
53666.095632 u 21.909 0.163
53666.096465 z 19.348 0.063
53666.097298 g 20.446 0.021
53669.089604 r 19.760 0.019
53669.090437 i 19.561 0.023
53669.091271 u 22.156 0.203
53669.092104 z 19.499 0.064
53669.092937 g 20.437 0.022
53674.073838 r 19.773 0.022
53674.074671 i 19.496 0.026
53674.075505 u 21.992 0.207
53674.076338 z 19.403 0.068
53674.077171 g 20.482 0.031
#53681.126735 r -99.000 0.070
53681.127568 i 19.474 0.148
53681.128402 u 22.101 0.645
53681.129235 z 19.347 0.247
53681.130068 g 20.602 0.097
53687.124130 r 19.737 0.033
53687.124963 i 19.621 0.039
#53687.125797 u 24.680 3.899
53687.126630 z 19.593 0.093
53687.127463 g 20.772 0.099
53700.082722 r 19.769 0.020
53700.083555 i 19.557 0.025
53700.084389 u 22.178 0.252
53700.085222 z 19.328 0.061
53700.086055 g 20.379 0.024
53705.069393 r 19.558 0.026
53705.070226 i 19.287 0.031
53705.071060 u 22.382 0.429
53705.071893 z 19.394 0.101
53705.072726 g 20.360 0.039
53994.149832 r 19.756 0.241
53994.150665 i 19.553 0.219
53994.151499 u 21.901 0.183
53994.152332 z 19.396 0.099
53994.153165 g 20.374 0.086
53998.129738 r 19.736 0.024
53998.130571 i 19.457 0.212
53998.131404 u 22.420 0.285
53998.132238 z 19.558 0.072
53998.133071 g 20.470 0.034
54010.115210 r 19.799 0.403
54010.116044 i 19.567 0.392
54010.116877 u 21.466 0.190
54010.117710 z 19.388 0.136
54010.118544 g 20.481 0.526
54012.108055 r 19.889 0.162
54012.108888 i 19.514 0.320
54012.109722 u 22.191 0.559
54012.110555 z 19.595 0.110
54012.111388 g 20.509 0.087
#54022.163321 r -99.000 0.639
54022.164154 i 19.541 0.965
54022.164987 u 22.280 0.452
54022.165821 z 19.559 0.136
#54022.166654 g -99.000 1.135
54030.107592 r 19.761 0.088
54030.108425 i 19.438 0.346
54030.109258 u 22.758 0.333
54030.110092 z 19.489 0.061
54030.110925 g 20.409 0.098
#54032.097069 r -99.000 0.754
54032.097902 i 19.451 0.789
54032.098736 u 22.081 0.421
#54032.099569 z -99.000 0.193
#54032.100402 g -99.000 0.847
54037.088838 r 19.787 0.116
54037.089671 i 19.520 0.038
54037.090504 u 21.709 0.208
54037.091338 z 19.487 0.070
54037.092171 g 20.506 0.043
54040.103315 r 19.829 0.896
54040.104149 i 19.514 0.346
54040.104982 u 22.086 0.471
54040.105815 z 19.878 0.166
54040.106649 g 20.685 0.545
54357.133260 r 19.756 0.200
54357.134093 i 19.512 0.093
54357.134927 u 23.175 0.547
54357.135760 z 19.384 0.057
54357.136593 g 20.403 0.030
54365.131115 r 19.750 0.043
54365.131948 i 19.567 0.600
54365.132781 u 21.793 0.289
54365.133615 z 19.516 0.067
54365.134448 g 20.632 0.073
54385.181084 r 19.729 0.765
54385.181917 i 19.547 0.784
54385.182750 u 22.686 0.467
54385.183584 z 19.588 0.354
54385.184417 g 20.409 0.828
