51075.323284 r 21.295 0.061
51075.324117 i 20.789 0.065
51075.324951 u 21.314 0.114
51075.325784 z 20.564 0.280
51075.326617 g 21.397 0.053
51819.378169 r 20.695 0.041
51819.379002 i 20.349 0.047
51819.379836 u 20.617 0.081
51819.380669 z 20.343 0.157
51819.381502 g 20.629 0.032
52196.342493 r 20.690 0.035
52196.343326 i 20.359 0.039
52196.344160 u 20.631 0.079
52196.344993 z 20.252 0.167
52196.345826 g 20.539 0.026
52197.336929 r 20.601 0.036
52197.337762 i 20.356 0.045
52197.338596 u 20.744 0.084
52197.339429 z 20.215 0.171
52197.340262 g 20.570 0.025
52225.187091 r 20.551 0.033
52225.187924 i 20.340 0.042
52225.188758 u 20.654 0.075
52225.189591 z 20.348 0.164
52225.190424 g 20.532 0.023
52231.222873 r 20.610 0.032
52231.223706 i 20.246 0.033
52231.224540 u 20.558 0.069
52231.225373 z 20.387 0.162
52231.226206 g 20.577 0.024
52253.209041 r 20.492 0.034
52253.209874 i 20.248 0.035
52253.210708 u 20.705 0.089
52253.211541 z 20.511 0.196
52253.212374 g 20.481 0.024
52558.343402 r 20.366 0.031
52558.344235 i 20.040 0.035
52558.345069 u 20.375 0.065
52558.345902 z 20.099 0.129
52558.346735 g 20.305 0.023
52577.230905 r 20.406 0.029
52577.231738 i 20.227 0.039
52577.232572 u 20.438 0.060
52577.233405 z 20.136 0.126
52577.234238 g 20.319 0.022
52578.226959 r 20.366 0.028
52578.227792 i 20.184 0.035
52578.228626 u 20.488 0.063
52578.229459 z 20.038 0.134
52578.230292 g 20.334 0.020
52586.234383 r 20.349 0.032
52586.235216 i 20.167 0.045
52586.236050 u 20.411 0.050
52586.236883 z 20.042 0.127
52586.237716 g 20.364 0.021
52908.305441 r 20.296 0.028
52908.306274 i 19.992 0.029
52908.307108 u 20.384 0.063
52908.307941 z 20.113 0.157
52908.308774 g 20.153 0.019
52910.314864 r 20.258 0.025
52910.315697 i 20.052 0.039
52910.316531 u 20.272 0.051
52910.317364 z 20.128 0.107
52910.318197 g 20.138 0.019
52931.245066 r 20.268 0.028
52931.245899 i 20.059 0.038
52931.246733 u 20.186 0.053
52931.247566 z 20.114 0.114
52931.248399 g 20.198 0.021
52935.242030 r 20.328 0.030
52935.242863 i 20.071 0.038
52935.243697 u 20.271 0.053
52935.244530 z 20.028 0.111
52935.245363 g 20.208 0.021
52936.233269 r 20.204 0.026
52936.234102 i 20.053 0.030
52936.234936 u 20.280 0.058
52936.235769 z 19.915 0.113
52936.236602 g 20.227 0.019
52959.185359 r 20.352 0.024
52959.186192 i 20.078 0.027
52959.187026 u 20.359 0.045
52959.187859 z 19.999 0.075
52959.188692 g 20.239 0.018
52962.158793 r 20.289 0.028
52962.159626 i 20.115 0.034
52962.160460 u 20.430 0.070
52962.161293 z 20.022 0.165
52962.162126 g 20.298 0.024
52963.165103 r 20.288 0.023
52963.165936 i 20.094 0.028
52963.166770 u 20.304 0.043
52963.167603 z 20.029 0.079
52963.168436 g 20.250 0.019
53270.297329 r 20.314 0.024
53270.298162 i 20.027 0.025
53270.298995 u 20.338 0.053
53270.299829 z 20.041 0.108
53270.300662 g 20.260 0.029
53272.347271 r 20.300 0.029
53272.348104 i 20.103 0.033
53272.348938 u 20.368 0.066
53272.349771 z 19.912 0.120
53272.350604 g 20.280 0.022
53288.274483 r 20.412 0.033
53288.275316 i 20.093 0.034
53288.276150 u 20.367 0.074
53288.276983 z 19.973 0.119
53288.277816 g 20.288 0.022
53298.318935 r 20.317 0.033
53298.319768 i 20.012 0.034
53298.320602 u 20.510 0.078
53298.321435 z 19.811 0.115
53298.322268 g 20.313 0.022
53312.225681 r 20.364 0.038
53312.226514 i 20.034 0.040
53312.227347 u 20.409 0.083
53312.228181 z 19.915 0.143
53312.229014 g 20.297 0.035
53352.136171 r 20.421 0.026
53352.137004 i 20.094 0.032
53352.137838 u 20.345 0.046
53352.138671 z 19.971 0.090
53352.139504 g 20.349 0.020
53616.331240 r 20.097 0.038
53616.332073 i 19.912 0.044
53616.332907 u 20.214 0.091
53616.333740 z 20.102 0.258
53616.334573 g 20.104 0.025
53622.344469 r 20.264 0.033
53622.345302 i 20.120 0.040
53622.346136 u 20.139 0.063
53622.346969 z 19.714 0.116
53622.347802 g 20.131 0.025
#53623.321453 r -99.000 0.068
#53623.322286 i -99.000 0.046
#53623.323120 u -99.000 1.428
#53623.323953 z -99.000 0.458
#53623.324786 g -99.000 0.656
53634.293939 r 20.247 0.059
53634.294772 i 19.878 0.046
53634.295606 u 20.098 0.106
53634.296439 z 19.889 0.114
53634.297272 g 20.064 0.052
53637.294148 r 20.226 0.043
53637.294981 i 19.998 0.045
53637.295815 u 20.089 0.096
53637.296648 z 20.010 0.184
53637.297481 g 20.151 0.035
53638.335274 r 20.292 0.028
53638.336107 i 20.000 0.031
53638.336941 u 20.192 0.057
53638.337774 z 20.003 0.095
53638.338607 g 20.121 0.023
53639.339524 r 20.187 0.024
53639.340357 i 19.977 0.026
53639.341191 u 20.171 0.057
53639.342024 z 19.985 0.102
53639.342857 g 20.180 0.020
53640.299310 r 20.213 0.030
53640.300143 i 20.042 0.041
53640.300977 u 20.318 0.078
53640.301810 z 19.992 0.120
53640.302643 g 20.179 0.025
53654.321216 r 20.187 0.027
53654.322049 i 19.971 0.032
53654.322883 u 20.260 0.068
53654.323716 z 20.003 0.139
53654.324549 g 20.168 0.019
53655.271481 r 20.156 0.049
53655.272314 i 19.874 0.052
53655.273148 u 20.178 0.096
53655.273981 z 20.036 0.193
53655.274814 g 20.110 0.039
53663.282120 r 20.197 0.037
53663.282953 i 19.993 0.033
53663.283787 u 20.303 0.099
53663.284620 z 19.945 0.103
53663.285453 g 20.153 0.034
53664.296437 r 20.264 0.047
53664.297270 i 20.083 0.047
53664.298104 u 20.263 0.101
53664.298937 z 19.922 0.109
53664.299770 g 20.157 0.042
#53665.260091 r -99.000 0.105
53665.260924 i 19.923 0.075
#53665.261758 u -99.000 0.158
53665.262591 z 19.925 0.150
53665.263424 g 20.053 0.033
53669.255680 r 20.212 0.023
53669.256513 i 19.982 0.029
53669.257347 u 20.183 0.045
53669.258180 z 20.010 0.095
53669.259013 g 20.108 0.017
53671.340447 r 20.176 0.034
53671.341280 i 20.010 0.043
53671.342114 u 20.334 0.095
53671.342947 z 19.870 0.127
53671.343780 g 20.057 0.026
53673.244558 r 20.203 0.025
53673.245391 i 20.018 0.028
53673.246225 u 20.290 0.058
53673.247058 z 20.059 0.124
53673.247891 g 20.152 0.018
53674.239916 r 20.247 0.029
53674.240749 i 19.991 0.033
53674.241583 u 20.294 0.059
53674.242416 z 19.853 0.090
53674.243249 g 20.120 0.019
53675.241446 r 20.199 0.031
53675.242279 i 20.043 0.036
53675.243113 u 20.244 0.071
53675.243946 z 19.917 0.133
53675.244779 g 20.177 0.020
53676.329391 r 20.268 0.026
53676.330224 i 19.976 0.027
53676.331058 u 20.221 0.054
53676.331891 z 20.003 0.079
53676.332724 g 20.131 0.018
53677.262478 r 20.266 0.028
53677.263311 i 19.998 0.029
53677.264145 u 20.232 0.060
53677.264978 z 19.973 0.112
53677.265811 g 20.157 0.018
53679.301284 r 20.175 0.033
53679.302117 i 19.957 0.040
53679.302951 u 20.213 0.063
53679.303784 z 20.039 0.142
53679.304617 g 20.104 0.022
53680.249144 r 20.229 0.025
53680.249977 i 20.008 0.029
53680.250811 u 20.252 0.057
53680.251644 z 19.904 0.102
53680.252477 g 20.156 0.018
53681.292796 r 20.201 0.036
53681.293629 i 19.940 0.041
53681.294463 u 20.180 0.063
53681.295296 z 19.955 0.111
53681.296129 g 20.130 0.021
53685.251849 r 20.119 0.067
53685.252682 i 19.941 0.069
53685.253516 u 20.044 0.153
53685.254349 z 19.623 0.129
53685.255182 g 19.970 0.080
53694.265726 r 20.184 0.072
53694.266559 i 19.919 0.071
53694.267393 u 20.302 0.224
53694.268226 z 19.688 0.147
53694.269059 g 20.117 0.073
53697.249821 r 20.179 0.026
53697.250654 i 20.022 0.033
53697.251488 u 20.097 0.057
53697.252321 z 19.882 0.083
53697.253154 g 20.096 0.022
53698.248430 r 20.141 0.028
53698.249263 i 19.981 0.033
53698.250097 u 20.245 0.068
53698.250930 z 20.153 0.155
53698.251763 g 20.166 0.020
53700.248779 r 20.144 0.030
53700.249612 i 20.007 0.041
53700.250446 u 20.198 0.066
53700.251279 z 19.963 0.121
53700.252112 g 20.055 0.021
53705.235449 r 20.240 0.025
53705.236282 i 19.977 0.029
53705.237116 u 20.190 0.053
53705.237949 z 19.998 0.082
53705.238782 g 20.074 0.019
53974.327039 r 20.488 0.024
53974.327873 i 20.194 0.028
53974.328706 u 20.485 0.065
53974.329539 z 20.241 0.136
53974.330373 g 20.437 0.025
53975.320517 r 20.476 0.029
53975.321350 i 20.246 0.040
53975.322183 u 20.374 0.051
53975.323017 z 20.047 0.096
53975.323850 g 20.312 0.024
53977.375633 r 20.486 0.025
53977.376467 i 20.167 0.028
53977.377300 u 20.689 0.066
53977.378133 z 20.162 0.119
53977.378967 g 20.419 0.023
53989.330445 r 20.479 0.046
53989.331279 i 20.200 0.042
53989.332112 u 21.028 0.223
53989.332945 z 19.841 0.099
53989.333779 g 20.515 0.053
53990.333340 r 20.518 0.051
53990.334173 i 20.267 0.049
53990.335007 u 20.485 0.112
53990.335840 z 19.947 0.107
53990.336673 g 20.427 0.045
53994.343507 r 20.527 0.032
53994.344340 i 20.179 0.039
53994.345174 u 20.393 0.057
53994.346007 z 20.072 0.106
53994.346840 g 20.380 0.026
53996.327181 r 20.489 0.039
53996.328014 i 20.206 0.040
53996.328847 u 20.505 0.061
53996.329681 z 20.082 0.104
53996.330514 g 20.425 0.025
53998.295804 r 20.481 0.028
53998.296637 i 20.178 0.032
53998.297471 u 20.486 0.053
53998.298304 z 20.089 0.087
53998.299137 g 20.447 0.027
54000.305826 r 20.652 0.044
54000.306659 i 20.171 0.041
54000.307492 u 20.571 0.084
#54000.308326 z -99.000 0.242
54000.309159 g 20.440 0.041
54005.326049 r 20.536 0.026
54005.326882 i 20.293 0.030
54005.327716 u 20.476 0.047
54005.328549 z 20.135 0.079
54005.329382 g 20.441 0.025
#54006.252655 r -99.000 0.034
54006.253488 i 20.216 0.045
#54006.254322 u -99.000 0.217
#54006.255155 z -99.000 0.144
#54006.255988 g -99.000 0.027
54007.356008 r 20.596 0.033
54007.356841 i 20.152 0.035
54007.357674 u 20.615 0.087
54007.358508 z 20.136 0.148
54007.359341 g 20.425 0.051
54009.279807 r 20.477 0.033
54009.280641 i 20.166 0.037
54009.281474 u 20.734 0.093
54009.282307 z 20.358 0.163
54009.283141 g 20.447 0.033
54010.281344 r 20.577 0.034
54010.282177 i 20.257 0.035
54010.283011 u 20.438 0.058
54010.283844 z 20.128 0.083
54010.284677 g 20.479 0.035
54011.344237 r 20.466 0.039
54011.345070 i 20.209 0.037
54011.345903 u 20.465 0.070
54011.346737 z 20.293 0.127
54011.347570 g 20.539 0.035
54012.274157 r 20.575 0.053
54012.274991 i 20.112 0.040
54012.275824 u 20.658 0.129
54012.276657 z 20.116 0.098
54012.277491 g 20.466 0.052
54020.280182 r 20.612 0.047
54020.281016 i 20.302 0.045
54020.281849 u 20.487 0.085
54020.282682 z 19.908 0.116
54020.283516 g 20.438 0.057
54024.361777 r 20.566 0.057
54024.362611 i 20.202 0.062
54024.363444 u 20.456 0.095
54024.364277 z 20.317 0.224
54024.365111 g 20.473 0.036
54025.343264 r 20.491 0.041
54025.344097 i 20.245 0.045
54025.344930 u 20.538 0.099
54025.345764 z 20.333 0.215
#54025.346597 g -99.000 0.036
#54029.273619 r -99.000 0.059
54029.274453 i 20.225 0.049
54029.275286 u 20.704 0.142
#54029.276119 z -99.000 0.145
#54029.276953 g -99.000 0.170
54030.273667 r 20.536 0.031
54030.274500 i 20.232 0.034
54030.275334 u 20.403 0.053
54030.276167 z 20.114 0.085
54030.277000 g 20.418 0.021
54035.349443 r 20.568 0.054
54035.350276 i 20.125 0.058
54035.351110 u 20.490 0.100
54035.351943 z 20.127 0.193
54035.352776 g 20.449 0.045
54037.254914 r 20.561 0.034
54037.255747 i 20.207 0.043
54037.256581 u 20.596 0.061
54037.257414 z 20.083 0.099
54037.258247 g 20.464 0.025
54040.269469 r 20.468 0.057
54040.270302 i 20.220 0.054
54040.271135 u 20.348 0.114
54040.271969 z 19.903 0.111
54040.272802 g 20.433 0.059
54049.295944 r 20.636 0.087
54049.296778 i 20.156 0.072
54049.297611 u 20.488 0.174
54049.298444 z 20.078 0.160
54049.299278 g 20.339 0.056
54053.260230 r 20.504 0.037
54053.261063 i 20.205 0.041
54053.261896 u 20.430 0.054
54053.262730 z 20.121 0.099
54053.263563 g 20.349 0.023
54056.261899 r 20.653 0.054
54056.262733 i 20.136 0.062
54056.263566 u 20.345 0.096
54056.264399 z 20.203 0.187
54056.265233 g 20.446 0.040
54059.256206 r 20.454 0.054
54059.257039 i 20.151 0.083
#54059.257873 u -99.000 0.077
54059.258706 z 20.221 0.178
54059.259539 g 20.512 0.043
54062.261125 r 20.485 0.041
54062.261958 i 20.280 0.050
54062.262792 u 20.504 0.069
54062.263625 z 19.928 0.127
54062.264458 g 20.429 0.031
54068.241750 r 20.444 0.080
54068.242583 i 20.282 0.078
54068.243416 u 20.449 0.161
54068.244250 z 20.037 0.148
54068.245083 g 20.384 0.086
54348.340989 r 20.919 0.043
54348.341822 i 20.495 0.042
54348.342656 u 20.819 0.097
54348.343489 z 20.486 0.196
54348.344322 g 20.849 0.036
54357.299367 r 20.954 0.036
54357.300201 i 20.513 0.040
54357.301034 u 20.816 0.066
54357.301867 z 20.442 0.100
54357.302701 g 20.791 0.029
54359.290853 r 20.923 0.066
54359.291686 i 20.511 0.081
54359.292519 u 20.991 0.189
54359.293353 z 19.940 0.233
#54359.294186 g -99.000 0.066
54362.349149 r 20.825 0.042
54362.349982 i 20.390 0.048
54362.350816 u 20.843 0.088
54362.351649 z 20.552 0.156
54362.352482 g 20.743 0.031
54365.329917 r 20.853 0.038
54365.330750 i 20.393 0.033
54365.331583 u 20.758 0.072
54365.332417 z 20.348 0.145
54365.333250 g 20.758 0.029
54381.349506 r 20.690 0.040
54381.350339 i 20.373 0.046
54381.351172 u 20.673 0.087
54381.352006 z 20.472 0.184
54381.352839 g 20.729 0.026
54382.329405 r 20.761 0.061
54382.330238 i 20.451 0.074
54382.331071 u 20.658 0.108
54382.331905 z 20.304 0.246
54382.332738 g 20.742 0.077
54384.356096 r 20.814 0.042
54384.356929 i 20.410 0.042
54384.357763 u 20.784 0.100
54384.358596 z 20.077 0.123
54384.359429 g 20.729 0.029
54385.347153 r 20.892 0.040
54385.347986 i 20.386 0.038
#54385.348819 u -99.000 0.064
54385.349653 z 20.451 0.107
54385.350486 g 20.719 0.032
54386.341782 r 20.897 0.060
54386.342615 i 20.523 0.067
54386.343449 u 20.753 0.122
54386.344282 z 20.404 0.244
54386.345115 g 20.822 0.040
54387.347677 r 20.810 0.063
54387.348510 i 20.440 0.063
54387.349343 u 20.634 0.096
54387.350177 z 20.066 0.120
54387.351010 g 20.764 0.038
54388.346067 r 20.814 0.039
54388.346901 i 20.486 0.041
54388.347734 u 20.782 0.088
54388.348567 z 20.148 0.124
54388.349401 g 20.786 0.029
54402.341079 r 20.883 0.092
54402.341912 i 20.453 0.069
54402.342746 u 20.574 0.206
54402.343579 z 20.438 0.171
54402.344412 g 20.818 0.094
54403.259835 r 20.818 0.072
54403.260668 i 20.457 0.053
54403.261501 u 20.354 0.151
54403.262335 z 21.127 0.624
#54403.263168 g -99.000 0.193
54404.317391 r 20.838 0.059
54404.318224 i 20.551 0.049
54404.319058 u 20.672 0.132
54404.319891 z 20.135 0.134
54404.320724 g 20.819 0.050
54405.315333 r 20.875 0.050
54405.316166 i 20.457 0.045
54405.317000 u 20.673 0.110
54405.317833 z 20.451 0.167
54405.318666 g 20.739 0.036
54406.253647 r 20.811 0.037
54406.254481 i 20.491 0.039
54406.255314 u 20.786 0.081
54406.256147 z 20.264 0.127
54406.256981 g 20.772 0.029
54412.256567 r 20.840 0.047
54412.257400 i 20.532 0.048
54412.258233 u 20.697 0.093
54412.259067 z 20.373 0.184
54412.259900 g 20.789 0.035
