52075.317947 r 19.357 0.015
52075.318780 i 19.098 0.016
52075.319614 u 21.934 0.260
52075.320447 z 18.929 0.053
52075.321280 g 19.951 0.018
52197.126587 r 19.359 0.014
52197.127420 i 19.042 0.015
52197.128254 u 21.550 0.135
52197.129087 z 18.838 0.047
52197.129920 g 20.025 0.016
52557.164438 r 19.314 0.015
52557.165271 i 19.051 0.016
52557.166105 u 21.219 0.134
52557.166938 z 18.870 0.051
52557.167771 g 19.946 0.021
52929.090741 r 19.348 0.014
52929.091574 i 19.125 0.016
52929.092408 u 21.414 0.133
52929.093241 z 19.009 0.056
52929.094074 g 20.039 0.017
52934.070897 r 19.341 0.014
52934.071730 i 19.086 0.015
52934.072564 u 21.496 0.145
52934.073397 z 18.928 0.053
52934.074230 g 19.991 0.017
52936.066824 r 19.360 0.014
52936.067657 i 19.133 0.016
52936.068491 u 21.424 0.124
52936.069324 z 18.987 0.054
52936.070157 g 20.021 0.016
53243.252035 r 19.432 0.025
53243.252868 i 19.051 0.019
53243.253702 u 21.232 0.266
53243.254535 z 19.043 0.069
53243.255368 g 19.971 0.041
53270.130883 r 19.335 0.044
53270.131716 i 19.031 0.048
53270.132550 u 21.259 0.150
53270.133383 z 19.027 0.060
53270.134216 g 19.908 0.067
53288.108040 r 19.335 0.014
53288.108873 i 19.069 0.016
53288.109707 u 21.303 0.144
53288.110540 z 18.948 0.059
53288.111373 g 20.013 0.019
53302.103708 r 19.339 0.020
53302.104541 i 19.070 0.018
53302.105375 u 21.505 0.293
53302.106208 z 18.821 0.045
53302.107041 g 19.959 0.030
53623.155018 r 19.363 0.015
53623.155851 i 19.089 0.017
53623.156685 u 21.303 0.172
53623.157518 z 19.023 0.066
53623.158351 g 19.900 0.021
53626.141230 r 19.338 0.019
53626.142063 i 18.996 0.016
53626.142897 u 21.362 0.210
53626.143730 z 18.926 0.050
53626.144563 g 19.933 0.029
53628.126095 r 19.300 0.032
53628.126928 i 19.055 0.027
#53628.127762 u 22.355 1.089
53628.128595 z 19.017 0.079
53628.129428 g 20.258 0.071
53637.127707 r 19.254 0.016
53637.128540 i 19.025 0.018
53637.129374 u 22.149 0.401
53637.130207 z 18.994 0.071
53637.131040 g 20.068 0.021
53644.120149 r 19.349 0.207
53644.120982 i 19.096 0.038
53644.121815 u 21.031 0.162
53644.122649 z 18.884 0.052
53644.123482 g 19.986 0.581
53649.114777 r 19.325 0.036
#53649.115610 i -99.000 0.057
53649.116444 u 21.463 0.703
#53649.117277 z -99.000 0.185
#53649.118110 g -99.000 0.091
#53665.093647 r -99.000 0.093
#53665.094480 i -99.000 0.124
#53665.095314 u -99.000 1.478
#53665.096147 z -99.000 0.301
53665.096980 g 19.926 0.070
53668.105279 r 19.388 0.026
53668.106112 i 19.284 0.029
53668.106946 u 21.981 0.369
53668.107779 z 18.941 0.091
53668.108612 g 20.022 0.032
53670.110133 r 19.399 0.017
53670.110966 i 19.068 0.018
53670.111800 u 21.544 0.211
53670.112633 z 18.990 0.068
53670.113466 g 20.065 0.019
53673.078114 r 19.337 0.015
53673.078947 i 19.074 0.016
53673.079781 u 21.550 0.170
53673.080614 z 18.995 0.064
53673.081447 g 20.000 0.018
53675.075003 r 19.354 0.015
53675.075836 i 19.091 0.016
53675.076670 u 21.710 0.184
53675.077503 z 18.960 0.056
53675.078336 g 19.995 0.017
53677.096036 r 19.275 0.015
53677.096869 i 19.037 0.016
53677.097703 u 21.468 0.146
53677.098536 z 18.850 0.049
53677.099369 g 19.999 0.017
53680.082701 r 19.319 0.014
53680.083534 i 19.046 0.014
53680.084368 u 21.167 0.108
53680.085201 z 18.836 0.040
53680.086034 g 19.969 0.016
53693.084607 r 19.334 0.017
53693.085440 i 19.073 0.018
53693.086274 u 21.699 0.247
53693.087107 z 18.967 0.058
53693.087940 g 20.038 0.023
#53703.089410 r 19.390 1.307
#53703.090243 i 19.043 1.223
53703.091076 u 21.568 0.317
53703.091910 z 19.506 0.147
#53703.092743 g 20.242 1.883
53704.067936 r 19.347 0.017
53704.068769 i 19.163 0.021
53704.069603 u 22.275 0.465
53704.070436 z 18.781 0.065
53704.071269 g 19.955 0.031
53974.155913 r 19.317 0.052
53974.156746 i 19.130 0.040
53974.157579 u 21.361 0.152
53974.158413 z 19.074 0.078
53974.159246 g 20.058 0.061
53989.145312 r 19.376 0.023
53989.146145 i 19.028 0.034
53989.146978 u 21.477 0.183
53989.147812 z 18.922 0.050
53989.148645 g 19.974 0.028
53995.153249 r 19.297 0.046
53995.154082 i 19.063 0.022
53995.154915 u 21.375 0.123
53995.155749 z 19.008 0.052
53995.156582 g 19.956 0.031
53997.131603 r 19.373 0.048
53997.132436 i 19.087 0.107
53997.133269 u 21.712 0.248
53997.134103 z 18.977 0.081
53997.134936 g 20.008 0.188
54005.103467 r 19.332 0.021
54005.104301 i 19.056 0.027
54005.105134 u 21.574 0.141
54005.105967 z 18.968 0.048
54005.106801 g 19.934 0.030
54007.116200 r 19.335 0.026
54007.117033 i 19.066 0.043
54007.117867 u 21.333 0.135
54007.118700 z 18.980 0.058
54007.119533 g 20.041 0.035
54009.113310 r 19.403 0.024
54009.114143 i 19.087 0.022
54009.114976 u 21.322 0.140
54009.115810 z 18.903 0.043
54009.116643 g 20.048 0.032
54011.177808 r 19.348 0.022
54011.178641 i 19.063 0.018
54011.179475 u 21.241 0.213
54011.180308 z 18.920 0.046
54011.181141 g 19.964 0.035
54019.128013 r 19.411 0.143
54019.128846 i 19.076 0.225
54019.129679 u 22.036 0.501
54019.130513 z 19.401 0.166
54019.131346 g 20.256 0.165
54025.176827 r 19.327 0.018
54025.177660 i 19.175 0.027
54025.178494 u 21.449 0.153
54025.179327 z 19.130 0.079
54025.180160 g 20.038 0.099
#54029.107168 r 19.314 1.924
54029.108001 i 19.079 0.101
54029.108835 u 21.269 0.158
54029.109668 z 18.905 0.054
54029.110501 g 20.016 0.110
54051.083735 r 19.596 0.588
54051.084568 i 19.275 0.530
54051.085401 u 21.347 0.357
54051.086235 z 19.006 0.182
#54051.087068 g 20.152 1.163
54356.185321 r 19.335 0.019
54356.186154 i 19.116 0.016
54356.186987 u 21.418 0.110
54356.187821 z 18.934 0.051
54356.188654 g 20.017 0.023
#54358.130383 r 19.342 1.430
#54358.131217 i 19.158 1.304
54358.132050 u 21.911 0.418
#54358.132883 z 19.393 1.201
#54358.133717 g 19.880 1.453
#54381.175173 r -99.000 1.280
#54381.176007 i 19.319 1.046
54381.176840 u 22.798 0.871
54381.177673 z 19.074 0.098
54381.178507 g 20.156 0.108
54383.178311 r 19.394 0.221
54383.179144 i 19.143 0.100
54383.179978 u 21.472 0.185
#54383.180811 z 18.896 1.642
54383.181644 g 19.981 0.298
54386.175329 r 19.300 0.017
54386.176162 i 19.054 0.019
54386.176996 u 21.154 0.125
54386.177829 z 18.937 0.043
54386.178662 g 20.039 0.022
54388.179664 r 19.409 0.029
54388.180497 i 19.114 0.026
54388.181330 u 21.531 0.225
54388.182164 z 18.928 0.063
54388.182997 g 20.014 0.035
54403.093373 r 19.324 0.027
54403.094206 i 19.035 0.029
54403.095039 u 21.234 0.114
54403.095873 z 18.829 0.043
54403.096706 g 19.974 0.020
54406.087203 r 19.369 0.023
54406.088037 i 19.071 0.023
54406.088870 u 21.567 0.159
54406.089703 z 18.833 0.055
54406.090537 g 20.026 0.028
54412.090130 r 19.364 0.032
54412.090964 i 19.095 0.037
54412.091797 u 21.440 0.208
54412.092630 z 18.978 0.052
54412.093464 g 19.949 0.054
54415.127685 r 19.349 0.852
54415.128518 i 19.044 0.021
54415.129351 u 21.240 0.154
54415.130185 z 18.911 0.049
54415.131018 g 19.908 0.337
