52935.066942 r 19.297 0.014
52935.067775 i 18.980 0.014
52935.068609 u 21.671 0.184
52935.069442 z 18.889 0.051
52935.070275 g 19.964 0.016
53313.060142 r 19.289 0.016
53313.060975 i 18.968 0.018
53313.061809 u 21.492 0.190
53313.062642 z 18.818 0.064
53313.063475 g 19.958 0.019
53622.169389 r 19.428 0.020
53622.170222 i 19.016 0.017
53622.171056 u 21.979 0.271
53622.171889 z 18.836 0.046
53622.172722 g 19.971 0.019
53625.165355 r 19.271 0.015
53625.166188 i 18.983 0.015
53625.167022 u 21.525 0.172
53625.167855 z 18.842 0.044
53625.168688 g 19.963 0.022
53636.124391 r 19.267 0.014
53636.125224 i 18.944 0.014
53636.126058 u 21.425 0.141
53636.126891 z 18.792 0.046
53636.127724 g 19.956 0.016
53645.184060 r 19.245 0.013
53645.184893 i 19.004 0.014
#53645.185727 u -99.000 0.337
#53645.186560 z -99.000 0.072
53645.187393 g 19.947 0.016
53655.096395 r 19.306 0.016
53655.097228 i 18.993 0.015
53655.098062 u 22.069 0.348
53655.098895 z 18.821 0.044
53655.099728 g 19.970 0.025
53664.121356 r 19.323 0.018
53664.122189 i 19.004 0.017
53664.123023 u 22.179 0.401
53664.123856 z 18.792 0.054
53664.124689 g 20.040 0.027
53666.084955 r 19.302 0.014
53666.085788 i 18.977 0.015
53666.086622 u 22.003 0.207
53666.087455 z 18.861 0.050
53666.088288 g 19.991 0.016
53669.080594 r 19.286 0.013
53669.081427 i 18.977 0.014
53669.082261 u 21.518 0.153
53669.083094 z 18.844 0.050
53669.083927 g 19.953 0.016
53674.064829 r 19.321 0.014
53674.065662 i 18.978 0.014
53674.066496 u 21.663 0.163
53674.067329 z 18.842 0.046
53674.068162 g 19.971 0.016
53681.117727 r 19.248 0.041
#53681.118560 i -99.000 0.036
53681.119394 u 21.664 0.406
53681.120227 z 18.840 0.085
#53681.121060 g -99.000 0.043
53685.076768 r 19.293 0.027
#53685.077601 i -99.000 0.023
53685.078435 u 21.336 0.386
#53685.079268 z -99.000 0.057
53685.080101 g 19.949 0.053
53687.115122 r 19.296 0.022
53687.115955 i 18.976 0.020
#53687.116789 u 22.806 1.487
53687.117622 z 18.816 0.051
53687.118455 g 19.968 0.042
53697.074751 r 19.339 0.045
53697.075584 i 19.048 0.044
53697.076418 u 21.400 0.487
#53697.077251 z -99.000 0.201
53697.078084 g 19.912 0.053
53700.073714 r 19.295 0.015
53700.074547 i 18.986 0.016
53700.075381 u 21.676 0.205
53700.076214 z 18.857 0.054
53700.077047 g 19.979 0.018
53705.060383 r 19.241 0.016
53705.061216 i 18.965 0.017
53705.062050 u 21.705 0.253
53705.062883 z 18.824 0.065
53705.063716 g 20.216 0.025
53975.145373 r 19.265 0.022
53975.146206 i 19.375 0.046
53975.147040 u 21.551 0.216
53975.147873 z 18.800 0.060
53975.148706 g 20.057 0.025
53994.140821 r 19.273 0.012
53994.141654 i 18.992 0.026
53994.142488 u 21.835 0.170
53994.143321 z 18.937 0.048
53994.144154 g 19.997 0.017
53998.120736 r 19.285 0.013
53998.121569 i 18.994 0.012
53998.122403 u 21.518 0.125
53998.123236 z 18.824 0.040
53998.124069 g 19.979 0.015
54010.106211 r 19.192 0.015
54010.107044 i 18.976 0.013
54010.107877 u 21.124 0.145
54010.108711 z 18.881 0.040
54010.109544 g 19.977 0.025
54012.099048 r 19.288 0.020
54012.099882 i 18.991 0.017
54012.100715 u 21.530 0.317
54012.101548 z 18.731 0.039
54012.102382 g 20.050 0.040
54020.105027 r 19.290 0.014
54020.105860 i 18.973 0.014
54020.106693 u 21.634 0.180
54020.107527 z 18.904 0.052
54020.108360 g 19.953 0.016
#54022.154317 r -99.000 0.026
54022.155151 i 18.981 0.031
#54022.155984 u -99.000 99.999
54022.156817 z 18.962 0.095
54022.157651 g 19.978 0.032
54028.095397 r 20.141 0.196
#54028.096230 i -99.000 0.096
54028.097063 u 21.759 0.203
54028.097897 z 18.817 0.051
54028.098730 g 20.386 0.043
54030.098599 r 19.338 0.016
54030.099432 i 18.966 0.013
54030.100265 u 21.706 0.155
54030.101099 z 18.936 0.042
54030.101932 g 19.988 0.015
#54032.087852 r -99.000 0.014
#54032.088686 i -99.000 0.015
54032.089519 u 22.188 0.303
#54032.090352 z -99.000 0.057
#54032.091186 g -99.000 0.020
54037.079824 r 19.301 0.013
54037.080657 i 19.336 0.036
54037.081490 u 21.274 0.141
54037.082324 z 18.836 0.042
54037.083157 g 19.952 0.022
54040.094306 r 19.286 0.019
54040.095139 i 19.020 0.016
54040.095973 u 21.456 0.310
54040.096806 z 18.821 0.048
54040.097639 g 19.967 0.034
54050.078938 r 19.302 0.016
54050.079772 i 19.138 0.025
54050.080605 u 21.720 0.284
54050.081438 z 18.955 0.071
54050.082272 g 19.969 0.036
54053.085095 r 19.312 0.031
54053.085928 i 18.901 0.077
54053.086761 u 21.288 0.182
54053.087595 z 18.852 0.077
#54053.088428 g -99.000 0.235
#54056.086775 r -99.000 0.035
#54056.087608 i -99.000 0.021
54056.088441 u 21.969 0.269
#54056.089275 z -99.000 0.062
#54056.090108 g -99.000 0.051
#54059.081061 r -99.000 0.018
54059.081894 i 18.979 0.019
54059.082727 u 21.336 0.253
54059.083561 z 18.959 0.163
54059.084394 g 20.034 0.029
54061.092112 r 19.296 0.020
54061.092946 i 19.014 0.027
54061.093779 u 21.615 0.269
54061.094612 z 18.912 0.089
54061.095446 g 19.959 0.028
54062.085957 r 19.312 0.027
54062.086790 i 18.905 0.023
54062.087624 u 21.829 0.358
54062.088457 z 18.746 0.080
54062.089290 g 20.004 0.092
54068.075948 r 19.729 0.065
54068.076782 i 19.779 0.089
54068.077615 u 21.794 0.713
54068.078448 z 18.975 0.090
54068.079282 g 19.966 0.054
54357.124247 r 19.380 0.019
54357.125081 i 19.029 0.021
54357.125914 u 21.781 0.192
54357.126747 z 18.740 0.046
54357.127581 g 19.987 0.016
54365.122108 r 19.265 0.017
54365.122941 i 19.015 0.018
54365.123775 u 21.731 1.000
54365.124608 z 18.808 0.042
54365.125441 g 20.016 0.031
54385.172074 r 19.225 0.036
54385.172908 i 19.529 0.153
#54385.173741 u -99.000 0.265
#54385.174574 z -99.000 0.061
#54385.175408 g -99.000 0.026
54402.165775 r 19.273 0.020
54402.166608 i 18.972 0.022
54402.167441 u 21.318 0.466
54402.168275 z 18.780 0.050
54402.169108 g 19.909 0.042
