51075.312480 r 15.993 0.004
51075.313313 i 15.819 0.004
51075.314147 u 17.787 0.012
51075.314980 z 15.741 0.006
51075.315813 g 16.501 0.004
52196.312985 r 15.963 0.004
52196.313818 i 15.781 0.005
52196.314652 u 17.761 0.011
52196.315485 z 15.719 0.006
52196.316318 g 16.470 0.004
52196.331671 r 16.018 0.006
52196.332504 i 15.854 0.007
52196.333338 u 17.832 0.013
52196.334171 z 15.784 0.009
52196.335004 g 16.539 0.005
52197.326139 r 16.001 0.004
52197.326972 i 15.827 0.004
52197.327806 u 17.819 0.012
52197.328639 z 15.745 0.006
#52197.329472 g -99.000 0.004
52225.176284 r 15.966 0.004
52225.177117 i 15.784 0.004
52225.177951 u 17.771 0.011
52225.178784 z 15.732 0.006
52225.179617 g 16.486 0.004
52231.212067 r 15.979 0.005
52231.212900 i 15.802 0.005
52231.213734 u 17.739 0.011
52231.214567 z 15.727 0.006
52231.215400 g 16.509 0.004
52253.198237 r 16.003 0.003
52253.199070 i 15.824 0.004
52253.199904 u 17.849 0.014
52253.200737 z 15.764 0.006
52253.201570 g 16.551 0.004
52557.320068 r 15.955 0.004
52557.320901 i 15.782 0.004
52557.321735 u 17.746 0.011
52557.322568 z 15.680 0.006
52557.323401 g 16.461 0.004
52578.216154 r 15.960 0.004
52578.216987 i 15.776 0.004
52578.217821 u 17.779 0.011
52578.218654 z 15.700 0.006
52578.219487 g 16.460 0.004
52908.294636 r 16.042 0.004
52908.295469 i 15.853 0.004
52908.296303 u 17.861 0.012
52908.297136 z 15.784 0.006
52908.297969 g 16.546 0.004
52911.308422 r 16.037 0.004
52911.309255 i 15.852 0.004
52911.310089 u 17.826 0.013
52911.310922 z 15.783 0.006
52911.311755 g 16.559 0.004
52930.185795 r 15.921 0.003
52930.186628 i 15.726 0.004
52930.187462 u 17.711 0.013
52930.188295 z 15.676 0.006
52930.189128 g 16.379 0.003
52934.226537 r 15.880 0.005
52934.227370 i 15.728 0.006
52934.228204 u 17.626 0.012
52934.229037 z 15.642 0.008
52934.229870 g 16.394 0.005
52936.222464 r 15.891 0.004
52936.223297 i 15.717 0.004
52936.224131 u 17.637 0.011
52936.224964 z 15.650 0.006
52936.225797 g 16.382 0.004
52962.147985 r 16.028 0.004
52962.148818 i 15.850 0.004
52962.149652 u 17.808 0.012
52962.150485 z 15.777 0.006
52962.151318 g 16.526 0.004
53270.286564 r 16.054 0.016
53270.287397 i 15.856 0.014
53270.288230 u 17.844 0.013
53270.289064 z 15.770 0.012
53270.289897 g 16.556 0.010
53272.336466 r 16.051 0.004
53272.337299 i 15.864 0.004
53272.338133 u 17.893 0.013
53272.338966 z 15.769 0.006
53272.339799 g 16.573 0.004
53286.305184 r 15.956 0.004
53286.306017 i 15.792 0.005
53286.306851 u 17.778 0.018
53286.307684 z 15.685 0.007
53286.308517 g 16.476 0.004
53288.263676 r 16.061 0.004
53288.264509 i 15.878 0.004
53288.265343 u 17.853 0.013
53288.266176 z 15.784 0.006
53288.267009 g 16.577 0.004
53294.311352 r 16.030 0.003
53294.312185 i 15.862 0.004
53294.313019 u 17.827 0.013
53294.313852 z 15.792 0.006
53294.314685 g 16.554 0.004
53302.259345 r 15.912 0.004
53302.260178 i 15.738 0.005
53302.261012 u 17.713 0.014
53302.261845 z 15.676 0.006
53302.262678 g 16.410 0.005
53312.214911 r 15.980 0.013
53312.215744 i 15.834 0.012
53312.216578 u 17.816 0.020
53312.217411 z 15.746 0.012
53312.218244 g 16.541 0.017
53314.216074 r 15.982 0.004
53314.216907 i 15.797 0.004
53314.217741 u 17.769 0.012
53314.218574 z 15.705 0.006
53314.219407 g 16.505 0.004
53616.320436 r 15.900 0.003
53616.321269 i 15.735 0.004
53616.322103 u 17.701 0.013
53616.322936 z 15.651 0.006
53616.323769 g 16.405 0.004
#53623.310647 r -99.000 0.006
#53623.311480 i -99.000 0.005
53623.312314 u 17.783 0.019
53623.313147 z 15.722 0.007
53623.313980 g 16.531 0.005
53626.296860 r 16.003 0.004
53626.297693 i 15.840 0.004
53626.298527 u 17.787 0.013
53626.299360 z 15.756 0.006
53626.300193 g 16.516 0.004
53628.281726 r 15.994 0.004
53628.282559 i 15.822 0.004
53628.283393 u 17.752 0.016
53628.284226 z 15.723 0.006
53628.285059 g 16.503 0.004
53637.283342 r 15.901 0.003
53637.284175 i 15.733 0.004
53637.285009 u 17.683 0.014
53637.285842 z 15.661 0.006
53637.286675 g 16.412 0.004
53639.328718 r 15.999 0.004
53639.329551 i 15.821 0.005
53639.330385 u 17.796 0.012
53639.331218 z 15.749 0.006
53639.332051 g 16.525 0.004
53654.310411 r 16.019 0.004
53654.311244 i 15.832 0.005
53654.312078 u 17.790 0.012
53654.312911 z 15.744 0.006
53654.313744 g 16.527 0.004
53663.271315 r 15.893 0.005
53663.272148 i 15.716 0.005
53663.272982 u 17.660 0.013
53663.273815 z 15.642 0.007
53663.274648 g 16.396 0.005
#53665.249285 r -99.000 0.008
#53665.250118 i -99.000 0.007
53665.250952 u 17.761 0.018
53665.251785 z 15.700 0.007
53665.252618 g 16.468 0.004
53666.341416 r 16.039 0.004
53666.342249 i 15.848 0.004
53666.343083 u 17.802 0.016
53666.343916 z 15.791 0.006
53666.344749 g 16.566 0.004
53668.260915 r 15.934 0.003
53668.261748 i 15.770 0.003
53668.262582 u 17.709 0.013
53668.263415 z 15.678 0.006
53668.264248 g 16.430 0.003
53670.265767 r 15.942 0.007
53670.266600 i 15.746 0.006
53670.267434 u 17.719 0.013
53670.268267 z 15.703 0.011
53670.269100 g 16.459 0.006
53673.233753 r 16.035 0.004
53673.234586 i 15.860 0.005
53673.235420 u 17.871 0.012
53673.236253 z 15.802 0.006
53673.237086 g 16.550 0.004
53675.230641 r 16.001 0.004
53675.231474 i 15.821 0.004
53675.232308 u 17.801 0.012
53675.233141 z 15.757 0.006
53675.233974 g 16.517 0.004
53677.251671 r 16.031 0.004
53677.252504 i 15.836 0.005
53677.253338 u 17.796 0.012
53677.254171 z 15.775 0.006
53677.255004 g 16.547 0.004
53680.238337 r 15.919 0.004
53680.239170 i 15.741 0.004
53680.240004 u 17.712 0.012
53680.240837 z 15.666 0.006
53680.241670 g 16.427 0.004
53693.240234 r 15.967 0.004
53693.241067 i 15.784 0.004
53693.241901 u 17.707 0.016
53693.242734 z 15.702 0.006
53693.243567 g 16.465 0.004
53698.237625 r 16.050 0.004
53698.238458 i 15.862 0.004
53698.239292 u 17.831 0.013
53698.240125 z 15.794 0.006
53698.240958 g 16.554 0.004
53704.223557 r 15.945 0.004
53704.224390 i 15.773 0.004
53704.225224 u 17.714 0.013
53704.226057 z 15.726 0.006
53704.226890 g 16.463 0.004
53974.316216 r 15.915 0.015
53974.317049 i 15.736 0.013
53974.317883 u 17.665 0.012
53974.318716 z 15.655 0.013
53974.319549 g 16.428 0.016
53989.319819 r 15.987 0.014
53989.320652 i 15.804 0.015
53989.321485 u 17.776 0.017
53989.322319 z 15.732 0.022
53989.323152 g 16.540 0.019
#53997.415626 r -99.000 0.019
53997.416459 i 15.692 0.016
53997.417292 u 17.634 0.014
#53997.418126 z -99.000 0.013
#53997.418959 g -99.000 0.021
54000.295026 r 15.898 0.012
54000.295859 i 15.730 0.009
54000.296692 u 17.647 0.024
54000.297526 z 15.648 0.009
54000.298359 g 16.372 0.021
#54006.241790 r -99.000 0.018
#54006.242624 i -99.000 0.016
#54006.243457 u -99.000 0.023
#54006.244290 z -99.000 0.011
#54006.245124 g -99.000 0.013
54007.345184 r 15.912 0.013
54007.346017 i 15.761 0.014
54007.346850 u 17.742 0.012
54007.347684 z 15.690 0.018
54007.348517 g 16.397 0.015
54009.268993 r 16.048 0.013
54009.269827 i 15.851 0.012
54009.270660 u 17.850 0.032
54009.271493 z 15.795 0.012
54009.272327 g 16.578 0.018
54011.333432 r 15.921 0.013
54011.334266 i 15.739 0.016
54011.335099 u 17.661 0.020
54011.335932 z 15.661 0.015
54011.336766 g 16.435 0.016
54019.283661 r 15.990 0.015
54019.284495 i 15.809 0.013
54019.285328 u 17.793 0.019
54019.286161 z 15.742 0.017
54019.286995 g 16.488 0.017
54025.332445 r 16.013 0.013
54025.333278 i 15.864 0.015
54025.334112 u 17.813 0.019
54025.334945 z 15.761 0.011
54025.335778 g 16.580 0.010
54029.262799 r 15.899 0.014
54029.263632 i 15.750 0.013
54029.264466 u 17.721 0.049
54029.265299 z 15.728 0.016
54029.266132 g 16.464 0.039
54348.330258 r 15.947 0.016
54348.331091 i 15.763 0.021
54348.331924 u 17.745 0.015
54348.332758 z 15.713 0.011
54348.333591 g 16.443 0.016
54358.286020 r 15.861 0.017
54358.286853 i 15.700 0.014
54358.287686 u 17.692 0.029
54358.288520 z 15.631 0.019
54358.289353 g 16.372 0.021
54359.280173 r 15.894 0.014
54359.281006 i 15.690 0.019
#54359.281839 u -99.000 0.027
54359.282673 z 15.682 0.018
54359.283506 g 16.461 0.028
54365.319095 r 15.903 0.014
54365.319928 i 15.729 0.023
54365.320761 u 17.737 0.017
54365.321595 z 15.662 0.020
54365.322428 g 16.442 0.014
54381.338704 r 15.998 0.016
54381.339537 i 15.828 0.014
54381.340370 u 17.820 0.015
54381.341204 z 15.810 0.014
54381.342037 g 16.535 0.020
54386.330955 r 16.027 0.019
54386.331789 i 15.855 0.013
54386.332622 u 17.868 0.017
54386.333455 z 15.780 0.011
54386.334289 g 16.547 0.020
54388.335258 r 16.026 0.015
54388.336092 i 15.854 0.013
54388.336925 u 17.828 0.021
54388.337758 z 15.795 0.017
54388.338592 g 16.558 0.016
54403.249039 r 15.974 0.024
54403.249872 i 15.776 0.022
#54403.250705 u -99.000 0.108
54403.251539 z 15.707 0.018
54403.252372 g 16.492 0.014
54404.306570 r 16.000 0.013
54404.307403 i 15.842 0.014
54404.308236 u 17.774 0.016
54404.309070 z 15.743 0.018
#54404.309903 g -99.000 0.021
54405.304541 r 16.059 0.015
54405.305375 i 15.877 0.019
54405.306208 u 17.853 0.014
54405.307041 z 15.783 0.017
54405.307875 g 16.608 0.022
54406.242878 r 15.891 0.020
54406.243711 i 15.731 0.014
54406.244545 u 17.675 0.020
54406.245378 z 15.651 0.018
54406.246211 g 16.393 0.016
54412.245788 r 15.933 0.021
54412.246621 i 15.764 0.013
54412.247455 u 17.750 0.023
54412.248288 z 15.661 0.012
54412.249121 g 16.431 0.009
