52172.225974 r 17.083 0.005
52172.226807 i 16.370 0.005
52172.227641 u 21.142 0.099
52172.228474 z 15.978 0.007
52172.229307 g 18.560 0.008
52931.077322 r 17.036 0.005
52931.078155 i 16.301 0.005
52931.078989 u 21.107 0.094
52931.079822 z 15.964 0.007
52931.080655 g 18.513 0.007
52935.074286 r 17.010 0.005
52935.075119 i 16.293 0.005
52935.075953 u 21.056 0.101
52935.076786 z 15.927 0.007
52935.077619 g 18.426 0.007
53313.067487 r 17.018 0.007
53313.068320 i 16.430 0.008
53313.069154 u 21.425 0.156
53313.069987 z 15.843 0.008
53313.070820 g 18.370 0.008
53622.176734 r 17.085 0.005
53622.177567 i 16.383 0.004
53622.178401 u 21.397 0.183
53622.179234 z 15.892 0.006
53622.180067 g 18.431 0.008
53625.172699 r 17.038 0.005
53625.173532 i 16.302 0.005
53625.174366 u 20.940 0.105
53625.175199 z 15.944 0.007
53625.176032 g 18.521 0.009
53636.131736 r 17.075 0.005
53636.132569 i 16.417 0.005
53636.133403 u 21.243 0.105
53636.134236 z 15.917 0.007
53636.135069 g 18.463 0.007
53645.191404 r 17.039 0.005
53645.192237 i 16.305 0.005
53645.193071 u 21.067 0.109
53645.193904 z 16.148 0.008
53645.194737 g 18.510 0.008
53655.103740 r 17.075 0.006
53655.104573 i 16.416 0.006
53655.105407 u 21.056 0.144
53655.106240 z 15.976 0.007
53655.107073 g 18.525 0.010
53664.128700 r 17.068 0.005
53664.129533 i 16.479 0.005
53664.130367 u 21.162 0.160
53664.131200 z 15.959 0.007
53664.132033 g 18.456 0.010
53666.092299 r 17.143 0.006
53666.093132 i 16.364 0.005
53666.093966 u 21.081 0.087
53666.094799 z 16.038 0.007
53666.095632 g 18.533 0.008
53669.087938 r 17.002 0.005
53669.088771 i 16.275 0.005
53669.089605 u 20.879 0.079
53669.090438 z 16.170 0.007
53669.091271 g 18.449 0.007
53674.072173 r 17.264 0.006
53674.073006 i 16.396 0.005
53674.073840 u 21.025 0.089
53674.074673 z 16.189 0.008
53674.075506 g 18.559 0.008
53681.125069 r 17.088 0.007
53681.125902 i 16.489 0.007
#53681.126736 u -99.000 0.267
#53681.127569 z -99.000 0.018
#53681.128402 g -99.000 0.019
53685.084112 r 17.136 0.007
53685.084945 i 16.314 0.006
53685.085779 u 21.321 0.482
53685.086612 z 15.876 0.008
53685.087445 g 18.523 0.017
53687.122465 r 17.028 0.005
53687.123298 i 16.524 0.005
53687.124132 u 20.845 0.248
53687.124965 z 16.096 0.007
53687.125798 g 18.514 0.014
53697.082095 r 17.113 0.011
53697.082928 i 16.464 0.008
53697.083762 u 21.494 0.450
53697.084595 z 16.016 0.015
53697.085428 g 18.519 0.020
53700.081057 r 17.018 0.005
53700.081890 i 16.337 0.005
53700.082724 u 21.006 0.102
53700.083557 z 15.910 0.007
53700.084390 g 18.413 0.008
53705.067727 r 17.019 0.005
53705.068560 i 16.220 0.004
53705.069394 u 20.946 0.121
53705.070227 z 15.833 0.006
53705.071060 g 18.478 0.008
53975.152716 r 17.052 0.020
53975.153550 i 16.402 0.029
53975.154383 u 21.034 0.110
53975.155216 z 15.902 0.029
53975.156050 g 18.456 0.013
53994.148161 r 17.079 0.016
53994.148994 i 16.330 0.022
53994.149827 u 20.865 0.072
53994.150661 z 15.968 0.034
53994.151494 g 18.557 0.019
53998.128070 r 17.040 0.015
53998.128903 i 16.314 0.024
53998.129736 u 21.169 0.080
53998.130570 z 15.978 0.034
53998.131403 g 18.511 0.016
54010.113554 r 17.075 0.019
54010.114388 i 16.333 0.033
54010.115221 u 20.889 0.119
54010.116054 z 15.962 0.044
54010.116888 g 18.514 0.023
54012.106401 r 17.081 0.025
54012.107234 i 16.383 0.039
54012.108067 u 21.166 0.242
54012.108901 z 15.966 0.041
54012.109734 g 18.567 0.027
54020.112380 r 17.058 0.018
54020.113213 i 16.354 0.028
54020.114047 u 21.076 0.115
54020.114880 z 15.831 0.020
54020.115713 g 18.485 0.017
#54022.161657 r -99.000 0.023
#54022.162490 i -99.000 0.026
54022.163323 u 21.201 0.151
54022.164157 z 15.961 0.035
#54022.164990 g -99.000 0.018
54028.102746 r 17.090 0.018
54028.103579 i 16.346 0.025
54028.104412 u 21.008 0.112
#54028.105246 z -99.000 0.027
#54028.106079 g -99.000 0.024
54030.105928 r 17.020 0.016
54030.106762 i 16.329 0.021
54030.107595 u 21.264 0.100
54030.108428 z 15.968 0.036
54030.109262 g 18.615 0.020
#54032.095189 r -99.000 0.025
#54032.096022 i -99.000 0.041
54032.096856 u 21.489 0.174
#54032.097689 z -99.000 0.088
#54032.098522 g -99.000 0.018
54037.087176 r 17.118 0.022
54037.088009 i 16.377 0.031
54037.088842 u 21.030 0.116
54037.089676 z 15.952 0.039
54037.090509 g 18.529 0.021
54040.101652 r 17.061 0.016
54040.102485 i 16.346 0.032
54040.103319 u 21.318 0.299
54040.104152 z 15.969 0.041
54040.104985 g 18.509 0.021
54050.086283 r 17.040 0.014
54050.087116 i 16.329 0.024
54050.087950 u 21.156 0.133
54050.088783 z 16.875 0.058
54050.089616 g 18.432 0.015
54053.092437 r 17.069 0.016
54053.093271 i 16.311 0.022
54053.094104 u 21.013 0.133
54053.094937 z 15.718 0.019
54053.095771 g 18.475 0.017
#54056.094123 r -99.000 0.050
#54056.094957 i -99.000 0.030
#54056.095790 u -99.000 0.518
#54056.096623 z -99.000 0.049
#54056.097457 g -99.000 0.022
54057.062775 r 17.159 0.020
54057.063608 i 16.518 0.039
54057.064442 u 20.896 0.092
54057.065275 z 16.031 0.039
54057.066108 g 18.540 0.016
54059.088412 r 17.121 0.020
54059.089245 i 16.313 0.020
54059.090078 u 21.471 0.194
54059.090912 z 15.889 0.025
54059.091745 g 18.550 0.017
54061.099467 r 16.975 0.027
54061.100300 i 16.239 0.016
54061.101134 u 20.981 0.143
54061.101967 z 15.897 0.032
54061.102800 g 18.409 0.016
54062.093303 r 17.029 0.015
54062.094137 i 16.306 0.021
54062.094970 u 21.000 0.136
54062.095803 z 15.827 0.022
#54062.096637 g -99.000 0.026
54357.131602 r 17.076 0.017
#54357.132435 i -99.000 0.029
54357.133269 u 21.049 0.095
54357.134102 z 16.019 0.045
54357.134935 g 18.523 0.022
54365.129455 r 17.053 0.020
54365.130289 i 16.340 0.030
54365.131122 u 21.002 0.151
54365.131955 z 15.933 0.034
54365.132789 g 18.529 0.019
54385.179426 r 17.039 0.018
54385.180260 i 16.309 0.022
54385.181093 u 20.951 0.102
#54385.181926 z -99.000 0.030
54385.182760 g 18.478 0.015
#54390.182953 r -99.000 0.015
54390.183787 i 16.233 0.023
54390.184620 u 22.120 1.000
54390.185453 z 15.817 0.018
54390.186287 g 18.561 0.018
54402.173108 r 17.055 0.018
54402.173941 i 16.293 0.027
54402.174775 u 20.835 0.237
54402.175608 z 15.918 0.033
54402.176441 g 18.438 0.020
