51818.425747 r 19.108 0.013
51818.426580 i 18.995 0.017
51818.427414 u 20.477 0.068
51818.428247 z 18.669 0.038
51818.429080 g 19.519 0.013
52171.413867 r 19.030 0.012
52171.414700 i 18.913 0.015
52171.415534 u 20.186 0.052
52171.416367 z 18.639 0.034
52171.417200 g 19.410 0.012
52173.390079 r 19.024 0.012
52173.390912 i 18.911 0.017
52173.391746 u 20.323 0.066
52173.392579 z 18.680 0.043
52173.393412 g 19.414 0.013
52224.370221 r 19.046 0.012
52224.371054 i 18.894 0.015
52224.371888 u 20.385 0.056
52224.372721 z 18.764 0.076
52224.373554 g 19.434 0.012
52234.326738 r 19.034 0.012
52234.327571 i 18.899 0.016
52234.328405 u 20.169 0.056
52234.329238 z 18.684 0.036
52234.330071 g 19.407 0.013
52261.290093 r 19.064 0.012
52261.290926 i 18.889 0.013
52261.291760 u 20.272 0.055
52261.292593 z 18.683 0.033
52261.293426 g 19.438 0.013
52283.157470 r 19.050 0.013
52283.158303 i 18.854 0.016
52283.159137 u 20.367 0.068
52283.159970 z 18.597 0.045
52283.160803 g 19.400 0.014
52287.170592 r 19.050 0.012
52287.171425 i 18.921 0.015
52287.172259 u 20.355 0.059
52287.173092 z 18.617 0.034
52287.173925 g 19.440 0.013
52557.463639 r 19.090 0.013
52557.464472 i 18.962 0.017
52557.465306 u 20.401 0.059
52557.466139 z 18.717 0.044
52557.466972 g 19.541 0.013
52585.364969 r 19.134 0.013
52585.365802 i 18.953 0.016
52585.366636 u 20.389 0.051
52585.367469 z 18.691 0.038
52585.368302 g 19.513 0.012
52908.438207 r 19.238 0.015
52908.439040 i 19.071 0.017
52908.439874 u 20.503 0.067
52908.440707 z 18.833 0.042
52908.441540 g 19.598 0.014
52912.417648 r 19.215 0.014
52912.418481 i 19.081 0.018
52912.419315 u 20.555 0.079
52912.420148 z 18.728 0.043
52912.420981 g 19.645 0.015
52934.370115 r 19.235 0.014
52934.370948 i 19.091 0.019
52934.371782 u 20.496 0.068
52934.372615 z 18.720 0.046
52934.373448 g 19.607 0.014
52936.366042 r 19.225 0.014
52936.366875 i 19.063 0.019
52936.367709 u 20.572 0.064
52936.368542 z 18.790 0.043
52936.369375 g 19.605 0.015
53270.430092 r 19.296 0.018
53270.430925 i 19.160 0.018
53270.431759 u 20.461 0.057
53270.432592 z 18.777 0.036
53270.433425 g 19.671 0.015
53272.480037 r 19.311 0.014
53272.480870 i 19.172 0.018
53272.481704 u 20.401 0.060
53272.482537 z 18.897 0.046
53272.483370 g 19.666 0.014
53286.448758 r 19.311 0.022
53286.449591 i 19.154 0.025
53286.450425 u 20.777 0.148
53286.451258 z 18.947 0.063
53286.452091 g 19.688 0.020
53288.407252 r 19.316 0.014
53288.408085 i 19.161 0.018
53288.408919 u 20.586 0.070
53288.409752 z 18.867 0.044
53288.410585 g 19.689 0.014
53294.454924 r 19.288 0.015
53294.455757 i 19.234 0.041
53294.456591 u 20.611 0.077
53294.457424 z 18.985 0.047
53294.458257 g 19.709 0.014
53296.401931 r 19.342 0.019
53296.402765 i 19.220 0.021
53296.403598 u 20.544 0.071
53296.404431 z 18.866 0.043
53296.405265 g 19.700 0.022
53298.451698 r 19.319 0.017
53298.452531 i 19.173 0.021
53298.453365 u 20.512 0.068
53298.454198 z 18.867 0.050
53298.455031 g 19.698 0.015
53312.358516 r 19.368 0.020
53312.359349 i 19.126 0.023
53312.360183 u 20.536 0.100
53312.361016 z 18.832 0.050
53312.361849 g 19.694 0.024
53314.359653 r 19.315 0.016
53314.360486 i 19.194 0.020
53314.361320 u 20.648 0.084
53314.362153 z 18.781 0.046
53314.362986 g 19.733 0.017
53319.347448 r 19.331 0.020
53319.348281 i 19.168 0.024
53319.349115 u 20.508 0.099
53319.349948 z 18.844 0.058
53319.350781 g 19.665 0.018
53616.464002 r 19.280 0.015
53616.464835 i 19.185 0.020
53616.465669 u 20.667 0.090
53616.466502 z 18.869 0.049
53616.467335 g 19.651 0.015
53626.440431 r 19.293 0.014
53626.441264 i 19.159 0.017
#53626.442098 u -99.000 0.351
#53626.442931 z -99.000 0.090
53626.443764 g 19.635 0.017
53628.425296 r 19.307 0.019
53628.426129 i 19.143 0.025
53628.426963 u 20.494 0.099
53628.427796 z 18.837 0.067
#53628.428629 g -99.000 0.019
53639.472292 r 19.311 0.015
53639.473125 i 19.168 0.017
53639.473959 u 20.508 0.085
53639.474792 z 18.867 0.040
53639.475625 g 19.666 0.017
53657.430344 r 19.337 0.017
53657.431177 i 19.214 0.022
53657.432011 u 20.554 0.085
53657.432844 z 18.780 0.047
53657.433677 g 19.671 0.016
53663.414890 r 19.327 0.024
53663.415723 i 19.225 0.026
53663.416557 u 20.489 0.150
53663.417390 z 18.867 0.046
53663.418223 g 19.701 0.031
53665.392863 r 19.292 0.021
53665.393696 i 19.195 0.026
53665.394530 u 20.452 0.126
53665.395363 z 18.869 0.053
53665.396196 g 19.717 0.028
53668.404492 r 19.329 0.019
53668.405325 i 19.138 0.023
53668.406159 u 20.619 0.140
53668.406992 z 18.854 0.063
53668.407825 g 19.660 0.023
53669.492094 r 19.297 0.019
53669.492927 i 19.165 0.022
53669.493761 u 20.527 0.126
53669.494594 z 18.839 0.051
53669.495427 g 19.712 0.020
53670.409343 r 19.285 0.018
53670.410176 i 19.137 0.022
53670.411010 u 20.658 0.124
53670.411843 z 18.814 0.050
53670.412676 g 19.667 0.018
53673.377332 r 19.308 0.014
53673.378165 i 19.164 0.017
53673.378999 u 20.471 0.066
53673.379832 z 18.836 0.039
53673.380665 g 19.650 0.013
53675.374220 r 19.291 0.014
53675.375053 i 19.186 0.018
53675.375887 u 20.481 0.073
53675.376720 z 18.891 0.049
53675.377553 g 19.647 0.014
53676.493854 r 19.116 0.093
53676.494687 i 19.209 0.094
#53676.495521 u -99.000 0.340
53676.496354 z 18.464 0.189
53676.497187 g 19.540 0.055
53680.381917 r 19.302 0.015
53680.382750 i 19.153 0.019
53680.383584 u 20.570 0.088
53680.384417 z 18.902 0.044
53680.385250 g 19.655 0.016
53683.440460 r 19.288 0.031
53683.441293 i 19.170 0.039
53683.442127 u 20.506 0.166
53683.442960 z 18.781 0.114
53683.443793 g 19.724 0.026
53686.381346 r 19.298 0.021
53686.382179 i 19.183 0.037
53686.383013 u 20.450 0.117
53686.383846 z 18.920 0.053
53686.384679 g 19.616 0.026
53687.438725 r 19.244 0.064
53687.439558 i 19.127 0.065
53687.440392 u 20.293 0.291
53687.441225 z 18.857 0.130
53687.442058 g 19.808 0.079
53693.383804 r 19.280 0.027
53693.384637 i 19.124 0.027
53693.385471 u 20.214 0.170
53693.386304 z 18.798 0.053
53693.387137 g 19.639 0.040
53699.404637 r 19.299 0.016
53699.405470 i 19.153 0.019
53699.406304 u 20.299 0.085
53699.407137 z 18.852 0.041
53699.407970 g 19.634 0.018
53704.367124 r 19.253 0.019
53704.367957 i 19.118 0.025
53704.368791 u 20.625 0.115
53704.369624 z 18.833 0.059
53704.370457 g 19.602 0.017
53989.463174 r 19.248 0.021
53989.464007 i 19.107 0.023
53989.464841 u 20.333 0.107
#53989.465674 z -99.000 0.049
53989.466507 g 19.535 0.024
54008.449540 r 19.300 0.016
54008.450373 i 19.133 0.022
54008.451206 u 20.371 0.060
54008.452040 z 18.809 0.042
54008.452873 g 19.578 0.017
54009.412528 r 19.236 0.016
54009.413362 i 19.126 0.018
54009.414195 u 20.433 0.050
#54009.415028 z -99.000 0.035
54009.415862 g 19.611 0.016
54011.477004 r 19.273 0.016
#54011.477838 i -99.000 0.018
54011.478671 u 20.437 0.050
#54011.479504 z -99.000 0.034
54011.480338 g 19.605 0.023
54019.472043 r 19.253 0.021
54019.472877 i 19.135 0.023
54019.473710 u 20.278 0.093
54019.474543 z 18.866 0.043
54019.475377 g 19.617 0.023
54025.476008 r 19.281 0.018
54025.476842 i 19.082 0.018
54025.477675 u 20.467 0.079
54025.478508 z 18.750 0.040
54025.479342 g 19.595 0.018
54358.429598 r 19.246 0.017
54358.430431 i 19.064 0.021
54358.431264 u 20.402 0.068
54358.432098 z 18.774 0.044
54358.432931 g 19.550 0.019
54365.462647 r 19.244 0.021
54365.463480 i 19.137 0.020
54365.464313 u 20.413 0.055
54365.465147 z 18.758 0.036
54365.465980 g 19.600 0.015
54381.482213 r 19.225 0.018
54381.483046 i 19.136 0.019
54381.483880 u 20.365 0.073
54381.484713 z 18.872 0.043
54381.485546 g 19.598 0.018
54386.474540 r 19.233 0.016
54386.475373 i 19.142 0.021
54386.476207 u 20.467 0.066
54386.477040 z 18.811 0.035
54386.477873 g 19.617 0.019
54388.478783 r 19.277 0.021
54388.479616 i 19.152 0.021
54388.480450 u 20.456 0.077
54388.481283 z 18.809 0.041
54388.482116 g 19.586 0.016
54392.476350 r 19.229 0.023
54392.477184 i 19.110 0.018
54392.478017 u 20.476 0.070
54392.478850 z 18.835 0.048
54392.479684 g 19.602 0.025
54404.450136 r 19.395 0.060
54404.450969 i 19.067 0.025
54404.451803 u 20.554 0.133
54404.452636 z 18.737 0.050
54404.453469 g 19.601 0.030
54406.386434 r 19.279 0.016
54406.387267 i 19.122 0.017
54406.388100 u 20.475 0.068
54406.388934 z 18.821 0.035
54406.389767 g 19.634 0.018
54409.391253 r 19.266 0.018
54409.392087 i 19.149 0.019
54409.392920 u 20.411 0.064
54409.393753 z 18.879 0.042
54409.394587 g 19.616 0.024
54412.412189 r 19.234 0.024
54412.413022 i 19.173 0.032
54412.413855 u 20.582 0.125
54412.414689 z 18.867 0.072
54412.415522 g 19.647 0.021
