52172.227722 r 19.605 0.016
52172.228555 i 19.343 0.017
52172.229389 u 21.593 0.141
52172.230222 z 19.224 0.053
52172.231055 g 20.216 0.020
52931.079074 r 19.579 0.016
52931.079907 i 19.337 0.017
52931.080741 u 21.732 0.152
52931.081574 z 19.283 0.058
52931.082407 g 20.249 0.020
52935.076037 r 19.617 0.017
52935.076870 i 19.380 0.018
52935.077704 u 21.926 0.207
52935.078537 z 19.313 0.060
52935.079370 g 20.203 0.021
53313.069237 r 19.640 0.021
53313.070070 i 19.372 0.024
53313.070904 u 21.803 0.224
53313.071737 z 19.326 0.092
53313.072570 g 20.198 0.023
53622.178485 r 19.568 0.020
53622.179318 i 19.323 0.024
53622.180152 u 22.054 0.329
53622.180985 z 19.267 0.075
53622.181818 g 20.193 0.027
53625.174451 r 19.577 0.018
53625.175284 i 19.324 0.018
53625.176118 u 21.774 0.210
53625.176951 z 19.248 0.051
53625.177784 g 20.239 0.027
53636.133486 r 19.631 0.016
53636.134319 i 19.359 0.018
53636.135153 u 21.623 0.145
53636.135986 z 19.221 0.060
53636.136819 g 20.224 0.020
53645.193156 r 19.609 0.016
53645.193989 i 19.351 0.017
53645.194823 u 21.747 0.186
53645.195656 z 19.176 0.059
53645.196489 g 20.259 0.022
53655.105492 r 19.603 0.020
53655.106325 i 19.368 0.020
53655.107159 u 21.732 0.260
53655.107992 z 19.156 0.052
53655.108825 g 20.234 0.033
53664.130451 r 19.574 0.021
53664.131284 i 19.350 0.023
53664.132118 u 21.745 0.298
53664.132951 z 19.329 0.078
53664.133784 g 20.242 0.034
53666.094051 r 19.615 0.016
53666.094884 i 19.355 0.018
53666.095718 u 21.745 0.146
53666.096551 z 19.192 0.056
53666.097384 g 20.234 0.018
53669.089691 r 19.614 0.016
53669.090524 i 19.313 0.017
53669.091358 u 21.637 0.136
53669.092191 z 19.233 0.052
53669.093024 g 20.213 0.019
53674.073924 r 19.616 0.017
53674.074757 i 19.330 0.019
53674.075591 u 21.720 0.164
53674.076424 z 19.241 0.059
53674.077257 g 20.222 0.021
#53681.126822 r -99.000 0.048
#53681.127655 i -99.000 0.055
#53681.128489 u -99.000 0.948
#53681.129322 z -99.000 0.164
53681.130155 g 20.219 0.053
53685.085866 r 19.616 0.042
53685.086699 i 19.312 0.034
53685.087533 u 20.854 0.296
53685.088366 z 19.234 0.094
53685.089199 g 20.237 0.073
53687.124219 r 19.601 0.028
53687.125052 i 19.336 0.026
53687.125886 u 21.719 0.585
53687.126719 z 19.175 0.068
53687.127552 g 20.146 0.056
#53694.099759 r -99.000 0.037
#53694.100592 i -99.000 0.042
#53694.101426 u -99.000 0.406
#53694.102259 z -99.000 0.147
#53694.103092 g -99.000 0.047
53697.083848 r 19.490 0.064
53697.084681 i 19.197 0.060
53697.085515 u 21.461 0.500
53697.086348 z 19.197 0.203
53697.087181 g 20.218 0.076
53700.082809 r 19.626 0.019
53700.083642 i 19.340 0.019
53700.084476 u 21.600 0.162
53700.085309 z 19.218 0.060
53700.086142 g 20.228 0.022
53705.069480 r 19.590 0.021
53705.070313 i 19.353 0.024
53705.071147 u 21.592 0.195
53705.071980 z 19.374 0.088
53705.072813 g 20.177 0.024
53975.154468 r 19.526 0.015
53975.155301 i 19.331 0.023
53975.156135 u 21.701 0.182
53975.156968 z 19.133 0.062
53975.157801 g 20.214 0.019
53994.149913 r 19.585 0.015
53994.150746 i 19.337 0.016
53994.151579 u 21.535 0.125
53994.152413 z 19.314 0.050
53994.153246 g 20.227 0.017
53998.129819 r 19.566 0.014
53998.130653 i 19.334 0.015
53998.131486 u 21.733 0.145
53998.132319 z 19.236 0.048
53998.133153 g 20.210 0.017
54010.115298 r 19.608 0.018
54010.116132 i 19.360 0.017
54010.116965 u 21.448 0.185
54010.117798 z 19.209 0.042
54010.118632 g 20.205 0.029
54012.108154 r 19.657 0.028
54012.108987 i 19.331 0.021
54012.109821 u 22.330 0.638
54012.110654 z 19.225 0.049
54012.111487 g 20.265 0.048
54020.114120 r 19.585 0.018
54020.114953 i 19.359 0.021
54020.115787 u 21.618 0.186
54020.116620 z 19.346 0.068
54020.117453 g 20.221 0.019
54022.163740 r 19.612 0.022
54022.164573 i 19.340 0.021
54022.165407 u 21.859 0.303
54022.166240 z 19.169 0.076
#54022.167073 g -99.000 0.024
54028.104490 r 19.644 0.022
#54028.105323 i -99.000 0.078
54028.106157 u 21.716 0.193
54028.106990 z 19.212 0.058
54028.107823 g 20.229 0.023
54030.107678 r 19.621 0.014
54030.108511 i 19.351 0.016
54030.109345 u 21.633 0.127
54030.110178 z 19.246 0.042
54030.111011 g 20.212 0.017
54032.096941 r 19.615 0.020
#54032.097774 i -99.000 0.024
54032.098607 u 21.589 0.204
#54032.099441 z -99.000 0.095
#54032.100274 g -99.000 0.042
54034.167559 r 19.560 0.029
#54034.168392 i -99.000 0.032
54034.169225 u 21.804 0.308
#54034.170059 z -99.000 0.108
#54034.170892 g -99.000 0.035
54037.088926 r 19.604 0.018
54037.089759 i 19.324 0.018
54037.090593 u 21.492 0.173
54037.091426 z 19.250 0.053
54037.092259 g 20.201 0.026
54040.103425 r 19.566 0.023
54040.104258 i 19.345 0.023
54040.105091 u 21.523 0.290
54040.105925 z 19.350 0.069
54040.106758 g 20.238 0.046
54050.088031 r 19.581 0.022
54050.088865 i 19.373 0.024
54050.089698 u 21.392 0.153
54050.090531 z 19.270 0.075
54050.091365 g 20.195 0.021
54053.094189 r 19.880 0.034
54053.095022 i 19.602 0.037
#54053.095856 u 24.665 4.357
54053.096689 z 19.575 0.114
54053.097522 g 20.549 0.037
54057.064521 r 19.584 0.017
54057.065354 i 19.350 0.020
54057.066188 u 21.875 0.216
54057.067021 z 19.206 0.063
54057.067854 g 20.191 0.020
54059.090156 r 19.606 0.020
54059.090990 i 19.392 0.024
54059.091823 u 21.540 0.180
54059.092656 z 19.239 0.076
54059.093490 g 20.191 0.022
54061.101216 r 19.581 0.023
54061.102049 i 19.312 0.027
54061.102882 u 21.675 0.239
54061.103716 z 19.161 0.085
54061.104549 g 20.229 0.023
54062.095058 r 19.608 0.024
54062.095892 i 19.331 0.033
54062.096725 u 21.690 0.294
54062.097558 z 19.080 0.098
54062.098392 g 20.169 0.028
54068.085030 r 19.636 0.034
54068.085863 i 19.355 0.032
54068.086696 u 21.915 0.733
54068.087530 z 19.083 0.084
54068.088363 g 20.390 0.073
54357.133359 r 19.587 0.017
54357.134193 i 19.342 0.016
54357.135026 u 21.619 0.144
#54357.135859 z -99.000 0.057
54357.136693 g 20.179 0.018
54365.131206 r 19.584 0.021
54365.132039 i 19.379 0.020
54365.132873 u 21.451 0.220
54365.133706 z 19.297 0.048
54365.134539 g 20.191 0.036
54385.181170 r 19.596 0.016
54385.182003 i 19.375 0.018
54385.182837 u 21.624 0.184
54385.183670 z 19.174 0.047
54385.184503 g 20.229 0.020
54387.181676 r 19.614 0.022
54387.182510 i 19.336 0.025
54387.183343 u 21.685 0.327
54387.184176 z 19.225 0.070
54387.185010 g 20.251 0.025
54390.184694 r 19.635 0.025
54390.185528 i 19.326 0.025
54390.186361 u 21.245 0.184
54390.187194 z 19.188 0.080
54390.188028 g 20.267 0.028
#54392.176403 r -99.000 0.048
54392.177236 i 19.336 0.043
#54392.178069 u 26.101 99.999
54392.178903 z 19.497 0.114
54392.179736 g 20.223 0.058
54402.174882 r 19.544 0.026
54402.175715 i 19.367 0.024
54402.176549 u 21.580 0.484
54402.177382 z 19.405 0.077
54402.178215 g 20.141 0.053
