51075.261502 r 14.559 0.003
51075.262335 i 14.276 0.003
51075.263169 u 17.175 0.008
51075.264002 z 14.164 0.004
51075.264835 g 15.284 0.003
51464.249396 r 14.554 0.002
51464.250229 i 14.287 0.003
51464.251063 u 17.166 0.008
51464.251896 z 14.161 0.003
51464.252729 g 15.281 0.003
52196.262026 r 14.604 0.003
52196.262859 i 14.294 0.003
52196.263693 u 17.169 0.009
52196.264526 z 14.134 0.004
52196.265359 g 15.298 0.003
52197.275136 r 14.606 0.003
52197.275969 i 14.323 0.003
52197.276803 u 17.205 0.009
52197.277636 z 14.156 0.004
52197.278469 g 15.329 0.004
52231.161096 r 14.616 0.004
52231.161929 i 14.309 0.003
52231.162763 u 17.218 0.009
52231.163596 z 14.168 0.004
52231.164429 g 15.346 0.004
52253.147270 r 14.569 0.003
52253.148103 i 14.283 0.003
52253.148937 u 17.136 0.010
52253.149770 z 14.123 0.004
52253.150603 g 15.263 0.003
52557.269099 r 14.584 0.003
52557.269932 i 14.279 0.003
52557.270766 u 17.148 0.009
52557.271599 z 14.144 0.004
52557.272432 g 15.301 0.003
52578.165179 r 14.572 0.003
52578.166012 i 14.296 0.003
52578.166846 u 17.186 0.009
52578.167679 z 14.167 0.004
52578.168512 g 15.288 0.003
52908.243665 r 14.582 0.003
52908.244498 i 14.312 0.003
52908.245332 u 17.169 0.009
52908.246165 z 14.151 0.004
52908.246998 g 15.290 0.003
52911.257450 r 14.579 0.003
52911.258283 i 14.294 0.003
52911.259117 u 17.168 0.009
52911.259950 z 14.146 0.003
52911.260783 g 15.292 0.003
52929.195407 r 14.576 0.003
52929.196240 i 14.298 0.003
52929.197074 u 17.138 0.009
52929.197907 z 14.166 0.003
52929.198740 g 15.311 0.003
52930.134823 r 14.612 0.003
52930.135656 i 14.338 0.003
52930.136490 u 17.187 0.009
52930.137323 z 14.172 0.004
52930.138156 g 15.354 0.003
52934.175565 r 14.571 0.003
52934.176398 i 14.296 0.003
52934.177232 u 17.156 0.009
52934.178065 z 14.134 0.003
52934.178898 g 15.282 0.003
52936.171491 r 14.590 0.003
52936.172324 i 14.302 0.003
52936.173158 u 17.177 0.009
52936.173991 z 14.151 0.003
52936.174824 g 15.306 0.003
52962.097012 r 14.564 0.003
52962.097845 i 14.299 0.003
52962.098679 u 17.144 0.009
52962.099512 z 14.139 0.003
52962.100345 g 15.291 0.003
53270.235579 r 14.604 0.018
53270.236412 i 14.312 0.013
53270.237245 u 17.220 0.022
53270.238079 z 14.160 0.016
53270.238912 g 15.305 0.014
53272.285499 r 14.587 0.003
53272.286332 i 14.294 0.003
53272.287166 u 17.179 0.011
53272.287999 z 14.186 0.004
53272.288832 g 15.334 0.003
53286.254213 r 14.577 0.003
53286.255046 i 14.298 0.003
53286.255880 u 17.130 0.010
53286.256713 z 14.172 0.004
53286.257546 g 15.301 0.003
53288.212706 r 14.625 0.003
53288.213539 i 14.317 0.003
53288.214373 u 17.202 0.009
53288.215206 z 14.184 0.004
53288.216039 g 15.345 0.004
53294.240058 r 14.620 0.011
53294.240891 i 14.300 0.013
53294.241725 u 17.207 0.019
53294.242558 z 14.144 0.018
53294.243391 g 15.314 0.023
53302.208373 r 14.582 0.003
53302.209206 i 14.316 0.003
53302.210040 u 17.152 0.012
53302.210873 z 14.142 0.004
53302.211706 g 15.304 0.003
53312.163923 r 14.594 0.014
53312.164757 i 14.300 0.009
53312.165590 u 17.203 0.018
53312.166423 z 14.165 0.017
53312.167257 g 15.357 0.015
53314.165101 r 14.586 0.003
53314.165934 i 14.287 0.003
53314.166768 u 17.187 0.009
53314.167601 z 14.161 0.004
53314.168434 g 15.300 0.003
53616.269470 r 14.564 0.003
53616.270303 i 14.297 0.003
53616.271137 u 17.173 0.010
53616.271970 z 14.162 0.004
53616.272803 g 15.264 0.003
53623.259681 r 15.059 0.003
#53623.260514 i -99.000 0.005
#53623.261348 u -99.000 0.017
#53623.262181 z -99.000 0.007
53623.263014 g 16.482 0.005
53626.245892 r 14.593 0.003
53626.246725 i 14.304 0.003
53626.247559 u 17.211 0.010
53626.248392 z 14.175 0.004
53626.249225 g 15.325 0.003
53628.230758 r 14.593 0.003
53628.231591 i 14.299 0.003
53628.232425 u 17.172 0.012
53628.233258 z 14.165 0.004
53628.234091 g 15.291 0.003
53637.232372 r 14.555 0.003
53637.233205 i 14.268 0.003
53637.234039 u 17.124 0.011
53637.234872 z 14.128 0.004
53637.235705 g 15.277 0.003
53644.224832 r 14.627 0.017
53644.225666 i 14.340 0.018
53644.226499 u 17.119 0.023
53644.227332 z 14.150 0.020
53644.228166 g 15.343 0.020
53654.259442 r 14.583 0.003
53654.260275 i 14.299 0.003
53654.261109 u 17.196 0.009
53654.261942 z 14.162 0.004
53654.262775 g 15.314 0.004
53656.207036 r 14.574 0.003
53656.207869 i 14.295 0.003
53656.208703 u 17.170 0.014
#53656.209536 z -99.000 0.003
53656.210369 g 15.292 0.003
53663.220345 r 14.610 0.003
53663.221178 i 14.317 0.003
53663.222012 u 17.204 0.010
53663.222845 z 14.181 0.004
53663.223678 g 15.340 0.004
53665.198314 r 14.651 0.005
53665.199147 i 14.304 0.006
#53665.199981 u -99.000 0.059
#53665.200814 z -99.000 0.022
#53665.201647 g -99.000 0.016
53668.209945 r 14.559 0.003
53668.210778 i 14.281 0.003
53668.211612 u 17.145 0.010
53668.212445 z 14.142 0.003
53668.213278 g 15.282 0.003
53670.214796 r 14.585 0.003
53670.215629 i 14.301 0.003
53670.216463 u 17.190 0.009
53670.217296 z 14.152 0.004
53670.218129 g 15.319 0.003
53673.182781 r 14.601 0.003
53673.183614 i 14.299 0.003
53673.184448 u 17.133 0.009
53673.185281 z 14.137 0.004
53673.186114 g 15.284 0.003
53675.179669 r 14.572 0.003
53675.180502 i 14.318 0.003
53675.181336 u 17.152 0.009
53675.182169 z 14.165 0.004
53675.183002 g 15.299 0.003
53677.200700 r 14.590 0.003
53677.201533 i 14.308 0.003
53677.202367 u 17.165 0.009
53677.203200 z 14.144 0.004
53677.204033 g 15.300 0.003
53680.187367 r 14.587 0.003
53680.188200 i 14.292 0.003
53680.189034 u 17.173 0.009
53680.189867 z 14.151 0.004
53680.190700 g 15.265 0.003
53693.189265 r 14.583 0.003
53693.190098 i 14.308 0.003
53693.190932 u 17.194 0.012
53693.191765 z 14.158 0.004
53693.192598 g 15.331 0.003
53704.172591 r 14.584 0.003
53704.173424 i 14.317 0.003
53704.174258 u 17.186 0.010
53704.175091 z 14.161 0.004
53704.175924 g 15.308 0.003
53989.268650 r 14.589 0.017
53989.269484 i 14.300 0.012
53989.270317 u 17.186 0.016
#53989.271150 z -99.000 0.016
53989.271984 g 15.316 0.011
53997.364671 r 14.577 0.010
#53997.365504 i -99.000 0.010
53997.366338 u 17.153 0.029
#53997.367171 z -99.000 0.017
53997.368004 g 15.305 0.016
54000.244068 r 14.606 0.022
54000.244901 i 14.322 0.020
54000.245735 u 17.159 0.020
54000.246568 z 14.175 0.020
54000.247401 g 15.320 0.038
54007.294238 r 14.611 0.010
54007.295071 i 14.329 0.013
54007.295904 u 17.197 0.015
54007.296738 z 14.161 0.020
54007.297571 g 15.308 0.021
54009.218013 r 14.618 0.015
54009.218846 i 14.285 0.018
54009.219680 u 17.215 0.022
54009.220513 z 14.174 0.018
54009.221346 g 15.344 0.013
54011.282465 r 14.595 0.011
54011.283298 i 14.296 0.007
54011.284132 u 17.218 0.020
54011.284965 z 14.141 0.010
54011.285798 g 15.340 0.010
54019.232702 r 14.599 0.009
54019.233535 i 14.301 0.008
54019.234368 u 17.203 0.019
54019.235202 z 14.143 0.011
54019.236035 g 15.602 0.020
54025.281482 r 14.633 0.017
54025.282315 i 14.337 0.010
54025.283148 u 17.199 0.018
54025.283982 z 14.150 0.017
54025.284815 g 15.332 0.016
54029.211837 r 14.605 0.016
54029.212671 i 14.300 0.012
54029.213504 u 17.233 0.017
54029.214337 z 14.172 0.014
54029.215171 g 15.273 0.017
54348.279268 r 14.595 0.023
54348.280101 i 14.295 0.020
54348.280934 u 17.255 0.024
54348.281768 z 14.157 0.012
54348.282601 g 15.341 0.020
54358.235066 r 14.609 0.017
54358.235900 i 14.332 0.017
54358.236733 u 17.195 0.017
54358.237566 z 14.161 0.015
54358.238400 g 15.351 0.024
54365.268116 r 14.634 0.012
54365.268950 i 14.342 0.012
54365.269783 u 17.216 0.013
54365.270616 z 14.174 0.016
54365.271450 g 15.336 0.018
54373.342304 r 14.578 0.013
54373.343137 i 14.307 0.010
54373.343971 u 17.198 0.027
54373.344804 z 14.181 0.016
#54373.345637 g -99.000 0.020
54381.287685 r 14.595 0.021
54381.288518 i 14.327 0.014
54381.289351 u 17.187 0.021
54381.290185 z 14.173 0.018
54381.291018 g 15.335 0.015
54382.277276 r 14.626 0.001
54382.278109 i 14.317 0.012
54382.278942 u 17.152 0.020
54382.279776 z 14.155 0.018
54382.280609 g 15.306 0.021
54386.280005 r 14.616 0.012
54386.280838 i 14.355 0.017
54386.281672 u 17.176 0.015
54386.282505 z 14.175 0.016
54386.283338 g 15.318 0.016
54388.284274 r 14.599 0.013
54388.285107 i 14.351 0.013
54388.285941 u 17.211 0.018
54388.286774 z 14.148 0.016
54388.287607 g 15.329 0.001
54403.198039 r 14.577 0.014
54403.198872 i 14.323 0.012
54403.199706 u 17.212 0.014
54403.200539 z 14.140 0.021
54403.201372 g 15.342 0.014
54405.253566 r 14.594 0.013
54405.254399 i 14.321 0.015
54405.255233 u 17.230 0.023
54405.256066 z 14.164 0.018
54405.256899 g 15.310 0.014
54406.191873 r 14.634 0.019
54406.192707 i 14.342 0.017
54406.193540 u 17.179 0.026
54406.194373 z 14.173 0.014
54406.195207 g 15.306 0.027
54412.194793 r 14.601 0.009
#54412.195626 i -99.000 0.015
54412.196460 u 17.192 0.020
#54412.197293 z -99.000 0.019
54412.198126 g 15.337 0.024
