52075.320496 r 19.840 0.020
52075.321329 i 19.602 0.024
52075.322163 u 21.394 0.144
52075.322996 z 19.616 0.075
52075.323829 g 20.209 0.023
52197.129145 r 19.846 0.019
52197.129978 i 19.641 0.024
52197.130812 u 21.411 0.106
52197.131645 z 19.628 0.077
52197.132478 g 20.261 0.019
52557.166988 r 19.812 0.020
52557.167821 i 19.651 0.027
52557.168655 u 21.271 0.117
52557.169488 z 19.565 0.078
52557.170321 g 20.228 0.022
52929.093290 r 19.798 0.019
52929.094123 i 19.595 0.023
52929.094957 u 21.429 0.118
52929.095790 z 19.703 0.082
52929.096623 g 20.253 0.020
52934.073447 r 19.802 0.020
52934.074280 i 19.648 0.025
52934.075114 u 21.306 0.106
52934.075947 z 19.573 0.071
52934.076780 g 20.250 0.020
52936.069373 r 19.811 0.019
52936.070206 i 19.659 0.025
52936.071040 u 21.342 0.105
52936.071873 z 19.560 0.075
52936.072706 g 20.267 0.020
53243.254585 r 19.880 0.036
53243.255418 i 19.590 0.036
53243.256252 u 21.176 0.266
53243.257085 z 19.542 0.097
53243.257918 g 20.183 0.055
53270.133431 r 19.762 0.021
53270.134264 i 19.613 0.030
53270.135097 u 21.304 0.134
53270.135931 z 19.758 0.071
53270.136764 g 20.266 0.028
53272.183383 r 19.936 0.039
53272.184216 i 19.698 0.037
53272.185050 u 21.179 0.307
53272.185883 z 19.535 0.080
53272.186716 g 20.352 0.061
53288.110589 r 19.824 0.022
53288.111422 i 19.576 0.026
53288.112256 u 21.106 0.123
53288.113089 z 19.491 0.082
53288.113922 g 20.302 0.026
53302.106258 r 19.814 0.028
53302.107091 i 19.599 0.028
53302.107925 u 21.363 0.253
53302.108758 z 19.522 0.075
53302.109591 g 20.291 0.050
53314.062985 r 19.791 0.022
53314.063818 i 19.560 0.027
53314.064652 u 21.327 0.120
53314.065485 z 19.500 0.084
53314.066318 g 20.186 0.020
53623.157568 r 19.911 0.026
53623.158401 i 19.598 0.027
53623.159235 u 21.406 0.136
53623.160068 z 19.452 0.062
53623.160901 g 20.263 0.027
53626.143779 r 19.850 0.028
53626.144612 i 19.585 0.029
53626.145446 u 21.395 0.224
53626.146279 z 19.608 0.076
53626.147112 g 20.212 0.038
53628.128645 r 19.757 0.042
53628.129478 i 19.583 0.044
53628.130312 u 21.178 0.322
53628.131145 z 19.487 0.097
53628.131978 g 20.233 0.066
53637.130258 r 19.979 0.027
53637.131091 i 19.737 0.033
53637.131925 u 21.197 0.169
53637.132758 z 19.620 0.096
#53637.133591 g -99.000 0.044
53644.122710 r 19.773 0.023
53644.123543 i 19.605 0.023
53644.124376 u 21.214 0.117
53644.125210 z 19.741 0.075
53644.126043 g 20.281 0.020
#53649.117327 r -99.000 0.072
#53649.118160 i -99.000 0.121
53649.118994 u 19.675 0.182
53649.119827 z 19.146 0.203
53649.120660 g 20.171 0.087
53656.104918 r 19.862 0.041
53656.105751 i 19.582 0.040
53656.106585 u 21.429 0.398
53656.107418 z 19.767 0.131
53656.108251 g 20.582 0.097
53665.096197 r 20.018 0.214
53665.097030 i 19.592 0.145
53665.097864 u 21.522 0.803
53665.098697 z 19.351 0.359
53665.099530 g 19.969 0.096
53668.107829 r 19.938 0.033
53668.108662 i 19.729 0.043
53668.109496 u 21.718 0.257
53668.110329 z 19.447 0.121
53668.111162 g 20.498 0.035
53670.112683 r 19.813 0.023
53670.113516 i 19.645 0.030
53670.114350 u 21.280 0.138
53670.115183 z 19.475 0.084
53670.116016 g 20.270 0.022
53673.080664 r 19.815 0.022
53673.081497 i 19.632 0.029
53673.082331 u 21.279 0.128
53673.083164 z 19.590 0.088
53673.083997 g 20.280 0.022
53675.077553 r 19.831 0.022
53675.078386 i 19.612 0.027
53675.079220 u 21.472 0.148
53675.080053 z 19.579 0.083
53675.080886 g 20.297 0.023
53677.098586 r 19.808 0.021
53677.099419 i 19.608 0.024
53677.100253 u 21.214 0.098
53677.101086 z 19.646 0.071
53677.101919 g 20.206 0.018
53680.085251 r 19.796 0.018
53680.086084 i 19.650 0.022
53680.086918 u 21.290 0.103
53680.087751 z 19.578 0.057
53680.088584 g 20.230 0.020
53693.087156 r 19.842 0.026
53693.087989 i 19.613 0.029
53693.088823 u 21.526 0.181
53693.089656 z 19.593 0.077
53693.090489 g 20.339 0.033
53703.091963 r 19.943 0.118
53703.092796 i 19.627 0.052
53703.093630 u 20.976 0.150
53703.094463 z 19.629 0.097
53703.095296 g 20.428 0.292
53704.070486 r 19.818 0.025
53704.071319 i 19.685 0.036
53704.072153 u 21.275 0.161
53704.072986 z 19.477 0.074
53704.073819 g 20.274 0.025
53974.158425 r 19.801 0.040
53974.159259 i 19.624 0.032
53974.160092 u 21.377 0.120
53974.160925 z 19.600 0.078
53974.161759 g 20.287 0.020
53989.147860 r 19.836 0.021
53989.148693 i 19.588 0.025
53989.149527 u 21.544 0.158
53989.150360 z 19.580 0.062
53989.151193 g 20.251 0.028
53995.155780 r 19.798 0.017
53995.156613 i 19.638 0.020
53995.157446 u 21.437 0.104
53995.158280 z 19.670 0.061
53995.159113 g 20.245 0.017
53997.134149 r 19.900 0.520
#53997.134983 i -99.000 0.049
53997.135816 u 21.243 0.151
#53997.136649 z -99.000 0.071
53997.137483 g 20.338 0.334
54005.106001 r 19.804 0.016
54005.106835 i 19.658 0.020
54005.107668 u 21.107 0.079
54005.108501 z 19.540 0.056
54005.109335 g 20.215 0.018
54007.118750 r 19.849 0.028
54007.119583 i 19.622 0.026
54007.120416 u 21.374 0.128
54007.121250 z 19.531 0.066
54007.122083 g 20.260 0.026
54009.115869 r 19.904 0.021
54009.116702 i 19.653 0.024
54009.117535 u 21.422 0.146
54009.118369 z 19.597 0.062
54009.119202 g 20.300 0.029
54011.180349 r 19.753 0.028
54011.181183 i 19.660 0.032
54011.182016 u 20.975 0.164
54011.182849 z 19.517 0.060
54011.183683 g 20.208 0.041
54019.130558 r 20.274 0.609
54019.131391 i 19.898 0.333
54019.132225 u 21.295 0.278
54019.133058 z 19.878 0.640
54019.133891 g 21.885 0.208
54025.179374 r 19.809 0.048
54025.180207 i 19.634 0.039
54025.181041 u 21.150 0.113
54025.181874 z 19.527 0.069
54025.182707 g 20.241 0.023
54029.109705 r 19.816 0.022
54029.110538 i 19.590 0.024
54029.111371 u 21.521 0.124
54029.112205 z 19.558 0.066
54029.113038 g 20.272 0.018
54051.086287 r 19.674 0.055
54051.087120 i 19.593 0.079
54051.087953 u 21.803 0.398
54051.088787 z 19.297 0.244
54051.089620 g 20.211 0.062
54356.187868 r 19.786 0.017
54356.188702 i 19.585 0.021
54356.189535 u 21.169 0.085
54356.190368 z 19.486 0.049
54356.191202 g 20.255 0.018
54358.132937 r 19.930 0.271
54358.133770 i 19.770 0.073
54358.134604 u 21.228 0.161
54358.135437 z 19.478 0.081
54358.136270 g 20.278 0.239
54373.165047 r 19.869 0.030
54373.165881 i 19.583 0.027
54373.166714 u 21.206 0.181
54373.167547 z 19.589 0.089
54373.168381 g 20.259 0.037
#54381.177726 r -99.000 0.072
54381.178559 i 19.677 0.514
54381.179392 u 21.462 0.264
54381.180226 z 19.635 0.133
54381.181059 g 20.511 0.392
54382.175116 r 20.147 0.467
54382.175950 i 19.828 0.187
54382.176783 u 21.109 0.582
54382.177616 z 19.426 0.134
54382.178450 g 20.357 0.233
54383.180858 r 19.860 0.059
54383.181692 i 19.649 0.029
54383.182525 u 21.292 0.121
54383.183358 z 19.567 0.066
54383.184192 g 20.302 0.022
54386.177875 r 19.802 0.018
54386.178709 i 19.597 0.021
54386.179542 u 21.167 0.092
54386.180375 z 19.598 0.054
54386.181209 g 20.227 0.020
54388.182146 r 19.853 0.579
54388.182979 i 19.729 0.044
54388.183812 u 20.988 0.119
54388.184646 z 19.546 0.077
54388.185479 g 20.293 0.082
54403.095922 r 19.766 0.020
54403.096756 i 19.631 0.024
54403.097589 u 21.392 0.119
54403.098422 z 19.538 0.067
54403.099256 g 20.240 0.019
#54406.089748 r -99.000 0.021
54406.090581 i 19.574 0.027
54406.091415 u 21.511 0.140
54406.092248 z 19.528 0.079
54406.093081 g 20.225 0.019
54412.092681 r 19.779 0.020
54412.093514 i 19.637 0.026
54412.094347 u 21.202 0.103
54412.095181 z 19.534 0.069
54412.096014 g 20.286 0.021
54415.130234 r 19.818 0.019
54415.131067 i 19.633 0.023
54415.131901 u 21.194 0.096
54415.132734 z 19.554 0.061
54415.133567 g 20.271 0.022
