52172.224613 r 19.219 0.013
52172.225446 i 19.201 0.017
52172.226280 u 19.927 0.041
52172.227113 z 18.986 0.040
52172.227946 g 19.384 0.012
52935.072933 r 19.456 0.015
52935.073766 i 19.456 0.021
52935.074600 u 20.220 0.049
52935.075433 z 19.246 0.051
52935.076266 g 19.639 0.014
53313.066134 r 19.525 0.020
53313.066967 i 19.448 0.028
53313.067801 u 20.223 0.055
53313.068634 z 19.329 0.078
53313.069467 g 19.664 0.015
53622.175382 r 19.294 0.015
53622.176215 i 19.310 0.023
53622.177049 u 20.086 0.064
53622.177882 z 19.261 0.066
53622.178715 g 19.432 0.015
53625.171346 r 19.313 0.015
53625.172179 i 19.292 0.019
53625.173013 u 19.909 0.046
53625.173846 z 19.299 0.054
53625.174679 g 19.437 0.016
53636.130383 r 19.267 0.013
53636.131216 i 19.337 0.019
53636.132050 u 19.887 0.041
53636.132883 z 19.154 0.048
53636.133716 g 19.431 0.012
53645.190051 r 19.272 0.013
53645.190884 i 19.274 0.020
53645.191718 u 19.973 0.047
53645.192551 z 19.229 0.048
53645.193384 g 19.409 0.012
53655.102387 r 19.294 0.017
53655.103220 i 19.299 0.021
53655.104054 u 20.060 0.063
53655.104887 z 19.130 0.050
53655.105720 g 19.447 0.018
53664.127347 r 19.264 0.018
53664.128180 i 19.287 0.024
53664.129014 u 20.027 0.071
53664.129847 z 19.149 0.060
53664.130680 g 19.391 0.018
53666.090946 r 19.294 0.014
53666.091779 i 19.284 0.019
53666.092613 u 19.935 0.039
53666.093446 z 19.139 0.052
53666.094279 g 19.427 0.012
53669.086586 r 19.245 0.013
53669.087419 i 19.307 0.018
53669.088253 u 19.920 0.039
53669.089086 z 19.128 0.046
53669.089919 g 19.412 0.012
53674.070820 r 19.268 0.014
53674.071653 i 19.303 0.021
53674.072487 u 20.072 0.044
53674.073320 z 19.140 0.051
53674.074153 g 19.419 0.012
#53681.123717 r -99.000 0.026
53681.124550 i 19.300 0.035
53681.125384 u 19.957 0.072
53681.126217 z 19.153 0.088
#53681.127050 g -99.000 0.049
53685.082759 r 19.227 0.028
53685.083592 i 19.296 0.035
53685.084426 u 19.889 0.126
53685.085259 z 19.141 0.085
53685.086092 g 19.423 0.038
53687.121113 r 19.280 0.021
53687.121946 i 19.364 0.027
53687.122780 u 20.050 0.125
53687.123613 z 19.100 0.052
53687.124446 g 19.378 0.027
53697.080742 r 19.125 0.053
53697.081575 i 19.270 0.073
53697.082409 u 20.042 0.156
53697.083242 z 19.155 0.188
53697.084075 g 19.355 0.037
53700.079704 r 19.248 0.014
53700.080537 i 19.302 0.021
53700.081371 u 19.999 0.049
53700.082204 z 19.198 0.055
53700.083037 g 19.419 0.013
53705.066374 r 19.257 0.017
53705.067207 i 19.312 0.024
53705.068041 u 19.952 0.050
53705.068874 z 19.078 0.059
53705.069707 g 19.431 0.014
53975.151371 r 19.232 0.014
53975.152205 i 19.197 0.020
53975.153038 u 19.812 0.043
53975.153871 z 19.185 0.066
53975.154705 g 19.349 0.012
53994.146817 r 19.258 0.012
53994.147650 i 19.257 0.016
53994.148483 u 19.931 0.039
53994.149317 z 19.099 0.042
53994.150150 g 19.379 0.012
53998.126736 r 19.221 0.010
53998.127569 i 19.249 0.016
53998.128402 u 20.012 0.037
53998.129236 z 19.243 0.047
53998.130069 g 19.372 0.018
54010.112198 r 19.236 0.018
54010.113032 i 19.273 0.019
54010.113865 u 20.068 0.057
54010.114698 z 19.155 0.041
54010.115532 g 19.452 0.020
54012.105040 r 19.261 0.023
54012.105873 i 19.263 0.023
54012.106707 u 20.233 0.095
54012.107540 z 19.058 0.046
54012.108373 g 19.429 0.029
54020.111022 r 19.241 0.014
54020.111855 i 19.236 0.020
54020.112689 u 20.042 0.053
54020.113522 z 19.167 0.061
54020.114355 g 19.452 0.015
54028.101386 r 19.324 0.034
54028.102219 i 19.228 0.032
54028.103053 u 20.107 0.059
54028.103886 z 19.082 0.056
54028.104719 g 19.458 0.016
54030.104574 r 19.273 0.013
54030.105407 i 19.275 0.017
54030.106240 u 20.044 0.040
54030.107074 z 19.145 0.042
54030.107907 g 19.453 0.013
#54032.093839 r -99.000 0.015
54032.094672 i 19.251 0.025
#54032.095506 u -99.000 0.064
#54032.096339 z -99.000 0.060
#54032.097172 g -99.000 0.016
54037.085816 r 19.274 0.014
54037.086649 i 19.311 0.022
54037.087483 u 20.030 0.048
54037.088316 z 19.081 0.039
54037.089149 g 19.472 0.019
54040.100298 r 19.274 0.021
54040.101131 i 19.328 0.028
54040.101965 u 20.103 0.086
54040.102798 z 19.120 0.055
54040.103631 g 19.472 0.023
54050.084931 r 19.280 0.015
54050.085764 i 19.242 0.024
54050.086598 u 20.068 0.056
54050.087431 z 19.215 0.067
54050.088264 g 19.462 0.015
54053.091090 r 19.351 0.024
54053.091924 i 19.354 0.029
54053.092757 u 20.168 0.058
54053.093590 z 19.229 0.072
54053.094424 g 19.503 0.021
#54056.092767 r -99.000 0.017
54056.093600 i 19.242 0.031
54056.094433 u 20.054 0.074
54056.095267 z 19.201 0.083
54056.096100 g 19.488 0.033
54057.061425 r 19.275 0.014
54057.062258 i 19.288 0.025
54057.063092 u 20.091 0.049
54057.063925 z 19.100 0.052
54057.064758 g 19.482 0.015
54059.087048 r 19.257 0.016
54059.087881 i 19.252 0.023
54059.088715 u 20.000 0.054
54059.089548 z 19.180 0.062
54059.090381 g 19.480 0.013
54062.091945 r 19.269 0.024
54062.092778 i 19.260 0.029
54062.093612 u 20.094 0.069
54062.094445 z 19.164 0.077
54062.095278 g 19.478 0.017
54068.081922 r 19.275 0.027
54068.082755 i 19.290 0.032
54068.083589 u 20.144 0.143
54068.084422 z 19.188 0.081
54068.085255 g 19.419 0.029
#54357.130249 r -99.000 0.033
54357.131082 i 19.274 0.017
54357.131915 u 19.943 0.039
54357.132749 z 18.978 0.043
#54357.133582 g -99.000 0.028
54365.128102 r 19.235 0.018
54365.128935 i 19.261 0.021
54365.129768 u 19.863 0.056
54365.130602 z 19.108 0.043
54365.131435 g 19.353 0.019
54385.178076 r 19.202 0.014
54385.178909 i 19.231 0.020
54385.179742 u 19.960 0.049
54385.180576 z 19.204 0.045
54385.181409 g 19.420 0.012
#54387.178577 r -99.000 0.020
54387.179411 i 19.252 0.026
54387.180244 u 19.953 0.064
54387.181077 z 19.091 0.059
54387.181911 g 19.401 0.014
54390.181586 r 19.281 0.026
54390.182419 i 19.266 0.032
54390.183253 u 20.129 0.080
54390.184086 z 19.194 0.080
54390.184919 g 19.393 0.046
54402.171767 r 19.230 0.020
54402.172600 i 19.224 0.026
54402.173433 u 19.949 0.100
54402.174267 z 19.040 0.052
54402.175100 g 19.417 0.030
