51081.443067 r 18.676 0.010
51081.443900 i 18.606 0.012
51081.444734 u 19.368 0.030
51081.445567 z 18.767 0.056
51081.446400 g 19.060 0.011
51818.428980 r 18.611 0.009
51818.429813 i 18.551 0.011
51818.430647 u 19.258 0.027
51818.431480 z 18.569 0.039
51818.432313 g 19.048 0.010
52171.417106 r 18.555 0.009
52171.417939 i 18.464 0.010
52171.418773 u 19.250 0.028
52171.419606 z 18.536 0.035
52171.420439 g 18.934 0.009
52173.393343 r 18.547 0.009
52173.394176 i 18.490 0.011
52173.395010 u 19.293 0.032
52173.395843 z 18.558 0.048
52173.396676 g 18.948 0.010
52224.373487 r 18.534 0.009
52224.374320 i 18.466 0.011
52224.375154 u 19.218 0.027
52224.375987 z 18.561 0.040
52224.376820 g 18.925 0.009
52234.329998 r 18.506 0.009
52234.330831 i 18.460 0.010
52234.331665 u 19.231 0.031
52234.332498 z 18.533 0.037
52234.333331 g 18.893 0.009
52261.293353 r 18.479 0.009
52261.294186 i 18.444 0.010
52261.295020 u 19.188 0.028
52261.295853 z 18.500 0.034
52261.296686 g 18.908 0.009
52283.160729 r 18.495 0.009
52283.161562 i 18.424 0.011
52283.162396 u 19.176 0.031
52283.163229 z 18.480 0.046
52283.164062 g 18.866 0.009
52287.173851 r 18.502 0.009
52287.174684 i 18.421 0.010
52287.175518 u 19.217 0.028
52287.176351 z 18.470 0.033
52287.177184 g 18.883 0.009
52557.466899 r 18.533 0.009
52557.467732 i 18.450 0.011
52557.468566 u 19.298 0.029
52557.469399 z 18.550 0.043
52557.470232 g 18.922 0.009
52585.368229 r 18.511 0.009
52585.369062 i 18.429 0.010
52585.369896 u 19.253 0.025
52585.370729 z 18.496 0.034
52585.371562 g 18.918 0.009
52908.441467 r 18.426 0.008
52908.442300 i 18.349 0.010
52908.443134 u 19.129 0.027
52908.443967 z 18.415 0.033
52908.444800 g 18.824 0.009
52909.480647 r 18.412 0.008
52909.481480 i 18.359 0.009
52909.482314 u 19.067 0.024
52909.483147 z 18.404 0.029
52909.483980 g 18.802 0.008
52912.420907 r 18.417 0.009
52912.421740 i 18.362 0.010
52912.422574 u 19.087 0.029
52912.423407 z 18.447 0.037
52912.424240 g 18.816 0.009
52934.373375 r 18.420 0.009
52934.374208 i 18.356 0.010
52934.375042 u 19.102 0.026
52934.375875 z 18.431 0.034
52934.376708 g 18.787 0.009
52936.369301 r 18.409 0.009
52936.370134 i 18.363 0.010
52936.370968 u 19.123 0.025
52936.371801 z 18.406 0.031
52936.372634 g 18.797 0.008
53270.433352 r 18.434 0.013
53270.434185 i 18.366 0.015
53270.435018 u 19.127 0.025
53270.435852 z 18.443 0.031
53270.436685 g 18.847 0.015
53272.483296 r 18.432 0.008
53272.484129 i 18.370 0.010
53272.484963 u 19.150 0.028
53272.485796 z 18.415 0.033
53272.486629 g 18.837 0.009
53286.452018 r 18.431 0.010
53286.452851 i 18.356 0.012
53286.453685 u 19.140 0.034
53286.454518 z 18.412 0.040
53286.455351 g 18.861 0.010
53288.410511 r 18.442 0.008
53288.411344 i 18.387 0.010
53288.412178 u 19.221 0.029
53288.413011 z 18.357 0.031
53288.413844 g 18.839 0.009
53294.458182 r 18.440 0.009
53294.459015 i 18.351 0.010
53294.459849 u 19.184 0.027
53294.460682 z 18.339 0.031
53294.461515 g 18.840 0.009
53296.405214 r 18.438 0.016
53296.406048 i 18.346 0.015
53296.406881 u 19.147 0.026
53296.407714 z 18.405 0.039
53296.408548 g 18.820 0.011
53298.454958 r 18.432 0.009
53298.455791 i 18.358 0.010
53298.456625 u 19.099 0.027
53298.457458 z 18.443 0.039
53298.458291 g 18.826 0.009
53312.361713 r 18.425 0.012
53312.362547 i 18.367 0.017
53312.363380 u 19.127 0.041
53312.364213 z 18.443 0.043
53312.365047 g 18.808 0.017
53314.362912 r 18.421 0.009
53314.363745 i 18.350 0.010
53314.364579 u 19.153 0.030
53314.365412 z 18.425 0.033
53314.366245 g 18.814 0.009
53319.350708 r 18.426 0.010
53319.351541 i 18.348 0.011
53319.352375 u 19.080 0.032
53319.353208 z 18.448 0.047
53319.354041 g 18.772 0.011
53616.467260 r 18.432 0.009
53616.468093 i 18.352 0.010
53616.468927 u 19.128 0.032
53616.469760 z 18.427 0.043
53616.470593 g 18.813 0.009
53626.443690 r 18.403 0.013
#53626.444523 i -99.000 0.021
#53626.445357 u -99.000 0.038
#53626.446190 z -99.000 0.066
53626.447023 g 18.836 0.013
53628.428554 r 18.408 0.010
#53628.429387 i -99.000 0.012
53628.430221 u 19.068 0.031
53628.431054 z 18.370 0.049
53628.431887 g 18.764 0.009
53639.475550 r 18.417 0.009
53639.476383 i 18.333 0.010
53639.477217 u 19.103 0.030
53639.478050 z 18.449 0.033
53639.478883 g 18.768 0.011
53657.433600 r 18.407 0.009
53657.434433 i 18.335 0.011
53657.435267 u 19.130 0.030
53657.436100 z 18.475 0.040
53657.436933 g 18.802 0.009
53675.377478 r 18.402 0.009
53675.378311 i 18.332 0.010
53675.379145 u 19.038 0.026
53675.379978 z 18.329 0.031
53675.380811 g 18.763 0.008
53680.385176 r 18.412 0.009
53680.386009 i 18.338 0.010
53680.386843 u 19.090 0.030
53680.387676 z 18.403 0.035
53680.388509 g 18.762 0.009
53683.443720 r 18.409 0.016
53683.444553 i 18.365 0.019
53683.445387 u 19.042 0.048
53683.446220 z 18.443 0.070
53683.447053 g 18.776 0.013
53686.384606 r 18.409 0.011
53686.385439 i 18.331 0.011
53686.386273 u 18.982 0.034
53686.387106 z 18.293 0.034
53686.387939 g 18.748 0.012
53687.441983 r 18.394 0.022
53687.442816 i 18.369 0.027
53687.443650 u 19.116 0.075
53687.444483 z 18.536 0.095
53687.445316 g 18.760 0.026
53693.387064 r 18.398 0.013
53693.387897 i 18.278 0.014
53693.388731 u 19.055 0.066
53693.389564 z 18.351 0.045
53693.390397 g 18.766 0.020
53694.401785 r 18.377 0.014
53694.402618 i 18.341 0.015
#53694.403452 u -99.000 0.079
53694.404285 z 18.384 0.060
53694.405118 g 18.738 0.021
53699.407896 r 18.388 0.009
53699.408729 i 18.327 0.010
53699.409563 u 18.958 0.032
53699.410396 z 18.400 0.035
53699.411229 g 18.752 0.010
53704.370383 r 18.376 0.010
53704.371216 i 18.294 0.012
53704.372050 u 18.963 0.033
53704.372883 z 18.285 0.042
53704.373716 g 18.718 0.010
53989.466496 r 18.366 0.013
53989.467329 i 18.323 0.014
53989.468162 u 18.918 0.041
53989.468996 z 18.401 0.031
53989.469829 g 18.743 0.019
54008.452865 r 18.397 0.011
54008.453698 i 18.332 0.015
54008.454532 u 18.968 0.025
54008.455365 z 18.415 0.031
54008.456198 g 18.737 0.014
54009.415782 r 18.394 0.012
54009.416615 i 18.326 0.015
54009.417449 u 18.939 0.021
54009.418282 z 18.401 0.026
54009.419115 g 18.765 0.016
54011.480266 r 18.384 0.015
54011.481099 i 18.328 0.013
54011.481932 u 18.901 0.026
54011.482766 z 18.377 0.031
54011.483599 g 18.777 0.018
54019.475334 r 18.385 0.012
54019.476168 i 18.331 0.013
54019.477001 u 19.021 0.041
54019.477834 z 18.409 0.032
54019.478668 g 18.778 0.017
54025.479293 r 18.389 0.012
54025.480126 i 18.326 0.017
54025.480960 u 19.035 0.031
54025.481793 z 18.400 0.037
54025.482626 g 18.782 0.014
54358.432842 r 18.629 0.017
54358.433675 i 18.583 0.017
54358.434508 u 19.526 0.037
54358.435342 z 18.671 0.041
54358.436175 g 19.097 0.018
54362.485168 r 18.619 0.015
54362.486001 i 18.551 0.020
#54362.486835 u 99.987 99.999
54362.487668 z 18.689 0.037
#54362.488501 g 99.990 99.999
54365.465946 r 18.640 0.014
54365.466779 i 18.591 0.024
54365.467613 u 19.382 0.031
54365.468446 z 18.660 0.035
54365.469279 g 19.116 0.021
54381.485590 r 18.654 0.015
54381.486424 i 18.611 0.018
54381.487257 u 19.487 0.037
54381.488090 z 18.622 0.041
54381.488924 g 19.146 0.019
54386.477792 r 18.655 0.017
54386.478626 i 18.579 0.014
54386.479459 u 19.475 0.033
54386.480292 z 18.643 0.040
54386.481126 g 19.131 0.015
54388.482087 r 18.631 0.015
54388.482921 i 18.591 0.016
54388.483754 u 19.515 0.036
54388.484587 z 18.637 0.040
54388.485421 g 19.119 0.013
54392.479660 r 18.658 0.020
54392.480493 i 18.587 0.018
54392.481326 u 19.446 0.042
54392.482160 z 18.614 0.041
54392.482993 g 19.103 0.020
54403.395927 r 18.612 0.024
54403.396760 i 18.604 0.018
54403.397593 u 19.427 0.051
54403.398427 z 18.604 0.047
54403.399260 g 19.175 0.020
54404.453398 r 18.670 0.016
54404.454231 i 18.585 0.018
54404.455064 u 19.350 0.053
54404.455898 z 18.620 0.047
54404.456731 g 19.134 0.028
54406.389685 r 18.655 0.017
54406.390518 i 18.601 0.014
54406.391352 u 19.502 0.035
54406.392185 z 18.651 0.031
54406.393018 g 19.132 0.017
54409.394512 r 18.602 0.017
54409.395345 i 18.534 0.017
54409.396179 u 19.428 0.034
54409.397012 z 18.568 0.032
54409.397845 g 19.103 0.021
54412.415435 r 18.670 0.021
54412.416268 i 18.579 0.021
54412.417102 u 19.463 0.058
54412.417935 z 18.689 0.072
54412.418768 g 19.110 0.016
