53270.121235 r 19.864 0.136
53270.122068 i 19.685 0.170
53270.122901 u 21.991 0.341
53270.123735 z 19.891 0.292
53270.124568 g 20.458 0.102
53302.094056 r 19.986 0.035
53302.094889 i 20.221 0.056
53302.095723 u 21.255 0.235
53302.096556 z 20.028 0.131
53302.097389 g 20.705 0.062
53623.145367 r 19.763 0.022
53623.146200 i 19.565 0.026
53623.147034 u 21.861 0.245
53623.147867 z 19.508 0.071
53623.148700 g 20.400 0.030
53626.131579 r 19.747 0.028
53626.132412 i 19.756 0.036
53626.133246 u 21.974 0.405
53626.134079 z 19.538 0.081
53626.134912 g 20.331 0.043
53644.110503 r 19.715 0.172
53644.111336 i 19.487 0.194
53644.112169 u 22.448 0.343
53644.113003 z 19.514 0.181
53644.113836 g 20.460 0.173
53673.068464 r 19.940 0.025
53673.069297 i 19.910 0.037
53673.070131 u 22.216 0.280
53673.070964 z 19.995 0.125
53673.071797 g 20.383 0.024
53677.086387 r 20.122 0.030
53677.087220 i 20.061 0.042
53677.088054 u 21.902 0.230
53677.088887 z 22.007 0.569
53677.089720 g 20.517 0.025
53680.073050 r 19.962 0.023
53680.073883 i 19.596 0.025
53680.074717 u 22.054 0.238
53680.075550 z 19.452 0.066
53680.076383 g 20.773 0.033
53974.146220 r 19.726 0.186
53974.147053 i 19.609 0.244
53974.147887 u 22.390 1.000
53974.148720 z 19.527 0.191
53974.149553 g 20.381 0.162
54009.103659 r 19.941 0.186
54009.104493 i 20.100 0.280
54009.105326 u 22.761 0.422
54009.106159 z 20.052 0.305
54009.106993 g 20.390 0.120
54011.168150 r 19.864 0.191
54011.168984 i 19.810 0.257
54011.169817 u 22.065 0.392
54011.170650 z 19.964 0.370
54011.171484 g 20.366 0.143
54025.167168 r 19.829 0.201
54025.168002 i 19.636 0.233
54025.168835 u 22.097 0.539
54025.169668 z 19.631 0.287
54025.170502 g 20.444 0.181
54383.168659 r 19.942 0.233
54383.169492 i 19.456 0.189
54383.170326 u 22.147 0.284
54383.171159 z 19.725 0.282
54383.171992 g 20.552 0.199
54386.165677 r 19.623 0.126
54386.166510 i 19.744 0.213
#54386.167343 u 23.940 3.724
#54386.168177 z -99.000 0.243
#54386.169010 g -99.000 0.106
54403.083715 r 19.986 0.251
54403.084549 i 19.599 0.239
54403.085382 u 22.025 0.260
54403.086215 z 19.417 0.175
54403.087049 g 20.385 0.167
54406.077546 r 20.235 0.237
54406.078380 i 20.185 0.321
54406.079213 u 22.615 0.366
54406.080046 z 20.446 0.397
54406.080880 g 20.405 0.172
54412.080608 r 20.025 0.195
#54412.081442 i -99.000 0.256
54412.082275 u 21.637 0.221
#54412.083108 z -99.000 0.249
54412.083942 g 20.403 0.132
54415.118037 r 19.975 0.256
54415.118870 i 19.633 0.257
54415.119704 u 22.428 0.385
54415.120537 z 19.500 0.231
54415.121370 g 20.403 0.144
