53270.120089 r 18.536 0.022
53270.120922 i 18.539 0.027
53270.121755 u 18.888 0.028
53270.122589 z 18.531 0.048
53270.123422 g 18.641 0.014
53288.097246 r 18.822 0.011
53288.098079 i 18.724 0.011
53288.098913 u 19.198 0.030
53288.099746 z 18.655 0.034
53288.100579 g 18.884 0.009
53302.092915 r 18.768 0.014
53302.093748 i 18.691 0.012
53302.094582 u 19.013 0.039
53302.095415 z 18.631 0.035
53302.096248 g 18.953 0.015
53623.144226 r 18.308 0.009
#53623.145059 i -99.000 0.010
53623.145893 u 18.499 0.021
53623.146726 z 18.438 0.027
53623.147559 g 18.424 0.008
53626.130438 r 17.483 0.007
53626.131271 i 17.596 0.007
53626.132105 u 17.805 0.015
53626.132938 z 17.675 0.017
53626.133771 g 17.355 0.006
53628.115304 r 17.268 0.006
53628.116137 i 17.372 0.007
53628.116971 u 17.559 0.017
53628.117804 z 17.396 0.017
53628.118637 g 17.122 0.006
53637.116916 r 18.255 0.008
53637.117749 i 18.253 0.009
53637.118583 u 18.482 0.021
53637.119416 z 18.217 0.028
53637.120249 g 18.250 0.007
53644.109357 r 18.058 0.038
53644.110190 i 18.085 0.035
53644.111023 u 18.209 0.024
53644.111857 z 18.116 0.024
53644.112690 g 18.135 0.009
#53649.103983 r -99.000 0.009
53649.104816 i 18.359 0.010
#53649.105650 u -99.000 0.024
#53649.106483 z -99.000 0.031
#53649.107316 g -99.000 0.007
53656.091577 r 18.215 0.011
53656.092410 i 18.200 0.011
53656.093244 u 18.488 0.031
53656.094077 z 18.268 0.034
53656.094910 g 18.269 0.012
53665.082855 r 17.345 0.009
53665.083688 i 17.389 0.011
53665.084522 u 17.685 0.026
#53665.085355 z -99.000 0.053
#53665.086188 g -99.000 0.015
53668.094488 r 17.639 0.006
#53668.095321 i -99.000 0.008
53668.096155 u 17.731 0.014
53668.096988 z 17.816 0.029
53668.097821 g 17.523 0.005
53670.099341 r 18.011 0.007
53670.100174 i 18.051 0.009
53670.101008 u 18.146 0.017
53670.101841 z 18.035 0.030
53670.102674 g 17.957 0.006
53673.067322 r 18.209 0.008
53673.068155 i 18.235 0.009
53673.068989 u 18.451 0.019
53673.069822 z 18.223 0.026
53673.070655 g 18.315 0.007
53677.085245 r 18.266 0.008
#53677.086078 i -99.000 0.009
53677.086912 u 18.381 0.018
#53677.087745 z -99.000 0.028
#53677.088578 g -99.000 0.007
53680.071910 r 17.537 0.006
53680.072743 i 17.636 0.007
53680.073577 u 17.846 0.013
53680.074410 z 17.749 0.017
53680.075243 g 17.442 0.005
53693.073817 r 17.980 0.007
53693.074650 i 18.041 0.008
53693.075484 u 18.153 0.017
53693.076317 z 18.054 0.023
53693.077150 g 18.014 0.006
53702.069488 r 17.561 0.010
53702.070322 i 17.615 0.017
53702.071155 u 17.815 0.021
53702.071988 z 17.726 0.036
#53702.072822 g -99.000 0.015
53703.078624 r 17.684 0.012
53703.079457 i 17.754 0.025
53703.080290 u 17.933 0.021
53703.081124 z 17.853 0.039
53703.081957 g 17.601 0.008
53974.145082 r 17.697 0.012
53974.145915 i 17.761 0.016
53974.146749 u 17.931 0.017
53974.147582 z 17.847 0.029
#53974.148415 g -99.000 0.008
53989.134512 r 17.739 0.009
53989.135345 i 17.716 0.019
53989.136179 u 17.894 0.020
53989.137012 z 17.816 0.017
53989.137845 g 17.709 0.008
53995.142435 r 17.796 0.013
53995.143268 i 17.798 0.100
53995.144102 u 18.023 0.019
53995.144935 z 17.940 0.025
53995.145768 g 17.806 0.008
53997.120808 r 17.778 0.023
#53997.121641 i -99.000 0.025
53997.122475 u 17.987 0.024
53997.123308 z 17.932 0.039
53997.124141 g 17.762 0.007
54005.092660 r 17.821 0.014
54005.093493 i 17.875 0.023
54005.094326 u 18.103 0.020
54005.095160 z 17.956 0.020
54005.095993 g 17.842 0.008
54007.105408 r 17.853 0.039
54007.106241 i 17.855 0.018
54007.107075 u 18.103 0.021
54007.107908 z 17.896 0.031
54007.108741 g 17.830 0.017
54009.102516 r 17.842 0.012
54009.103349 i 17.892 0.026
54009.104182 u 18.081 0.022
54009.105016 z 17.958 0.022
54009.105849 g 17.829 0.014
54011.167009 r 17.851 0.010
54011.167842 i 17.880 0.031
54011.168676 u 18.115 0.023
54011.169509 z 17.988 0.018
54011.170342 g 17.875 0.014
54019.117222 r 17.750 0.012
54019.118056 i 17.802 0.018
54019.118889 u 18.015 0.019
54019.119722 z 17.876 0.020
54019.120556 g 17.781 0.007
54025.166028 r 17.840 0.013
54025.166861 i 17.881 0.013
54025.167694 u 18.047 0.019
54025.168528 z 17.902 0.022
54025.169361 g 17.811 0.007
#54029.096373 r -99.000 0.009
#54029.097207 i -99.000 0.035
54029.098040 u 18.118 0.017
54029.098873 z 17.927 0.022
54029.099707 g 17.784 0.011
54051.072942 r 17.775 0.017
#54051.073775 i -99.000 0.041
54051.074609 u 17.981 0.056
#54051.075442 z -99.000 0.275
#54051.076275 g -99.000 0.029
54358.119587 r 18.138 0.019
#54358.120421 i -99.000 0.043
54358.121254 u 18.432 0.024
54358.122087 z 18.207 0.047
54358.122921 g 18.139 0.013
54382.161783 r 18.072 0.020
#54382.162616 i -99.000 0.076
54382.163449 u 18.408 0.023
54382.164283 z 18.285 0.064
54382.165116 g 18.045 0.014
54383.167516 r 18.069 0.014
54383.168349 i 18.100 0.030
54383.169183 u 18.394 0.025
54383.170016 z 18.107 0.030
54383.170849 g 18.092 0.008
54386.164535 r 18.144 0.016
54386.165368 i 18.173 0.016
54386.166202 u 18.474 0.028
54386.167035 z 18.258 0.036
#54386.167868 g -99.000 0.013
54388.168819 r 18.059 0.017
54388.169652 i 18.100 0.025
54388.170486 u 18.342 0.024
54388.171319 z 18.102 0.031
54388.172152 g 18.067 0.009
54403.082627 r 18.095 0.020
54403.083460 i 18.160 0.014
54403.084294 u 18.467 0.024
54403.085127 z 18.131 0.030
54403.085960 g 18.173 0.008
54406.076408 r 18.090 0.018
54406.077241 i 18.114 0.011
54406.078074 u 18.426 0.025
54406.078908 z 18.119 0.030
54406.079741 g 18.111 0.009
54412.079340 r 18.196 0.015
54412.080173 i 18.232 0.015
#54412.081007 u -99.000 0.026
54412.081840 z 18.214 0.034
54412.082673 g 18.251 0.016
54415.116898 r 18.253 0.017
54415.117731 i 18.271 0.013
54415.118565 u 18.687 0.022
54415.119398 z 18.317 0.028
54415.120231 g 18.262 0.011
