52929.084582 r 19.625 0.017
52929.085415 i 19.330 0.020
52929.086249 u 21.565 0.147
52929.087082 z 19.199 0.058
52929.087915 g 20.228 0.023
52936.060664 r 19.532 0.016
52936.061497 i 19.280 0.019
52936.062331 u 21.598 0.142
52936.063164 z 19.184 0.059
52936.063997 g 20.201 0.023
53270.124731 r 19.604 0.032
53270.125564 i 19.346 0.044
53270.126397 u 21.515 0.179
53270.127231 z 19.108 0.052
53270.128064 g 20.361 0.040
53288.101879 r 19.504 0.017
53288.102712 i 19.279 0.019
53288.103546 u 21.509 0.153
53288.104379 z 19.088 0.055
53288.105212 g 20.129 0.022
53302.097548 r 19.596 0.024
53302.098381 i 19.374 0.022
53302.099215 u 22.187 0.495
53302.100048 z 19.123 0.054
53302.100881 g 20.239 0.047
53623.148858 r 19.579 0.018
53623.149691 i 19.342 0.021
53623.150525 u 22.092 0.286
53623.151358 z 19.228 0.057
53623.152191 g 20.213 0.027
53626.135071 r 19.893 0.031
53626.135904 i 19.575 0.028
53626.136738 u 21.745 0.320
53626.137571 z 19.348 0.063
53626.138404 g 20.407 0.049
53628.119936 r 19.863 0.044
53628.120769 i 19.633 0.042
53628.121603 u 22.274 0.933
53628.122436 z 19.748 0.127
53628.123269 g 20.399 0.083
53637.121549 r 19.618 0.019
53637.122382 i 19.409 0.026
53637.123216 u 21.463 0.188
53637.124049 z 19.373 0.078
53637.124882 g 20.281 0.029
53644.113997 r 19.569 0.035
53644.114830 i 19.345 0.044
53644.115663 u 21.610 0.130
53644.116497 z 19.157 0.058
53644.117330 g 20.171 0.026
53649.108618 r 19.602 0.019
53649.109451 i 19.404 0.024
#53649.110285 u -99.000 0.218
53649.111118 z 19.176 0.078
53649.111951 g 20.130 0.043
53656.096210 r 19.612 0.034
53656.097043 i 19.404 0.035
53656.097877 u 21.609 0.452
53656.098710 z 19.611 0.109
53656.099543 g 20.208 0.058
#53665.087489 r -99.000 0.083
#53665.088322 i -99.000 0.073
#53665.089156 u -99.000 0.432
53665.089989 z 19.198 0.225
53665.090822 g 20.321 0.070
53668.099121 r 19.645 0.025
53668.099954 i 19.437 0.030
53668.100788 u 22.251 0.436
53668.101621 z 19.625 0.155
53668.102454 g 20.223 0.031
53670.103974 r 19.618 0.023
53670.104807 i 19.413 0.029
53670.105641 u 22.110 0.292
53670.106474 z 19.306 0.083
53670.107307 g 20.277 0.028
53673.071956 r 19.668 0.018
53673.072789 i 19.386 0.021
53673.073623 u 21.869 0.203
53673.074456 z 19.286 0.068
53673.075289 g 20.189 0.024
53675.068845 r 19.767 0.024
53675.069678 i 19.614 0.028
53675.070512 u 21.767 0.196
53675.071345 z 19.393 0.073
53675.072178 g 20.408 0.027
53677.089878 r 19.709 0.019
53677.090711 i 19.448 0.024
53677.091545 u 21.568 0.174
53677.092378 z 19.292 0.070
53677.093211 g 20.333 0.027
53680.076543 r 19.771 0.019
53680.077376 i 19.511 0.020
53680.078210 u 21.846 0.188
53680.079043 z 19.462 0.061
53680.079876 g 20.420 0.027
53693.078450 r 19.612 0.020
53693.079283 i 19.378 0.023
53693.080117 u 21.831 0.226
53693.080950 z 19.148 0.058
53693.081783 g 20.169 0.027
53702.074127 r 19.617 0.042
53702.074961 i 19.323 0.049
#53702.075794 u 23.139 1.214
53702.076627 z 19.309 0.337
#53702.077461 g -99.000 0.122
53703.083273 r 19.664 0.039
53703.084106 i 19.464 0.054
53703.084939 u 21.472 0.364
53703.085773 z 19.497 0.111
53703.086606 g 20.302 0.036
53704.061779 r 19.642 0.022
53704.062612 i 19.385 0.025
53704.063446 u 21.917 0.292
53704.064279 z 19.214 0.068
53704.065112 g 20.224 0.032
53974.149719 r 19.645 0.042
53974.150552 i 19.405 0.035
53974.151385 u 21.760 0.139
53974.152219 z 19.266 0.055
53974.153052 g 20.307 0.027
53989.139149 r 19.570 0.040
53989.139982 i 19.309 0.049
53989.140815 u 21.566 0.144
53989.141649 z 19.211 0.046
53989.142482 g 20.225 0.036
53995.147069 r 19.564 0.042
53995.147902 i 19.293 0.057
53995.148736 u 21.661 0.123
53995.149569 z 19.124 0.050
53995.150402 g 20.162 0.027
53997.125443 r 19.554 0.040
53997.126276 i 19.294 0.051
53997.127110 u 21.591 0.169
53997.127943 z 19.152 0.072
53997.128776 g 20.168 0.031
54005.097293 r 19.611 0.032
54005.098126 i 19.328 0.029
54005.098959 u 21.484 0.115
54005.099793 z 19.181 0.064
54005.100626 g 20.251 0.025
54007.110046 r 19.711 0.053
54007.110880 i 19.411 0.067
54007.111713 u 21.848 0.207
54007.112546 z 19.272 0.065
54007.113380 g 20.241 0.036
54009.107154 r 19.596 0.038
54009.107987 i 19.289 0.048
54009.108821 u 21.400 0.169
54009.109654 z 19.229 0.056
54009.110487 g 20.215 0.034
54011.171646 r 19.632 0.041
54011.172480 i 19.361 0.032
54011.173313 u 21.494 0.302
54011.174146 z 19.210 0.051
54011.174980 g 20.260 0.049
54019.121855 r 19.564 0.039
54019.122688 i 19.315 0.050
54019.123521 u 21.490 0.132
54019.124355 z 19.219 0.062
54019.125188 g 20.160 0.033
54025.170675 r 19.556 0.038
54025.171508 i 19.295 0.046
54025.172342 u 21.820 0.212
54025.173175 z 19.162 0.061
54025.174008 g 20.200 0.029
54029.101001 r 19.716 0.056
54029.101834 i 19.509 0.050
54029.102667 u 21.747 0.181
54029.103501 z 19.294 0.068
54029.104334 g 20.361 0.032
#54051.077589 r -99.000 0.163
#54051.078422 i -99.000 0.081
#54051.079256 u -99.000 0.616
#54051.080089 z -99.000 0.237
54051.080922 g 20.229 0.051
54358.124218 r 19.697 0.041
54358.125051 i 19.461 0.054
54358.125885 u 21.852 0.229
54358.126718 z 19.584 0.111
54358.127551 g 20.312 0.032
54383.172151 r 19.597 0.043
54383.172985 i 19.336 0.051
54383.173818 u 21.696 0.183
54383.174651 z 19.343 0.072
54383.175485 g 20.194 0.030
#54386.169174 r -99.000 0.038
54386.170007 i 19.464 0.032
54386.170840 u 21.561 0.185
#54386.171674 z -99.000 0.061
54386.172507 g 20.390 0.034
54388.173436 r 19.821 0.046
54388.174269 i 19.676 0.072
54388.175103 u 22.290 0.380
54388.175936 z 19.433 0.087
54388.176769 g 20.498 0.037
54403.087213 r 19.608 0.034
54403.088047 i 19.317 0.055
54403.088880 u 21.334 0.114
54403.089713 z 19.290 0.061
54403.090547 g 20.228 0.027
54406.081041 r 19.623 0.033
54406.081874 i 19.395 0.040
54406.082708 u 21.519 0.115
54406.083541 z 19.143 0.065
54406.084374 g 20.231 0.028
54412.083968 r 19.656 0.030
54412.084802 i 19.361 0.052
54412.085635 u 21.536 0.184
54412.086468 z 19.248 0.080
54412.087302 g 20.285 0.035
54415.121531 r 19.699 0.024
54415.122365 i 19.438 0.040
54415.123198 u 22.346 0.309
54415.124031 z 19.207 0.060
54415.124865 g 20.282 0.030
