52172.224041 r 18.751 0.010
52172.224874 i 18.482 0.011
52172.225708 u 21.224 0.100
52172.226541 z 18.237 0.025
52172.227374 g 19.489 0.014
52935.072360 r 18.874 0.011
52935.073193 i 18.619 0.012
52935.074027 u 21.763 0.167
52935.074860 z 18.434 0.028
52935.075693 g 19.613 0.015
53313.065562 r 18.895 0.014
53313.066395 i 18.669 0.015
53313.067229 u 21.222 0.120
53313.068062 z 18.418 0.036
53313.068895 g 19.977 0.024
53622.174808 r 18.886 0.013
53622.175641 i 18.465 0.012
53622.176475 u 21.116 0.139
53622.177308 z 18.258 0.033
53622.178141 g 19.604 0.021
53625.170773 r 18.789 0.011
53625.171606 i 18.475 0.011
53625.172440 u 21.019 0.110
53625.173273 z 18.255 0.027
53625.174106 g 19.499 0.018
53636.129809 r 18.777 0.011
53636.130642 i 18.479 0.011
53636.131476 u 21.475 0.131
53636.132309 z 18.321 0.027
53636.133142 g 19.541 0.015
53645.189479 r 18.742 0.010
53645.190312 i 18.421 0.011
53645.191146 u 21.277 0.130
53645.191979 z 18.284 0.026
53645.192812 g 19.478 0.015
53655.101814 r 18.884 0.013
53655.102647 i 18.509 0.012
53655.103481 u 21.115 0.154
53655.104314 z 18.558 0.034
53655.105147 g 19.616 0.022
53664.126774 r 18.668 0.012
53664.127607 i 18.430 0.013
53664.128441 u 21.057 0.150
53664.129274 z 18.322 0.036
53664.130107 g 19.485 0.021
53666.090373 r 18.920 0.012
53666.091206 i 18.663 0.013
53666.092040 u 21.405 0.116
53666.092873 z 18.355 0.030
53666.093706 g 19.543 0.014
53669.086012 r 18.784 0.010
53669.086845 i 18.476 0.011
53669.087679 u 21.015 0.082
53669.088512 z 18.249 0.025
53669.089345 g 19.465 0.014
53674.070247 r 18.789 0.011
53674.071080 i 18.514 0.012
53674.071914 u 21.200 0.103
53674.072747 z 18.235 0.027
53674.073580 g 19.519 0.015
#53681.123145 r -99.000 0.020
53681.123978 i 18.530 0.018
53681.124812 u 21.224 0.211
53681.125645 z 18.386 0.052
53681.126478 g 19.535 0.034
53685.082187 r 18.978 0.025
53685.083020 i 18.482 0.018
53685.083854 u 21.747 0.622
53685.084687 z 18.457 0.052
53685.085520 g 19.965 0.069
53687.120541 r 18.749 0.015
53687.121374 i 18.376 0.013
53687.122208 u 20.985 0.297
53687.123041 z 18.254 0.031
53687.123874 g 19.430 0.030
53697.080168 r 18.750 0.039
53697.081001 i 18.420 0.035
53697.081835 u 21.425 0.520
#53697.082668 z -99.000 0.093
53697.083501 g 19.427 0.049
53700.079132 r 18.756 0.011
53700.079965 i 18.443 0.012
53700.080799 u 21.080 0.108
53700.081632 z 18.276 0.030
53700.082465 g 19.486 0.015
53705.065801 r 18.713 0.012
53705.066634 i 18.483 0.014
53705.067468 u 21.357 0.153
53705.068301 z 18.316 0.033
53705.069134 g 19.595 0.019
53975.150793 r 19.152 0.217
53975.151626 i 18.764 0.206
53975.152460 u 21.320 0.174
53975.153293 z 18.551 0.206
53975.154126 g 19.672 0.159
53994.146235 r 18.833 0.154
53994.147068 i 18.509 0.170
53994.147901 u 21.216 0.112
53994.148735 z 18.335 0.087
53994.149568 g 19.501 0.150
53998.126149 r 18.832 0.172
53998.126983 i 18.519 0.180
53998.127816 u 21.321 0.115
53998.128649 z 18.335 0.122
53998.129483 g 19.492 0.146
54010.111626 r 18.802 0.185
54010.112460 i 18.506 0.174
54010.113293 u 21.212 0.148
54010.114126 z 18.313 0.148
54010.114960 g 19.491 0.162
54012.104464 r 18.780 0.160
54012.105297 i 18.524 0.175
54012.106131 u 20.890 0.195
54012.106964 z 18.318 0.152
54012.107797 g 19.480 0.144
54020.110443 r 18.745 0.128
54020.111276 i 18.451 0.141
54020.112110 u 21.332 0.163
54020.112943 z 18.360 0.128
54020.113776 g 19.488 0.120
#54022.159726 r -99.000 0.181
#54022.160559 i -99.000 0.184
54022.161393 u 21.346 0.157
#54022.162226 z -99.000 0.160
#54022.163059 g -99.000 0.119
54028.100822 r 18.749 0.130
54028.101656 i 18.546 0.152
54028.102489 u 21.162 0.141
54028.103322 z 18.352 0.127
54028.104156 g 19.571 0.129
54030.104010 r 18.779 0.150
54030.104844 i 18.472 0.169
54030.105677 u 21.080 0.117
54030.106510 z 18.279 0.156
54030.107344 g 19.509 0.152
54032.093265 r 18.766 0.173
54032.094098 i 18.466 0.183
54032.094931 u 21.273 0.133
54032.095765 z 18.344 0.043
54032.096598 g 19.430 0.135
54034.163508 r 19.044 0.117
54034.164342 i 18.805 0.134
54034.165175 u 21.464 0.383
#54034.166008 z -99.000 0.139
54034.166842 g 19.836 0.103
54037.085258 r 18.864 0.174
54037.086092 i 18.537 0.196
54037.086925 u 21.297 0.146
54037.087758 z 18.421 0.278
54037.088592 g 19.489 0.137
54040.099725 r 18.810 0.139
54040.100559 i 18.544 0.161
54040.101392 u 21.312 0.281
54040.102225 z 18.283 0.128
54040.103059 g 19.467 0.138
54050.084359 r 18.807 0.138
54050.085192 i 18.476 0.142
54050.086026 u 21.618 0.268
54050.086859 z 18.335 0.125
54050.087692 g 19.653 0.146
54053.090520 r 18.752 0.125
54053.091353 i 18.647 0.180
54053.092187 u 21.561 0.247
54053.093020 z 18.473 0.124
54053.093853 g 19.726 0.150
54056.092199 r 18.759 0.115
#54056.093032 i -99.000 0.144
#54056.093866 u -99.000 0.209
54056.094699 z 18.381 0.113
#54056.095532 g -99.000 0.132
54057.060848 r 18.733 0.138
54057.061681 i 18.470 0.150
54057.062514 u 20.958 0.118
54057.063348 z 18.407 0.124
54057.064181 g 19.469 0.125
54059.086482 r 18.945 0.174
54059.087315 i 18.682 0.184
54059.088148 u 21.251 0.181
54059.088982 z 18.438 0.159
54059.089815 g 19.570 0.130
54061.097525 r 18.754 0.101
54061.098359 i 18.481 0.124
54061.099192 u 20.706 0.153
54061.100025 z 18.326 0.147
54061.100859 g 19.585 0.127
54062.091378 r 19.005 0.167
54062.092211 i 18.502 0.141
54062.093045 u 22.339 0.656
54062.093878 z 18.421 0.131
54062.094711 g 19.765 0.136
54068.081356 r 19.053 0.146
54068.082189 i 18.448 0.111
54068.083023 u 20.775 0.384
54068.083856 z 18.298 0.124
54068.084689 g 19.532 0.101
54357.129668 r 18.859 0.179
54357.130501 i 18.511 0.174
54357.131335 u 21.325 0.110
54357.132168 z 18.384 0.147
54357.133001 g 19.639 0.153
54365.127526 r 18.765 0.138
54365.128359 i 18.583 0.190
54365.129192 u 21.124 0.178
54365.130026 z 18.303 0.101
54365.130859 g 19.636 0.162
54385.177496 r 18.724 0.133
54385.178329 i 18.652 0.178
54385.179162 u 21.858 0.286
54385.179996 z 18.396 0.162
54385.180829 g 19.481 0.122
54402.171183 r 18.752 0.142
54402.172016 i 18.486 0.161
54402.172849 u 21.571 0.375
54402.173683 z 18.365 0.096
54402.174516 g 19.504 0.130
