53270.124429 r 17.702 0.595
53270.125262 i 17.354 0.491
53270.126096 u 19.912 0.342
53270.126929 z 17.278 0.747
53270.127762 g 18.229 0.540
53288.101555 r 17.641 0.007
53288.102388 i 17.332 0.007
53288.103222 u 20.080 0.062
53288.104055 z 17.325 0.020
53288.104888 g 18.347 0.009
53623.148534 r 17.588 0.008
53623.149367 i 17.359 0.007
53623.150201 u 19.599 0.047
53623.151034 z 17.792 0.031
53623.151867 g 18.222 0.009
53626.134746 r 17.600 0.008
53626.135579 i 17.405 0.008
53626.136413 u 19.714 0.060
53626.137246 z 17.375 0.019
53626.138079 g 18.679 0.014
53628.119612 r 17.710 0.009
53628.120445 i 17.320 0.008
53628.121279 u 21.099 0.338
53628.122112 z 17.516 0.023
53628.122945 g 18.986 0.022
53637.121223 r 17.597 0.007
53637.122056 i 17.502 0.008
53637.122890 u 21.101 0.193
53637.123723 z 17.267 0.021
53637.124556 g 18.319 0.010
53644.113667 r 17.718 0.593
53644.114500 i 17.372 0.474
53644.115333 u 20.059 0.798
53644.116167 z 17.433 0.894
53644.117000 g 18.255 0.548
53649.108292 r 17.452 0.006
53649.109125 i 17.148 0.006
#53649.109959 u -99.000 0.074
53649.110792 z 16.992 0.017
#53649.111625 g -99.000 0.007
53656.095885 r 17.612 0.009
53656.096718 i 17.254 0.008
53656.097552 u 19.875 0.115
53656.098385 z 17.293 0.022
53656.099218 g 18.188 0.012
#53665.087163 r -99.000 0.023
#53665.087996 i -99.000 0.017
53665.088830 u 19.847 0.126
53665.089663 z 17.454 0.057
#53665.090496 g -99.000 0.017
53673.071631 r 17.745 0.008
53673.072464 i 17.387 0.007
53673.073298 u 19.604 0.043
53673.074131 z 17.334 0.020
53673.074964 g 18.192 0.008
53675.068520 r 18.317 0.013
53675.069353 i 17.490 0.008
53675.070187 u 19.765 0.054
53675.071020 z 17.398 0.021
53675.071853 g 18.393 0.009
53677.089553 r 17.493 0.007
53677.090386 i 17.233 0.007
53677.091220 u 20.474 0.088
53677.092053 z 17.132 0.018
53677.092886 g 18.038 0.008
53704.061453 r 17.816 0.008
53704.062286 i 17.455 0.008
53704.063120 u 19.742 0.058
53704.063953 z 17.708 0.025
53704.064786 g 17.934 0.007
53974.149395 r 17.568 0.536
53974.150228 i 17.416 0.539
53974.151061 u 19.706 0.554
53974.151895 z 17.243 0.498
53974.152728 g 18.309 0.581
53989.138839 r 17.704 0.412
53989.139672 i 17.321 0.440
53989.140505 u 19.823 0.359
53989.141339 z 17.343 0.563
53989.142172 g 18.214 0.383
53995.146745 r 17.603 0.516
53995.147578 i 17.338 0.494
53995.148411 u 19.675 0.355
53995.149245 z 17.427 0.951
53995.150078 g 18.552 0.821
53997.125133 r 17.641 0.373
53997.125966 i 17.479 0.424
53997.126800 u 20.140 0.464
53997.127633 z 17.180 0.336
53997.128466 g 18.093 0.298
54007.109719 r 17.763 0.578
54007.110552 i 17.463 0.516
54007.111386 u 19.689 0.369
54007.112219 z 17.436 0.856
54007.113052 g 18.161 0.493
54009.106825 r 17.701 0.796
54009.107658 i 17.536 0.605
54009.108491 u 19.858 0.318
#54009.109325 z -99.000 0.746
54009.110158 g 18.237 0.573
54025.170341 r 17.712 0.630
54025.171174 i 17.478 0.585
54025.172007 u 19.830 0.396
54025.172841 z 17.245 0.621
54025.173674 g 17.970 0.403
54358.123907 r 17.836 0.427
54358.124740 i 17.575 0.397
54358.125573 u 20.373 0.354
54358.126407 z 17.967 0.718
54358.127240 g 18.309 0.375
54383.171855 r 17.750 0.457
#54383.172689 i -99.000 0.390
54383.173522 u 19.605 0.249
54383.174355 z 17.289 0.540
54383.175189 g 18.242 0.368
#54386.168862 r -99.000 0.621
54386.169695 i 17.439 0.569
54386.170528 u 19.923 0.251
54386.171362 z 17.361 0.668
54386.172195 g 18.161 0.501
54388.173111 r 17.557 0.378
54388.173944 i 17.263 0.351
54388.174778 u 19.636 0.344
54388.175611 z 17.338 0.433
54388.176444 g 18.383 0.434
54403.086888 r 17.627 0.319
54403.087721 i 17.363 0.471
54403.088554 u 19.665 0.298
54403.089388 z 17.800 0.837
54403.090221 g 18.376 0.488
54406.080714 r 17.703 0.609
54406.081547 i 17.542 0.925
54406.082381 u 19.579 0.488
54406.083214 z 17.281 0.750
54406.084047 g 18.162 0.504
54412.083654 r 17.608 0.538
54412.084487 i 17.422 0.550
54412.085320 u 20.878 0.482
54412.086154 z 17.285 0.806
54412.086987 g 18.022 0.433
54415.121224 r 17.661 0.580
54415.122057 i 17.343 0.492
54415.122890 u 19.702 0.275
54415.123724 z 17.311 0.802
54415.124557 g 18.041 0.486
