52075.319660 r 19.956 0.024
52075.320493 i 19.786 0.025
52075.321327 u 21.270 0.158
52075.322160 z 19.893 0.092
52075.322993 g 20.329 0.024
52197.128309 r 19.930 0.020
52197.129142 i 19.740 0.022
52197.129976 u 21.318 0.124
52197.130809 z 19.701 0.083
52197.131642 g 20.361 0.021
52557.166153 r 20.007 0.024
52557.166986 i 19.722 0.024
52557.167820 u 21.232 0.138
52557.168653 z 19.707 0.087
52557.169486 g 20.345 0.023
52929.092454 r 19.986 0.021
52929.093287 i 19.783 0.024
52929.094121 u 21.156 0.118
52929.094954 z 19.885 0.093
52929.095787 g 20.308 0.021
52934.072611 r 20.147 0.025
52934.073444 i 19.724 0.023
52934.074278 u 21.653 0.181
52934.075111 z 19.919 0.092
52934.075944 g 20.386 0.023
52936.068537 r 20.067 0.023
52936.069370 i 19.761 0.023
52936.070204 u 21.534 0.154
52936.071037 z 19.734 0.089
52936.071870 g 20.396 0.021
53243.253749 r 19.768 0.037
53243.254582 i 19.627 0.035
53243.255416 u 21.308 0.363
53243.256249 z 19.660 0.122
53243.257082 g 20.159 0.060
53270.132599 r 20.002 0.027
53270.133432 i 19.837 0.024
53270.134266 u 20.880 0.140
53270.135099 z 19.671 0.065
53270.135932 g 20.389 0.032
53288.109753 r 20.007 0.023
53288.110586 i 19.823 0.026
53288.111420 u 21.222 0.153
53288.112253 z 19.682 0.089
53288.113086 g 20.464 0.029
53302.105422 r 19.960 0.031
53302.106255 i 19.815 0.028
53302.107089 u 21.188 0.235
53302.107922 z 19.666 0.080
53302.108755 g 20.308 0.049
53312.060957 r 20.303 0.055
53312.061790 i 19.977 0.056
53312.062623 u 21.333 0.151
53312.063457 z 19.646 0.138
53312.064290 g 20.476 0.036
53623.156732 r 20.101 0.030
53623.157565 i 20.016 0.037
53623.158399 u 21.314 0.169
53623.159232 z 19.763 0.077
53623.160065 g 20.340 0.026
53626.142943 r 19.940 0.029
53626.143776 i 19.775 0.027
53626.144610 u 21.487 0.282
53626.145443 z 19.823 0.091
53626.146276 g 20.306 0.043
53628.127809 r 19.797 0.051
53628.128642 i 19.632 0.042
#53628.129476 u 22.242 1.086
53628.130309 z 19.894 0.150
53628.131142 g 20.239 0.074
53637.129422 r 20.106 0.030
53637.130255 i 19.963 0.035
53637.131089 u 21.093 0.163
53637.131922 z 19.642 0.107
53637.132755 g 20.611 0.034
53644.121864 r 20.006 0.023
53644.122697 i 19.784 0.038
53644.123531 u 21.592 0.178
53644.124364 z 19.793 0.090
53644.125197 g 20.402 0.021
53656.104084 r 19.939 0.045
53656.104917 i 19.813 0.037
53656.105751 u 21.022 0.275
53656.106584 z 19.708 0.120
53656.107417 g 20.333 0.069
53668.106994 r 20.260 0.039
53668.107827 i 19.978 0.046
53668.108661 u 21.027 0.166
53668.109494 z 19.613 0.129
53668.110327 g 20.740 0.045
53670.111847 r 20.082 0.029
53670.112680 i 19.777 0.029
53670.113514 u 21.233 0.152
53670.114347 z 19.642 0.103
53670.115180 g 20.582 0.030
53673.079828 r 20.041 0.025
53673.080661 i 19.766 0.026
53673.081495 u 21.458 0.185
53673.082328 z 19.655 0.094
53673.083161 g 20.482 0.026
53675.076718 r 20.062 0.026
53675.077551 i 19.781 0.025
53675.078385 u 21.404 0.154
53675.079218 z 19.607 0.091
53675.080051 g 20.423 0.024
53677.097751 r 19.968 0.022
53677.098584 i 19.754 0.025
53677.099418 u 21.283 0.128
53677.100251 z 19.652 0.074
53677.101084 g 20.365 0.021
53680.084415 r 19.939 0.020
53680.085248 i 19.773 0.021
53680.086082 u 21.263 0.127
53680.086915 z 19.751 0.070
53680.087748 g 20.336 0.022
53693.086322 r 20.057 0.031
53693.087155 i 19.796 0.028
53693.087989 u 21.148 0.159
53693.088822 z 19.719 0.089
53693.089655 g 20.343 0.033
53702.082006 r 20.032 0.043
#53702.082840 i -99.000 0.061
53702.083673 u 20.726 0.178
53702.084506 z 19.699 0.154
53702.085340 g 20.643 0.058
53703.091139 r 20.221 0.060
53703.091972 i 20.099 0.051
53703.092805 u 21.023 0.237
53703.093639 z 19.500 0.097
53703.094472 g 20.743 0.051
53704.069650 r 20.144 0.032
53704.070483 i 20.032 0.038
53704.071317 u 21.647 0.304
53704.072150 z 19.476 0.086
53704.072983 g 20.368 0.028
53974.157590 r 19.999 0.024
53974.158423 i 19.755 0.024
53974.159256 u 21.868 0.190
53974.160090 z 19.799 0.086
53974.160923 g 20.494 0.027
53989.147025 r 20.083 0.032
53989.147858 i 19.821 0.022
53989.148691 u 21.497 0.176
53989.149525 z 19.882 0.073
53989.150358 g 20.318 0.033
53995.154941 r 20.027 0.023
53995.155774 i 19.796 0.019
53995.156608 u 21.408 0.154
53995.157441 z 19.718 0.060
53995.158274 g 20.330 0.017
#53997.133316 r -99.000 0.040
53997.134149 i 20.011 0.054
53997.134982 u 21.064 0.204
#53997.135816 z -99.000 0.100
#53997.136649 g -99.000 0.028
54005.105167 r 19.983 0.022
54005.106000 i 19.771 0.019
54005.106833 u 21.368 0.108
54005.107667 z 19.797 0.058
54005.108500 g 20.345 0.020
54007.117916 r 20.075 0.027
#54007.118750 i -99.000 0.023
54007.119583 u 21.399 0.161
54007.120416 z 19.783 0.077
54007.121250 g 20.359 0.025
54009.115024 r 19.972 0.021
54009.115857 i 19.804 0.026
54009.116691 u 21.053 0.138
54009.117524 z 19.858 0.071
54009.118357 g 20.371 0.031
54011.179518 r 19.948 0.030
54011.180351 i 19.849 0.028
54011.181185 u 21.268 0.419
54011.182018 z 19.690 0.070
54011.182851 g 20.315 0.046
#54019.129734 r -99.000 0.053
54019.130567 i 20.096 0.056
54019.131401 u 21.305 0.219
54019.132234 z 19.820 0.135
54019.133067 g 20.632 0.050
54025.178540 r 20.012 0.021
54025.179373 i 19.994 0.078
54025.180206 u 21.077 0.242
54025.181040 z 19.776 0.089
54025.181873 g 20.371 0.021
54029.108874 r 20.008 0.025
#54029.109707 i -99.000 0.023
54029.110540 u 21.290 0.135
54029.111374 z 19.825 0.080
54029.112207 g 20.311 0.021
54051.085460 r 19.920 0.061
#54051.086293 i -99.000 0.083
#54051.087127 u -99.000 0.219
#54051.087960 z -99.000 0.341
54051.088793 g 20.368 0.066
54356.187032 r 19.928 0.017
54356.187866 i 19.864 0.024
54356.188699 u 21.172 0.101
54356.189532 z 19.786 0.063
54356.190366 g 20.365 0.020
54358.132094 r 20.046 0.030
54358.132927 i 20.026 0.042
54358.133760 u 21.343 0.216
54358.134594 z 19.774 0.095
54358.135427 g 20.518 0.032
54381.176910 r 20.120 0.045
54381.177743 i 19.950 0.049
54381.178576 u 21.269 0.220
#54381.179410 z -99.000 0.160
54381.180243 g 20.723 0.051
54382.174296 r 20.345 0.054
54382.175129 i 20.025 0.059
54382.175962 u 21.502 0.323
#54382.176796 z -99.000 0.181
54382.177629 g 20.682 0.060
54383.180025 r 20.161 0.031
54383.180858 i 19.836 0.028
54383.181691 u 21.317 0.155
54383.182525 z 19.872 0.091
54383.183358 g 20.321 0.021
54386.177042 r 20.015 0.021
54386.177876 i 19.804 0.020
54386.178709 u 21.411 0.144
54386.179542 z 19.857 0.070
54386.180376 g 20.399 0.021
54388.181307 r 20.043 0.028
54388.182141 i 19.778 0.026
54388.182974 u 21.290 0.137
54388.183807 z 19.942 0.114
54388.184641 g 20.506 0.030
54403.095090 r 19.996 0.021
54403.095923 i 19.823 0.025
54403.096757 u 21.329 0.128
54403.097590 z 19.845 0.094
54403.098423 g 20.367 0.027
54406.088914 r 20.007 0.023
54406.089747 i 19.785 0.029
54406.090581 u 21.599 0.169
54406.091414 z 19.709 0.094
54406.092247 g 20.357 0.020
54412.091841 r 19.991 0.023
54412.092674 i 19.756 0.021
54412.093507 u 21.482 0.158
54412.094341 z 19.672 0.083
54412.095174 g 20.334 0.022
54415.129399 r 19.996 0.020
54415.130233 i 19.779 0.023
54415.131066 u 21.414 0.147
54415.131899 z 19.785 0.079
54415.132733 g 20.338 0.022
