51075.452045 r 16.386 0.004
51075.452878 i 16.243 0.004
51075.453712 u 17.968 0.012
51075.454545 z 16.160 0.008
51075.455378 g 16.819 0.004
51818.421682 r 16.368 0.004
51818.422515 i 16.232 0.004
51818.423349 u 17.979 0.013
51818.424182 z 16.154 0.008
51818.425015 g 16.797 0.004
51875.250737 r 16.424 0.004
51875.251570 i 16.234 0.004
51875.252404 u 18.109 0.013
51875.253237 z 16.194 0.008
51875.254070 g 16.852 0.004
52171.409801 r 16.391 0.005
52171.410634 i 16.231 0.005
52171.411468 u 17.993 0.013
52171.412301 z 16.149 0.008
52171.413134 g 16.814 0.005
52173.386088 r 16.380 0.004
52173.386921 i 16.228 0.005
52173.387755 u 18.005 0.014
52173.388588 z 16.149 0.008
52173.389421 g 16.787 0.004
52224.366191 r 16.380 0.005
52224.367024 i 16.226 0.006
52224.367858 u 17.981 0.013
52224.368691 z 16.166 0.008
52224.369524 g 16.821 0.005
52234.322707 r 16.326 0.004
52234.323540 i 16.236 0.005
52234.324374 u 17.988 0.014
52234.325207 z 16.170 0.008
52234.326040 g 16.815 0.004
52261.286062 r 16.371 0.006
52261.286895 i 16.256 0.007
52261.287729 u 18.006 0.014
52261.288562 z 16.155 0.009
52261.289395 g 16.854 0.008
52283.153439 r 16.389 0.004
52283.154272 i 16.243 0.004
52283.155106 u 17.997 0.014
52283.155939 z 16.148 0.008
52283.156772 g 16.810 0.004
52287.166560 r 16.384 0.004
52287.167393 i 16.219 0.004
52287.168227 u 18.003 0.013
52287.169060 z 16.153 0.007
52287.169893 g 16.835 0.004
52557.459609 r 16.391 0.005
52557.460442 i 16.221 0.006
52557.461276 u 18.021 0.014
52557.462109 z 16.171 0.008
52557.462942 g 16.822 0.005
52585.360940 r 16.392 0.005
52585.361773 i 16.216 0.005
52585.362607 u 18.005 0.013
52585.363440 z 16.143 0.008
52585.364273 g 16.823 0.005
52908.434177 r 16.389 0.004
52908.435010 i 16.238 0.005
52908.435844 u 18.030 0.014
52908.436677 z 16.149 0.008
52908.437510 g 16.835 0.004
52912.413617 r 16.391 0.004
52912.414450 i 16.237 0.005
52912.415284 u 17.991 0.014
52912.416117 z 16.169 0.008
52912.416950 g 16.819 0.004
52934.366084 r 16.391 0.005
52934.366917 i 16.238 0.005
52934.367751 u 18.028 0.013
52934.368584 z 16.147 0.008
52934.369417 g 16.789 0.004
52936.362010 r 16.395 0.005
52936.362843 i 16.238 0.005
52936.363677 u 18.006 0.013
52936.364510 z 16.150 0.008
52936.365343 g 16.798 0.005
53270.426087 r 16.397 0.020
53270.426921 i 16.241 0.019
53270.427754 u 17.997 0.019
53270.428587 z 16.131 0.016
53270.429421 g 16.826 0.018
53272.476006 r 16.387 0.005
53272.476839 i 16.225 0.005
53272.477673 u 18.008 0.014
53272.478506 z 16.131 0.008
53272.479339 g 16.814 0.005
53286.444728 r 16.404 0.004
53286.445561 i 16.255 0.005
53286.446395 u 18.007 0.018
53286.447228 z 16.148 0.008
53286.448061 g 16.830 0.004
53288.403220 r 16.393 0.005
53288.404053 i 16.229 0.005
53288.404887 u 18.008 0.014
53288.405720 z 16.154 0.008
53288.406553 g 16.824 0.005
53294.450892 r 16.386 0.004
53294.451725 i 16.236 0.004
53294.452559 u 18.032 0.014
53294.453392 z 16.150 0.007
53294.454225 g 16.828 0.004
53296.397903 r 16.383 0.018
53296.398737 i 16.226 0.018
53296.399570 u 18.009 0.016
53296.400403 z 16.137 0.020
53296.401237 g 16.816 0.022
53298.447669 r 16.398 0.004
53298.448502 i 16.232 0.005
53298.449336 u 17.979 0.013
53298.450169 z 16.157 0.008
53298.451002 g 16.822 0.004
53312.354448 r 16.417 0.012
53312.355281 i 16.231 0.010
53312.356115 u 17.995 0.022
53312.356948 z 16.126 0.018
53312.357781 g 16.827 0.015
53314.355621 r 16.406 0.008
53314.356454 i 16.231 0.008
53314.357288 u 18.013 0.016
53314.358121 z 16.165 0.012
53314.358954 g 16.833 0.007
53319.343417 r 16.395 0.004
53319.344250 i 16.243 0.004
53319.345084 u 18.012 0.015
53319.345917 z 16.148 0.008
53319.346750 g 16.819 0.004
53351.216157 r 16.406 0.004
53351.216990 i 16.234 0.004
53351.217824 u 18.000 0.014
53351.218657 z 16.177 0.008
53351.219490 g 16.834 0.004
53616.459971 r 16.330 0.004
53616.460804 i 16.249 0.004
53616.461638 u 17.996 0.014
53616.462471 z 16.134 0.008
53616.463304 g 16.830 0.004
#53626.436400 r -99.000 0.004
53626.437233 i 16.271 0.004
53626.438067 u 18.044 0.016
53626.438900 z 16.166 0.008
53626.439733 g 16.822 0.005
53628.421265 r 16.395 0.004
53628.422098 i 16.241 0.004
53628.422932 u 18.010 0.015
53628.423765 z 16.135 0.008
53628.424598 g 16.827 0.004
53639.468262 r 16.397 0.004
53639.469095 i 16.250 0.004
53639.469929 u 17.975 0.014
53639.470762 z 16.146 0.008
53639.471595 g 16.831 0.004
53657.426312 r 16.388 0.004
53657.427145 i 16.237 0.004
53657.427979 u 18.010 0.014
53657.428812 z 16.157 0.008
53657.429645 g 16.814 0.004
53663.410860 r 16.381 0.005
53663.411693 i 16.240 0.005
53663.412527 u 18.035 0.022
53663.413360 z 16.145 0.008
53663.414193 g 16.820 0.005
53665.388833 r 16.402 0.004
53665.389666 i 16.248 0.004
53665.390500 u 18.051 0.018
53665.391333 z 16.128 0.008
53665.392166 g 16.806 0.005
53665.489797 r 16.404 0.005
53665.490630 i 16.237 0.005
53665.491464 u 18.047 0.021
53665.492297 z 16.195 0.009
53665.493130 g 16.828 0.005
53668.400461 r 16.387 0.004
53668.401294 i 16.253 0.004
53668.402128 u 18.007 0.016
53668.402961 z 16.184 0.008
53668.403794 g 16.825 0.004
53669.488066 r 16.392 0.004
53669.488899 i 16.237 0.005
53669.489733 u 18.005 0.020
53669.490566 z 16.157 0.008
53669.491399 g 16.838 0.004
53670.405313 r 16.412 0.004
53670.406146 i 16.240 0.005
53670.406980 u 18.007 0.019
53670.407813 z 16.168 0.008
53670.408646 g 16.803 0.004
53673.373301 r 16.399 0.005
53673.374134 i 16.237 0.005
53673.374968 u 18.006 0.014
53673.375801 z 16.150 0.008
53673.376634 g 16.817 0.005
53675.370189 r 16.388 0.005
53675.371022 i 16.238 0.005
53675.371856 u 18.000 0.014
53675.372689 z 16.160 0.008
53675.373522 g 16.836 0.004
53676.489829 r 16.380 0.014
53676.490662 i 16.224 0.010
53676.491496 u 18.018 0.058
53676.492329 z 16.149 0.028
53676.493162 g 16.822 0.010
53680.377887 r 16.391 0.005
53680.378720 i 16.225 0.005
53680.379554 u 18.000 0.014
53680.380387 z 16.179 0.008
53680.381220 g 16.831 0.005
53683.436431 r 16.409 0.006
53683.437264 i 16.244 0.007
53683.438098 u 18.007 0.025
53683.438931 z 16.172 0.013
53683.439764 g 16.815 0.006
53686.377317 r 16.384 0.004
53686.378150 i 16.248 0.004
53686.378984 u 18.007 0.017
53686.379817 z 16.169 0.008
53686.380650 g 16.823 0.005
53687.434696 r 16.405 0.006
#53687.435529 i -99.000 0.006
#53687.436363 u -99.000 0.042
53687.437196 z 16.188 0.014
53687.438029 g 16.823 0.008
53693.379776 r 16.395 0.004
53693.380609 i 16.241 0.004
53693.381443 u 18.003 0.025
53693.382276 z 16.163 0.008
53693.383109 g 16.824 0.005
53699.400608 r 16.392 0.004
53699.401441 i 16.234 0.005
53699.402275 u 18.025 0.018
53699.403108 z 16.164 0.008
53699.403941 g 16.828 0.004
53704.363095 r 16.393 0.004
53704.363928 i 16.221 0.004
53704.364762 u 18.008 0.016
53704.365595 z 16.151 0.009
#53704.366428 g -99.000 0.004
53989.459152 r 16.374 0.012
53989.459986 i 16.239 0.017
53989.460819 u 18.008 0.016
53989.461652 z 16.175 0.020
#53989.462486 g -99.000 0.019
54008.445521 r 16.413 0.016
54008.446354 i 16.231 0.010
54008.447187 u 18.040 0.019
54008.448021 z 16.132 0.016
54008.448854 g 16.827 0.013
54009.408505 r 16.374 0.022
54009.409338 i 16.254 0.014
#54009.410172 u -99.000 0.016
54009.411005 z 16.159 0.021
54009.411838 g 16.808 0.018
54010.410045 r 16.390 0.011
54010.410879 i 16.240 0.013
54010.411712 u 17.994 0.022
54010.412545 z 16.186 0.017
54010.413379 g 16.847 0.012
54011.473000 r 16.390 0.011
54011.473834 i 16.235 0.023
54011.474667 u 18.012 0.015
54011.475500 z 16.139 0.026
54011.476334 g 16.822 0.018
54019.468038 r 16.403 0.010
54019.468871 i 16.241 0.016
54019.469704 u 18.030 0.021
54019.470538 z 16.137 0.022
54019.471371 g 16.837 0.026
54025.472008 r 16.394 0.012
54025.472842 i 16.239 0.012
54025.473675 u 18.000 0.014
54025.474508 z 16.143 0.016
54025.475342 g 16.819 0.014
54035.478193 r 16.930 0.017
54035.479026 i 15.583 0.015
#54035.479860 u -99.000 0.273
54035.480693 z 14.904 0.018
54035.481526 g 18.401 0.018
54047.428748 r 16.368 0.019
54047.429582 i 16.198 0.026
54047.430415 u 17.958 0.037
54047.431248 z 16.197 0.018
54047.432082 g 16.825 0.051
54050.384773 r 16.868 0.022
54050.385606 i 15.576 0.016
54050.386440 u 21.020 0.200
54050.387273 z 14.889 0.016
54050.388106 g 18.424 0.017
#54053.404236 r -99.000 0.015
54053.405070 i 16.247 0.014
54053.405903 u 18.014 0.047
#54053.406736 z -99.000 0.023
#54053.407570 g -99.000 0.026
54068.370332 r 16.902 0.009
#54068.371165 i -99.000 0.080
54068.371999 u 20.867 0.178
54068.372832 z 14.873 0.018
54068.373665 g 18.395 0.019
54348.469735 r 16.397 0.023
54348.470569 i 16.234 0.021
54348.471402 u 18.007 0.016
54348.472235 z 16.171 0.027
54348.473069 g 16.811 0.020
54358.425555 r 16.398 0.019
54358.426389 i 16.241 0.013
54358.427222 u 18.006 0.021
54358.428055 z 16.130 0.027
54358.428889 g 16.818 0.012
54365.458617 r 16.387 0.015
54365.459450 i 16.223 0.017
54365.460283 u 18.017 0.018
54365.461117 z 16.141 0.020
54365.461950 g 16.826 0.023
54381.478184 r 16.383 0.022
54381.479018 i 16.239 0.015
54381.479851 u 18.007 0.019
54381.480684 z 16.150 0.017
54381.481518 g 16.817 0.009
54386.470493 r 16.376 0.022
54386.471327 i 16.239 0.014
54386.472160 u 18.021 0.020
54386.472993 z 16.148 0.017
54386.473827 g 16.827 0.019
54388.474767 r 16.376 0.015
54388.475600 i 16.224 0.012
54388.476433 u 18.029 0.022
54388.477267 z 16.136 0.015
54388.478100 g 16.798 0.015
54392.472320 r 16.393 0.010
54392.473154 i 16.205 0.016
54392.473987 u 18.037 0.015
54392.474820 z 16.114 0.030
54392.475654 g 16.831 0.025
54403.388592 r 16.407 0.011
#54403.389426 i -99.000 0.021
#54403.390259 u -99.000 0.565
#54403.391092 z -99.000 99.999
#54403.391926 g -99.000 0.056
54404.446171 r 16.359 0.006
#54404.447004 i -99.000 0.009
#54404.447838 u -99.000 0.045
#54404.448671 z -99.000 0.076
#54404.449504 g -99.000 0.019
54406.382384 r 16.390 0.021
54406.383218 i 16.223 0.023
54406.384051 u 18.029 0.024
54406.384884 z 16.127 0.026
54406.385718 g 16.827 0.020
54409.387245 r 16.359 0.018
54409.388079 i 16.246 0.012
54409.388912 u 18.026 0.017
54409.389745 z 16.161 0.019
54409.390579 g 16.822 0.014
54412.408143 r 16.384 0.013
54412.408977 i 16.206 0.012
54412.409810 u 17.985 0.019
54412.410643 z 16.127 0.022
#54412.411477 g -99.000 0.023
