52075.316803 r 17.642 0.006
52075.317636 i 17.305 0.006
52075.318470 u 20.633 0.090
52075.319303 z 17.149 0.014
52075.320136 g 18.378 0.008
52197.125447 r 17.646 0.006
52197.126280 i 17.308 0.006
52197.127114 u 20.478 0.062
52197.127947 z 17.180 0.014
52197.128780 g 18.417 0.008
52557.163297 r 17.641 0.006
52557.164130 i 17.336 0.006
52557.164964 u 20.387 0.066
52557.165797 z 17.175 0.015
52557.166630 g 18.403 0.008
52929.089600 r 17.644 0.006
52929.090433 i 17.357 0.006
52929.091267 u 20.597 0.072
52929.092100 z 17.158 0.014
52929.092933 g 18.356 0.007
52934.069757 r 17.679 0.007
52934.070590 i 17.354 0.007
52934.071424 u 20.495 0.067
52934.072257 z 17.239 0.015
52934.073090 g 18.422 0.008
52936.065682 r 17.665 0.007
52936.066515 i 17.320 0.007
52936.067349 u 20.581 0.070
52936.068182 z 17.229 0.015
52936.069015 g 18.406 0.008
53243.250894 r 17.697 0.007
53243.251727 i 17.339 0.007
53243.252561 u 20.392 0.133
53243.253394 z 17.199 0.016
53243.254227 g 18.307 0.011
53270.129768 r 17.613 0.110
53270.130601 i 17.329 0.098
53270.131435 u 20.564 0.095
53270.132268 z 17.148 0.136
53270.133101 g 18.350 0.146
53288.106899 r 17.574 0.006
53288.107732 i 17.300 0.006
53288.108566 u 20.492 0.074
53288.109399 z 17.087 0.014
53288.110232 g 18.377 0.007
53302.102568 r 17.609 0.007
53302.103401 i 17.298 0.007
53302.104235 u 20.671 0.148
53302.105068 z 17.229 0.015
53302.105901 g 18.400 0.010
53623.153877 r 17.583 0.007
53623.154710 i 17.345 0.007
53623.155544 u 20.534 0.091
53623.156377 z 17.184 0.016
53623.157210 g 18.486 0.009
53626.140090 r 17.595 0.007
53626.140923 i 17.297 0.007
53626.141757 u 20.205 0.083
53626.142590 z 17.119 0.014
53626.143423 g 18.372 0.010
53628.124955 r 17.619 0.008
53628.125788 i 17.334 0.007
53628.126622 u 21.142 0.342
53628.127455 z 17.219 0.019
53628.128288 g 18.576 0.016
53637.126567 r 17.584 0.006
53637.127400 i 17.339 0.006
53637.128234 u 21.025 0.155
53637.129067 z 17.420 0.022
53637.129900 g 18.557 0.009
53644.119013 r 17.594 0.109
53644.119846 i 17.328 0.094
53644.120680 u 20.333 0.079
53644.121513 z 17.229 0.130
53644.122346 g 18.403 0.159
53649.113636 r 17.629 0.008
#53649.114469 i -99.000 0.011
#53649.115303 u -99.000 0.273
#53649.116136 z -99.000 0.039
#53649.116969 g -99.000 0.020
53654.153638 r 17.452 0.007
#53654.154471 i -99.000 0.008
#53654.155305 u -99.000 0.578
#53654.156138 z -99.000 0.029
#53654.156971 g -99.000 0.023
53656.101228 r 17.669 0.008
53656.102061 i 17.362 0.007
53656.102895 u 20.861 0.255
53656.103728 z 17.302 0.019
53656.104561 g 18.511 0.014
#53665.092506 r -99.000 0.015
#53665.093339 i -99.000 0.022
53665.094173 u 20.667 0.545
#53665.095006 z -99.000 0.119
#53665.095839 g -99.000 0.034
53668.104139 r 17.603 0.006
53668.104972 i 17.468 0.007
53668.105806 u 20.473 0.110
53668.106639 z 17.218 0.020
53668.107472 g 18.610 0.010
53670.108992 r 17.654 0.006
53670.109825 i 17.431 0.007
53670.110659 u 21.392 0.176
53670.111492 z 17.232 0.018
53670.112325 g 18.577 0.009
53673.076973 r 17.575 0.006
53673.077806 i 17.283 0.006
53673.078640 u 20.462 0.073
53673.079473 z 17.148 0.015
53673.080306 g 18.388 0.008
53675.073862 r 17.664 0.006
53675.074695 i 17.307 0.006
53675.075529 u 20.498 0.071
53675.076362 z 17.198 0.015
53675.077195 g 18.455 0.008
53677.094896 r 17.593 0.006
53677.095729 i 17.447 0.007
53677.096563 u 20.511 0.085
53677.097396 z 17.235 0.015
53677.098229 g 18.447 0.008
53680.081561 r 17.650 0.007
53680.082394 i 17.319 0.007
53680.083228 u 20.502 0.068
53680.084061 z 17.186 0.013
53680.084894 g 18.421 0.008
53693.083467 r 17.698 0.007
53693.084300 i 17.349 0.007
53693.085134 u 20.624 0.101
53693.085967 z 17.219 0.016
53693.086800 g 18.468 0.009
53702.079148 r 17.917 0.119
53702.079981 i 17.300 0.077
53702.080815 u 20.615 0.233
53702.081648 z 17.580 0.137
53702.082481 g 18.754 0.166
53703.088270 r 17.702 0.116
53703.089103 i 17.388 0.105
53703.089937 u 20.567 0.275
53703.090770 z 17.240 0.114
53703.091603 g 18.605 0.167
53704.066795 r 17.819 0.008
53704.067628 i 17.330 0.006
53704.068462 u 20.731 0.127
53704.069295 z 17.154 0.017
53704.070128 g 18.682 0.010
53974.154737 r 17.612 0.105
#53974.155571 i -99.000 0.104
53974.156404 u 20.276 0.110
53974.157237 z 17.139 0.084
53974.158071 g 18.381 0.117
53989.144173 r 17.598 0.094
53989.145006 i 17.289 0.098
53989.145839 u 20.365 0.102
53989.146673 z 17.092 0.075
53989.147506 g 18.376 0.127
53995.152087 r 17.636 0.122
53995.152920 i 17.295 0.095
53995.153753 u 20.459 0.153
53995.154587 z 17.215 0.091
53995.155420 g 18.410 0.165
53997.130460 r 17.729 0.115
53997.131293 i 17.423 0.096
53997.132126 u 20.550 0.183
53997.132960 z 17.416 0.113
53997.133793 g 18.392 0.129
54005.102311 r 17.582 0.098
54005.103144 i 17.302 0.109
54005.103977 u 20.484 0.193
54005.104811 z 17.153 0.071
54005.105644 g 18.392 0.121
54007.115060 r 17.657 0.114
54007.115894 i 17.328 0.092
54007.116727 u 20.732 0.105
54007.117560 z 17.161 0.112
54007.118394 g 18.424 0.162
54009.112168 r 17.597 0.087
54009.113001 i 17.328 0.113
54009.113835 u 20.304 0.206
54009.114668 z 17.145 0.095
54009.115501 g 18.371 0.125
54011.176659 r 17.616 0.099
54011.177493 i 17.290 0.108
54011.178326 u 20.747 0.262
54011.179159 z 17.147 0.093
54011.179993 g 18.362 0.125
54019.126879 r 17.657 0.115
54019.127712 i 17.496 0.097
54019.128545 u 20.685 0.169
54019.129379 z 17.231 0.128
#54019.130212 g -99.000 0.193
54025.175686 r 17.612 0.117
54025.176519 i 17.270 0.092
54025.177353 u 20.857 0.158
54025.178186 z 17.165 0.151
#54025.179019 g -99.000 0.164
54029.106017 r 17.620 0.111
54029.106851 i 17.298 0.083
54029.107684 u 20.520 0.110
54029.108517 z 17.138 0.102
54029.109351 g 18.389 0.154
54051.082592 r 17.617 0.118
#54051.083425 i -99.000 0.100
54051.084258 u 20.200 0.212
54051.085092 z 17.171 0.114
54051.085925 g 18.480 0.185
54356.184213 r 17.602 0.142
54356.185046 i 17.300 0.111
54356.185880 u 20.467 0.089
54356.186713 z 17.151 0.062
54356.187546 g 18.408 0.175
54358.129248 r 17.794 0.117
54358.130081 i 17.322 0.097
54358.130914 u 20.760 0.171
54358.131748 z 17.222 0.111
54358.132581 g 18.391 0.125
54381.174034 r 17.598 0.082
#54381.174868 i -99.000 0.612
54381.175701 u 20.592 0.186
54381.176534 z 17.266 0.109
54381.177368 g 18.585 0.139
#54382.171427 r -99.000 0.079
54382.172261 i 17.298 0.071
54382.173094 u 20.922 0.245
54382.173927 z 17.243 0.087
54382.174761 g 18.648 0.143
54383.177184 r 17.595 0.095
54383.178018 i 17.301 0.082
54383.178851 u 20.584 0.272
54383.179684 z 17.181 0.085
54383.180518 g 18.381 0.119
54386.174198 r 17.609 0.126
54386.175032 i 17.318 0.120
54386.175865 u 20.425 0.097
54386.176698 z 17.112 0.114
54386.177532 g 18.374 0.161
54388.178458 r 17.568 0.094
54388.179291 i 17.262 0.081
54388.180124 u 20.403 0.219
54388.180958 z 17.109 0.069
54388.181791 g 18.350 0.119
54403.092229 r 17.641 0.116
54403.093062 i 17.289 0.091
54403.093895 u 20.373 0.079
54403.094729 z 17.179 0.065
54403.095562 g 18.366 0.156
54406.086058 r 17.595 0.123
54406.086891 i 17.345 0.099
54406.087724 u 20.440 0.097
54406.088558 z 17.150 0.136
#54406.089391 g -99.000 0.148
54412.088989 r 17.647 0.124
54412.089823 i 17.327 0.104
54412.090656 u 20.533 0.082
54412.091489 z 17.137 0.111
54412.092323 g 18.382 0.156
54415.126548 r 17.593 0.118
54415.127381 i 17.308 0.102
54415.128215 u 20.649 0.100
54415.129048 z 17.184 0.063
54415.129881 g 18.390 0.174
