52172.223485 r 19.190 0.013
52172.224318 i 18.861 0.014
52172.225152 u 21.979 0.193
52172.225985 z 18.786 0.035
52172.226818 g 19.965 0.017
52935.071804 r 19.191 0.013
52935.072637 i 18.891 0.014
52935.073471 u 21.968 0.187
52935.074304 z 18.848 0.038
52935.075137 g 20.007 0.017
53313.065006 r 19.186 0.016
53313.065839 i 19.033 0.021
53313.066673 u 21.761 0.196
53313.067506 z 18.842 0.050
53313.068339 g 20.200 0.023
53622.174252 r 19.135 0.015
53622.175085 i 18.879 0.016
53622.175919 u 22.141 0.310
53622.176752 z 18.698 0.044
53622.177585 g 19.990 0.022
53625.170217 r 19.178 0.014
53625.171050 i 18.993 0.016
53625.171884 u 21.719 0.191
53625.172717 z 18.721 0.033
53625.173550 g 20.030 0.025
53636.129254 r 19.167 0.013
53636.130087 i 18.847 0.014
53636.130921 u 21.927 0.187
53636.131754 z 18.709 0.034
53636.132587 g 19.945 0.017
53645.188922 r 19.182 0.013
53645.189755 i 18.902 0.016
53645.190589 u 21.867 0.206
53645.191422 z 18.824 0.035
53645.192255 g 19.981 0.018
53655.101258 r 19.138 0.015
53655.102091 i 18.864 0.016
53655.102925 u 22.041 0.333
53655.103758 z 18.778 0.037
53655.104591 g 19.918 0.026
53664.126218 r 19.144 0.016
53664.127051 i 18.856 0.017
53664.127885 u 22.494 0.531
53664.128718 z 18.601 0.039
53664.129551 g 19.999 0.031
53666.089818 r 19.235 0.013
53666.090651 i 18.860 0.015
53666.091485 u 21.901 0.164
53666.092318 z 18.791 0.038
53666.093151 g 19.961 0.016
53669.085457 r 19.247 0.013
53669.086290 i 18.895 0.014
53669.087124 u 22.219 0.207
53669.087957 z 18.752 0.034
53669.088790 g 20.057 0.017
53674.069691 r 19.212 0.014
53674.070524 i 18.902 0.016
53674.071358 u 22.113 0.208
53674.072191 z 18.752 0.037
53674.073024 g 19.971 0.017
53681.122588 r 19.088 0.029
53681.123421 i 18.886 0.026
53681.124255 u 21.420 0.230
53681.125088 z 18.734 0.057
53681.125921 g 19.905 0.034
53687.119984 r 19.132 0.019
53687.120817 i 18.814 0.017
#53687.121651 u 23.194 1.868
53687.122484 z 18.769 0.040
53687.123317 g 19.940 0.045
53697.079613 r 19.317 0.061
53697.080446 i 19.114 0.064
#53697.081280 u 23.263 1.067
53697.082113 z 18.872 0.143
53697.082946 g 20.168 0.069
53700.078576 r 19.159 0.013
53700.079409 i 18.836 0.015
53700.080243 u 21.797 0.190
53700.081076 z 18.772 0.039
53700.081909 g 19.947 0.018
53705.065245 r 19.233 0.017
53705.066078 i 18.877 0.019
53705.066912 u 22.174 0.325
53705.067745 z 18.735 0.041
53705.068578 g 20.063 0.022
53975.150244 r 19.094 0.072
53975.151077 i 18.959 0.090
53975.151910 u 22.219 0.288
53975.152744 z 18.691 0.080
53975.153577 g 20.009 0.109
53994.145700 r 19.129 0.072
53994.146533 i 18.810 0.065
53994.147367 u 21.981 0.217
53994.148200 z 18.750 0.066
53994.149033 g 19.912 0.076
53998.125594 r 19.155 0.071
53998.126427 i 18.831 0.070
53998.127260 u 21.962 0.183
53998.128094 z 18.698 0.064
53998.128927 g 19.920 0.080
54010.111074 r 19.156 0.028
54010.111908 i 18.839 0.093
54010.112741 u 22.033 0.289
54010.113574 z 18.702 0.078
54010.114408 g 19.938 0.046
54012.103909 r 19.116 0.092
54012.104742 i 18.865 0.058
#54012.105576 u 23.389 2.177
54012.106409 z 18.707 0.072
54012.107242 g 19.879 0.073
54020.109895 r 19.175 0.070
54020.110729 i 18.895 0.083
54020.111562 u 21.919 0.247
54020.112395 z 18.662 0.076
54020.113229 g 20.050 0.088
#54022.159406 r -99.000 0.067
#54022.160239 i -99.000 0.077
54022.161073 u 22.156 0.336
54022.161906 z 18.679 0.070
#54022.162739 g -99.000 0.085
54028.100259 r 19.230 0.071
54028.101092 i 18.890 0.074
54028.101926 u 21.854 0.339
54028.102759 z 18.681 0.065
54028.103592 g 20.022 0.095
54030.103448 r 19.198 0.074
54030.104281 i 19.004 0.089
54030.105114 u 21.789 0.184
54030.105948 z 18.741 0.054
54030.106781 g 19.964 0.075
#54032.092711 r -99.000 0.088
54032.093544 i 18.893 0.084
54032.094378 u 22.313 0.420
#54032.095211 z -99.000 0.063
#54032.096044 g -99.000 0.048
54037.084687 r 19.168 0.070
54037.085520 i 18.906 0.071
54037.086354 u 21.907 0.255
54037.087187 z 18.772 0.085
54037.088020 g 19.971 0.078
54040.099187 r 19.172 0.087
54040.100020 i 18.860 0.069
54040.100853 u 21.238 0.253
54040.101687 z 18.646 0.075
54040.102520 g 19.962 0.047
54050.083806 r 19.212 0.063
54050.084640 i 18.844 0.069
54050.085473 u 22.645 0.534
54050.086306 z 18.771 0.097
54050.087140 g 20.034 0.084
54053.089981 r 19.361 0.083
54053.090814 i 19.082 0.086
#54053.091647 u 23.125 1.758
54053.092481 z 18.859 0.095
54053.093314 g 20.142 0.081
54056.091640 r 19.124 0.072
54056.092473 i 18.829 0.069
54056.093307 u 21.746 0.239
#54056.094140 z -99.000 0.096
#54056.094973 g -99.000 0.086
54057.060289 r 19.165 0.092
54057.061123 i 18.886 0.086
54057.061956 u 21.982 0.249
54057.062789 z 18.714 0.064
54057.063623 g 20.031 0.094
54059.085918 r 19.242 0.074
54059.086752 i 18.880 0.065
54059.087585 u 22.512 0.515
54059.088418 z 18.631 0.066
54059.089252 g 20.029 0.087
54061.096969 r 19.201 0.068
54061.097802 i 18.914 0.072
54061.098636 u 22.146 0.445
54061.099469 z 18.793 0.105
54061.100302 g 20.431 0.141
54062.090817 r 19.402 0.092
54062.091651 i 18.969 0.067
#54062.092484 u 23.466 1.082
54062.093317 z 18.799 0.094
54062.094151 g 20.097 0.101
54357.129114 r 19.149 0.071
#54357.129947 i -99.000 0.067
54357.130781 u 21.992 0.211
54357.131614 z 18.664 0.067
54357.132447 g 19.943 0.066
54365.126965 r 19.123 0.060
54365.127798 i 18.836 0.070
54365.128631 u 22.505 0.608
54365.129465 z 18.726 0.079
54365.130298 g 19.933 0.076
54385.176935 r 19.171 0.075
#54385.177768 i -99.000 0.070
54385.178602 u 21.696 0.209
54385.179435 z 18.680 0.062
54385.180268 g 19.997 0.062
54402.170642 r 19.205 0.076
54402.171475 i 18.949 0.077
54402.172309 u 22.162 0.785
54402.173142 z 18.871 0.069
54402.173975 g 20.038 0.107
