52558.289263 r 16.263 0.004
52558.290096 i 14.907 0.004
52558.290930 u 20.531 0.081
52558.291763 z 14.182 0.004
52558.292596 g 17.757 0.005
52577.176759 r 16.253 0.005
52577.177592 i 14.909 0.005
52577.178426 u 20.441 0.073
52577.179259 z 14.190 0.006
52577.180092 g 17.744 0.006
52586.180238 r 16.260 0.004
52586.181071 i 14.898 0.004
52586.181905 u 20.466 0.069
52586.182738 z 14.193 0.004
52586.183571 g 17.751 0.006
52910.260720 r 16.252 0.005
52910.261553 i 14.898 0.005
52910.262387 u 20.444 0.062
52910.263220 z 14.177 0.005
52910.264053 g 17.751 0.006
52931.190920 r 16.258 0.004
52931.191753 i 14.905 0.004
52931.192587 u 20.500 0.072
52931.193420 z 14.191 0.004
52931.194253 g 17.757 0.006
52935.187885 r 16.258 0.004
52935.188718 i 14.908 0.004
52935.189552 u 20.445 0.072
52935.190385 z 14.194 0.004
52935.191218 g 17.771 0.006
52959.131212 r 16.260 0.005
52959.132045 i 14.895 0.005
52959.132879 u 20.536 0.069
52959.133712 z 14.180 0.004
52959.134545 g 17.747 0.006
52963.110955 r 16.246 0.010
52963.111788 i 14.888 0.010
52963.112622 u 20.542 0.063
52963.113455 z 14.136 0.009
52963.114288 g 17.739 0.010
53313.181085 r 16.248 0.006
53313.181918 i 14.887 0.005
53313.182752 u 20.499 0.096
53313.183585 z 14.188 0.005
53313.184418 g 17.761 0.007
53352.082021 r 16.257 0.005
53352.082854 i 14.905 0.004
53352.083688 u 20.503 0.068
53352.084521 z 14.188 0.005
53352.085354 g 17.749 0.006
53622.290325 r 16.248 0.005
53622.291158 i 14.907 0.005
53622.291992 u 20.440 0.097
53622.292825 z 14.176 0.005
53622.293658 g 17.724 0.006
53634.239796 r 16.229 0.004
53634.240629 i 14.899 0.003
53634.241463 u 20.496 0.250
#53634.242296 z -99.000 0.004
53634.243129 g 17.752 0.011
53636.245329 r 16.255 0.004
53636.246162 i 14.898 0.003
53636.246996 u 20.411 0.127
53636.247829 z 14.193 0.004
53636.248662 g 17.742 0.007
53638.281130 r 16.256 0.005
53638.281963 i 14.899 0.004
53638.282797 u 20.626 0.087
53638.283630 z 14.190 0.005
53638.284463 g 17.754 0.006
#53640.245165 r -99.000 0.007
#53640.245998 i -99.000 0.005
#53640.246832 u -99.000 1.589
#53640.247665 z -99.000 0.013
#53640.248498 g -99.000 0.009
53655.217335 r 16.262 0.007
53655.218168 i 14.851 0.005
53655.219002 u 20.361 0.198
53655.219835 z 14.174 0.004
53655.220668 g 17.741 0.009
53664.242292 r 16.264 0.004
53664.243125 i 14.928 0.004
53664.243959 u 20.448 0.146
53664.244792 z 14.200 0.004
53664.245625 g 17.762 0.007
53666.205896 r 16.265 0.005
53666.206729 i 14.903 0.005
53666.207563 u 20.545 0.075
53666.208396 z 14.183 0.005
53666.209229 g 17.754 0.006
53669.201535 r 16.265 0.004
53669.202368 i 14.901 0.004
53669.203202 u 20.563 0.071
53669.204035 z 14.183 0.005
53669.204868 g 17.753 0.006
53671.286313 r 16.254 0.004
53671.287146 i 14.909 0.004
53671.287980 u 20.792 0.141
53671.288813 z 14.196 0.004
53671.289646 g 17.738 0.006
53674.185770 r 16.260 0.004
53674.186603 i 14.896 0.003
53674.187437 u 20.374 0.073
53674.188270 z 14.188 0.004
53674.189103 g 17.755 0.005
53676.275257 r 16.257 0.009
53676.276090 i 14.886 0.009
53676.276924 u 20.660 0.115
53676.277757 z 14.155 0.007
53676.278590 g 17.734 0.007
53679.247144 r 16.254 0.004
53679.247977 i 14.909 0.003
53679.248811 u 20.434 0.098
53679.249644 z 14.185 0.004
53679.250477 g 17.741 0.006
53681.238655 r 16.288 0.005
53681.239488 i 14.936 0.005
53681.240322 u 21.088 0.141
53681.241155 z 14.229 0.005
53681.241988 g 17.735 0.006
53681.238655 r 20.427 0.086
53681.239488 i 19.899 0.115
53681.240322 u 21.361 0.272
53681.241155 z 19.206 0.207
53681.241988 g 24.945 0.978
53685.197705 r 16.264 0.006
#53685.198538 i -99.000 0.003
53685.199372 u 19.994 0.208
53685.200205 z 14.183 0.004
#53685.201038 g -99.000 0.014
53687.236047 r 16.268 0.005
53687.236880 i 14.906 0.005
53687.237714 u 20.581 0.246
53687.238547 z 14.200 0.005
53687.239380 g 17.715 0.009
53694.211588 r 16.245 0.004
#53694.212421 i -99.000 0.003
53694.213255 u 20.083 0.250
53694.214088 z 14.157 0.004
#53694.214921 g -99.000 0.012
#53697.195680 r -99.000 0.008
53697.196513 i 14.886 0.006
53697.197347 u 20.393 0.259
53697.198180 z 14.218 0.008
#53697.199013 g -99.000 0.011
53700.194638 r 16.255 0.004
53700.195471 i 14.905 0.003
53700.196305 u 20.632 0.105
53700.197138 z 14.187 0.004
53700.197971 g 17.744 0.006
53705.181308 r 16.251 0.007
53705.182141 i 14.889 0.008
53705.182975 u 20.683 0.095
53705.183808 z 14.166 0.007
53705.184641 g 17.745 0.008
53975.266317 r 16.260 0.013
53975.267150 i 14.898 0.020
53975.267984 u 20.434 0.079
53975.268817 z 14.172 0.019
#53975.269650 g -99.000 0.025
53993.334110 r 16.229 0.006
#53993.334943 i -99.000 0.012
53993.335777 u 20.674 0.132
#53993.336610 z -99.000 0.014
#53993.337443 g -99.000 0.045
53996.273046 r 16.234 0.018
53996.273880 i 14.874 0.018
53996.274713 u 20.466 0.066
53996.275546 z 14.182 0.014
53996.276380 g 17.732 0.017
53998.241683 r 16.240 0.017
53998.242517 i 14.898 0.014
53998.243350 u 20.473 0.064
53998.244183 z 14.171 0.013
53998.245017 g 17.722 0.017
54005.271916 r 16.241 0.011
54005.272749 i 14.904 0.013
54005.273582 u 20.561 0.068
54005.274416 z 14.198 0.011
54005.275249 g 17.714 0.022
54010.227188 r 16.254 0.012
54010.228021 i 14.882 0.013
54010.228854 u 20.696 0.101
54010.229688 z 14.183 0.014
54010.230521 g 17.731 0.016
54012.219985 r 16.254 0.010
54012.220818 i 14.897 0.016
54012.221651 u 20.581 0.151
54012.222485 z 14.184 0.006
54012.223318 g 17.719 0.016
54020.225971 r 16.254 0.020
54020.226805 i 14.895 0.021
54020.227638 u 20.514 0.106
54020.228471 z 14.165 0.014
54020.229305 g 17.742 0.018
54022.275280 r 16.258 0.015
54022.276114 i 14.883 0.017
54022.276947 u 20.710 0.116
54022.277780 z 14.183 0.014
54022.278614 g 17.701 0.019
54028.216358 r 16.239 0.011
54028.217192 i 14.896 0.013
54028.218025 u 20.655 0.086
54028.218858 z 14.207 0.017
54028.219692 g 17.745 0.022
54030.219525 r 16.240 0.014
54030.220358 i 14.883 0.014
54030.221192 u 20.556 0.069
54030.222025 z 14.185 0.011
54030.222858 g 17.728 0.016
54035.295332 r 16.230 0.038
54035.296165 i 14.912 0.021
54035.296999 u 20.475 0.119
54035.297832 z 14.194 0.019
54035.298665 g 17.738 0.015
54037.200769 r 16.259 0.016
54037.201602 i 14.905 0.016
54037.202435 u 20.640 0.099
54037.203269 z 14.190 0.009
54037.204102 g 17.723 0.028
54040.215267 r 16.253 0.013
54040.216101 i 14.892 0.013
54040.216934 u 20.434 0.142
54040.217767 z 14.176 0.013
54040.218601 g 17.748 0.021
54049.241760 r 16.251 0.016
54049.242593 i 14.900 0.012
54049.243427 u 20.356 0.163
54049.244260 z 14.186 0.024
54049.245093 g 17.739 0.023
54050.199885 r 16.253 0.015
54050.200718 i 14.871 0.023
54050.201551 u 20.535 0.133
54050.202385 z 14.164 0.027
54050.203218 g 17.747 0.015
54053.206049 r 16.250 0.017
54053.206882 i 14.905 0.015
54053.207716 u 20.498 0.090
54053.208549 z 14.191 0.015
54053.209382 g 17.757 0.019
54056.207809 r 16.254 0.042
54056.208643 i 14.892 0.016
#54056.209476 u -99.000 0.123
54056.210309 z 14.194 0.017
54056.211143 g 17.757 0.009
54059.202002 r 16.257 0.025
54059.202836 i 14.908 0.011
54059.203669 u 20.565 0.142
54059.204502 z 14.185 0.013
54059.205336 g 17.749 0.013
54062.206930 r 16.271 0.025
54062.207763 i 14.909 0.013
54062.208596 u 20.366 0.102
54062.209430 z 14.168 0.021
54062.210263 g 17.746 0.018
54357.245231 r 16.237 0.014
54357.246064 i 14.872 0.014
54357.246898 u 20.554 0.079
54357.247731 z 14.165 0.015
54357.248564 g 17.719 0.020
54362.295008 r 16.227 0.013
54362.295841 i 14.895 0.016
54362.296674 u 20.445 0.073
54362.297508 z 14.170 0.018
54362.298341 g 17.714 0.017
54376.303680 r 16.234 0.013
54376.304513 i 14.892 0.012
54376.305347 u 20.445 0.100
54376.306180 z 14.195 0.013
#54376.307013 g -99.000 0.024
54385.293014 r 16.235 0.015
54385.293848 i 14.892 0.020
54385.294681 u 20.501 0.073
54385.295514 z 14.198 0.021
54385.296348 g 17.727 0.024
54387.293514 r 16.244 0.016
54387.294347 i 14.897 0.014
54387.295181 u 20.372 0.082
54387.296014 z 14.175 0.012
54387.296847 g 17.703 0.013
54392.288237 r 16.226 0.014
54392.289070 i 14.853 0.014
54392.289903 u 20.587 0.093
54392.290737 z 14.174 0.013
54392.291570 g 17.715 0.023
54402.286718 r 16.217 0.013
54402.287551 i 14.897 0.012
54402.288385 u 20.640 0.236
54402.289218 z 14.194 0.014
54402.290051 g 17.719 0.016
