52075.320741 r 19.201 0.013
52075.321574 i 18.754 0.013
52075.322408 u 22.594 0.438
52075.323241 z 18.445 0.036
52075.324074 g 20.238 0.024
52197.129393 r 19.162 0.012
52197.130226 i 18.722 0.012
52197.131060 u 22.429 0.273
52197.131893 z 18.584 0.039
52197.132726 g 20.267 0.019
52557.167233 r 19.156 0.014
52557.168066 i 18.739 0.013
#52557.168900 u 24.340 1.311
52557.169733 z 18.437 0.038
52557.170566 g 20.382 0.024
52929.093536 r 19.249 0.013
52929.094369 i 18.980 0.014
#52929.095203 u 24.645 1.143
52929.096036 z 18.589 0.040
52929.096869 g 20.344 0.021
52934.073693 r 19.127 0.014
#52934.074526 i -99.000 0.012
52934.075360 u 22.935 0.499
52934.076193 z 18.472 0.036
52934.077026 g 20.275 0.023
52936.069619 r 19.160 0.012
52936.070452 i 18.770 0.013
52936.071286 u 22.835 0.388
52936.072119 z 18.508 0.037
52936.072952 g 20.318 0.020
53243.254831 r 19.222 0.021
53243.255664 i 18.748 0.017
#53243.256498 u 22.894 1.313
53243.257331 z 18.560 0.049
53243.258164 g 20.458 0.061
53270.133680 r 19.135 0.508
53270.134513 i 18.843 0.242
53270.135346 u 21.887 0.219
53270.136180 z 18.413 0.466
53270.137013 g 20.189 0.662
53272.183629 r 19.169 0.021
53272.184462 i 18.753 0.017
#53272.185296 u 25.288 3.434
53272.186129 z 18.522 0.042
53272.186962 g 20.221 0.052
53288.110835 r 19.220 0.016
53288.111668 i 18.686 0.013
#53288.112502 u 23.456 1.029
53288.113335 z 18.507 0.042
53288.114168 g 20.229 0.023
53302.106504 r 19.157 0.017
53302.107337 i 18.853 0.015
53302.108171 u 22.682 0.889
53302.109004 z 18.489 0.038
53302.109837 g 20.392 0.053
53314.063231 r 19.190 0.014
53314.064064 i 18.750 0.013
53314.064898 u 22.078 0.242
53314.065731 z 18.548 0.041
53314.066564 g 20.264 0.021
53623.157814 r 19.216 0.018
53623.158647 i 18.776 0.013
53623.159481 u 22.580 0.398
53623.160314 z 18.557 0.037
53623.161147 g 20.296 0.033
53626.144027 r 19.170 0.017
53626.144860 i 18.740 0.014
53626.145694 u 22.630 0.729
53626.146527 z 18.453 0.034
53626.147360 g 20.178 0.034
53628.128891 r 19.154 0.027
53628.129724 i 18.725 0.021
#53628.130558 u 22.881 1.603
53628.131391 z 18.521 0.053
53628.132224 g 20.153 0.060
53637.130503 r 19.247 0.016
53637.131336 i 18.763 0.015
#53637.132170 u 24.959 1.673
53637.133003 z 18.571 0.049
#53637.133836 g -99.000 0.042
53644.122949 r 19.142 0.019
53644.123782 i 18.805 0.021
53644.124616 u 22.444 0.422
53644.125449 z 18.553 0.041
53644.126282 g 20.273 0.176
53649.117574 r 19.207 0.058
#53649.118407 i -99.000 0.062
#53649.119241 u -99.000 1.260
53649.120074 z 18.535 0.135
53649.120907 g 20.624 0.127
53654.157574 r 19.187 0.023
53654.158407 i 18.700 0.017
53654.159241 u 22.525 0.682
53654.160074 z 18.436 0.039
53654.160907 g 20.362 0.040
53656.105165 r 19.190 0.022
53656.105998 i 18.773 0.019
#53656.106832 u 26.460 1.297
53656.107665 z 18.468 0.051
53656.108498 g 20.413 0.078
53665.096443 r 19.066 0.059
53665.097276 i 18.694 0.048
53665.098110 u 23.950 0.933
#53665.098943 z -99.000 0.151
53665.099776 g 20.163 0.079
53668.108075 r 19.248 0.020
53668.108908 i 18.888 0.022
#53668.109742 u 23.328 1.161
53668.110575 z 18.799 0.086
53668.111408 g 20.479 0.041
53670.112929 r 19.258 0.015
53670.113762 i 18.798 0.015
#53670.114596 u 23.515 1.026
53670.115429 z 18.509 0.045
53670.116262 g 20.364 0.024
53673.080910 r 19.162 0.014
53673.081743 i 18.702 0.013
53673.082577 u 23.031 0.687
53673.083410 z 18.564 0.042
53673.084243 g 20.356 0.028
53675.077799 r 19.164 0.014
53675.078632 i 18.803 0.014
53675.079466 u 23.130 0.658
53675.080299 z 18.552 0.042
53675.081132 g 20.382 0.024
53677.098833 r 19.152 0.014
53677.099666 i 18.726 0.012
53677.100500 u 22.201 0.254
53677.101333 z 18.474 0.031
53677.102166 g 20.205 0.019
53680.085497 r 19.167 0.012
53680.086330 i 18.723 0.012
53680.087164 u 22.423 0.292
53680.087997 z 18.482 0.030
53680.088830 g 20.227 0.019
53693.087403 r 19.240 0.016
53693.088236 i 18.768 0.014
53693.089070 u 22.540 0.487
53693.089903 z 18.614 0.044
53693.090736 g 20.352 0.033
53703.092218 r 19.416 0.892
53703.093052 i 18.783 0.572
#53703.093885 u 99.986 99.999
53703.094718 z 18.552 0.489
#53703.095552 g -99.000 1.304
53704.070732 r 19.160 0.019
53704.071565 i 18.761 0.016
#53704.072399 u 24.312 1.807
53704.073232 z 18.524 0.042
53704.074065 g 20.379 0.035
53974.158690 r 19.185 0.741
53974.159523 i 18.838 0.420
#53974.160356 u 23.952 1.462
53974.161190 z 18.500 0.181
53974.162023 g 20.216 0.061
53989.148113 r 19.196 0.247
53989.148946 i 18.735 0.024
#53989.149779 u 22.004 2.971
53989.150613 z 18.453 0.035
#53989.151446 g 20.253 1.690
53995.156035 r 19.143 0.035
53995.156868 i 18.701 0.042
53995.157702 u 23.002 0.417
53995.158535 z 18.552 0.053
53995.159368 g 20.213 0.037
53997.134396 r 19.213 0.564
53997.135229 i 18.862 0.570
#53997.136062 u -99.000 99.999
#53997.136896 z -99.000 0.325
#53997.137729 g 20.381 1.221
54005.106248 r 19.151 0.031
54005.107081 i 18.715 0.075
54005.107914 u 22.604 0.342
54005.108748 z 18.463 0.033
54005.109581 g 20.212 0.145
54007.119000 r 19.188 0.079
54007.119833 i 18.732 0.167
54007.120667 u 22.564 0.363
54007.121500 z 18.398 0.132
54007.122333 g 20.211 0.400
54009.116113 r 19.152 0.017
54009.116946 i 18.737 0.014
54009.117779 u 21.937 0.252
54009.118613 z 18.454 0.031
54009.119446 g 20.235 0.039
54011.180596 r 19.134 0.021
54011.181429 i 18.723 0.018
54011.182263 u 21.974 0.538
54011.183096 z 18.518 0.034
54011.183929 g 20.273 0.049
54025.179626 r 19.180 0.644
54025.180459 i 18.701 0.255
#54025.181292 u 23.042 1.187
54025.182126 z 18.542 0.643
#54025.182959 g 20.288 1.387
54029.109951 r 19.160 0.522
54029.110784 i 18.808 0.036
54029.111618 u 22.183 0.241
54029.112451 z 18.474 0.658
54029.113284 g 20.211 0.259
54051.086529 r 19.174 0.939
54051.087362 i 18.849 0.156
54051.088195 u 21.518 0.710
54051.089029 z 18.575 0.142
#54051.089862 g 20.465 1.669
54356.188132 r 19.106 0.039
54356.188965 i 18.746 0.043
54356.189799 u 23.075 0.410
54356.190632 z 18.454 0.035
54356.191465 g 20.267 0.355
54358.133174 r 19.159 0.709
54358.134008 i 18.726 0.571
#54358.134841 u 99.992 99.999
54358.135674 z 18.516 0.418
#54358.136508 g 20.156 1.295
54373.165275 r 19.156 0.253
54373.166109 i 18.718 0.204
54373.166942 u 22.104 0.392
54373.167775 z 18.434 0.049
54373.168609 g 20.230 0.049
54381.177967 r 19.186 0.793
54381.178800 i 19.355 0.246
#54381.179634 u 99.989 99.999
54381.180467 z 18.624 0.478
#54381.181300 g 20.712 1.139
54382.175370 r 19.215 0.682
54382.176203 i 18.805 0.726
#54382.177037 u 23.858 2.386
54382.177870 z 19.069 0.189
#54382.178703 g 20.373 1.176
54383.181105 r 19.185 0.068
54383.181938 i 18.748 0.044
54383.182772 u 22.550 0.502
54383.183605 z 18.556 0.043
54383.184438 g 20.259 0.053
54386.178132 r 19.158 0.016
54386.178965 i 18.723 0.016
54386.179799 u 22.236 0.358
54386.180632 z 18.452 0.031
54386.181465 g 20.227 0.022
54388.182411 r 19.227 0.282
54388.183245 i 18.786 0.164
54388.184078 u 22.155 0.667
54388.184911 z 18.543 0.232
#54388.185745 g 20.390 1.849
54403.096168 r 19.226 0.067
54403.097001 i 18.776 0.058
54403.097834 u 22.025 0.231
54403.098668 z 18.462 0.039
54403.099501 g 20.296 0.024
54406.089996 r 19.154 0.038
54406.090829 i 18.785 0.034
54406.091662 u 23.924 0.971
54406.092496 z 18.423 0.039
54406.093329 g 20.208 0.049
54412.092927 r 19.136 0.097
54412.093761 i 18.721 0.233
54412.094594 u 22.256 1.000
54412.095427 z 18.479 0.050
54412.096261 g 20.262 0.373
54415.130517 r 19.145 0.039
54415.131351 i 18.747 0.016
#54415.132184 u 21.882 2.351
54415.133017 z 18.552 0.037
54415.133851 g 20.244 0.327
