52936.061075 r 18.913 0.011
52936.061908 i 18.615 0.012
52936.062742 u 20.637 0.067
52936.063575 z 18.490 0.033
52936.064408 g 19.219 0.011
53270.125139 r 18.788 0.030
53270.125972 i 18.506 0.032
53270.126805 u 20.682 0.084
53270.127639 z 18.429 0.058
53270.128472 g 19.240 0.018
53626.135482 r 18.729 0.013
53626.136315 i 18.636 0.014
53626.137149 u 20.510 0.110
53626.137982 z 18.405 0.032
53626.138815 g 19.192 0.017
53644.114404 r 18.674 0.030
53644.115237 i 18.430 0.030
53644.116070 u 20.643 0.077
53644.116904 z 18.392 0.053
53644.117737 g 19.201 0.019
53673.072367 r 18.550 0.009
53673.073200 i 18.367 0.010
53673.074034 u 20.500 0.070
53673.074867 z 18.114 0.028
53673.075700 g 19.055 0.010
53680.076953 r 18.788 0.011
53680.077786 i 18.454 0.011
53680.078620 u 20.458 0.066
53680.079453 z 18.467 0.032
53680.080286 g 19.129 0.011
53702.074547 r 18.251 0.010
53702.075380 i 17.997 0.011
53702.076214 u 20.226 0.113
53702.077047 z 17.773 0.035
53702.077880 g 18.966 0.013
53974.150128 r 18.829 0.035
53974.150961 i 18.527 0.041
53974.151794 u 20.568 0.058
53974.152628 z 18.522 0.053
53974.153461 g 19.243 0.020
53989.139561 r 18.720 0.027
#53989.140394 i -99.000 0.094
53989.141227 u 20.626 0.072
53989.142061 z 18.425 0.047
#53989.142894 g -99.000 0.021
#54005.097701 r 24.547 99.999
54005.098534 i 18.664 0.059
54005.099368 u 20.573 0.057
54005.100201 z 18.459 0.043
54005.101034 g 19.234 0.016
54005.097701 r 18.667 0.012
54005.098535 i 18.715 0.056
#54005.099368 u 23.399 4.265
54005.100201 z 18.498 0.104
54005.101035 g 20.636 0.324
54011.172052 r 18.799 0.044
54011.172886 i 18.649 0.057
54011.173719 u 20.842 0.139
54011.174552 z 18.666 0.108
54011.175386 g 19.408 0.036
#54382.166838 r -99.000 0.007
#54382.167671 i -99.000 0.025
54382.168505 u 20.493 0.092
54382.169338 z 17.829 0.031
54382.170171 g 18.950 0.010
#54386.169579 r -99.000 0.045
54386.170412 i 19.623 0.170
54386.171245 u 20.560 0.072
54386.172079 z 18.421 0.047
54386.172912 g 19.282 0.022
54403.087628 r 18.826 0.039
54403.088461 i 18.676 0.076
54403.089294 u 20.563 0.062
54403.090128 z 18.392 0.045
54403.090961 g 19.209 0.012
54406.081451 r 18.697 0.024
54406.082285 i 18.519 0.040
54406.083118 u 20.719 0.072
54406.083951 z 18.418 0.043
54406.084785 g 19.215 0.020
54415.121939 r 18.699 0.028
54415.122772 i 18.613 0.072
54415.123605 u 20.481 0.066
54415.124439 z 18.305 0.047
54415.125272 g 19.206 0.019
