52172.228155 r 19.629 0.017
52172.228988 i 19.540 0.022
52172.229822 u 21.582 0.151
52172.230655 z 19.376 0.066
52172.231488 g 20.388 0.025
52935.076468 r 20.547 0.037
52935.077301 i 19.918 0.028
52935.078135 u 21.430 0.137
52935.078968 z 19.822 0.094
52935.079801 g 21.189 0.055
53625.174882 r 19.509 0.019
53625.175715 i 19.485 0.023
53625.176549 u 21.364 0.154
53625.177382 z 19.337 0.063
53625.178215 g 20.204 0.028
53645.193586 r 19.719 0.019
53645.194419 i 19.557 0.020
53645.195253 u 21.380 0.147
53645.196086 z 19.715 0.103
53645.196919 g 20.287 0.024
53669.090122 r 19.659 0.018
53669.090955 i 19.401 0.019
53669.091789 u 21.470 0.129
53669.092622 z 19.680 0.081
53669.093455 g 20.175 0.020
53994.150341 r 20.296 0.202
53994.151174 i 20.637 0.183
53994.152008 u 22.055 0.254
53994.152841 z 19.587 0.084
53994.153674 g 20.773 0.136
54005.167514 r 19.679 0.065
54005.168348 i 19.560 0.076
54005.169181 u 21.163 0.099
54005.170014 z 19.401 0.058
54005.170848 g 20.326 0.049
54010.115730 r 19.657 0.042
54010.116563 i 19.648 0.044
54010.117396 u 21.347 0.197
54010.118230 z 19.325 0.062
54010.119063 g 20.426 0.061
54030.108111 r 19.694 0.068
54030.108945 i 19.541 0.053
54030.109778 u 21.341 0.110
54030.110611 z 19.501 0.067
54030.111445 g 20.431 0.074
#54057.064950 r 19.893 1.592
#54057.065784 i 31.824 99.999
54057.066617 u 21.319 0.173
54057.067450 z 19.352 0.144
#54057.068284 g 20.746 1.487
54059.090583 r 19.427 0.913
#54059.091416 i 19.403 1.110
54059.092249 u 21.024 0.364
54059.093083 z 19.256 0.503
#54059.093916 g 20.009 1.133
54061.101636 r 20.446 0.845
#54061.102469 i 99.988 99.999
54061.103302 u 21.064 0.395
#54061.104136 z 19.316 1.072
#54061.104969 g 20.308 1.601
54357.133774 r 20.295 0.121
#54357.134607 i 22.169 1.426
54357.135440 u 21.352 0.132
54357.136274 z 20.000 0.150
54357.137107 g 20.571 0.072
