53270.121887 r 18.291 0.011
53270.122720 i 17.850 0.017
53270.123554 u 21.939 0.265
53270.124387 z 17.531 0.019
53270.125220 g 19.653 0.021
53288.099043 r 18.250 0.008
53288.099876 i 17.764 0.007
53288.100710 u 21.837 0.206
53288.101543 z 17.421 0.015
53288.102376 g 19.522 0.015
53302.094713 r 18.315 0.010
53302.095546 i 17.787 0.008
53302.096380 u 22.469 0.735
53302.097213 z 17.542 0.017
53302.098046 g 19.557 0.025
53623.146023 r 18.227 0.008
53623.146856 i 17.711 0.007
53623.147690 u 21.912 0.245
53623.148523 z 17.461 0.015
53623.149356 g 19.494 0.017
53626.132236 r 18.320 0.010
53626.133069 i 17.805 0.009
#53626.133903 u 24.617 2.240
53626.134736 z 17.524 0.016
53626.135569 g 19.647 0.027
#53644.111161 r -99.000 0.040
53644.111994 i 17.809 0.018
53644.112828 u 22.410 0.266
53644.113661 z 17.570 0.022
53644.114494 g 19.604 0.014
53673.069120 r 18.236 0.008
53673.069953 i 17.740 0.008
53673.070787 u 22.446 0.346
53673.071620 z 17.418 0.016
53673.072453 g 19.519 0.015
53677.087043 r 18.210 0.008
53677.087876 i 17.691 0.008
53677.088710 u 22.102 0.240
53677.089543 z 17.423 0.016
53677.090376 g 19.476 0.016
53680.073707 r 18.414 0.009
53680.074540 i 17.875 0.008
53680.075374 u 22.224 0.252
53680.076207 z 17.592 0.015
53680.077040 g 19.644 0.016
53974.146911 r 18.340 0.011
53974.147745 i 17.854 0.012
53974.148578 u 23.442 0.596
53974.149411 z 17.528 0.020
53974.150245 g 19.666 0.015
53989.136311 r 18.322 0.011
53989.137145 i 17.795 0.013
53989.137978 u 21.785 0.180
53989.138811 z 17.559 0.023
53989.139645 g 19.655 0.020
53995.144232 r 18.319 0.009
53995.145065 i 17.787 0.026
53995.145899 u 21.781 0.161
53995.146732 z 17.537 0.020
53995.147565 g 19.628 0.018
54005.094456 r 18.320 0.008
54005.095289 i 17.831 0.011
54005.096123 u 22.099 0.190
54005.096956 z 17.527 0.017
54005.097789 g 19.643 0.015
54009.104319 r 18.446 0.025
54009.105153 i 17.851 0.017
54009.105986 u 21.951 0.266
54009.106819 z 17.509 0.020
54009.107653 g 19.731 0.025
54011.168812 r 18.459 0.015
54011.169645 i 17.882 0.014
#54011.170478 u 100.024 99.999
54011.171312 z 17.613 0.019
54011.172145 g 19.649 0.032
54025.167834 r 18.348 0.009
54025.168667 i 17.828 0.011
54025.169500 u 22.626 0.434
54025.170334 z 17.518 0.019
54025.171167 g 19.621 0.016
54029.098158 r 18.322 0.010
54029.098991 i 17.859 0.011
54029.099825 u 21.940 0.189
54029.100658 z 17.452 0.022
54029.101491 g 19.580 0.018
#54358.121385 r -99.000 0.020
54358.122219 i 17.796 0.008
54358.123052 u 22.761 0.596
54358.123885 z 17.501 0.018
54358.124719 g 19.583 0.020
54383.169326 r 18.338 0.013
54383.170159 i 17.820 0.015
54383.170992 u 21.755 0.186
54383.171826 z 17.500 0.020
54383.172659 g 19.595 0.016
54386.166338 r 18.321 0.012
54386.167171 i 17.811 0.014
#54386.168005 u -99.000 0.529
#54386.168838 z -99.000 0.025
54386.169671 g 19.633 0.017
54403.084375 r 18.334 0.011
54403.085209 i 17.821 0.011
54403.086042 u 21.991 0.205
54403.086875 z 17.520 0.020
54403.087709 g 19.630 0.016
54406.078206 r 18.381 0.012
#54406.079039 i -99.000 0.019
54406.079872 u 23.046 0.538
54406.080706 z 17.523 0.022
54406.081539 g 19.765 0.024
54415.118694 r 18.561 0.024
54415.119527 i 17.915 0.018
#54415.120361 u 99.969 99.999
54415.121194 z 17.651 0.025
54415.122027 g 19.713 0.023
