52935.065204 r 18.364 0.009
52935.066037 i 18.200 0.009
52935.066871 u 20.381 0.063
52935.067704 z 17.963 0.024
52935.068537 g 18.860 0.009
53625.163617 r 18.116 0.008
53625.164450 i 17.989 0.009
53625.165284 u 20.211 0.063
53625.166117 z 17.736 0.020
53625.166950 g 19.257 0.014
53636.122654 r 18.187 0.008
53636.123487 i 18.008 0.009
53636.124321 u 20.254 0.057
53636.125154 z 17.783 0.021
53636.125987 g 19.275 0.012
53645.182323 r 18.287 0.008
53645.183156 i 18.174 0.009
53645.183990 u 20.192 0.061
#53645.184823 z -99.000 0.020
#53645.185656 g -99.000 0.014
53655.094658 r 18.126 0.009
53655.095491 i 18.839 0.014
53655.096325 u 20.306 0.078
53655.097158 z 17.754 0.020
53655.097991 g 18.780 0.011
53666.083218 r 18.215 0.008
53666.084051 i 18.094 0.009
53666.084885 u 20.151 0.051
53666.085718 z 17.756 0.021
53666.086551 g 19.409 0.013
53669.078857 r 18.169 0.008
53669.079690 i 17.999 0.009
53669.080524 u 20.221 0.054
53669.081357 z 17.760 0.020
53669.082190 g 19.088 0.010
53681.115989 r 18.101 0.018
53681.116822 i 17.840 0.018
53681.117656 u 20.121 0.131
53681.118489 z 17.739 0.041
#53681.119322 g -99.000 0.017
53685.075032 r 18.098 0.012
53685.075865 i 18.026 0.012
53685.076699 u 20.119 0.136
53685.077532 z 17.846 0.030
53685.078365 g 18.715 0.016
53697.073014 r 18.124 0.016
53697.073847 i 17.840 0.016
53697.074681 u 20.190 0.157
53697.075514 z 17.746 0.058
53697.076347 g 18.723 0.021
53700.071976 r 18.312 0.009
53700.072809 i 18.116 0.010
53700.073643 u 20.194 0.065
53700.074476 z 17.755 0.023
53700.075309 g 19.057 0.011
#53975.143733 r -99.000 0.016
53975.144567 i 17.902 0.019
53975.145400 u 20.123 0.057
53975.146233 z 17.706 0.030
53975.147067 g 18.750 0.008
53994.139077 r 18.250 0.035
53994.139911 i 18.230 0.036
53994.140744 u 20.275 0.052
53994.141577 z 17.781 0.020
53994.142411 g 18.971 0.028
53998.119000 r 18.207 0.011
53998.119833 i 17.986 0.012
53998.120667 u 20.189 0.050
53998.121500 z 17.759 0.018
53998.122333 g 19.023 0.028
54010.104468 r 18.127 0.010
54010.105301 i 17.885 0.012
54010.106134 u 20.237 0.065
54010.106968 z 17.770 0.019
54010.107801 g 18.984 0.028
54012.097313 r 18.135 0.012
54012.098147 i 17.930 0.011
54012.098980 u 20.282 0.107
54012.099813 z 17.738 0.022
54012.100647 g 18.729 0.018
54020.103292 r 18.289 0.023
54020.104125 i 17.952 0.011
#54020.104958 u 99.995 99.999
54020.105792 z 17.779 0.022
54020.106625 g 18.922 0.019
#54022.152573 r -99.000 0.013
54022.153406 i 17.926 0.013
#54022.154239 u -99.000 0.106
#54022.155073 z -99.000 0.046
#54022.155906 g -99.000 0.020
54028.093659 r 18.184 0.013
54028.094492 i 17.985 0.033
54028.095325 u 20.231 0.074
54028.096159 z 17.777 0.027
54028.096992 g 18.769 0.018
54030.096853 r 18.141 0.009
54030.097687 i 17.940 0.010
54030.098520 u 20.343 0.053
54030.099353 z 17.762 0.019
54030.100187 g 18.733 0.011
54037.078087 r 18.195 0.013
54037.078920 i 17.955 0.010
54037.079753 u 20.218 0.056
54037.080587 z 17.743 0.020
54037.081420 g 18.836 0.012
54040.092574 r 18.134 0.009
54040.093408 i 17.991 0.015
54040.094241 u 20.437 0.113
54040.095074 z 17.766 0.021
54040.095908 g 18.731 0.013
54050.077200 r 18.162 0.017
54050.078034 i 18.013 0.018
#54050.078867 u 99.983 99.999
54050.079700 z 17.762 0.028
54050.080534 g 18.701 0.012
54053.083360 r 18.505 0.025
54053.084193 i 18.467 0.041
54053.085026 u 20.351 0.097
54053.085860 z 17.773 0.035
54053.086693 g 19.192 0.025
54056.085038 r 18.180 0.038
54056.085871 i 17.920 0.042
54056.086705 u 20.179 0.076
#54056.087538 z -99.000 0.039
54056.088371 g 18.857 0.016
54059.079324 r 18.156 0.010
54059.080157 i 17.892 0.015
54059.080991 u 20.140 0.068
54059.081824 z 17.762 0.028
54059.082657 g 18.883 0.017
54061.090370 r 18.221 0.045
#54061.091204 i -99.000 0.026
54061.092037 u 20.919 0.192
54061.092870 z 17.845 0.031
54061.093704 g 18.767 0.028
54062.084226 r 18.177 0.018
54062.085059 i 17.859 0.025
54062.085893 u 19.992 0.072
54062.086726 z 17.762 0.033
54062.087559 g 18.726 0.019
54068.074198 r 18.100 0.015
54068.075031 i 17.996 0.023
54068.075864 u 20.401 0.210
54068.076698 z 17.789 0.032
54068.077531 g 18.765 0.020
54357.122531 r 18.118 0.009
54357.123364 i 17.970 0.017
54357.124197 u 20.136 0.057
54357.125031 z 17.757 0.030
54357.125864 g 18.711 0.011
54365.120370 r 18.211 0.013
54365.121204 i 18.068 0.020
54365.122037 u 20.115 0.075
54365.122870 z 17.766 0.024
54365.123704 g 19.068 0.031
54387.170857 r 18.171 0.014
54387.171690 i 18.001 0.043
#54387.172523 u -99.000 99.999
#54387.173357 z -99.000 0.200
54387.174190 g 18.693 0.012
54392.165573 r 18.094 0.016
#54392.166406 i -99.000 0.024
54392.167239 u 19.955 0.112
54392.168073 z 17.809 0.040
54392.168906 g 18.648 0.027
54402.164027 r 18.223 0.015
54402.164860 i 18.069 0.033
54402.165694 u 20.284 0.156
54402.166527 z 17.756 0.024
54402.167360 g 18.821 0.020
