53270.115544 r 18.692 0.919
53270.116378 i 18.488 0.330
53270.117211 u 20.801 0.108
53270.118044 z 18.347 0.056
53270.118878 g 19.315 0.864
53288.092470 r 18.784 0.013
53288.093303 i 18.401 0.011
53288.094137 u 20.725 0.080
53288.094970 z 18.277 0.028
53288.095803 g 19.285 0.015
53302.088140 r 18.789 0.013
53302.088973 i 18.530 0.013
53302.089807 u 20.685 0.136
53302.090640 z 18.173 0.027
53302.091473 g 19.431 0.026
53623.139452 r 18.739 0.013
53623.140285 i 18.430 0.012
53623.141119 u 21.147 0.126
53623.141952 z 18.337 0.028
53623.142785 g 19.294 0.015
53626.125663 r 18.716 0.014
53626.126496 i 18.437 0.013
53626.127330 u 21.150 0.188
53626.128163 z 18.397 0.031
53626.128996 g 19.428 0.023
53628.110529 r 18.735 0.019
53628.111362 i 18.468 0.018
53628.112196 u 20.907 0.251
53628.113029 z 18.545 0.048
53628.113862 g 19.269 0.029
53637.112141 r 18.815 0.016
53637.112974 i 18.376 0.014
53637.113808 u 20.988 0.117
53637.114641 z 18.447 0.036
53637.115474 g 19.270 0.016
53665.078081 r 18.771 0.044
53665.078914 i 18.592 0.052
#53665.079748 u -99.000 0.833
#53665.080581 z -99.000 0.154
#53665.081414 g -99.000 0.039
53673.062548 r 18.687 0.011
53673.063381 i 18.465 0.013
53673.064215 u 20.703 0.081
53673.065048 z 18.273 0.029
53673.065881 g 19.298 0.015
53677.080471 r 18.704 0.014
53677.081304 i 18.435 0.013
53677.082138 u 20.938 0.097
53677.082971 z 18.262 0.031
53677.083804 g 19.230 0.017
53680.067136 r 18.759 0.011
53680.067969 i 18.635 0.012
53680.068803 u 20.478 0.063
53680.069636 z 18.389 0.027
53680.070469 g 19.374 0.014
53974.140463 r 18.698 0.811
#53974.141296 i -99.000 0.851
53974.142129 u 20.512 0.154
53974.142963 z 18.362 0.901
#53974.143796 g -99.000 0.600
53989.129811 r 18.692 0.533
#53989.130645 i 18.472 1.434
53989.131478 u 20.999 0.119
53989.132311 z 18.281 0.155
53989.133145 g 19.249 0.533
54005.087888 r 18.641 0.642
54005.088721 i 18.449 0.554
54005.089554 u 20.825 0.088
54005.090388 z 18.416 0.050
54005.091221 g 19.277 0.420
54011.162237 r 18.787 0.093
54011.163070 i 18.504 0.389
54011.163904 u 20.558 0.129
54011.164737 z 18.312 0.040
54011.165570 g 19.336 0.433
54019.112651 r 18.662 0.730
54019.113485 i 18.470 0.839
54019.114318 u 20.791 0.090
54019.115151 z 18.306 0.689
54019.115985 g 19.316 0.722
54025.161264 r 18.627 0.705
54025.162097 i 18.437 0.712
54025.162930 u 20.719 0.097
54025.163764 z 18.360 0.047
54025.164597 g 19.270 0.559
54029.091593 r 18.759 0.910
#54029.092427 i 18.452 1.022
54029.093260 u 20.859 0.099
54029.094093 z 18.306 0.559
54029.094927 g 19.246 0.589
54051.068303 r 18.723 0.780
54051.069136 i 18.491 0.821
54051.069970 u 21.443 0.281
#54051.070803 z -99.000 1.047
54051.071636 g 19.325 0.730
54358.115035 r 18.794 0.690
#54358.115868 i -99.000 0.687
54358.116702 u 20.973 0.185
54358.117535 z 18.370 0.688
54358.118368 g 19.239 0.505
54365.115203 r 18.644 0.304
54365.116037 i 18.411 0.422
54365.116870 u 20.503 0.121
54365.117703 z 18.314 0.205
54365.118537 g 19.339 0.592
54383.162743 r 18.782 0.637
54383.163577 i 18.385 0.306
54383.164410 u 20.894 0.091
54383.165243 z 18.387 0.061
54383.166077 g 19.315 0.221
54386.159767 r 18.672 0.079
54386.160600 i 18.559 0.077
#54386.161433 u -99.000 0.159
54386.162267 z 18.296 0.058
54386.163100 g 19.372 0.080
54388.164221 r 18.666 0.573
54388.165055 i 18.346 0.470
54388.165888 u 20.912 0.131
54388.166721 z 18.264 0.327
54388.167555 g 19.365 0.731
54402.158845 r 18.720 0.695
54402.159678 i 18.417 0.778
54402.160511 u 20.450 0.179
54402.161345 z 18.228 0.325
54402.162178 g 19.249 0.242
#54406.071845 r -99.000 0.341
54406.072678 i 18.370 0.760
54406.073511 u 20.536 0.071
54406.074345 z 18.313 0.351
54406.075178 g 19.342 0.299
54412.074575 r 18.606 0.707
54412.075409 i 18.550 0.837
54412.076242 u 20.376 0.085
54412.077075 z 18.252 0.306
54412.077909 g 19.170 0.549
