53270.115345 r 18.808 0.013
53270.116178 i 18.507 0.012
53270.117011 u 21.460 0.172
53270.117845 z 18.325 0.030
53270.118678 g 19.506 0.020
53288.092501 r 18.814 0.010
53288.093334 i 18.446 0.010
53288.094168 u 21.282 0.129
53288.095001 z 18.332 0.028
53288.095834 g 19.531 0.013
53302.088170 r 18.765 0.012
53302.089003 i 18.503 0.012
53302.089837 u 21.337 0.248
53302.090670 z 18.300 0.028
53302.091503 g 19.459 0.025
53623.139470 r 18.777 0.011
53623.140303 i 18.505 0.011
53623.141137 u 21.494 0.176
53623.141970 z 18.325 0.028
53623.142803 g 19.554 0.015
53626.125693 r 18.763 0.014
53626.126526 i 18.503 0.013
53626.127360 u 21.406 0.244
53626.128193 z 18.301 0.028
53626.129026 g 19.546 0.023
53628.110560 r 18.756 0.017
53628.111393 i 18.562 0.016
53628.112227 u 21.447 0.418
53628.113060 z 18.330 0.038
53628.113893 g 19.481 0.032
53637.112172 r 18.802 0.011
53637.113005 i 18.510 0.012
53637.113839 u 21.178 0.140
#53637.114672 z -99.000 0.031
53637.115505 g 19.517 0.014
53656.086834 r 18.910 0.022
53656.087667 i 18.712 0.020
53656.088501 u 22.064 0.740
53656.089334 z 18.598 0.049
53656.090167 g 19.533 0.032
53665.078098 r 18.729 0.034
#53665.078931 i -99.000 0.039
#53665.079765 u -99.000 0.536
#53665.080598 z -99.000 0.122
#53665.081431 g -99.000 0.031
53673.062577 r 18.760 0.010
53673.063410 i 18.523 0.011
53673.064244 u 21.241 0.122
53673.065077 z 18.361 0.030
53673.065910 g 19.515 0.013
53677.080501 r 18.727 0.011
#53677.081334 i -99.000 0.012
53677.082168 u 21.440 0.142
53677.083001 z 18.230 0.028
53677.083834 g 19.565 0.014
53680.067158 r 18.766 0.010
53680.067991 i 18.517 0.011
53680.068825 u 21.243 0.112
53680.069658 z 18.348 0.025
53680.070491 g 19.503 0.013
53693.069074 r 18.765 0.011
53693.069907 i 18.517 0.011
53693.070741 u 21.127 0.122
53693.071574 z 18.323 0.030
53693.072407 g 19.482 0.014
53702.064744 r 18.938 0.022
53702.065577 i 18.735 0.026
53702.066411 u 22.422 0.680
53702.067244 z 19.336 0.151
#53702.068077 g -99.000 0.024
53703.073880 r 18.879 0.015
53703.074713 i 18.500 0.024
53703.075547 u 21.899 0.372
53703.076380 z 18.536 0.054
53703.077213 g 19.610 0.019
#53974.140337 r -99.000 0.602
53974.141171 i 18.538 0.018
53974.142004 u 21.519 0.127
53974.142837 z 18.326 0.027
53974.143671 g 19.543 0.010
53989.129768 r 18.775 0.021
53989.130601 i 18.492 0.009
53989.131434 u 21.438 0.135
53989.132268 z 18.314 0.023
53989.133101 g 19.505 0.011
53995.137689 r 18.787 0.010
53995.138522 i 18.479 0.036
53995.139355 u 21.260 0.102
53995.140189 z 18.278 0.033
53995.141022 g 19.554 0.010
53997.116069 r 18.765 0.021
53997.116902 i 18.531 0.014
53997.117736 u 21.284 0.145
53997.118569 z 18.259 0.031
#53997.119402 g -99.000 0.020
54005.087923 r 18.740 0.034
54005.088756 i 18.526 0.023
54005.089590 u 21.234 0.101
54005.090423 z 18.327 0.022
54005.091256 g 19.613 0.014
54007.100662 r 18.707 0.011
54007.101496 i 18.481 0.009
54007.102329 u 21.137 0.115
54007.103162 z 18.358 0.026
#54007.103996 g -99.000 0.021
54009.097775 r 18.777 0.010
54009.098608 i 18.521 0.013
54009.099442 u 21.217 0.135
54009.100275 z 18.286 0.025
54009.101108 g 19.562 0.016
54011.162263 r 18.756 0.027
54011.163096 i 18.497 0.020
54011.163930 u 21.546 0.265
54011.164763 z 18.363 0.025
54011.165596 g 19.565 0.021
54019.112486 r 18.767 0.027
54019.113320 i 18.501 0.011
54019.114153 u 21.127 0.098
54019.114986 z 18.367 0.027
54019.115820 g 19.883 0.035
54025.161285 r 18.776 0.012
54025.162118 i 18.488 0.017
54025.162952 u 21.322 0.133
54025.163785 z 18.295 0.027
54025.164618 g 19.756 0.024
54029.091611 r 18.764 0.008
54029.092445 i 18.466 0.009
54029.093278 u 21.206 0.107
54029.094111 z 18.365 0.030
54029.094945 g 19.514 0.017
54051.068198 r 18.794 0.019
#54051.069031 i -99.000 0.022
54051.069865 u 21.141 0.211
#54051.070698 z -99.000 0.057
54051.071531 g 19.517 0.026
54358.114840 r 18.793 0.028
#54358.115673 i -99.000 0.019
54358.116507 u 21.082 0.142
54358.117340 z 18.236 0.030
54358.118173 g 19.525 0.012
54383.162773 r 18.742 0.009
54383.163607 i 18.520 0.016
54383.164440 u 21.337 0.128
54383.165273 z 18.259 0.028
54383.166107 g 19.449 0.011
54386.159789 r 18.748 0.015
54386.160623 i 18.526 0.016
54386.161456 u 21.313 0.249
54386.162289 z 18.263 0.047
54386.163123 g 19.543 0.021
54388.164057 r 18.722 0.033
54388.164890 i 18.469 0.023
54388.165724 u 21.126 0.127
54388.166557 z 18.313 0.030
54388.167390 g 19.459 0.044
54403.077834 r 18.747 0.010
54403.078668 i 18.499 0.022
54403.079501 u 20.963 0.082
54403.080334 z 18.288 0.025
54403.081168 g 19.499 0.012
#54406.071679 r -99.000 0.096
54406.072512 i 18.507 0.009
54406.073346 u 21.239 0.100
54406.074179 z 18.408 0.030
54406.075012 g 19.486 0.023
54412.074593 r 18.707 0.016
#54412.075426 i -99.000 0.019
54412.076260 u 21.531 0.204
54412.077093 z 18.303 0.038
54412.077926 g 19.491 0.013
54415.112154 r 18.733 0.009
54415.112987 i 18.495 0.013
54415.113820 u 21.306 0.130
54415.114654 z 18.319 0.029
54415.115487 g 19.533 0.012
