53270.109537 r 18.937 0.125
53270.110370 i 18.676 0.143
53270.111204 u 20.346 0.076
53270.112037 z 18.652 0.187
53270.112870 g 19.419 0.093
53288.086691 r 18.826 0.011
53288.087524 i 18.671 0.012
53288.088358 u 20.397 0.058
#53288.089191 z -99.000 0.032
53288.090024 g 19.301 0.013
53302.082361 r 18.881 0.013
53302.083194 i 18.673 0.014
53302.084028 u 20.779 0.152
53302.084861 z 18.582 0.035
53302.085694 g 19.354 0.021
53623.133673 r 18.869 0.012
53623.134506 i 18.699 0.014
53623.135340 u 20.373 0.075
53623.136173 z 18.539 0.033
53623.137006 g 19.371 0.016
53626.119884 r 18.984 0.017
53626.120717 i 18.765 0.017
53626.121551 u 20.308 0.097
53626.122384 z 18.657 0.039
53626.123217 g 19.420 0.024
53628.104750 r 18.976 0.020
53628.105583 i 18.605 0.017
53628.106417 u 20.411 0.149
53628.107250 z 18.530 0.045
53628.108083 g 19.569 0.040
53637.106362 r 18.983 0.012
53637.107195 i 18.707 0.013
53637.108029 u 20.419 0.068
53637.108862 z 18.485 0.034
53637.109695 g 19.391 0.015
53656.081023 r 18.979 0.022
53656.081856 i 18.747 0.020
53656.082690 u 20.359 0.153
53656.083523 z 18.719 0.057
53656.084356 g 19.763 0.044
53673.056769 r 18.809 0.011
53673.057602 i 18.608 0.013
53673.058436 u 20.480 0.072
53673.059269 z 18.612 0.038
53673.060102 g 19.327 0.014
53677.074693 r 18.745 0.011
53677.075526 i 18.488 0.012
53677.076360 u 20.286 0.056
53677.077193 z 18.502 0.040
53677.078026 g 19.494 0.019
53680.061357 r 18.828 0.011
53680.062190 i 18.644 0.012
53680.063024 u 20.378 0.057
53680.063857 z 18.614 0.031
53680.064690 g 19.296 0.013
53693.063266 r 18.842 0.012
53693.064099 i 18.525 0.012
53693.064933 u 20.571 0.083
53693.065766 z 18.774 0.044
53693.066599 g 19.272 0.014
53989.123955 r 18.899 0.073
53989.124788 i 18.611 0.102
53989.125622 u 20.408 0.055
53989.126455 z 18.546 0.115
53989.127288 g 19.280 0.050
54005.082110 r 18.989 0.138
54005.082943 i 18.641 0.135
54005.083776 u 20.408 0.058
54005.084610 z 18.614 0.158
54005.085443 g 19.316 0.084
54009.091971 r 18.892 0.132
54009.092805 i 18.599 0.141
54009.093638 u 20.458 0.080
54009.094471 z 18.536 0.151
54009.095305 g 19.371 0.072
54011.156463 r 18.886 0.155
54011.157297 i 18.743 0.203
54011.158130 u 20.474 0.114
54011.158963 z 18.584 0.168
54011.159797 g 19.462 0.114
54019.106665 r 18.890 0.112
54019.107498 i 18.664 0.126
54019.108332 u 20.397 0.064
54019.109165 z 18.726 0.172
54019.109998 g 19.397 0.075
54025.155477 r 18.939 0.134
54025.156310 i 18.640 0.140
54025.157143 u 20.367 0.064
54025.157977 z 18.830 0.231
54025.158810 g 19.314 0.076
54051.062401 r 18.876 0.117
#54051.063234 i -99.000 0.145
54051.064068 u 20.442 0.093
54051.064901 z 18.469 0.149
54051.065734 g 19.605 0.112
54358.109032 r 18.790 0.093
54358.109865 i 19.081 0.194
54358.110698 u 20.486 0.077
54358.111532 z 18.514 0.132
54358.112365 g 19.404 0.074
54388.158253 r 18.840 0.101
54388.159087 i 18.654 0.129
54388.159920 u 20.430 0.075
54388.160753 z 18.665 0.177
54388.161587 g 19.489 0.087
54403.072034 r 18.845 0.140
54403.072867 i 18.608 0.121
54403.073700 u 20.391 0.057
54403.074534 z 18.591 0.189
54403.075367 g 19.367 0.081
54406.065864 r 18.818 0.110
54406.066697 i 18.629 0.112
54406.067530 u 20.386 0.063
54406.068364 z 18.674 0.167
54406.069197 g 19.389 0.086
#54412.068788 r -99.000 0.116
54412.069621 i 18.764 0.197
54412.070455 u 20.446 0.091
54412.071288 z 18.666 0.186
54412.072121 g 19.420 0.079
#54415.106347 r -99.000 0.144
54415.107180 i 18.616 0.148
#54415.108013 u -99.000 0.109
#54415.108847 z -99.000 0.170
54415.109680 g 19.423 0.109
