53270.110239 r 15.657 0.004
53270.111072 i 15.468 0.002
53270.111906 u 17.791 0.020
53270.112739 z 15.345 0.032
#53270.113572 g -99.000 0.004
53288.087396 r 15.645 0.004
53288.088229 i 15.454 0.004
53288.089063 u 17.829 0.012
53288.089896 z 15.321 0.005
53288.090729 g 16.245 0.004
53302.083064 r 15.646 0.004
53302.083897 i 15.480 0.004
53302.084731 u 17.801 0.015
#53302.085564 z -99.000 0.006
53302.086397 g 16.246 0.004
53623.134375 r 15.640 0.004
53623.135208 i 15.391 0.004
53623.136042 u 17.851 0.013
53623.136875 z 15.327 0.005
53623.137708 g 16.291 0.004
53625.153356 r 15.679 0.004
53625.154189 i 15.476 0.004
53625.155023 u 17.817 0.013
53625.155856 z 15.341 0.006
53625.156689 g 16.233 0.004
53626.120587 r 15.674 0.004
53626.121420 i 15.460 0.004
53626.122254 u 17.807 0.015
53626.123087 z 15.345 0.006
53626.123920 g 16.238 0.004
53628.105453 r 15.643 0.004
53628.106286 i 15.462 0.004
53628.107120 u 17.816 0.019
53628.107953 z 15.331 0.005
53628.108786 g 16.239 0.004
53636.112393 r 15.659 0.004
53636.113226 i 15.446 0.005
53636.114060 u 17.860 0.013
53636.114893 z 15.344 0.006
53636.115726 g 16.228 0.004
53637.107066 r 15.644 0.003
53637.107899 i 15.449 0.004
53637.108733 u 17.800 0.013
53637.109566 z 15.328 0.005
53637.110399 g 16.231 0.004
53645.172048 r 15.682 0.004
53645.172881 i 15.475 0.004
53645.173715 u 17.845 0.013
53645.174548 z 15.345 0.005
53645.175381 g 16.229 0.004
53655.084397 r 15.685 0.004
53655.085230 i 15.455 0.004
53655.086064 u 17.841 0.014
53655.086897 z 15.331 0.006
53655.087730 g 16.235 0.005
53656.081726 r 15.699 0.003
53656.082559 i 15.459 0.003
53656.083393 u 17.815 0.019
53656.084226 z 15.340 0.005
53656.085059 g 16.248 0.004
#53665.073003 r -99.000 0.009
#53665.073836 i -99.000 0.010
#53665.074670 u -99.000 0.042
#53665.075503 z -99.000 0.010
#53665.076336 g -99.000 0.006
53669.068585 r 15.642 0.007
53669.069418 i 15.441 0.007
53669.070252 u 17.840 0.015
53669.071085 z 15.352 0.009
53669.071918 g 16.257 0.007
53673.057471 r 15.646 0.004
53673.058304 i 15.446 0.004
53673.059138 u 17.843 0.013
53673.059971 z 15.333 0.005
53673.060804 g 16.280 0.004
53677.075395 r 15.642 0.004
53677.076228 i 15.510 0.004
53677.077062 u 17.811 0.012
53677.077895 z 15.337 0.005
53677.078728 g 16.221 0.003
53680.062059 r 17.853 0.007
#53680.062892 i -99.000 0.007
53680.063726 u 19.970 0.047
53680.064559 z 17.724 0.018
53680.065392 g 25.108 0.720
53680.062060 r 15.793 0.005
#53680.062893 i -99.000 0.007
53680.063727 u 17.965 0.013
53680.064560 z 15.457 0.006
53680.065393 g 16.228 0.004
53681.105718 r 15.680 0.004
53681.106551 i 15.443 0.005
53681.107385 u 17.786 0.019
#53681.108218 z -99.000 0.008
53681.109051 g 16.228 0.005
53685.064769 r 15.661 0.003
53685.065602 i 15.436 0.003
53685.066436 u 17.815 0.019
53685.067269 z 15.325 0.006
53685.068102 g 16.231 0.004
53687.103124 r 15.678 0.004
53687.103957 i 15.449 0.004
53687.104791 u 17.843 0.022
53687.105624 z 15.330 0.005
53687.106457 g 16.231 0.004
53693.063968 r 15.651 0.003
53693.064801 i 15.493 0.004
53693.065635 u 17.847 0.013
53693.066468 z 15.342 0.005
53693.067301 g 16.243 0.004
#53697.062753 r -99.000 0.007
#53697.063586 i -99.000 0.007
#53697.064420 u -99.000 0.053
#53697.065253 z -99.000 0.015
53697.066086 g 16.259 0.007
53700.061717 r 15.684 0.003
53700.062550 i 15.441 0.003
53700.063384 u 17.841 0.015
53700.064217 z 15.322 0.005
53700.065050 g 16.224 0.004
53703.068771 r 15.653 0.012
53703.069605 i 15.461 0.002
53703.070438 u 17.882 0.019
53703.071271 z 15.334 0.010
53703.072105 g 16.215 0.012
53705.048386 r 15.663 0.003
53705.049219 i 15.452 0.003
53705.050053 u 17.846 0.015
53705.050886 z 15.330 0.005
53705.051719 g 16.231 0.004
#53975.133374 r -99.000 0.007
53975.134208 i 15.398 0.003
53975.135041 u 17.859 0.019
53975.135874 z 15.335 0.018
53975.136708 g 16.231 0.024
53989.124660 r 15.705 0.002
53989.125493 i 15.445 0.011
53989.126326 u 17.865 0.025
53989.127160 z 15.367 0.021
53989.127993 g 16.227 0.022
53994.128823 r 15.633 0.023
53994.129656 i 15.391 0.002
53994.130489 u 17.854 0.017
53994.131323 z 15.331 0.009
53994.132156 g 16.199 0.011
53995.132593 r 15.684 0.004
53995.133427 i 15.515 0.009
53995.134260 u 17.835 0.017
53995.135093 z 15.391 0.013
53995.135927 g 16.264 0.013
53998.108733 r 15.633 0.002
53998.109567 i 15.392 0.006
53998.110400 u 17.840 0.020
53998.111233 z 15.413 0.010
53998.112067 g 16.213 0.023
54005.082809 r 15.691 0.002
54005.083642 i 15.508 0.027
54005.084476 u 17.839 0.014
54005.085309 z 15.403 0.031
54005.086142 g 16.231 0.006
54007.095570 r 15.708 0.018
54007.096404 i 15.496 0.005
54007.097237 u 17.815 0.019
54007.098070 z 15.308 0.017
54007.098904 g 16.250 0.011
54009.092676 r 15.706 0.023
54009.093509 i 15.526 0.077
54009.094342 u 17.817 0.023
54009.095176 z 15.407 0.020
#54009.096009 g -99.000 0.007
54010.094202 r 15.641 0.007
#54010.095036 i -99.000 0.036
54010.095869 u 17.827 0.019
54010.096702 z 15.315 0.005
54010.097536 g 16.143 0.007
54011.157171 r 15.692 0.013
54011.158004 i 15.515 0.002
54011.158837 u 17.827 0.020
54011.159671 z 15.364 0.019
54011.160504 g 16.221 0.012
54012.087050 r 15.662 0.017
54012.087883 i 15.367 0.042
54012.088716 u 17.853 0.024
54012.089550 z 15.399 0.014
54012.090383 g 16.241 0.012
54019.107372 r 15.682 0.001
54019.108205 i 15.493 0.002
54019.109039 u 17.818 0.014
54019.109872 z 15.278 0.008
54019.110705 g 16.260 0.003
54020.093028 r 15.623 0.014
54020.093861 i 15.390 0.011
54020.094694 u 17.831 0.019
54020.095528 z 15.292 0.006
54020.096361 g 16.204 0.002
54022.142338 r 15.649 0.002
54022.143171 i 15.393 0.048
54022.144005 u 17.841 0.020
54022.144838 z 15.301 0.009
54022.145671 g 16.179 0.034
54025.156179 r 15.688 0.002
54025.157013 i 15.507 0.024
54025.157846 u 17.829 0.015
54025.158679 z 15.282 0.006
54025.159513 g 16.252 0.009
#54028.083404 r -99.000 0.005
54028.084237 i 15.397 0.005
54028.085071 u 17.846 0.020
#54028.085904 z -99.000 0.021
54028.086737 g 16.256 0.007
54029.086512 r 15.715 0.008
54029.087345 i 15.519 0.029
54029.088178 u 17.801 0.015
54029.089012 z 15.382 0.019
54029.089845 g 16.242 0.024
54030.086589 r 15.703 0.047
54030.087423 i 15.422 0.033
54030.088256 u 17.829 0.016
54030.089089 z 15.314 0.012
54030.089923 g 16.211 0.004
54032.075851 r 15.711 0.005
#54032.076685 i -99.000 0.012
54032.077518 u 17.822 0.021
#54032.078351 z -99.000 0.013
#54032.079185 g -99.000 0.020
54034.146087 r 15.680 0.005
54034.146920 i 15.440 0.006
54034.147754 u 17.834 0.020
54034.148587 z 15.319 0.010
54034.149420 g 16.223 0.005
54037.067830 r 15.613 0.007
54037.068663 i 15.419 0.027
54037.069497 u 17.831 0.021
#54037.070330 z -99.000 0.012
54037.071163 g 16.229 0.006
54040.082307 r 15.670 0.006
54040.083141 i 15.451 0.007
54040.083974 u 17.831 0.029
54040.084807 z 15.358 0.009
54040.085641 g 16.222 0.007
#54050.066939 r -99.000 0.029
54050.067772 i 15.408 0.004
54050.068606 u 17.843 0.023
54050.069439 z 15.341 0.015
54050.070272 g 16.206 0.002
54051.063088 r 15.650 0.002
54051.063921 i 15.458 0.002
54051.064754 u 17.859 0.019
54051.065588 z 15.311 0.014
54051.066421 g 16.255 0.011
54053.073110 r 15.591 0.006
54053.073944 i 15.429 0.030
54053.074777 u 17.828 0.021
#54053.075610 z -99.000 0.020
#54053.076444 g -99.000 0.008
#54056.074777 r -99.000 0.019
#54056.075610 i -99.000 0.030
54056.076444 u 17.852 0.024
#54056.077277 z -99.000 0.021
#54056.078110 g -99.000 0.002
54059.069063 r 15.639 0.003
54059.069897 i 15.391 0.014
54059.070730 u 17.858 0.021
54059.071563 z 15.303 0.015
54059.072397 g 16.229 0.005
54061.080109 r 15.685 0.017
54061.080943 i 15.402 0.002
54061.081776 u 17.810 0.022
54061.082609 z 15.312 0.017
54061.083443 g 16.213 0.037
#54062.073961 r -99.000 0.073
54062.074794 i 15.434 0.014
54062.075627 u 17.847 0.025
54062.076461 z 15.348 0.015
54062.077294 g 16.198 0.002
54068.063935 r 15.660 0.006
54068.064768 i 15.425 0.015
54068.065602 u 17.859 0.023
54068.066435 z 15.309 0.011
54068.067268 g 16.219 0.006
54357.112267 r 15.627 0.003
54357.113100 i 15.431 0.002
54357.113934 u 17.821 0.017
54357.114767 z 15.308 0.010
54357.115600 g 16.229 0.022
54358.109739 r 15.647 0.007
54358.110572 i 15.411 0.003
54358.111406 u 17.819 0.020
54358.112239 z 15.443 0.017
54358.113072 g 16.210 0.029
54365.110121 r 15.594 0.007
54365.110954 i 15.400 0.002
54365.111788 u 17.859 0.020
54365.112621 z 15.373 0.010
54365.113454 g 16.208 0.009
#54382.151937 r -99.000 0.013
#54382.152770 i -99.000 0.005
54382.153603 u 17.811 0.021
54382.154437 z 15.341 0.009
#54382.155270 g -99.000 0.004
54385.160075 r 15.635 0.034
54385.160908 i 15.437 0.033
54385.161742 u 17.836 0.024
54385.162575 z 15.281 0.011
54385.163408 g 16.184 0.029
54386.154686 r 15.633 0.024
54386.155519 i 15.497 0.009
54386.156353 u 17.790 0.024
54386.157186 z 15.312 0.011
54386.158019 g 16.281 0.006
#54387.160579 r -99.000 0.004
54387.161412 i 15.389 0.006
54387.162245 u 17.811 0.023
54387.163079 z 15.340 0.010
54387.163912 g 16.191 0.021
54388.158957 r 15.673 0.011
54388.159790 i 15.461 0.002
54388.160623 u 17.833 0.020
54388.161457 z 15.344 0.009
54388.162290 g 16.266 0.006
54392.155310 r 15.661 0.009
54392.156143 i 15.447 0.006
54392.156976 u 17.827 0.025
54392.157810 z 15.328 0.010
54392.158643 g 16.223 0.009
54403.072730 r 15.690 0.034
54403.073563 i 15.486 0.002
54403.074396 u 17.789 0.022
#54403.075230 z -99.000 0.010
54403.076063 g 16.247 0.007
54406.066557 r 15.657 0.018
#54406.067390 i -99.000 0.005
54406.068223 u 17.782 0.019
#54406.069057 z -99.000 0.015
54406.069890 g 16.252 0.012
54412.069485 r 15.676 0.002
54412.070318 i 15.469 0.069
54412.071151 u 17.768 0.023
54412.071985 z 15.357 0.013
54412.072818 g 16.288 0.006
54415.107070 r 15.676 0.010
54415.107903 i 15.502 0.050
#54415.108737 u -99.000 0.022
#54415.109570 z -99.000 0.012
#54415.110403 g -99.000 0.012
