53270.106918 r 19.039 0.200
53270.107752 i 18.762 0.177
53270.108585 u 21.160 0.150
53270.109418 z 18.609 0.079
53270.110252 g 19.663 0.140
#53288.084040 r -99.000 0.012
#53288.084873 i -99.000 0.012
53288.085707 u 21.429 0.136
53288.086540 z 18.687 0.038
53288.087373 g 19.738 0.014
53302.079709 r 19.052 0.015
53302.080542 i 18.883 0.016
#53302.081376 u -99.000 0.268
#53302.082209 z -99.000 0.784
#53302.083042 g -99.000 1.522
53623.131020 r 19.041 0.014
#53623.131853 i -99.000 0.015
53623.132687 u 21.152 0.141
53623.133520 z 18.624 0.042
53623.134353 g 19.712 0.018
53626.117233 r 18.995 0.016
53626.118066 i 18.751 0.015
53626.118900 u 20.914 0.170
53626.119733 z 18.570 0.041
53626.120566 g 19.671 0.027
53628.102097 r 19.138 0.024
53628.102930 i 18.799 0.019
53628.103764 u 20.760 0.219
53628.104597 z 18.605 0.051
53628.105430 g 19.777 0.039
53637.103709 r 19.016 0.014
53637.104542 i 18.775 0.015
53637.105376 u 21.300 0.171
53637.106209 z 18.589 0.042
53637.107042 g 19.661 0.015
53656.078370 r 19.349 0.027
53656.079203 i 19.031 0.026
53656.080037 u 21.300 0.344
53656.080870 z 19.017 0.078
53656.081703 g 20.109 0.053
53673.054117 r 19.060 0.015
53673.054950 i 18.893 0.016
53673.055784 u 21.551 0.196
53673.056617 z 18.670 0.043
53673.057450 g 19.721 0.017
53677.072039 r 19.209 0.017
#53677.072872 i -99.000 0.031
53677.073706 u 21.276 0.121
#53677.074539 z -99.000 0.045
53677.075372 g 19.845 0.016
53693.060613 r 19.115 0.016
53693.061446 i 18.726 0.014
53693.062280 u 22.295 0.425
53693.063113 z 18.686 0.049
53693.063946 g 19.701 0.018
53989.121302 r 19.105 0.230
53989.122135 i 18.855 0.246
53989.122969 u 21.348 0.130
53989.123802 z 18.640 0.045
53989.124635 g 19.872 0.146
53995.129232 r 19.026 0.275
53995.130066 i 18.745 0.339
53995.130899 u 21.102 0.109
53995.131732 z 18.595 0.194
53995.132566 g 19.704 0.209
#53997.107604 r -99.000 0.394
53997.108437 i 19.163 0.312
53997.109270 u 21.946 0.332
53997.110104 z 18.846 0.164
53997.110937 g 19.926 0.335
54005.079457 r 19.098 0.189
54005.080290 i 18.869 0.157
54005.081123 u 21.241 0.341
54005.081957 z 18.679 0.186
54005.082790 g 19.789 0.194
54009.089312 r 19.004 0.137
54009.090146 i 18.727 0.183
54009.090979 u 21.171 0.149
54009.091812 z 18.559 0.038
54009.092646 g 19.653 0.055
54011.153803 r 19.088 0.048
54011.154636 i 18.796 0.035
54011.155469 u 21.535 0.251
#54011.156303 z -99.000 0.041
54011.157136 g 19.809 0.051
54019.104016 r 19.251 0.220
54019.104849 i 18.710 0.229
54019.105683 u 21.493 0.189
54019.106516 z 18.655 0.113
54019.107349 g 19.824 0.170
54025.152827 r 19.011 0.146
54025.153660 i 18.756 0.104
54025.154493 u 21.311 0.175
54025.155327 z 18.640 0.120
54025.156160 g 19.753 0.156
54029.083154 r 19.133 0.243
54029.083987 i 18.830 0.239
54029.084820 u 21.525 0.172
54029.085654 z 18.577 0.043
54029.086487 g 19.838 0.043
54051.059735 r 19.218 0.076
#54051.060568 i -99.000 0.171
54051.061402 u 22.524 0.847
54051.062235 z 18.698 0.083
54051.063068 g 19.688 0.157
54358.106387 r 19.021 0.210
#54358.107220 i -99.000 0.270
54358.108053 u 21.631 0.249
54358.108887 z 18.803 0.082
54358.109720 g 19.883 0.209
54403.069374 r 19.226 0.244
54403.070208 i 18.781 0.173
54403.071041 u 21.110 0.112
54403.071874 z 18.687 0.043
54403.072708 g 19.737 0.154
54412.066129 r 19.099 0.138
54412.066962 i 18.793 0.170
54412.067796 u 21.424 0.217
54412.068629 z 18.661 0.088
54412.069462 g 19.765 0.093
