53625.155330 r 17.536 0.006
53625.156163 i 17.037 0.006
53625.156997 u 21.506 0.184
53625.157830 z 16.789 0.010
53625.158663 g 18.733 0.011
53636.114368 r 17.539 0.006
53636.115201 i 17.057 0.007
53636.116035 u 21.756 0.166
53636.116868 z 16.822 0.010
53636.117701 g 18.807 0.009
53645.174035 r 17.527 0.006
53645.174868 i 17.106 0.006
53645.175702 u 21.840 0.227
53645.176535 z 16.843 0.010
53645.177368 g 18.838 0.009
53655.086371 r 17.557 0.006
53655.087204 i 17.065 0.006
53655.088038 u 21.475 0.206
53655.088871 z 16.805 0.010
#53655.089704 g -99.000 0.012
53669.070570 r 17.512 0.006
53669.071403 i 17.026 0.006
53669.072237 u 21.305 0.113
53669.073070 z 16.768 0.010
53669.073903 g 18.749 0.009
53674.054804 r 17.533 0.006
53674.055637 i 17.028 0.006
53674.056471 u 21.126 0.108
53674.057304 z 16.771 0.010
53674.058137 g 18.772 0.009
53681.107703 r 17.573 0.009
53681.108536 i 17.052 0.008
53681.109370 u 21.890 0.376
#53681.110203 z -99.000 0.015
#53681.111036 g -99.000 0.022
53687.105099 r 17.345 0.007
53687.105932 i 16.928 0.006
#53687.106766 u 25.711 2.738
53687.107599 z 16.677 0.011
53687.108432 g 18.503 0.015
#53697.064727 r -99.000 0.025
#53697.065560 i -99.000 0.018
53697.066394 u 20.915 0.431
#53697.067227 z -99.000 0.029
#53697.068060 g -99.000 0.024
53700.063691 r 17.447 0.006
53700.064524 i 17.079 0.006
53700.065358 u 21.604 0.208
53700.066191 z 16.797 0.011
53700.067024 g 18.653 0.009
53705.050360 r 17.389 0.006
53705.051193 i 17.067 0.006
53705.052027 u 22.271 0.398
53705.052860 z 16.704 0.010
53705.053693 g 18.651 0.010
53975.135351 r 17.496 0.024
53975.136185 i 16.987 0.023
53975.137018 u 20.434 0.065
#53975.137851 z -99.000 0.017
53975.138685 g 18.632 0.008
53994.130806 r 17.571 0.010
53994.131640 i 17.104 0.008
53994.132473 u 21.524 0.194
53994.133306 z 16.773 0.013
53994.134140 g 18.778 0.025
#53998.110718 r -99.000 0.116
53998.111552 i 17.108 0.009
53998.112385 u 21.465 0.146
#53998.113218 z -99.000 0.020
53998.114052 g 18.801 0.023
54010.096184 r 17.571 0.014
54010.097017 i 17.132 0.010
54010.097851 u 21.473 0.207
54010.098684 z 16.843 0.014
54010.099517 g 18.760 0.022
#54012.089025 r -99.000 0.041
54012.089859 i 17.098 0.027
54012.090692 u 22.000 0.555
54012.091525 z 16.850 0.015
54012.092359 g 18.934 0.038
54020.095008 r 17.566 0.054
54020.095841 i 17.068 0.005
54020.096675 u 21.316 0.154
54020.097508 z 16.811 0.011
54020.098341 g 18.806 0.025
#54022.144284 r -99.000 0.034
54022.145117 i 17.082 0.035
54022.145951 u 21.359 0.171
#54022.146784 z -99.000 0.016
#54022.147617 g -99.000 0.013
54030.088560 r 17.593 0.008
54030.089393 i 17.080 0.020
54030.090227 u 21.398 0.169
54030.091060 z 16.814 0.015
54030.091893 g 18.891 0.034
#54032.078148 r -99.000 0.020
54032.078981 i 17.147 0.012
#54032.079815 u -99.000 0.231
#54032.080648 z -99.000 0.015
#54032.081481 g -99.000 0.048
#54034.148252 r -99.000 0.040
54034.149085 i 16.987 0.017
54034.149919 u 22.072 0.465
#54034.150752 z -99.000 0.015
#54034.151585 g -99.000 0.010
54037.069802 r 17.579 0.052
54037.070635 i 17.096 0.007
54037.071469 u 21.654 0.252
54037.072302 z 16.849 0.023
54037.073135 g 18.804 0.023
54040.084286 r 17.531 0.010
54040.085119 i 17.079 0.015
54040.085952 u 21.764 0.427
54040.086786 z 16.808 0.012
54040.087619 g 18.792 0.022
54050.068916 r 17.463 0.007
54050.069749 i 17.011 0.043
54050.070582 u 20.229 0.063
54050.071416 z 16.770 0.015
54050.072249 g 18.626 0.033
54056.076749 r 17.601 0.046
54056.077582 i 17.040 0.035
54056.078416 u 21.440 0.237
#54056.079249 z -99.000 0.018
54056.080082 g 18.637 0.039
54059.071036 r 17.465 0.036
#54059.071869 i -99.000 0.013
54059.072702 u 20.276 0.081
54059.073536 z 16.745 0.014
54059.074369 g 18.560 0.018
54061.082083 r 17.564 0.009
54061.082916 i 17.064 0.053
54061.083750 u 21.648 0.248
54061.084583 z 16.791 0.015
54061.085416 g 18.650 0.026
54062.075938 r 17.467 0.006
#54062.076772 i -99.000 0.007
54062.077605 u 20.258 0.133
54062.078438 z 16.762 0.020
#54062.079272 g -99.000 0.011
54068.065910 r 17.816 0.024
54068.066743 i 17.177 0.022
#54068.067577 u 24.655 9.169
54068.068410 z 16.916 0.017
54068.069243 g 19.416 0.047
54357.114229 r 17.586 0.011
#54357.115063 i -99.000 0.008
54357.115896 u 21.378 0.150
54357.116729 z 16.841 0.014
54357.117563 g 18.914 0.027
54365.112079 r 17.586 0.058
54365.112913 i 17.085 0.030
54365.113746 u 21.429 1.000
54365.114579 z 16.809 0.014
#54365.115413 g -99.000 0.025
54385.162059 r 17.552 0.007
54385.162893 i 17.087 0.015
54385.163726 u 21.415 0.181
#54385.164559 z -99.000 0.017
54385.165393 g 18.784 0.023
54392.157280 r 17.524 0.032
54392.158113 i 17.113 0.026
54392.158946 u 21.148 0.192
#54392.159780 z -99.000 0.014
54392.160613 g 18.747 0.020
