53270.111127 r 18.375 0.019
53270.111960 i 18.156 0.017
53270.112793 u 20.525 0.095
53270.113627 z 18.005 0.025
53270.114460 g 19.074 0.019
53288.088274 r 18.491 0.009
53288.089107 i 18.171 0.009
53288.089941 u 20.657 0.071
53288.090774 z 17.971 0.020
53288.091607 g 19.096 0.011
53623.135255 r 18.284 0.009
53623.136088 i 17.947 0.009
53623.136922 u 20.656 0.093
53623.137755 z 18.070 0.025
53623.138588 g 18.945 0.012
53628.106332 r 18.410 0.013
53628.107165 i 18.277 0.014
53628.107999 u 20.675 0.217
53628.108832 z 18.541 0.045
53628.109665 g 19.177 0.025
53637.107945 r 18.348 0.008
53637.108778 i 18.189 0.010
53637.109612 u 20.508 0.075
53637.110445 z 17.856 0.020
53637.111278 g 19.080 0.012
53656.082606 r 18.478 0.014
53656.083439 i 18.265 0.015
53656.084273 u 20.501 0.180
53656.085106 z 18.057 0.031
53656.085939 g 19.381 0.032
53673.058352 r 18.368 0.009
53673.059185 i 18.085 0.009
53673.060019 u 20.583 0.074
53673.060852 z 17.944 0.022
53673.061685 g 19.129 0.012
53677.076275 r 18.264 0.008
53677.077108 i 18.046 0.010
53677.077942 u 20.498 0.079
53677.078775 z 18.029 0.026
53677.079608 g 18.952 0.011
53680.062940 r 18.492 0.009
53680.063773 i 18.336 0.010
53680.064607 u 20.582 0.066
53680.065440 z 18.150 0.022
53680.066273 g 19.130 0.011
53703.069666 r 18.231 0.280
53703.070500 i 17.904 0.339
53703.071333 u 20.433 0.132
53703.072166 z 17.840 0.046
53703.073000 g 19.071 0.037
53989.125539 r 18.434 0.018
53989.126372 i 18.001 0.025
53989.127206 u 20.622 0.066
53989.128039 z 17.987 0.034
53989.128872 g 19.076 0.019
53995.133473 r 18.414 0.038
53995.134306 i 18.113 0.038
53995.135139 u 20.644 0.071
53995.135973 z 17.998 0.026
53995.136806 g 19.068 0.015
54005.083689 r 18.373 0.022
54005.084522 i 18.079 0.022
54005.085355 u 20.491 0.052
54005.086189 z 17.979 0.023
54005.087022 g 19.094 0.017
54007.096460 r 18.360 0.027
54007.097294 i 18.053 0.027
54007.098127 u 20.482 0.061
54007.098960 z 17.869 0.019
54007.099794 g 19.049 0.023
54009.093554 r 18.377 0.017
54009.094387 i 18.113 0.032
54009.095220 u 20.573 0.080
54009.096054 z 17.988 0.027
54009.096887 g 19.104 0.022
54019.108252 r 18.335 0.041
54019.109086 i 18.128 0.025
54019.109919 u 20.439 0.058
54019.110752 z 17.772 0.019
54019.111586 g 19.139 0.027
54025.157150 r 18.331 0.012
54025.157983 i 18.058 0.021
54025.158817 u 20.511 0.064
54025.159650 z 17.985 0.039
54025.160483 g 18.991 0.019
54029.087408 r 18.390 0.015
54029.088241 i 18.174 0.062
54029.089074 u 20.694 0.067
54029.089908 z 18.022 0.030
54029.090741 g 19.120 0.020
54051.063973 r 18.392 0.017
54051.064806 i 18.080 0.024
54051.065640 u 20.787 0.131
#54051.066473 z -99.000 0.052
54051.067306 g 19.066 0.030
54358.110619 r 18.258 0.080
54358.111452 i 17.989 0.058
54358.112285 u 20.626 0.081
#54358.113119 z -99.000 0.034
#54358.113952 g -99.000 0.035
#54386.155567 r -99.000 0.015
54386.156400 i 18.062 0.018
#54386.157234 u -99.000 0.148
#54386.158067 z -99.000 0.035
54386.158900 g 19.134 0.025
54388.159834 r 18.367 0.022
54388.160667 i 18.142 0.019
54388.161500 u 20.582 0.086
54388.162334 z 17.824 0.032
54388.163167 g 19.091 0.023
54403.073606 r 18.363 0.030
54403.074439 i 18.100 0.037
54403.075273 u 20.502 0.060
54403.076106 z 17.954 0.028
54403.076939 g 19.045 0.019
54406.067436 r 18.383 0.024
54406.068269 i 18.064 0.042
54406.069103 u 20.664 0.067
54406.069936 z 17.933 0.031
54406.070769 g 19.037 0.033
54412.070367 r 18.403 0.030
54412.071201 i 18.212 0.022
54412.072034 u 20.425 0.103
54412.072867 z 18.173 0.062
54412.073701 g 19.084 0.037
#54415.107934 r -99.000 0.015
#54415.108767 i -99.000 0.017
54415.109600 u 20.786 0.182
#54415.110434 z -99.000 0.057
#54415.111267 g -99.000 0.021
