52935.062788 r 18.739 0.011
52935.063621 i 18.320 0.012
52935.064455 u 21.467 0.176
52935.065288 z 18.088 0.026
52935.066121 g 19.585 0.014
53313.055989 r 18.908 0.014
53313.056822 i 18.387 0.014
53313.057656 u 21.830 0.250
53313.058489 z 18.200 0.035
53313.059322 g 19.758 0.016
53625.161203 r 18.844 0.013
53625.162036 i 18.448 0.013
53625.162870 u 21.763 0.247
53625.163703 z 18.209 0.027
53625.164536 g 19.680 0.020
53636.120240 r 18.774 0.010
53636.121073 i 18.386 0.010
53636.121907 u 21.638 0.170
53636.122740 z 18.135 0.025
53636.123573 g 19.705 0.014
53645.179906 r 18.867 0.010
53645.180739 i 18.466 0.010
53645.181573 u 21.458 0.171
53645.182406 z 18.148 0.024
53645.183239 g 19.733 0.015
53655.092244 r 18.868 0.014
53655.093077 i 18.400 0.015
53655.093911 u 21.237 0.196
53655.094744 z 18.216 0.030
53655.095577 g 19.683 0.023
53664.117190 r 18.943 0.015
53664.118023 i 18.478 0.014
53664.118857 u 21.848 0.303
53664.119690 z 18.251 0.032
53664.120523 g 19.785 0.025
53669.076441 r 18.860 0.011
53669.077274 i 18.410 0.017
53669.078108 u 21.558 0.150
53669.078941 z 18.244 0.028
53669.079774 g 19.663 0.014
53674.060668 r 18.748 0.010
53674.061501 i 18.343 0.011
53674.062335 u 21.666 0.178
53674.063168 z 18.048 0.025
53674.064001 g 19.604 0.013
#53681.113573 r -99.000 0.023
53681.114406 i 18.390 0.035
53681.115240 u 22.013 0.687
#53681.116073 z -99.000 0.066
#53681.116906 g -99.000 0.046
53685.072616 r 18.850 0.019
53685.073449 i 18.381 0.017
53685.074283 u 22.125 0.966
53685.075116 z 18.099 0.039
53685.075949 g 19.752 0.041
53687.110969 r 18.762 0.017
53687.111802 i 18.262 0.014
53687.112636 u 20.908 0.326
53687.113469 z 18.101 0.031
53687.114302 g 19.640 0.035
53697.070599 r 18.831 0.040
53697.071432 i 18.365 0.031
53697.072266 u 20.697 0.224
53697.073099 z 18.231 0.069
53697.073932 g 19.600 0.035
53700.069563 r 18.871 0.012
53700.070396 i 18.467 0.014
53700.071230 u 21.738 0.278
53700.072063 z 18.103 0.029
53700.072896 g 19.717 0.016
53705.056231 r 18.727 0.011
53705.057064 i 18.279 0.012
53705.057898 u 21.380 0.190
53705.058731 z 18.022 0.028
53705.059564 g 19.564 0.016
53975.141237 r 18.915 0.045
#53975.142070 i -99.000 0.011
53975.142903 u 21.623 0.188
53975.143737 z 18.189 0.032
53975.144570 g 19.785 0.018
53994.136664 r 18.803 0.010
53994.137497 i 18.358 0.010
53994.138331 u 21.487 0.139
53994.139164 z 18.021 0.022
53994.139997 g 19.567 0.013
#53998.116572 r -99.000 0.009
53998.117405 i 18.341 0.015
53998.118239 u 21.399 0.121
53998.119072 z 18.087 0.024
53998.119905 g 19.635 0.011
54010.102049 r 18.908 0.014
54010.102883 i 18.499 0.012
54010.103716 u 21.935 0.306
54010.104549 z 18.175 0.027
54010.105383 g 19.775 0.023
54012.094895 r 18.753 0.016
54012.095728 i 18.294 0.014
54012.096562 u 21.731 0.427
54012.097395 z 18.116 0.029
54012.098228 g 19.507 0.029
54020.100884 r 18.881 0.010
54020.101717 i 18.405 0.010
54020.102551 u 21.368 0.133
54020.103384 z 18.138 0.028
54020.104217 g 19.729 0.013
#54022.150161 r -99.000 0.015
#54022.150994 i -99.000 0.012
54022.151828 u 21.893 0.321
54022.152661 z 18.121 0.036
#54022.153494 g -99.000 0.015
54028.091260 r 18.904 0.012
54028.092093 i 18.513 0.046
54028.092927 u 21.404 0.191
54028.093760 z 18.222 0.032
54028.094593 g 19.758 0.024
54030.094431 r 18.828 0.029
#54030.095265 i -99.000 0.037
54030.096098 u 21.434 0.125
54030.096931 z 18.136 0.024
54030.097765 g 19.690 0.021
54032.083692 r 18.793 0.014
#54032.084526 i -99.000 0.013
54032.085359 u 21.481 0.194
#54032.086192 z -99.000 0.026
#54032.087026 g -99.000 0.014
54034.153934 r 18.771 0.016
54034.154767 i 18.334 0.016
54034.155600 u 21.284 0.237
54034.156434 z 18.095 0.042
54034.157267 g 19.610 0.019
54037.075672 r 18.770 0.012
#54037.076505 i -99.000 0.052
54037.077339 u 21.307 0.150
54037.078172 z 18.077 0.025
54037.079005 g 19.617 0.020
54040.090163 r 18.744 0.015
54040.090996 i 18.342 0.015
54040.091829 u 21.385 0.273
54040.092663 z 18.120 0.030
54040.093496 g 19.635 0.026
54050.074785 r 18.750 0.020
54050.075618 i 18.368 0.018
54050.076451 u 21.210 0.175
54050.077285 z 18.053 0.032
54050.078118 g 19.592 0.015
54053.080952 r 18.795 0.013
54053.081785 i 18.374 0.025
54053.082619 u 21.715 0.333
54053.083452 z 18.255 0.043
54053.084285 g 19.636 0.018
#54056.082627 r -99.000 0.015
54056.083461 i 18.449 0.032
54056.084294 u 21.454 0.225
54056.085127 z 18.120 0.038
54056.085961 g 19.628 0.014
54059.076917 r 18.864 0.017
54059.077750 i 18.441 0.013
54059.078584 u 21.999 0.342
54059.079417 z 18.182 0.030
54059.080250 g 19.759 0.015
54061.087956 r 18.886 0.015
#54061.088790 i -99.000 0.017
54061.089623 u 21.540 0.267
54061.090456 z 18.220 0.040
#54061.091290 g -99.000 0.044
54062.081831 r 18.905 0.046
54062.082665 i 18.570 0.025
54062.083498 u 21.557 0.261
54062.084331 z 18.330 0.045
#54062.085165 g -99.000 0.033
54068.071776 r 18.806 0.017
54068.072610 i 18.429 0.016
#54068.073443 u 22.429 1.210
54068.074276 z 18.118 0.035
54068.075110 g 19.686 0.038
#54357.120098 r -99.000 0.008
54357.120932 i 18.354 0.013
54357.121765 u 21.236 0.137
54357.122598 z 18.044 0.025
54357.123432 g 19.623 0.018
54365.117960 r 18.876 0.016
54365.118793 i 18.410 0.019
54365.119626 u 22.317 0.607
54365.120460 z 18.121 0.028
54365.121293 g 19.686 0.025
54385.167919 r 18.930 0.014
54385.168753 i 18.516 0.015
54385.169586 u 21.363 0.166
54385.170419 z 18.203 0.027
54385.171253 g 19.767 0.015
54387.168425 r 18.707 0.014
54387.169259 i 18.358 0.014
54387.170092 u 21.492 0.270
#54387.170925 z -99.000 0.033
#54387.171759 g -99.000 0.018
#54392.163156 r -99.000 0.029
54392.163989 i 18.542 0.021
#54392.164823 u 22.586 1.218
54392.165656 z 18.195 0.038
#54392.166489 g -99.000 0.037
54402.161608 r 18.887 0.016
54402.162441 i 18.450 0.020
54402.163275 u 21.077 0.271
54402.164108 z 18.243 0.034
54402.164941 g 19.693 0.030
