53270.109042 r 19.431 0.016
53270.109875 i 19.313 0.025
53270.110708 u 21.334 0.164
53270.111542 z 21.656 0.521
53270.112375 g 20.007 0.026
#53288.086197 r -99.000 0.015
53288.087030 i 19.211 0.019
53288.087864 u 21.420 0.153
53288.088697 z 19.090 0.052
53288.089530 g 19.915 0.017
53623.133166 r 19.493 0.018
53623.133999 i 19.414 0.023
53623.134833 u 21.660 0.227
53623.135666 z 19.468 0.080
53623.136499 g 20.008 0.024
53637.105867 r 19.344 0.016
53637.106700 i 19.310 0.022
53637.107534 u 21.333 0.160
53637.108367 z 19.114 0.062
53637.109200 g 19.928 0.018
53656.080528 r 19.932 0.048
53656.081361 i 19.668 0.049
53656.082195 u 21.203 0.328
53656.083028 z 19.265 0.088
53656.083861 g 19.973 0.048
53673.056264 r 19.488 0.018
53673.057097 i 19.493 0.027
53673.057931 u 21.548 0.191
53673.058764 z 19.186 0.064
53673.059597 g 19.963 0.018
53989.123465 r 19.385 0.031
53989.124298 i 19.376 0.030
53989.125132 u 21.349 0.136
53989.125965 z 19.035 0.050
53989.126798 g 19.943 0.025
53995.131388 r 19.425 0.023
53995.132221 i 19.372 0.026
53995.133055 u 21.310 0.115
53995.133888 z 19.057 0.047
53995.134721 g 19.956 0.024
54005.081609 r 19.407 0.059
54005.082443 i 19.334 0.080
54005.083276 u 21.516 0.169
54005.084109 z 19.171 0.064
54005.084943 g 20.149 0.030
54009.091468 r 19.425 0.026
54009.092301 i 19.296 0.028
54009.093135 u 21.250 0.161
54009.093968 z 19.187 0.056
54009.094801 g 19.980 0.024
#54011.155959 r -99.000 0.023
#54011.156792 i -99.000 0.035
54011.157626 u 22.226 0.493
54011.158459 z 19.085 0.048
54011.159292 g 19.968 0.032
54025.154982 r 19.398 0.016
54025.155816 i 19.314 0.049
54025.156649 u 21.668 0.220
54025.157482 z 19.120 0.054
54025.158316 g 19.984 0.024
54029.085312 r 19.454 0.022
54029.086146 i 19.816 0.110
54029.086979 u 21.424 0.149
54029.087812 z 19.137 0.056
54029.088646 g 19.944 0.025
54388.157753 r 19.438 0.018
54388.158586 i 19.657 0.070
54388.159419 u 21.563 0.213
54388.160253 z 19.102 0.054
54388.161086 g 19.960 0.023
54403.071530 r 19.412 0.025
54403.072363 i 19.803 0.103
54403.073197 u 21.245 0.116
54403.074030 z 19.081 0.048
54403.074863 g 19.974 0.018
54406.065378 r 19.553 0.028
54406.066212 i 19.504 0.072
54406.067045 u 21.572 0.162
54406.067878 z 19.179 0.067
54406.068712 g 19.986 0.015
54415.105851 r 19.625 0.050
#54415.106685 i -99.000 0.178
#54415.107518 u -99.000 0.225
#54415.108351 z -99.000 0.175
#54415.109185 g -99.000 0.026
