53288.090765 r 19.522 0.016
53288.091598 i 19.283 0.017
53288.092432 u 21.195 0.126
53288.093265 z 19.303 0.070
53288.094098 g 19.949 0.017
53302.086434 r 19.548 0.022
53302.087267 i 19.258 0.020
53302.088101 u 21.253 0.244
53302.088934 z 19.225 0.065
53302.089767 g 19.948 0.031
53626.123958 r 19.494 0.023
53626.124791 i 19.281 0.022
53626.125625 u 21.296 0.230
53626.126458 z 19.206 0.066
53626.127291 g 19.970 0.033
53637.110434 r 19.581 0.018
53637.111267 i 19.264 0.019
53637.112101 u 20.725 0.113
53637.112934 z 19.164 0.076
53637.113767 g 20.097 0.020
53673.060841 r 19.570 0.017
53673.061674 i 19.306 0.019
53673.062508 u 21.503 0.166
53673.063341 z 19.206 0.068
53673.064174 g 20.030 0.018
53677.078764 r 19.370 0.017
53677.079597 i 19.178 0.019
53677.080431 u 21.233 0.156
53677.081264 z 19.185 0.081
53677.082097 g 19.923 0.017
53680.065429 r 19.614 0.017
53680.066262 i 19.319 0.017
53680.067096 u 21.203 0.115
53680.067929 z 19.162 0.054
53680.068762 g 20.063 0.018
53995.135976 r 19.520 0.045
53995.136809 i 19.303 0.039
53995.137643 u 20.997 0.098
53995.138476 z 19.189 0.074
#53995.139309 g -99.000 0.032
54005.086179 r 19.532 0.040
54005.087013 i 19.276 0.038
54005.087846 u 21.141 0.130
54005.088679 z 19.221 0.070
54005.089513 g 19.961 0.039
54007.098930 r 19.555 0.046
54007.099763 i 19.338 0.034
54007.100596 u 21.166 0.144
54007.101430 z 19.261 0.083
54007.102263 g 19.999 0.043
54009.096038 r 19.721 0.067
54009.096872 i 19.315 0.048
54009.097705 u 21.211 0.160
54009.098538 z 19.265 0.082
54009.099372 g 20.017 0.048
54011.160536 r 19.478 0.026
54011.161370 i 19.312 0.025
54011.162203 u 22.466 0.700
54011.163036 z 19.219 0.061
54011.163870 g 20.012 0.035
54403.076101 r 19.504 0.027
54403.076935 i 19.544 0.039
54403.077768 u 21.371 0.122
54403.078601 z 19.276 0.063
54403.079435 g 20.040 0.030
#54406.069925 r -99.000 0.034
54406.070759 i 19.308 0.029
54406.071592 u 20.991 0.096
54406.072425 z 19.210 0.069
54406.073259 g 19.906 0.023
#54415.110415 r -99.000 0.037
#54415.111248 i -99.000 0.032
54415.112081 u 20.894 0.107
54415.112915 z 19.322 0.071
54415.113748 g 20.009 0.027
