53270.108923 r 18.148 0.006
53270.109756 i 17.900 0.007
53270.110589 u 20.237 0.063
53270.111423 z 17.782 0.020
53270.112256 g 18.844 0.015
#53288.086078 r -99.000 0.009
53288.086911 i 18.154 0.009
53288.087745 u 20.514 0.069
53288.088578 z 17.985 0.021
53288.089411 g 19.098 0.010
#53302.081747 r -99.000 0.012
53302.082580 i 18.335 0.012
53302.083414 u 20.902 0.164
53302.084247 z 18.220 0.027
53302.085080 g 19.350 0.019
53623.133047 r 18.290 0.008
53623.133880 i 18.010 0.009
53623.134714 u 20.464 0.081
53623.135547 z 17.842 0.022
53623.136380 g 18.938 0.011
53626.119272 r 18.377 0.011
53626.120105 i 18.080 0.011
53626.120939 u 20.561 0.120
53626.121772 z 17.887 0.022
53626.122605 g 19.009 0.016
53628.104137 r 18.536 0.014
53628.104970 i 18.264 0.014
53628.105804 u 20.612 0.187
53628.106637 z 18.053 0.030
53628.107470 g 19.177 0.026
53637.105749 r 18.671 0.010
53637.106582 i 18.355 0.011
53637.107416 u 20.893 0.109
53637.108249 z 18.142 0.027
53637.109082 g 19.311 0.012
53655.083079 r 18.289 0.009
53655.083912 i 17.996 0.009
53655.084746 u 20.386 0.097
53655.085579 z 17.799 0.022
53655.086412 g 18.949 0.013
53656.080409 r 18.278 0.012
53656.081242 i 18.008 0.012
53656.082076 u 20.554 0.177
53656.082909 z 17.915 0.027
53656.083742 g 18.961 0.020
53673.056146 r 18.301 0.008
53673.056979 i 18.003 0.009
53673.057813 u 20.387 0.070
53673.058646 z 17.856 0.022
53673.059479 g 18.929 0.010
53677.074079 r 18.262 0.008
53677.074912 i 17.948 0.009
53677.075746 u 20.392 0.065
53677.076579 z 17.891 0.020
53677.077412 g 18.915 0.010
53680.060733 r 18.339 0.008
#53680.061566 i -99.000 0.010
53680.062400 u 20.532 0.064
53680.063233 z 17.884 0.018
53680.064066 g 18.971 0.010
53693.062642 r 18.477 0.010
53693.063475 i 18.174 0.010
53693.064309 u 20.747 0.109
53693.065142 z 18.062 0.023
53693.065975 g 19.132 0.011
#53697.061427 r -99.000 0.070
#53697.062260 i -99.000 0.060
53697.063094 u 21.181 0.715
#53697.063927 z -99.000 0.136
#53697.064760 g -99.000 0.057
53703.067445 r 18.526 0.011
53703.068278 i 18.223 0.013
53703.069112 u 20.401 0.110
53703.069945 z 18.084 0.032
53703.070778 g 19.177 0.014
53989.123399 r 18.450 0.029
53989.124232 i 18.130 0.009
53989.125066 u 20.783 0.086
53989.125899 z 17.990 0.027
53989.126732 g 19.086 0.010
#53994.127499 r -99.000 0.008
53994.128332 i 18.167 0.008
53994.129166 u 20.771 0.073
53994.129999 z 17.969 0.024
53994.130832 g 19.202 0.027
53995.131269 r 18.418 0.019
53995.132102 i 18.107 0.009
53995.132936 u 20.483 0.059
53995.133769 z 18.008 0.025
53995.134602 g 19.051 0.022
54005.081491 r 18.215 0.056
54005.082324 i 17.922 0.074
54005.083157 u 20.306 0.061
54005.083991 z 17.776 0.016
54005.084824 g 18.865 0.010
54009.091349 r 18.203 0.021
54009.092183 i 17.884 0.007
54009.093016 u 20.386 0.074
54009.093849 z 17.794 0.026
54009.094683 g 18.792 0.011
#54011.155840 r -99.000 0.013
#54011.156674 i -99.000 0.011
54011.157507 u 20.585 0.110
54011.158340 z 17.956 0.025
54011.159174 g 19.110 0.017
54019.106058 r 18.204 0.019
54019.106892 i 17.932 0.009
54019.107725 u 20.299 0.063
54019.108558 z 17.793 0.020
54019.109392 g 18.833 0.015
54020.091711 r 18.354 0.009
54020.092544 i 17.966 0.010
54020.093378 u 20.374 0.058
54020.094211 z 17.838 0.021
54020.095044 g 18.981 0.008
54022.141000 r 18.329 0.023
54022.141833 i 18.057 0.013
54022.142666 u 20.492 0.069
54022.143500 z 17.814 0.021
#54022.144333 g -99.000 0.029
54025.154864 r 18.238 0.008
54025.155697 i 17.955 0.041
54025.156530 u 20.296 0.063
54025.157364 z 17.853 0.020
54025.158197 g 18.909 0.019
54029.085190 r 18.400 0.026
54029.086024 i 18.107 0.011
54029.086857 u 20.541 0.067
54029.087690 z 17.920 0.023
54029.088524 g 19.009 0.025
54051.061774 r 18.403 0.011
54051.062607 i 18.069 0.023
54051.063440 u 20.527 0.097
54051.064274 z 17.952 0.033
54051.065107 g 19.155 0.018
54059.067740 r 18.428 0.019
54059.068574 i 18.067 0.024
54059.069407 u 20.568 0.104
54059.070240 z 17.928 0.030
54059.071074 g 19.083 0.010
54062.072644 r 18.317 0.017
54062.073477 i 17.910 0.015
54062.074310 u 20.373 0.095
54062.075144 z 17.843 0.028
54062.075977 g 19.025 0.069
54068.062614 r 18.211 0.011
54068.063447 i 17.922 0.027
#54068.064281 u 99.989 99.999
54068.065114 z 17.713 0.026
54068.065947 g 18.884 0.019
54357.110946 r 18.309 0.065
54357.111779 i 17.986 0.067
54357.112612 u 20.464 0.069
54357.113446 z 17.792 0.021
54357.114279 g 18.948 0.008
54365.108790 r 18.483 0.020
54365.109623 i 18.131 0.015
54365.110456 u 20.574 0.107
54365.111290 z 17.907 0.021
54365.112123 g 19.038 0.018
54387.159265 r 18.281 0.009
54387.160098 i 17.968 0.008
54387.160931 u 20.516 0.119
54387.161765 z 17.760 0.027
54387.162598 g 18.935 0.016
54388.157634 r 18.272 0.011
54388.158467 i 17.960 0.045
54388.159301 u 20.358 0.076
54388.160134 z 17.809 0.020
54388.160967 g 18.890 0.018
54403.071411 r 18.209 0.021
54403.072245 i 17.930 0.007
54403.073078 u 20.172 0.051
54403.073911 z 17.840 0.020
54403.074745 g 18.887 0.014
#54406.065238 r -99.000 0.018
54406.066072 i 17.907 0.033
54406.066905 u 20.243 0.053
54406.067738 z 17.750 0.023
54406.068572 g 18.816 0.010
54412.068168 r 18.216 0.024
#54412.069001 i -99.000 0.035
54412.069834 u 20.317 0.093
#54412.070668 z -99.000 0.028
54412.071501 g 18.804 0.011
#54415.105729 r -99.000 0.022
#54415.106563 i -99.000 0.021
54415.107396 u 20.366 0.093
#54415.108229 z -99.000 0.032
#54415.109063 g -99.000 0.012
