#53270.112461 r -99.000 0.065
53270.113295 i 17.793 0.043
53270.114128 u 19.584 0.040
53270.114961 z 17.626 0.019
53270.115795 g 18.422 0.020
53288.089607 r 17.934 0.007
53288.090440 i 17.697 0.007
53288.091274 u 19.643 0.038
53288.092107 z 17.793 0.019
53288.092940 g 18.427 0.007
53302.085276 r 17.922 0.008
53302.086109 i 17.721 0.008
53302.086943 u 19.634 0.059
53302.087776 z 17.620 0.018
53302.088609 g 18.434 0.010
53623.136576 r 17.917 0.007
53623.137409 i 17.713 0.008
53623.138243 u 19.824 0.051
53623.139076 z 17.580 0.017
53623.139909 g 18.419 0.008
53626.122802 r 17.915 0.008
53626.123635 i 17.830 0.009
53626.124469 u 19.774 0.062
53626.125302 z 17.644 0.019
53626.126135 g 18.608 0.012
53628.107665 r 17.969 0.010
53628.108498 i 17.695 0.010
53628.109332 u 19.701 0.085
53628.110165 z 17.603 0.021
53628.110998 g 18.636 0.016
53637.109277 r 17.948 0.007
53637.110110 i 17.713 0.007
53637.110944 u 19.826 0.048
53637.111777 z 17.762 0.022
53637.112610 g 18.693 0.009
53656.083939 r 17.981 0.010
53656.084772 i 17.896 0.011
53656.085606 u 19.653 0.083
53656.086439 z 17.633 0.023
53656.087272 g 18.724 0.019
53665.075204 r 17.982 0.018
#53665.076037 i -99.000 0.022
#53665.076871 u -99.000 0.218
#53665.077704 z -99.000 0.058
53665.078537 g 18.415 0.019
53673.059683 r 17.917 0.007
53673.060516 i 17.705 0.007
53673.061350 u 19.652 0.040
53673.062183 z 17.586 0.018
53673.063016 g 18.417 0.007
53677.077607 r 17.900 0.007
53677.078440 i 17.704 0.008
53677.079274 u 19.570 0.039
53677.080107 z 17.636 0.020
53677.080940 g 18.539 0.008
53680.064263 r 17.933 0.007
53680.065096 i 18.061 0.009
53680.065930 u 19.649 0.037
53680.066763 z 17.576 0.016
53680.067596 g 18.429 0.007
53693.066179 r 17.942 0.007
53693.067012 i 17.801 0.008
53693.067846 u 19.554 0.042
53693.068679 z 17.641 0.017
53693.069512 g 18.450 0.008
53703.070976 r 17.999 0.086
53703.071810 i 17.811 0.080
53703.072643 u 19.661 0.057
53703.073476 z 17.601 0.024
53703.074310 g 18.442 0.111
53989.126875 r 17.897 0.136
53989.127708 i 17.730 0.090
53989.128542 u 19.593 0.040
53989.129375 z 17.629 0.024
#53989.130208 g -99.000 99.999
53995.134801 r 18.208 0.028
53995.135634 i 17.823 0.043
53995.136468 u 19.585 0.033
53995.137301 z 17.605 0.017
53995.138134 g 18.566 0.024
53997.113172 r 18.114 0.122
53997.114006 i 17.703 0.088
53997.114839 u 19.709 0.049
53997.115672 z 18.406 0.091
53997.116506 g 20.135 0.280
54005.085035 r 17.905 0.045
54005.085868 i 17.702 0.022
54005.086701 u 19.643 0.038
54005.087535 z 17.614 0.017
54005.088368 g 18.426 0.023
54007.097772 r 17.928 0.052
54007.098605 i 17.709 0.080
54007.099438 u 19.674 0.045
54007.100272 z 17.596 0.017
54007.101105 g 18.587 0.028
54009.094883 r 17.897 0.031
54009.095716 i 17.716 0.028
54009.096550 u 19.955 0.073
54009.097383 z 17.645 0.020
54009.098216 g 18.964 0.048
54011.159373 r 17.907 0.018
54011.160206 i 17.726 0.028
54011.161039 u 19.929 0.091
54011.161873 z 17.626 0.020
54011.162706 g 18.394 0.013
54019.109581 r 17.941 0.093
54019.110414 i 17.716 0.110
54019.111248 u 19.597 0.037
54019.112081 z 17.617 0.018
54019.112914 g 19.040 0.054
54025.158390 r 17.898 0.032
54025.159223 i 17.708 0.053
54025.160057 u 19.650 0.045
54025.160890 z 17.626 0.021
54025.161723 g 18.419 0.031
54029.088719 r 17.906 0.035
54029.089553 i 17.758 0.049
54029.090386 u 19.848 0.051
54029.091219 z 17.598 0.020
54029.092053 g 18.740 0.029
54051.065301 r 17.900 0.045
#54051.066135 i -99.000 0.015
54051.066968 u 19.600 0.066
54051.067801 z 17.668 0.037
54051.068635 g 18.368 0.034
54358.111947 r 17.927 0.049
54358.112780 i 17.709 0.051
54358.113613 u 20.657 0.178
#54358.114447 z 29.442 99.999
#54358.115280 g 29.010 99.999
#54382.154147 r -99.000 0.066
#54382.154980 i -99.000 0.085
54382.155813 u 19.668 0.071
#54382.156647 z -99.000 0.036
#54382.157480 g -99.000 0.087
54386.156896 r 17.900 0.013
54386.157729 i 17.709 0.018
#54386.158563 u -99.000 0.070
54386.159396 z 17.604 0.026
54386.160229 g 18.404 0.013
54388.161162 r 17.979 0.101
54388.161996 i 17.762 0.080
54388.162829 u 19.735 0.047
54388.163662 z 17.657 0.021
54388.164496 g 18.424 0.012
54403.074944 r 17.932 0.118
54403.075778 i 17.719 0.034
54403.076611 u 19.600 0.038
54403.077444 z 17.604 0.016
54403.078278 g 18.818 0.035
54406.068794 r 17.976 0.075
54406.069627 i 17.817 0.016
54406.070461 u 19.814 0.056
54406.071294 z 17.628 0.021
54406.072127 g 18.392 0.014
#54415.109258 r -99.000 0.014
#54415.110091 i -99.000 0.017
#54415.110924 u -99.000 0.058
54415.111758 z 17.611 0.019
54415.112591 g 18.415 0.011
