51467.335539 r 19.510 0.023
51467.336372 i 19.436 0.028
51467.337206 u 20.024 0.084
51467.338039 z 19.451 0.111
51467.338872 g 19.882 0.022
51819.311558 r 19.481 0.017
51819.312391 i 19.417 0.018
51819.313225 u 20.052 0.054
51819.314058 z 19.464 0.066
51819.314891 g 19.855 0.017
52558.276821 r 19.500 0.016
52558.277654 i 19.433 0.017
52558.278488 u 20.048 0.054
52558.279321 z 19.428 0.063
52558.280154 g 19.811 0.016
52577.164317 r 19.522 0.021
52577.165150 i 19.405 0.023
52577.165984 u 19.991 0.053
52577.166817 z 19.471 0.091
52577.167650 g 19.796 0.017
52586.167795 r 19.504 0.018
52586.168628 i 19.419 0.020
52586.169462 u 19.985 0.047
52586.170295 z 19.439 0.079
52586.171128 g 19.810 0.016
52931.178480 r 19.434 0.015
52931.179313 i 19.287 0.016
52931.180147 u 19.920 0.044
52931.180980 z 19.352 0.054
52931.181813 g 19.715 0.015
52935.175442 r 19.360 0.015
52935.176275 i 19.275 0.017
52935.177109 u 19.997 0.053
52935.177942 z 19.226 0.056
52935.178775 g 19.736 0.015
52963.098514 r 19.434 0.015
52963.099347 i 19.256 0.015
52963.100181 u 19.917 0.042
52963.101014 z 19.340 0.048
52963.101847 g 19.734 0.014
53313.168643 r 19.444 0.019
53313.169476 i 19.412 0.024
53313.170310 u 20.032 0.064
53313.171143 z 19.295 0.078
53313.171976 g 19.772 0.017
53622.277885 r 19.351 0.021
53622.278718 i 19.281 0.028
53622.279552 u 19.867 0.071
53622.280385 z 19.113 0.090
53622.281218 g 19.643 0.019
53636.232888 r 19.260 0.023
53636.233721 i 19.207 0.025
53636.234555 u 19.628 0.058
53636.235388 z 19.238 0.069
53636.236221 g 19.583 0.026
53638.268689 r 19.293 0.014
53638.269522 i 19.220 0.015
53638.270356 u 19.741 0.044
53638.271189 z 19.346 0.058
53638.272022 g 19.582 0.016
53655.204894 r 19.281 0.028
53655.205727 i 19.183 0.025
53655.206561 u 19.512 0.075
53655.207394 z 19.170 0.083
53655.208227 g 19.509 0.032
53664.229851 r 19.271 0.021
53664.230684 i 19.165 0.021
53664.231518 u 19.672 0.074
53664.232351 z 19.329 0.083
53664.233184 g 19.521 0.027
53666.193455 r 19.274 0.015
53666.194288 i 19.179 0.016
53666.195122 u 19.725 0.042
53666.195955 z 19.195 0.059
53666.196788 g 19.500 0.015
53669.189093 r 19.302 0.015
53669.189926 i 19.183 0.016
53669.190760 u 19.708 0.041
53669.191593 z 19.272 0.064
53669.192426 g 19.543 0.014
53671.273875 r 19.267 0.018
53671.274708 i 19.228 0.022
53671.275542 u 19.739 0.073
53671.276375 z 19.008 0.066
53671.277208 g 19.485 0.016
53674.173328 r 19.266 0.016
53674.174161 i 19.162 0.017
53674.174995 u 19.753 0.048
53674.175828 z 19.355 0.064
53674.176661 g 19.514 0.014
53676.262818 r 19.272 0.014
53676.263651 i 19.180 0.015
53676.264485 u 19.787 0.049
53676.265318 z 19.242 0.049
53676.266151 g 19.547 0.014
53679.234704 r 19.227 0.015
53679.235537 i 19.192 0.018
53679.236371 u 19.670 0.050
53679.237204 z 19.167 0.059
53679.238037 g 19.538 0.015
53681.226215 r 19.222 0.030
53681.227048 i 19.193 0.021
53681.227882 u 19.690 0.059
53681.228715 z 19.193 0.055
53681.229548 g 19.515 0.014
#53685.185264 r -99.000 0.244
#53685.186097 i -99.000 0.060
#53685.186931 u -99.000 0.870
#53685.187764 z -99.000 0.923
#53685.188597 g -99.000 0.705
53687.223607 r 19.247 0.028
53687.224440 i 19.198 0.025
53687.225274 u 19.623 0.119
53687.226107 z 19.189 0.065
53687.226940 g 19.572 0.045
53694.199148 r 19.186 0.040
53694.199981 i 19.022 0.043
#53694.200815 u -99.000 0.130
53694.201648 z 18.989 0.116
53694.202481 g 19.429 0.056
53697.183240 r 19.259 0.021
53697.184073 i 19.167 0.024
53697.184907 u 19.763 0.076
53697.185740 z 19.385 0.105
53697.186573 g 19.436 0.023
53700.182198 r 19.218 0.015
53700.183031 i 19.211 0.018
53700.183865 u 19.709 0.048
53700.184698 z 19.237 0.071
53700.185531 g 19.492 0.014
53705.168868 r 19.245 0.015
53705.169701 i 19.113 0.015
53705.170535 u 19.635 0.044
53705.171368 z 19.171 0.050
53705.172201 g 19.467 0.014
53975.253933 r 19.139 0.018
53975.254767 i 19.065 0.019
53975.255600 u 19.626 0.044
53975.256433 z 19.094 0.058
53975.257267 g 19.420 0.025
53993.321675 r 19.139 0.016
53993.322508 i 19.097 0.018
53993.323341 u 19.677 0.046
53993.324175 z 19.157 0.047
53993.325008 g 19.406 0.021
53996.260590 r 19.208 0.019
53996.261423 i 19.103 0.020
53996.262256 u 19.680 0.037
53996.263090 z 19.093 0.044
53996.263923 g 19.416 0.020
53998.229228 r 19.170 0.016
53998.230061 i 19.091 0.017
53998.230894 u 19.670 0.041
53998.231728 z 19.061 0.035
53998.232561 g 19.435 0.021
54005.259484 r 19.157 0.014
54005.260317 i 19.108 0.015
54005.261151 u 19.663 0.044
54005.261984 z 19.093 0.042
54005.262817 g 19.428 0.017
54010.214722 r 19.193 0.022
54010.215555 i 19.094 0.018
54010.216388 u 19.715 0.045
54010.217222 z 19.172 0.038
54010.218055 g 19.440 0.028
54012.207548 r 19.153 0.024
54012.208381 i 19.113 0.025
54012.209214 u 19.557 0.065
54012.210048 z 19.120 0.046
54012.210881 g 19.485 0.029
54020.213558 r 19.180 0.016
54020.214392 i 19.135 0.018
54020.215225 u 19.692 0.046
54020.216058 z 19.183 0.056
54020.216892 g 19.470 0.018
54022.262826 r 19.178 0.017
54022.263659 i 19.108 0.017
54022.264493 u 19.821 0.041
54022.265326 z 19.139 0.048
54022.266159 g 19.468 0.020
54028.203906 r 19.185 0.019
54028.204740 i 19.118 0.020
54028.205573 u 19.751 0.052
54028.206406 z 19.252 0.070
#54028.207240 g -99.000 0.022
54030.207086 r 19.154 0.018
54030.207919 i 19.136 0.018
54030.208753 u 19.670 0.036
54030.209586 z 19.162 0.041
54030.210419 g 19.519 0.022
54035.282856 r 19.187 0.020
54035.283689 i 19.125 0.021
54035.284523 u 19.779 0.058
54035.285356 z 19.227 0.077
54035.286189 g 19.476 0.021
54037.188361 r 19.230 0.019
54037.189195 i 19.167 0.020
54037.190028 u 19.732 0.052
54037.190861 z 19.322 0.071
54037.191695 g 19.500 0.027
54040.202896 r 19.191 0.024
54040.203729 i 19.130 0.026
54040.204562 u 19.670 0.074
54040.205396 z 19.110 0.057
54040.206229 g 19.446 0.031
54049.229275 r 19.186 0.020
54049.230109 i 19.173 0.025
54049.230942 u 19.713 0.095
54049.231775 z 19.172 0.086
54049.232609 g 19.509 0.032
54050.187466 r 19.178 0.019
54050.188300 i 19.101 0.036
54050.189133 u 19.549 0.067
54050.189966 z 19.522 0.151
54050.190800 g 19.445 0.026
54053.193605 r 19.194 0.023
54053.194438 i 19.127 0.018
54053.195271 u 19.615 0.041
54053.196105 z 19.331 0.059
54053.196938 g 19.493 0.016
54056.195288 r 19.188 0.022
54056.196122 i 19.198 0.042
54056.196955 u 19.803 0.070
54056.197788 z 19.356 0.096
54056.198622 g 19.503 0.049
54059.189591 r 19.245 0.019
54059.190424 i 19.114 0.020
54059.191258 u 19.802 0.056
54059.192091 z 19.203 0.071
54059.192924 g 19.470 0.021
54061.200638 r 19.199 0.018
54061.201471 i 19.112 0.023
54061.202304 u 19.617 0.046
54061.203138 z 19.124 0.051
54061.203971 g 19.531 0.023
54062.194453 r 19.249 0.059
54062.195286 i 19.124 0.023
54062.196119 u 19.691 0.048
54062.196953 z 19.354 0.102
54062.197786 g 19.485 0.019
54357.232753 r 19.337 0.023
54357.233586 i 19.291 0.029
54357.234419 u 19.922 0.054
54357.235253 z 19.429 0.059
54357.236086 g 19.631 0.018
54362.282578 r 19.331 0.020
54362.283412 i 19.231 0.027
54362.284245 u 19.826 0.043
54362.285078 z 19.385 0.060
54362.285912 g 19.673 0.023
54376.291230 r 19.314 0.020
54376.292063 i 19.251 0.023
54376.292896 u 19.746 0.062
54376.293730 z 19.414 0.067
54376.294563 g 19.699 0.022
54385.280565 r 19.303 0.020
54385.281398 i 19.230 0.021
54385.282231 u 19.845 0.052
54385.283065 z 19.163 0.050
54385.283898 g 19.642 0.022
54387.281080 r 19.317 0.017
54387.281914 i 19.183 0.022
54387.282747 u 19.850 0.058
54387.283580 z 19.226 0.064
54387.284414 g 19.621 0.021
54392.275798 r 19.283 0.024
54392.276631 i 19.189 0.021
54392.277465 u 19.877 0.052
54392.278298 z 19.235 0.055
54392.279131 g 19.629 0.019
54402.274263 r 19.316 0.023
54402.275096 i 19.274 0.028
54402.275929 u 19.886 0.144
54402.276763 z 19.124 0.058
54402.277596 g 19.617 0.034
