#53270.112993 r -99.000 0.295
53270.113827 i 19.072 0.315
53270.114660 u 20.671 0.120
53270.115493 z 19.859 0.876
53270.116327 g 19.782 0.248
53288.090147 r 19.006 0.013
53288.090980 i 18.866 0.014
53288.091814 u 20.598 0.090
53288.092647 z 18.797 0.044
53288.093480 g 19.402 0.015
53302.085818 r 19.442 0.021
53302.086651 i 20.388 0.051
53302.087485 u 20.865 0.187
53302.088318 z 19.375 0.065
53302.089151 g 19.772 0.027
53623.137129 r 18.958 0.013
53623.137962 i 18.876 0.014
53623.138796 u 20.994 0.134
53623.139629 z 19.049 0.047
53623.140462 g 19.604 0.017
53626.123340 r 19.112 0.019
53626.124173 i 18.789 0.015
53626.125007 u 21.130 0.226
53626.125840 z 18.907 0.044
53626.126673 g 19.596 0.026
53628.108206 r 19.103 0.026
53628.109039 i 18.894 0.021
53628.109873 u 21.183 0.342
53628.110706 z 18.741 0.053
53628.111539 g 19.622 0.041
53637.109818 r 19.062 0.014
53637.110651 i 18.854 0.014
53637.111485 u 21.079 0.146
53637.112318 z 18.768 0.045
53637.113151 g 19.563 0.017
53673.060225 r 19.012 0.013
53673.061058 i 18.809 0.013
53673.061892 u 20.696 0.094
53673.062725 z 18.680 0.038
53673.063558 g 19.509 0.015
53677.078148 r 19.039 0.016
53677.078981 i 18.821 0.015
53677.079815 u 20.784 0.110
53677.080648 z 18.658 0.041
#53677.081481 g -99.000 0.017
53680.064812 r 19.086 0.013
53680.065645 i 18.891 0.013
53680.066479 u 20.881 0.093
53680.067312 z 18.938 0.040
53680.068145 g 19.525 0.015
53693.066721 r 19.045 0.015
53693.067554 i 18.825 0.014
53693.068388 u 20.767 0.111
53693.069221 z 18.722 0.039
53693.070054 g 19.470 0.016
53989.127429 r 19.015 0.269
53989.128263 i 18.842 0.224
53989.129096 u 21.040 0.156
53989.129929 z 18.855 0.304
53989.130763 g 19.629 0.263
53995.135339 r 19.017 0.261
53995.136172 i 18.895 0.273
53995.137005 u 20.655 0.158
53995.137839 z 18.840 0.185
53995.138672 g 19.478 0.163
54005.085564 r 19.381 0.326
#54005.086397 i 33.545 99.999
54005.087230 u 20.819 0.111
54005.088064 z 19.196 0.412
54005.088897 g 19.769 0.249
54007.098312 r 19.009 0.271
54007.099145 i 18.842 0.245
54007.099978 u 20.953 0.147
54007.100812 z 18.760 0.270
54007.101645 g 19.597 0.210
54009.095421 r 19.072 0.257
54009.096255 i 18.915 0.282
54009.097088 u 20.777 0.149
54009.097921 z 18.708 0.229
54009.098755 g 19.538 0.206
54011.159913 r 19.020 0.272
#54011.160746 i 20.709 2.347
54011.161580 u 21.163 0.280
54011.162413 z 18.940 0.154
54011.163246 g 19.992 0.343
54019.110129 r 19.055 0.248
54019.110962 i 18.719 0.223
54019.111796 u 20.726 0.142
54019.112629 z 18.817 0.179
54019.113462 g 19.497 0.257
54025.158932 r 19.594 0.411
54025.159765 i 19.399 0.455
54025.160599 u 20.986 0.171
54025.161432 z 19.314 0.357
54025.162265 g 20.174 0.336
#54386.157439 r -99.000 0.220
54386.158272 i 18.854 0.229
54386.159106 u 21.060 0.225
#54386.159939 z -99.000 0.086
54386.160772 g 19.599 0.214
54388.161716 r 19.076 0.235
54388.162549 i 18.892 0.260
54388.163383 u 20.946 0.170
54388.164216 z 18.766 0.203
54388.165049 g 19.583 0.248
54403.075485 r 19.152 0.302
54403.076318 i 19.443 0.539
54403.077151 u 20.895 0.133
54403.077985 z 19.136 0.461
54403.078818 g 20.191 0.410
54406.069313 r 18.998 0.291
54406.070147 i 18.847 0.252
54406.070980 u 20.646 0.112
54406.071813 z 18.752 0.231
54406.072647 g 19.585 0.198
54412.072240 r 18.950 0.193
#54412.073073 i -99.000 0.280
54412.073907 u 20.795 0.162
54412.074740 z 18.909 0.153
54412.075573 g 19.561 0.188
