53270.117324 r 16.977 0.009
53270.118157 i 16.815 0.056
53270.118991 u 18.826 0.026
53270.119824 z 16.679 0.015
53270.120657 g 17.458 0.009
53288.094479 r 16.977 0.005
53288.095312 i 16.815 0.005
53288.096146 u 18.778 0.021
53288.096979 z 16.695 0.010
53288.097812 g 17.483 0.005
53302.090149 r 16.977 0.005
#53302.090982 i -99.000 0.006
53302.091816 u 18.758 0.034
53302.092649 z 16.734 0.011
53302.093482 g 17.473 0.006
53626.127672 r 16.961 0.005
53626.128505 i 16.813 0.006
53626.129339 u 18.783 0.028
53626.130172 z 16.672 0.010
53626.131005 g 17.488 0.006
53628.112539 r 16.976 0.005
53628.113372 i 16.808 0.005
53628.114206 u 18.835 0.042
53628.115039 z 16.689 0.011
53628.115872 g 17.485 0.007
53637.114150 r 16.991 0.005
53637.114983 i 16.814 0.005
53637.115817 u 18.764 0.023
53637.116650 z 16.707 0.011
53637.117483 g 17.463 0.005
53656.088812 r 16.986 0.005
53656.089645 i 16.823 0.005
53656.090479 u 18.808 0.040
53656.091312 z 16.702 0.011
53656.092145 g 17.447 0.007
#53665.080077 r -99.000 0.021
#53665.080910 i -99.000 0.011
53665.081744 u 18.732 0.043
#53665.082577 z -99.000 0.021
#53665.083410 g -99.000 0.008
53677.082481 r 16.969 0.005
53677.083314 i 16.790 0.005
53677.084148 u 18.804 0.022
53677.084981 z 16.634 0.010
53677.085814 g 17.482 0.005
53680.069137 r 16.971 0.006
53680.069970 i 16.819 0.006
53680.070804 u 18.799 0.021
53680.071637 z 16.710 0.010
53680.072470 g 17.485 0.006
53693.071053 r 16.977 0.005
53693.071886 i 16.815 0.005
53693.072720 u 18.775 0.023
53693.073553 z 16.698 0.010
53693.074386 g 17.486 0.005
#53697.069837 r -99.000 0.011
53697.070670 i 16.824 0.010
53697.071504 u 18.722 0.048
53697.072337 z 16.721 0.022
53697.073170 g 17.475 0.009
53702.066723 r 16.960 0.012
#53702.067556 i -99.000 0.006
53702.068390 u 18.785 0.032
53702.069223 z 16.709 0.015
53702.070056 g 17.484 0.006
53703.075856 r 16.916 0.015
53703.076689 i 16.775 0.018
53703.077522 u 18.710 0.028
53703.078356 z 16.687 0.013
53703.079189 g 17.484 0.011
53974.142333 r 16.987 0.013
53974.143167 i 16.809 0.010
53974.144000 u 18.742 0.021
53974.144833 z 16.707 0.027
53974.145667 g 17.486 0.003
53975.140453 r 17.405 0.010
53975.141286 i 17.209 0.022
53975.142120 u 19.604 0.040
53975.142953 z 17.121 0.016
53975.143786 g 18.021 0.010
53989.131752 r 16.996 0.010
53989.132585 i 16.839 0.017
53989.133418 u 18.760 0.026
53989.134252 z 16.718 0.012
53989.135085 g 17.547 0.007
53995.139679 r 16.962 0.017
53995.140512 i 16.816 0.012
53995.141346 u 18.792 0.023
53995.142179 z 16.703 0.012
53995.143012 g 17.483 0.041
53997.118048 r 16.969 0.003
53997.118881 i 16.831 0.004
53997.119715 u 18.771 0.025
#53997.120548 z -99.000 0.022
53997.121381 g 17.473 0.016
54005.089899 r 16.981 0.006
54005.090732 i 16.833 0.005
54005.091566 u 18.704 0.023
54005.092399 z 16.695 0.016
54005.093232 g 17.471 0.012
54007.102650 r 16.973 0.029
54007.103484 i 16.798 0.015
54007.104317 u 18.746 0.025
54007.105150 z 16.691 0.011
54007.105984 g 17.472 0.005
54009.099784 r 16.932 0.011
54009.100617 i 16.831 0.016
54009.101451 u 18.772 0.025
54009.102284 z 16.730 0.026
54009.103117 g 17.457 0.010
54011.164250 r 16.954 0.029
54011.165084 i 16.785 0.010
54011.165917 u 18.752 0.029
54011.166750 z 16.709 0.026
54011.167584 g 17.588 0.013
54019.114453 r 16.956 0.011
54019.115286 i 16.797 0.009
54019.116119 u 18.741 0.020
54019.116953 z 16.698 0.012
54019.117786 g 17.500 0.016
54020.100152 r 16.992 0.005
54020.100986 i 16.805 0.008
54020.101819 u 18.697 0.020
54020.102652 z 16.731 0.013
54020.103486 g 17.484 0.005
#54022.149399 r -99.000 0.005
#54022.150233 i -99.000 0.020
54022.151066 u 18.702 0.025
#54022.151899 z -99.000 0.012
#54022.152733 g -99.000 0.008
54025.163276 r 16.945 0.020
54025.164109 i 16.775 0.004
54025.164943 u 18.727 0.026
54025.165776 z 16.703 0.012
54025.166609 g 17.498 0.006
#54028.090477 r -99.000 0.009
54028.091311 i 16.799 0.032
54028.092144 u 18.725 0.027
54028.092977 z 16.701 0.017
54028.093811 g 17.471 0.006
54029.093597 r 16.977 0.005
54029.094430 i 16.782 0.009
54029.095263 u 18.724 0.024
54029.096097 z 16.685 0.014
54029.096930 g 17.473 0.004
54037.074911 r 17.460 0.015
54037.075745 i 17.226 0.010
54037.076578 u 19.566 0.036
54037.077411 z 17.094 0.015
54037.078245 g 17.983 0.011
#54051.070174 r -99.000 0.008
#54051.071007 i -99.000 0.008
54051.071841 u 18.791 0.043
54051.072674 z 16.724 0.023
#54051.073507 g -99.000 0.011
54059.076152 r 16.982 0.029
54059.076985 i 16.786 0.011
54059.077818 u 18.711 0.025
54059.078652 z 16.715 0.014
54059.079485 g 17.453 0.008
54061.087336 r 17.001 0.008
54061.088169 i 16.790 0.016
54061.089003 u 18.738 0.026
#54061.089836 z -99.000 0.021
54061.090669 g 17.497 0.007
54062.081045 r 17.001 0.007
54062.081878 i 16.735 0.015
54062.082711 u 18.754 0.027
54062.083545 z 16.690 0.017
54062.084378 g 17.451 0.016
54357.119337 r 16.984 0.018
54357.120170 i 16.795 0.003
54357.121003 u 18.705 0.025
54357.121837 z 16.704 0.015
54357.122670 g 17.500 0.019
54358.116819 r 16.984 0.042
54358.117653 i 16.875 0.004
54358.118486 u 18.740 0.025
#54358.119319 z -99.000 0.022
54358.120153 g 17.484 0.039
54365.117195 r 17.000 0.007
54365.118029 i 16.827 0.005
54365.118862 u 18.739 0.031
54365.119695 z 16.749 0.015
54365.120529 g 17.471 0.011
54383.164760 r 16.971 0.010
54383.165594 i 16.805 0.028
54383.166427 u 18.753 0.025
54383.167260 z 16.702 0.018
54383.168094 g 17.471 0.014
54386.161777 r 17.004 0.010
54386.162610 i 16.852 0.012
#54386.163443 u -99.000 0.035
54386.164277 z 16.679 0.017
#54386.165110 g -99.000 0.010
54387.167672 r 16.981 0.003
54387.168505 i 16.770 0.004
54387.169339 u 18.729 0.025
54387.170172 z 16.714 0.019
54387.171005 g 17.436 0.011
54388.166036 r 16.931 0.005
54388.166869 i 16.813 0.003
54388.167703 u 18.766 0.025
54388.168536 z 16.713 0.013
54388.169369 g 17.481 0.044
54402.160864 r 16.963 0.009
54402.161697 i 16.804 0.007
54402.162530 u 18.795 0.041
54402.163364 z 16.708 0.025
54402.164197 g 17.458 0.012
54403.079811 r 16.947 0.004
54403.080644 i 16.825 0.003
54403.081478 u 18.796 0.024
54403.082311 z 16.698 0.018
54403.083144 g 17.497 0.011
54406.073642 r 16.970 0.017
54406.074476 i 16.827 0.007
54406.075309 u 18.654 0.022
54406.076142 z 16.685 0.014
54406.076976 g 17.492 0.021
54412.076570 r 16.989 0.006
54412.077404 i 16.742 0.005
54412.078237 u 18.727 0.028
54412.079070 z 16.701 0.015
54412.079904 g 17.514 0.006
54415.114129 r 17.026 0.004
54415.114962 i 16.804 0.017
54415.115795 u 18.730 0.026
54415.116629 z 16.668 0.015
54415.117462 g 17.510 0.006
