53270.111681 r 19.584 0.022
#53270.112514 i -99.000 0.043
53270.113348 u 21.378 0.170
53270.114181 z 19.292 0.065
53270.115014 g 20.072 0.034
53288.088819 r 19.558 0.016
53288.089652 i 19.427 0.018
53288.090486 u 21.097 0.111
53288.091319 z 19.241 0.065
53288.092152 g 20.081 0.017
53302.084489 r 19.639 0.024
53302.085322 i 19.346 0.021
53302.086156 u 21.808 0.386
53302.086989 z 19.295 0.073
53302.087822 g 20.171 0.038
53623.135800 r 19.492 0.018
53623.136633 i 19.341 0.020
53623.137467 u 20.971 0.125
#53623.138300 z -99.000 0.076
53623.139133 g 20.010 0.021
53626.122013 r 19.496 0.023
53626.122846 i 19.315 0.023
53626.123680 u 21.188 0.214
53626.124513 z 19.284 0.072
53626.125346 g 20.034 0.035
53628.106878 r 19.516 0.030
53628.107711 i 19.365 0.033
53628.108545 u 21.285 0.381
53628.109378 z 19.080 0.077
53628.110211 g 19.989 0.047
53637.108490 r 19.699 0.019
53637.109323 i 19.442 0.022
53637.110157 u 21.433 0.175
53637.110990 z 19.204 0.069
#53637.111823 g -99.000 0.021
53656.083151 r 19.577 0.034
53656.083984 i 19.283 0.029
53656.084818 u 21.786 0.552
53656.085651 z 19.171 0.087
53656.086484 g 20.070 0.052
53673.058896 r 19.534 0.017
53673.059729 i 19.293 0.018
53673.060563 u 21.169 0.125
53673.061396 z 19.139 0.065
53673.062229 g 20.056 0.018
53677.076819 r 19.537 0.018
53677.077652 i 19.463 0.025
53677.078486 u 21.675 0.225
#53677.079319 z -99.000 0.079
53677.080152 g 20.158 0.021
53680.063484 r 19.630 0.016
53680.064317 i 19.467 0.018
53680.065151 u 21.281 0.122
53680.065984 z 19.330 0.062
53680.066817 g 20.070 0.017
53693.065392 r 19.631 0.020
53693.066225 i 19.399 0.021
53693.067059 u 21.236 0.158
53693.067892 z 19.470 0.087
53693.068725 g 20.136 0.020
53697.064176 r 19.353 0.104
#53697.065009 i -99.000 0.132
53697.065843 u 20.677 0.448
53697.066676 z 18.894 0.246
53697.067509 g 19.887 0.060
53703.070195 r 19.510 0.027
53703.071029 i 19.307 0.034
53703.071862 u 21.049 0.188
53703.072695 z 19.085 0.080
#53703.073529 g -99.000 0.027
53989.126089 r 19.578 0.017
53989.126923 i 19.446 0.029
53989.127756 u 21.160 0.122
53989.128589 z 19.441 0.072
53989.129423 g 20.075 0.027
53995.134009 r 19.551 0.027
53995.134842 i 19.423 0.034
53995.135675 u 21.364 0.117
53995.136509 z 19.181 0.052
53995.137342 g 20.082 0.018
53997.112389 r 19.447 0.015
53997.113222 i 19.312 0.019
53997.114056 u 21.399 0.174
53997.114889 z 19.216 0.071
53997.115722 g 19.970 0.015
54005.084235 r 19.579 0.019
54005.085069 i 19.351 0.015
54005.085902 u 21.362 0.128
54005.086735 z 19.326 0.058
54005.087569 g 20.048 0.045
54007.097013 r 19.541 0.047
54007.097847 i 19.341 0.020
54007.098680 u 21.114 0.128
54007.099513 z 19.211 0.063
54007.100347 g 20.047 0.040
54009.094099 r 19.541 0.053
54009.094932 i 19.367 0.018
54009.095765 u 21.445 0.171
54009.096599 z 19.371 0.064
54009.097432 g 20.023 0.026
54011.158613 r 19.507 0.036
54011.159446 i 19.314 0.026
54011.160280 u 21.400 0.228
54011.161113 z 19.277 0.059
54011.161946 g 20.080 0.033
54019.108812 r 19.568 0.017
54019.109646 i 19.305 0.024
54019.110479 u 21.445 0.149
54019.111312 z 19.366 0.073
54019.112146 g 20.043 0.017
54025.157642 r 19.510 0.014
54025.158475 i 19.259 0.015
54025.159308 u 21.491 0.170
54025.160142 z 19.239 0.068
54025.160975 g 20.064 0.016
54051.064521 r 19.518 0.044
54051.065354 i 19.442 0.033
54051.066187 u 21.151 0.207
54051.067021 z 19.256 0.161
54051.067854 g 20.088 0.029
54358.111164 r 19.518 0.016
54358.111997 i 19.307 0.018
54358.112830 u 21.400 0.182
54358.113664 z 19.081 0.062
54358.114497 g 20.053 0.019
54365.111534 r 19.607 0.020
54365.112367 i 19.383 0.030
54365.113200 u 21.439 0.226
54365.114034 z 19.251 0.059
54365.114867 g 20.039 0.029
#54386.156109 r -99.000 0.025
54386.156943 i 19.370 0.033
54386.157776 u 21.000 0.204
#54386.158609 z -99.000 0.120
54386.159443 g 19.951 0.029
54388.160394 r 19.512 0.020
54388.161227 i 19.346 0.019
54388.162060 u 21.478 0.206
54388.162894 z 19.124 0.060
#54388.163727 g -99.000 0.020
54403.074154 r 19.575 0.014
54403.074987 i 19.357 0.016
54403.075821 u 21.213 0.116
54403.076654 z 19.362 0.067
54403.077487 g 20.068 0.014
54406.067981 r 19.539 0.032
#54406.068814 i -99.000 0.024
54406.069647 u 21.245 0.119
54406.070481 z 19.400 0.086
54406.071314 g 20.059 0.026
#54412.070909 r -99.000 0.041
54412.071743 i 19.356 0.040
54412.072576 u 21.155 0.171
#54412.073409 z -99.000 0.113
54412.074243 g 20.018 0.023
#54415.108473 r -99.000 0.028
#54415.109306 i -99.000 0.031
#54415.110139 u 23.096 1.663
#54415.110973 z -99.000 0.084
54415.111806 g 20.068 0.016
