53625.152454 r 19.629 0.020
53625.153287 i 19.242 0.017
53625.154121 u 22.398 0.443
53625.154954 z 19.089 0.045
53625.155787 g 20.358 0.034
53636.111491 r 19.551 0.016
53636.112324 i 19.232 0.015
53636.113158 u 22.226 0.295
53636.113991 z 19.087 0.049
53636.114824 g 20.305 0.024
53645.171161 r 19.603 0.018
53645.171994 i 19.243 0.016
53645.172828 u 22.013 0.311
53645.173661 z 19.057 0.045
53645.174494 g 20.309 0.023
53655.083496 r 19.566 0.021
53655.084329 i 19.230 0.018
53655.085163 u 21.869 0.367
53655.085996 z 19.088 0.049
53655.086829 g 20.238 0.036
53669.067694 r 19.551 0.016
53669.068527 i 19.210 0.015
53669.069361 u 22.023 0.221
53669.070194 z 19.020 0.044
53669.071027 g 20.297 0.021
53681.104829 r 19.489 0.030
53681.105662 i 19.177 0.029
53681.106496 u 22.469 0.738
53681.107329 z 19.039 0.087
53681.108162 g 20.179 0.058
53685.063870 r 19.652 0.043
53685.064703 i 19.211 0.025
53685.065537 u 21.944 0.725
53685.066370 z 19.178 0.073
53685.067203 g 20.222 0.062
53687.102226 r 19.557 0.029
53687.103059 i 19.177 0.020
53687.103893 u 22.194 0.936
53687.104726 z 18.992 0.054
53687.105559 g 20.312 0.074
53700.060817 r 19.464 0.019
53700.061650 i 19.124 0.019
53700.062484 u 21.428 0.218
53700.063317 z 18.911 0.061
53700.064150 g 20.226 0.026
53705.047486 r 19.598 0.024
53705.048319 i 19.149 0.022
53705.049153 u 21.943 0.420
53705.049986 z 19.082 0.063
53705.050819 g 20.488 0.037
53994.127942 r 19.579 0.078
53994.128775 i 19.251 0.014
53994.129608 u 22.617 0.487
53994.130442 z 19.010 0.039
53994.131275 g 20.330 0.036
53998.107826 r 19.574 0.014
53998.108660 i 19.289 0.013
53998.109493 u 22.080 0.215
53998.110326 z 19.126 0.047
53998.111160 g 20.317 0.017
54010.093309 r 19.577 0.017
54010.094143 i 19.227 0.023
54010.094976 u 22.815 0.750
54010.095809 z 19.034 0.037
54010.096643 g 20.257 0.033
54012.086150 r 19.574 0.028
54012.086983 i 19.239 0.026
54012.087817 u 22.406 0.810
54012.088650 z 19.102 0.047
54012.089483 g 20.292 0.051
54020.092196 r 19.594 0.015
54020.093029 i 19.251 0.014
54020.093863 u 22.117 0.256
54020.094696 z 19.086 0.044
54020.095529 g 20.275 0.017
54022.141414 r 19.599 0.014
54022.142247 i 19.229 0.014
#54022.143080 u -99.000 0.252
54022.143914 z 19.010 0.041
54022.144747 g 20.318 0.024
#54028.082506 r -99.000 0.082
#54028.083340 i -99.000 0.042
#54028.084173 u 23.155 1.108
54028.085006 z 19.048 0.063
#54028.085840 g -99.000 0.074
54030.085690 r 19.549 0.019
54030.086523 i 19.228 0.021
54030.087357 u 22.073 0.253
54030.088190 z 19.078 0.043
54030.089023 g 20.379 0.050
54032.075013 r 19.587 0.024
54032.075847 i 19.238 0.021
#54032.076680 u -99.000 0.264
54032.077513 z 19.104 0.055
54032.078347 g 20.383 0.031
54034.145289 r 19.762 0.226
54034.146122 i 19.206 0.031
#54034.146956 u -99.000 3.436
54034.147789 z 19.228 0.105
54034.148622 g 20.696 0.552
54037.067068 r 19.615 0.022
54037.067901 i 19.190 0.016
54037.068734 u 21.895 0.267
54037.069568 z 19.177 0.045
54037.070401 g 20.322 0.027
54040.081412 r 19.572 0.026
54040.082246 i 19.218 0.020
54040.083079 u 22.477 0.910
54040.083912 z 19.175 0.065
54040.084746 g 20.403 0.055
54056.073875 r 19.549 0.039
#54056.074709 i -99.000 0.087
#54056.075542 u -99.000 0.480
54056.076375 z 19.131 0.086
#54056.077209 g -99.000 0.050
54059.068297 r 19.445 0.023
54059.069130 i 19.161 0.040
54059.069963 u 22.558 0.625
54059.070797 z 18.967 0.065
54059.071630 g 20.654 0.055
#54061.079264 r -99.000 0.063
54061.080097 i 19.203 0.027
54061.080930 u 22.528 0.643
54061.081764 z 19.245 0.091
54061.082597 g 20.223 0.031
54062.073166 r 19.437 0.022
#54062.073999 i -99.000 0.029
54062.074832 u 22.456 0.599
54062.075666 z 19.176 0.082
54062.076499 g 20.507 0.076
54068.063036 r 19.527 0.037
54068.063870 i 19.219 0.027
#54068.064703 u 22.662 1.410
54068.065536 z 19.087 0.083
54068.066370 g 20.603 0.097
54357.111372 r 19.622 0.026
54357.112206 i 19.279 0.019
54357.113039 u 22.053 0.274
54357.113872 z 19.092 0.042
54357.114706 g 20.258 0.021
54365.109480 r 19.526 0.052
54365.110314 i 19.241 0.017
54365.111147 u 22.633 0.683
54365.111980 z 19.109 0.042
54365.112814 g 20.292 0.038
54385.159266 r 19.586 0.014
54385.160100 i 19.260 0.032
54385.160933 u 22.019 0.255
54385.161766 z 19.148 0.044
54385.162600 g 20.276 0.031
54387.159695 r 19.517 0.040
54387.160528 i 19.172 0.033
#54387.161361 u 22.576 1.666
54387.162195 z 19.493 0.109
#54387.163028 g 22.196 1.358
54392.154454 r 19.656 0.031
54392.155287 i 19.225 0.082
54392.156121 u 21.825 0.294
54392.156954 z 19.160 0.054
54392.157787 g 20.471 0.051
