53625.151201 r 17.623 0.007
53625.152034 i 17.283 0.006
53625.152868 u 20.046 0.063
53625.153701 z 17.130 0.012
53625.154534 g 18.276 0.008
#53636.110237 r -99.000 0.007
53636.111070 i 17.233 0.006
53636.111904 u 19.870 0.046
53636.112737 z 17.075 0.012
53636.113570 g 18.208 0.007
53645.169907 r 17.591 0.006
53645.170740 i 17.244 0.005
53645.171574 u 19.959 0.060
53645.172407 z 17.157 0.012
53645.173240 g 18.264 0.007
53655.082242 r 17.623 0.007
53655.083075 i 17.366 0.007
53655.083909 u 20.028 0.071
53655.084742 z 17.195 0.013
53655.085575 g 18.321 0.009
53681.103575 r 17.642 0.009
53681.104408 i 17.360 0.009
53681.105242 u 20.003 0.086
53681.106075 z 17.285 0.021
53681.106908 g 18.048 0.012
53687.100972 r 17.573 0.007
53687.101805 i 17.252 0.006
53687.102639 u 20.111 0.152
53687.103472 z 17.091 0.013
53687.104305 g 18.230 0.012
53697.060599 r 17.674 0.028
#53697.061432 i -99.000 0.026
53697.062266 u 20.040 0.317
#53697.063099 z -99.000 0.059
#53697.063932 g -99.000 0.028
53700.059563 r 17.602 0.006
53700.060396 i 17.245 0.006
53700.061230 u 19.798 0.053
53700.062063 z 17.163 0.015
53700.062896 g 18.231 0.007
53705.046232 r 17.498 0.006
53705.047065 i 17.271 0.006
53705.047899 u 19.907 0.074
53705.048732 z 17.096 0.014
53705.049565 g 18.181 0.008
#53994.126664 r -99.000 0.042
#53994.127497 i -99.000 0.077
53994.128330 u 19.989 0.047
53994.129164 z 17.249 0.103
53994.129997 g 18.322 0.029
53998.106650 r 17.676 0.044
53998.107484 i 17.301 0.055
53998.108317 u 19.948 0.041
53998.109150 z 17.149 0.110
53998.109984 g 18.260 0.012
54010.092058 r 17.681 0.050
54010.092892 i 17.347 0.062
54010.093725 u 19.916 0.059
54010.094558 z 17.177 0.137
54010.095392 g 18.353 0.029
54012.084907 r 17.547 0.030
54012.085740 i 17.302 0.047
54012.086573 u 20.032 0.098
54012.087407 z 17.183 0.121
54012.088240 g 18.317 0.019
54020.090878 r 17.616 0.036
54020.091712 i 17.374 0.061
54020.092545 u 19.987 0.046
54020.093378 z 17.198 0.110
54020.094212 g 18.280 0.013
54022.140157 r 17.647 0.034
54022.140990 i 17.318 0.054
54022.141824 u 19.962 0.049
54022.142657 z 17.188 0.113
54022.143490 g 18.298 0.045
#54032.073722 r -99.000 0.031
#54032.074556 i -99.000 0.079
54032.075389 u 19.971 0.063
54032.076222 z 17.507 0.122
54032.077056 g 18.307 0.015
54037.065675 r 17.659 0.035
54037.066508 i 17.291 0.054
54037.067341 u 20.085 0.061
54037.068175 z 17.210 0.095
54037.069008 g 18.315 0.019
54040.080179 r 18.058 0.065
54040.081012 i 17.307 0.051
54040.081845 u 19.864 0.081
54040.082679 z 17.206 0.109
54040.083512 g 18.252 0.015
54056.072624 r 17.652 0.041
54056.073457 i 17.374 0.074
54056.074290 u 20.012 0.071
#54056.075124 z -99.000 0.160
#54056.075957 g -99.000 0.031
54059.066907 r 17.401 0.011
54059.067741 i 17.427 0.041
54059.068574 u 20.055 0.070
54059.069407 z 18.059 0.166
54059.070241 g 18.234 0.011
54061.077971 r 17.612 0.026
54061.078804 i 17.227 0.057
54061.079637 u 19.879 0.063
54061.080471 z 17.112 0.067
54061.081304 g 18.229 0.014
54357.110100 r 17.646 0.028
54357.110933 i 17.300 0.078
54357.111766 u 19.860 0.046
54357.112600 z 17.064 0.078
54357.113433 g 18.264 0.025
54365.107949 r 17.559 0.027
54365.108783 i 17.286 0.052
54365.109616 u 20.012 0.071
54365.110449 z 17.096 0.071
54365.111283 g 18.288 0.027
54385.157921 r 17.546 0.025
54385.158754 i 17.330 0.063
54385.159587 u 19.949 0.048
54385.160421 z 17.174 0.114
54385.161254 g 18.280 0.023
54392.153162 r 17.607 0.026
54392.153995 i 17.236 0.048
54392.154829 u 20.074 0.087
54392.155662 z 17.151 0.065
54392.156495 g 18.307 0.017
