53270.115659 r 19.194 0.017
53270.116492 i 18.902 0.018
53270.117325 u 22.240 0.352
53270.118159 z 18.747 0.038
53270.118992 g 19.944 0.030
53288.092808 r 19.194 0.013
53288.093641 i 18.918 0.014
53288.094475 u 22.217 0.284
53288.095308 z 18.721 0.037
53288.096141 g 20.086 0.022
53302.088478 r 19.178 0.016
53302.089311 i 18.906 0.015
53302.090145 u 22.006 0.448
53302.090978 z 18.713 0.041
53302.091811 g 20.023 0.043
53623.139788 r 19.260 0.015
53623.140621 i 18.876 0.014
53623.141455 u 22.524 0.404
53623.142288 z 18.716 0.036
53623.143121 g 20.019 0.023
53626.126001 r 19.194 0.019
53626.126834 i 18.859 0.016
53626.127668 u 22.082 0.457
53626.128501 z 18.660 0.036
53626.129334 g 20.005 0.036
53628.110865 r 19.135 0.024
53628.111698 i 18.857 0.023
53628.112532 u 21.647 0.520
53628.113365 z 18.537 0.045
53628.114198 g 19.885 0.050
53637.112478 r 19.169 0.014
53637.113311 i 18.879 0.015
53637.114145 u 21.975 0.243
53637.114978 z 18.724 0.040
53637.115811 g 19.972 0.021
53656.087140 r 19.182 0.030
#53656.087973 i -99.000 0.023
53656.088807 u 21.800 0.570
53656.089640 z 18.697 0.054
53656.090473 g 19.920 0.049
53665.078418 r 19.265 0.063
#53665.079251 i -99.000 0.066
#53665.080085 u -99.000 1.119
#53665.080918 z -99.000 0.146
53665.081751 g 19.820 0.048
53673.062886 r 19.227 0.014
53673.063719 i 18.878 0.014
53673.064553 u 22.432 0.329
53673.065386 z 18.723 0.038
53673.066219 g 20.152 0.023
53677.080808 r 19.399 0.018
53677.081641 i 19.031 0.016
53677.082475 u 22.515 0.344
53677.083308 z 18.763 0.041
53677.084141 g 20.036 0.021
53680.067473 r 19.157 0.012
53680.068306 i 18.873 0.013
53680.069140 u 21.834 0.180
53680.069973 z 18.691 0.033
53680.070806 g 19.972 0.019
53693.069381 r 19.242 0.015
53693.070214 i 18.874 0.015
53693.071048 u 22.250 0.308
53693.071881 z 18.713 0.039
53693.072714 g 20.041 0.023
53702.065053 r 19.115 0.032
53702.065886 i 18.815 0.027
53702.066719 u 21.848 0.355
53702.067553 z 18.722 0.073
53702.068386 g 19.972 0.043
53703.074276 r 19.134 0.039
53703.075109 i 18.908 0.027
53703.075942 u 21.494 0.240
53703.076776 z 18.703 0.051
53703.077609 g 19.952 0.034
53974.140647 r 19.166 0.016
53974.141480 i 18.854 0.017
53974.142314 u 21.920 0.166
53974.143147 z 18.764 0.034
#53974.143980 g -99.000 0.019
53989.130085 r 19.140 0.023
53989.130918 i 18.941 0.017
53989.131751 u 21.747 0.170
53989.132585 z 18.726 0.032
53989.133418 g 20.004 0.023
53995.138014 r 19.161 0.012
53995.138847 i 18.884 0.017
53995.139680 u 22.003 0.219
53995.140514 z 18.686 0.037
53995.141347 g 19.980 0.026
54005.088225 r 19.212 0.030
54005.089058 i 18.898 0.014
54005.089891 u 21.698 0.149
54005.090725 z 18.779 0.032
54005.091558 g 19.957 0.018
54007.100971 r 19.165 0.023
54007.101805 i 18.887 0.021
54007.102638 u 21.976 0.237
54007.103471 z 18.730 0.043
54007.104305 g 19.986 0.027
54009.098086 r 19.207 0.017
54009.098919 i 18.870 0.052
54009.099753 u 22.049 0.289
#54009.100586 z -99.000 0.034
54009.101419 g 19.947 0.026
54011.162572 r 19.156 0.018
54011.163405 i 18.912 0.021
54011.164238 u 21.900 0.414
54011.165072 z 18.717 0.034
54011.165905 g 19.994 0.037
54019.112796 r 19.223 0.016
54019.113629 i 18.881 0.016
54019.114462 u 22.408 0.319
54019.115296 z 19.166 0.076
54019.116129 g 20.601 0.068
54025.161594 r 19.193 0.014
54025.162427 i 18.871 0.018
54025.163261 u 21.667 0.181
54025.164094 z 18.718 0.037
54025.164927 g 20.010 0.020
54029.091932 r 19.243 0.015
54029.092765 i 18.838 0.026
54029.093599 u 22.142 0.268
54029.094432 z 18.658 0.039
54029.095265 g 20.382 0.048
54051.068640 r 19.147 0.030
54051.069473 i 18.887 0.031
#54051.070307 u 23.150 1.245
#54051.071140 z -99.000 0.081
54051.071973 g 19.924 0.046
54358.115149 r 19.138 0.019
#54358.115982 i -99.000 0.018
54358.116816 u 21.682 0.199
#54358.117649 z -99.000 0.041
#54358.118482 g -99.000 0.024
#54382.157338 r -99.000 0.027
54382.158172 i 18.807 0.040
54382.159005 u 21.556 0.179
54382.159838 z 18.669 0.054
54382.160672 g 20.133 0.051
54383.163083 r 19.253 0.014
54383.163916 i 18.899 0.045
54383.164749 u 21.873 0.205
54383.165583 z 18.721 0.035
54383.166416 g 19.946 0.022
#54386.160101 r -99.000 0.032
#54386.160934 i -99.000 0.025
54386.161768 u 22.467 0.742
54386.162601 z 18.877 0.073
54386.163434 g 20.075 0.037
54388.164418 r 19.201 0.019
54388.165251 i 18.909 0.043
54388.166084 u 22.092 0.295
54388.166918 z 18.820 0.050
54388.167751 g 20.000 0.024
54403.078240 r 19.176 0.014
54403.079074 i 18.867 0.012
54403.079907 u 21.903 0.190
54403.080740 z 18.790 0.039
54403.081574 g 19.993 0.021
54406.072010 r 19.169 0.015
54406.072844 i 18.896 0.017
54406.073677 u 21.843 0.176
54406.074510 z 18.800 0.046
54406.075344 g 20.043 0.024
54412.074902 r 19.142 0.018
54412.075735 i 18.860 0.025
54412.076568 u 22.837 1.000
54412.077402 z 18.693 0.050
54412.078235 g 20.013 0.025
54415.112461 r 19.183 0.014
54415.113295 i 18.860 0.014
54415.114128 u 21.695 0.179
54415.114961 z 18.685 0.039
54415.115795 g 20.009 0.021
