52935.064124 r 18.841 0.012
52935.064957 i 18.589 0.011
52935.065791 u 21.496 0.178
52935.066624 z 18.570 0.031
52935.067457 g 19.481 0.013
53313.057325 r 18.906 0.014
53313.058158 i 18.510 0.012
53313.058992 u 21.086 0.141
53313.059825 z 18.692 0.044
53313.060658 g 19.662 0.017
53625.162537 r 18.928 0.013
53625.163370 i 18.624 0.011
53625.164204 u 21.003 0.127
53625.165037 z 18.477 0.029
53625.165870 g 19.591 0.018
53636.121575 r 19.130 0.012
53636.122408 i 18.798 0.012
53636.123242 u 21.235 0.130
53636.124075 z 18.428 0.028
53636.124908 g 20.353 0.024
53645.181243 r 18.915 0.011
53645.182076 i 18.621 0.010
53645.182910 u 21.082 0.131
53645.183743 z 18.519 0.029
53645.184576 g 19.646 0.015
53655.093578 r 18.913 0.013
53655.094411 i 18.651 0.012
53655.095245 u 21.091 0.168
53655.096078 z 18.505 0.030
53655.096911 g 19.540 0.020
53664.118538 r 18.914 0.013
53664.119371 i 18.670 0.013
53664.120205 u 21.611 0.274
53664.121038 z 18.966 0.059
53664.121871 g 19.813 0.025
53666.082137 r 19.096 0.013
53666.082970 i 18.726 0.012
53666.083804 u 20.891 0.089
53666.084637 z 18.806 0.042
53666.085470 g 19.726 0.015
53669.077776 r 18.998 0.012
53669.078609 i 18.732 0.012
53669.079443 u 21.015 0.097
53669.080276 z 18.487 0.030
53669.081109 g 19.590 0.014
53674.062011 r 19.200 0.014
53674.062844 i 18.621 0.011
53674.063678 u 21.072 0.112
53674.064511 z 18.510 0.030
53674.065344 g 19.550 0.014
#53681.114911 r -99.000 0.028
#53681.115744 i -99.000 0.027
53681.116578 u 21.117 0.341
53681.117411 z 18.338 0.069
53681.118244 g 19.651 0.042
53687.112307 r 18.906 0.017
53687.113140 i 18.609 0.015
53687.113974 u 21.546 0.571
53687.114807 z 18.739 0.043
53687.115640 g 19.636 0.039
53697.071935 r 18.863 0.030
53697.072768 i 18.547 0.024
53697.073602 u 21.181 0.354
#53697.074435 z -99.000 0.086
53697.075268 g 19.480 0.038
53700.070898 r 18.799 0.012
53700.071731 i 18.595 0.012
53700.072565 u 20.892 0.117
53700.073398 z 18.443 0.035
53700.074231 g 19.539 0.015
53705.057567 r 18.939 0.013
53705.058400 i 18.672 0.014
53705.059234 u 21.411 0.203
53705.060067 z 18.510 0.039
53705.060900 g 19.640 0.017
#53975.142555 r -99.000 0.029
53975.143389 i 18.604 0.019
53975.144222 u 21.065 0.136
53975.145055 z 18.429 0.042
#53975.145889 g -99.000 0.047
53994.137996 r 18.831 0.017
53994.138830 i 18.681 0.062
53994.139663 u 21.102 0.112
53994.140496 z 19.328 0.183
53994.141330 g 19.771 0.030
53998.117906 r 18.925 0.014
53998.118739 i 18.685 0.030
53998.119573 u 21.174 0.123
53998.120406 z 18.461 0.036
53998.121239 g 19.519 0.015
54010.103386 r 18.868 0.016
54010.104219 i 18.674 0.031
54010.105053 u 20.983 0.142
54010.105886 z 18.498 0.052
54010.106719 g 19.655 0.030
54012.096231 r 18.938 0.024
54012.097065 i 18.745 0.035
54012.097898 u 20.773 0.194
54012.098731 z 18.477 0.053
54012.099565 g 19.857 0.056
54020.102235 r 18.846 0.052
54020.103068 i 18.617 0.026
54020.103902 u 20.807 0.094
54020.104735 z 18.732 0.070
54020.105568 g 19.929 0.041
#54022.151491 r -99.000 0.018
54022.152325 i 18.792 0.036
#54022.153158 u -99.000 0.126
#54022.153991 z -99.000 0.045
#54022.154825 g -99.000 0.025
54028.092594 r 19.067 0.026
#54028.093427 i 32.544 99.999
54028.094261 u 21.357 0.202
54028.095094 z 18.749 0.069
#54028.095927 g 99.990 99.999
54030.095765 r 19.205 0.045
54030.096598 i 18.674 0.025
54030.097431 u 21.147 0.116
54030.098265 z 18.622 0.052
54030.099098 g 20.293 0.116
#54032.085054 r -99.000 0.024
54032.085887 i 18.553 0.023
54032.086721 u 21.304 0.170
54032.087554 z 18.714 0.069
54032.088387 g 19.659 0.026
54037.077007 r 18.903 0.018
54037.077840 i 18.713 0.030
54037.078674 u 20.877 0.108
54037.079507 z 18.541 0.047
54037.080340 g 19.670 0.027
54040.091490 r 18.979 0.022
54040.092323 i 18.693 0.027
54040.093156 u 20.610 0.147
54040.093990 z 18.394 0.032
54040.094823 g 19.811 0.051
54050.076124 r 18.968 0.028
54050.076957 i 18.895 0.043
54050.077790 u 21.038 0.155
54050.078624 z 19.721 0.285
54050.079457 g 19.954 0.056
#54056.083967 r -99.000 0.049
54056.084801 i 18.681 0.026
54056.085634 u 21.086 0.164
54056.086467 z 19.028 0.110
#54056.087301 g -99.000 0.087
54059.078254 r 19.103 0.027
54059.079087 i 18.731 0.030
54059.079921 u 20.991 0.149
54059.080754 z 18.352 0.038
54059.081587 g 19.398 0.034
54061.089296 r 19.111 0.034
54061.090129 i 18.635 0.029
54061.090962 u 21.181 0.195
54061.091796 z 18.297 0.036
54061.092629 g 20.010 0.048
54062.083143 r 18.858 0.076
54062.083976 i 18.490 0.037
54062.084809 u 20.733 0.143
54062.085643 z 18.614 0.066
54062.086476 g 19.778 0.044
54357.121437 r 19.101 0.026
54357.122271 i 18.554 0.018
54357.123104 u 20.868 0.100
54357.123937 z 18.447 0.036
54357.124771 g 19.777 0.042
54365.119289 r 18.889 0.030
54365.120123 i 18.562 0.019
54365.120956 u 20.909 0.160
54365.121789 z 18.440 0.033
54365.122623 g 19.467 0.026
#54385.169266 r -99.000 0.015
54385.170100 i 18.609 0.022
#54385.170933 u -99.000 0.160
54385.171766 z 18.413 0.032
#54385.172600 g -99.000 0.510
54402.162951 r 18.899 0.020
54402.163784 i 18.573 0.027
54402.164617 u 20.750 0.211
54402.165451 z 18.396 0.034
54402.166284 g 19.852 0.057
