51075.344582 r 19.415 0.015
51075.345415 i 19.223 0.019
#51075.346249 u -99.000 0.034
51075.347082 z 19.225 0.080
51075.347915 g 19.551 0.013
52196.363781 r 19.293 0.015
52196.364614 i 19.037 0.017
52196.365448 u 19.741 0.043
52196.366281 z 18.986 0.059
52196.367114 g 19.358 0.012
52197.358184 r 19.216 0.014
52197.359017 i 19.019 0.017
52197.359851 u 19.661 0.042
52197.360684 z 19.010 0.066
52197.361517 g 19.358 0.012
52207.330612 r 19.309 0.014
52207.331445 i 19.050 0.015
52207.332279 u 19.661 0.037
52207.333112 z 19.073 0.054
52207.333945 g 19.358 0.011
52225.208385 r 19.349 0.014
52225.209218 i 19.085 0.015
52225.210052 u 19.649 0.035
52225.210885 z 19.177 0.058
52225.211718 g 19.477 0.012
52231.244167 r 19.258 0.013
52231.245000 i 19.055 0.015
52231.245834 u 19.714 0.038
52231.246667 z 18.992 0.050
52231.247500 g 19.472 0.012
52557.352169 r 19.331 0.015
52557.353002 i 19.136 0.017
#52557.353836 u -99.000 0.040
52557.354669 z 19.071 0.068
52557.355502 g 19.493 0.013
52578.248255 r 19.293 0.013
52578.249088 i 19.104 0.015
52578.249922 u 19.753 0.037
52578.250755 z 19.076 0.055
52578.251588 g 19.532 0.012
52908.326734 r 19.435 0.015
52908.327567 i 19.167 0.017
#52908.328401 u -99.000 0.041
52908.329234 z 19.123 0.059
52908.330067 g 19.534 0.013
52934.258638 r 19.341 0.017
52934.259471 i 19.205 0.019
52934.260305 u 19.781 0.051
52934.261138 z 19.038 0.064
52934.261971 g 19.391 0.012
52936.254563 r 19.353 0.014
52936.255396 i 19.175 0.015
52936.256230 u 19.751 0.037
52936.257063 z 19.067 0.056
52936.257896 g 19.504 0.012
53270.318635 r 19.296 0.017
53270.319468 i 19.129 0.021
#53270.320302 u -99.000 0.037
53270.321135 z 19.117 0.057
53270.321968 g 19.477 0.020
53272.368565 r 19.327 0.013
53272.369398 i 19.315 0.016
53272.370232 u 19.694 0.037
53272.371065 z 18.982 0.046
53272.371898 g 19.536 0.012
53286.337284 r 19.369 0.020
53286.338117 i 19.232 0.021
53286.338951 u 19.706 0.052
53286.339784 z 19.160 0.065
53286.340617 g 19.433 0.013
53288.295776 r 19.333 0.015
53288.296609 i 19.105 0.016
53288.297443 u 19.732 0.043
53288.298276 z 19.093 0.073
53288.299109 g 19.482 0.013
53294.343451 r 19.319 0.015
53294.344284 i 19.087 0.016
53294.345118 u 19.816 0.046
53294.345951 z 18.926 0.060
53294.346784 g 19.545 0.014
53296.290524 r 19.328 0.026
53296.291357 i 19.219 0.035
#53296.292190 u -99.000 0.045
53296.293024 z 18.938 0.070
53296.293857 g 19.472 0.023
53298.340228 r 19.190 0.017
53298.341061 i 19.181 0.021
53298.341895 u 19.763 0.049
53298.342728 z 18.988 0.065
53298.343561 g 19.450 0.015
53302.291445 r 19.406 0.020
53302.292278 i 19.057 0.017
53302.293112 u 19.780 0.058
53302.293945 z 18.987 0.049
53302.294778 g 19.446 0.020
53312.247044 r 19.277 0.022
53312.247877 i 19.099 0.026
53312.248711 u 19.695 0.046
53312.249544 z 19.205 0.092
53312.250377 g 19.429 0.034
53314.248174 r 19.258 0.015
53314.249007 i 19.190 0.019
53314.249841 u 19.726 0.042
53314.250674 z 19.084 0.065
53314.251507 g 19.529 0.013
53616.352532 r 19.437 0.019
53616.353365 i 19.244 0.025
53616.354199 u 19.774 0.058
53616.355032 z 19.190 0.083
53616.355865 g 19.516 0.015
53626.328960 r 19.365 0.014
53626.329793 i 19.192 0.016
53626.330627 u 19.751 0.042
53626.331460 z 19.028 0.053
53626.332293 g 19.531 0.013
53628.313825 r 19.236 0.019
53628.314658 i 18.991 0.018
53628.315492 u 19.776 0.074
53628.316325 z 18.969 0.063
53628.317158 g 19.413 0.023
53637.315441 r 19.306 0.020
53637.316274 i 19.190 0.021
#53637.317108 u -99.000 0.072
53637.317941 z 18.990 0.074
53637.318774 g 19.417 0.018
53639.360818 r 19.369 0.014
53639.361651 i 19.184 0.015
53639.362485 u 19.789 0.041
53639.363318 z 19.196 0.054
53639.364151 g 19.443 0.013
53641.359984 r 19.334 0.014
53641.360817 i 19.184 0.016
53641.361651 u 19.792 0.042
53641.362484 z 19.084 0.050
53641.363317 g 19.456 0.012
53654.342510 r 19.281 0.014
53654.343343 i 19.204 0.017
53654.344177 u 19.712 0.041
53654.345010 z 19.102 0.058
53654.345843 g 19.437 0.012
53663.303414 r 19.420 0.022
53663.304247 i 19.129 0.017
53663.305081 u 19.551 0.058
53663.305914 z 19.025 0.050
53663.306747 g 19.442 0.021
#53665.281385 r -99.000 0.062
53665.282218 i 19.091 0.028
53665.283052 u 19.775 0.076
53665.283885 z 18.959 0.061
#53665.284718 g -99.000 0.038
53666.373511 r 19.316 0.017
53666.374344 i 19.099 0.016
#53666.375178 u -99.000 0.074
53666.376011 z 18.969 0.052
53666.376844 g 19.466 0.017
53668.293015 r 19.295 0.015
53668.293848 i 19.096 0.018
53668.294682 u 19.807 0.053
53668.295515 z 19.217 0.074
53668.296348 g 19.449 0.014
53670.297867 r 19.293 0.019
53670.298700 i 19.129 0.021
53670.299534 u 19.807 0.055
53670.300367 z 18.988 0.064
53670.301200 g 19.417 0.012
53673.265854 r 19.344 0.014
53673.266687 i 19.259 0.016
53673.267521 u 19.823 0.045
53673.268354 z 19.031 0.050
53673.269187 g 19.452 0.011
53675.262742 r 19.280 0.015
53675.263575 i 19.138 0.017
53675.264409 u 19.725 0.040
53675.265242 z 19.229 0.070
53675.266075 g 19.414 0.012
53677.283772 r 19.332 0.013
53677.284605 i 19.110 0.014
53677.285439 u 19.761 0.039
53677.286272 z 19.050 0.047
53677.287105 g 19.433 0.012
53680.270439 r 19.326 0.014
53680.271272 i 19.121 0.016
53680.272106 u 19.706 0.040
53680.272939 z 18.959 0.048
53680.273772 g 19.458 0.012
53693.272333 r 19.318 0.020
53693.273166 i 19.194 0.019
53693.274000 u 19.702 0.075
53693.274833 z 19.106 0.058
53693.275666 g 19.415 0.024
53698.269722 r 19.246 0.015
53698.270555 i 19.056 0.016
53698.271389 u 19.703 0.046
53698.272222 z 18.972 0.056
53698.273055 g 19.429 0.012
53704.255655 r 19.211 0.016
53704.256488 i 19.146 0.019
#53704.257322 u -99.000 0.048
53704.258155 z 18.978 0.069
53704.258988 g 19.386 0.014
53989.351760 r 19.202 0.023
53989.352593 i 19.065 0.028
53989.353427 u 19.723 0.070
53989.354260 z 18.993 0.050
53989.355093 g 19.365 0.023
53995.366345 r 19.273 0.021
53995.367178 i 19.127 0.026
53995.368011 u 19.691 0.038
53995.368845 z 19.047 0.048
53995.369678 g 19.420 0.017
54000.327154 r 19.307 0.025
54000.327988 i 19.071 0.031
54000.328821 u 19.668 0.049
54000.329654 z 19.040 0.082
54000.330488 g 19.415 0.021
#54006.274164 r -99.000 0.016
54006.274997 i 19.125 0.019
54006.275830 u 19.701 0.037
#54006.276664 z -99.000 0.051
#54006.277497 g -99.000 0.021
54007.377349 r 19.379 0.038
54007.378183 i 19.145 0.031
54007.379016 u 19.727 0.060
54007.379849 z 18.913 0.081
#54007.380683 g -99.000 0.039
54009.301130 r 19.306 0.024
54009.301963 i 19.113 0.027
#54009.302797 u -99.000 0.054
54009.303630 z 19.033 0.053
54009.304463 g 19.439 0.021
54011.365557 r 19.226 0.015
54011.366390 i 19.110 0.020
54011.367223 u 19.644 0.034
54011.368057 z 19.121 0.041
54011.368890 g 19.399 0.021
54025.364567 r 19.322 0.032
54025.365400 i 19.216 0.044
#54025.366234 u -99.000 0.054
54025.367067 z 18.935 0.075
54025.367900 g 19.442 0.022
54029.294956 r 19.273 0.025
54029.295790 i 19.042 0.042
#54029.296623 u -99.000 0.053
54029.297456 z 19.086 0.076
54029.298290 g 19.377 0.018
54348.362367 r 19.226 0.023
54348.363201 i 19.090 0.037
54348.364034 u 19.617 0.048
54348.364867 z 19.031 0.062
54348.365701 g 19.292 0.036
54358.318213 r 19.289 0.053
54358.319046 i 19.031 0.025
#54358.319880 u -99.000 0.061
54358.320713 z 19.154 0.086
54358.321546 g 19.333 0.028
54359.312168 r 19.244 0.033
54359.313002 i 19.070 0.033
54359.313835 u 19.829 0.107
#54359.314668 z -99.000 0.194
54359.315502 g 19.335 0.027
54365.351204 r 19.222 0.021
54365.352038 i 19.071 0.030
54365.352871 u 19.712 0.041
54365.353704 z 19.080 0.054
54365.354538 g 19.402 0.024
54381.370826 r 19.269 0.027
54381.371659 i 19.157 0.025
54381.372492 u 19.670 0.047
54381.373326 z 18.931 0.048
54381.374159 g 19.414 0.021
54384.377439 r 19.245 0.020
54384.378272 i 19.087 0.023
#54384.379106 u -99.000 0.055
54384.379939 z 19.085 0.058
54384.380772 g 19.366 0.022
54386.363117 r 19.185 0.026
54386.363950 i 19.075 0.033
#54386.364783 u -99.000 0.071
#54386.365617 z -99.000 0.077
54386.366450 g 19.328 0.022
54388.367381 r 19.222 0.018
54388.368214 i 19.068 0.023
#54388.369047 u -99.000 0.041
54388.369881 z 18.897 0.043
54388.370714 g 19.363 0.018
54403.281190 r 19.150 0.021
54403.282024 i 19.042 0.027
#54403.282857 u -99.000 0.069
#54403.283690 z -99.000 0.070
54403.284524 g 19.304 0.022
54404.338657 r 19.234 0.018
54404.339491 i 19.153 0.030
#54404.340324 u -99.000 0.061
54404.341157 z 18.972 0.056
#54404.341991 g -99.000 0.030
54405.336744 r 19.227 0.018
54405.337577 i 19.006 0.021
#54405.338410 u -99.000 0.052
54405.339244 z 19.088 0.058
54405.340077 g 19.343 0.023
54406.274992 r 19.199 0.021
54406.275826 i 19.193 0.031
54406.276659 u 19.653 0.038
54406.277492 z 19.041 0.046
54406.278326 g 19.461 0.029
54412.277922 r 19.288 0.025
54412.278755 i 19.076 0.028
54412.279589 u 19.698 0.052
54412.280422 z 18.908 0.063
54412.281255 g 19.385 0.026
54412.300741 r 19.216 0.019
54412.301575 i 19.094 0.025
#54412.302408 u -99.000 0.050
54412.303241 z 19.031 0.061
54412.304075 g 19.398 0.016
