53625.154281 r 18.785 0.012
53625.155114 i 18.034 0.009
53625.155948 u 22.724 0.561
53625.156781 z 17.610 0.019
53625.157614 g 20.072 0.027
53636.113319 r 18.778 0.010
53636.114152 i 18.044 0.009
53636.114986 u 21.988 0.258
53636.115819 z 17.571 0.021
53636.116652 g 20.022 0.017
53645.172987 r 18.766 0.010
53645.173820 i 18.041 0.008
53645.174654 u 22.156 0.332
53645.175487 z 17.642 0.020
53645.176320 g 19.991 0.017
53669.069521 r 18.779 0.010
53669.070354 i 18.034 0.009
53669.071188 u 21.620 0.161
53669.072021 z 17.619 0.019
53669.072854 g 20.034 0.017
53681.106654 r 18.749 0.019
53681.107487 i 18.017 0.014
53681.108321 u 22.426 0.701
53681.109154 z 17.581 0.034
53681.109987 g 20.029 0.044
53685.065696 r 18.735 0.017
53685.066529 i 17.987 0.011
53685.067363 u 21.122 0.313
53685.068196 z 17.546 0.023
53685.069029 g 20.004 0.053
53687.104051 r 18.728 0.015
53687.104884 i 17.963 0.010
53687.105718 u 21.329 0.490
53687.106551 z 17.569 0.021
53687.107384 g 20.032 0.055
53697.063679 r 18.752 0.063
#53697.064512 i -99.000 0.037
53697.065346 u 20.648 0.483
#53697.066179 z -99.000 0.079
#53697.067012 g -99.000 0.079
53700.062641 r 18.689 0.012
53700.063474 i 17.975 0.009
53700.064308 u 21.824 0.288
53700.065141 z 17.538 0.024
53700.065974 g 19.934 0.020
53705.049312 r 18.775 0.013
53705.050145 i 18.012 0.010
53705.050979 u 21.379 0.201
53705.051812 z 17.560 0.021
53705.052645 g 19.953 0.021
53975.134300 r 18.815 0.010
53975.135133 i 18.084 0.010
53975.135966 u 21.656 0.191
53975.136800 z 17.665 0.027
53975.137633 g 20.015 0.017
53994.129760 r 18.858 0.056
53994.130593 i 18.078 0.062
53994.131426 u 21.701 0.155
53994.132260 z 17.679 0.018
53994.133093 g 20.100 0.019
53998.109656 r 18.924 0.009
53998.110489 i 18.130 0.015
53998.111322 u 21.856 0.148
53998.112156 z 17.675 0.024
#53998.112989 g -99.000 0.016
54010.095128 r 18.959 0.013
54010.095961 i 18.195 0.012
#54010.096795 u 25.821 99.999
54010.097628 z 17.686 0.020
54010.098461 g 20.223 0.029
54012.087981 r 18.897 0.017
54012.088814 i 18.159 0.048
54012.089648 u 21.705 0.361
54012.090481 z 17.716 0.019
54012.091314 g 20.179 0.043
54020.093957 r 18.867 0.009
54020.094790 i 18.140 0.024
54020.095623 u 21.922 0.183
54020.096457 z 17.672 0.018
54020.097290 g 20.106 0.016
54022.143236 r 18.857 0.009
54022.144070 i 18.134 0.038
54022.144903 u 21.313 0.132
54022.145736 z 17.708 0.018
54022.146570 g 20.103 0.017
#54030.087510 r -99.000 0.009
54030.088343 i 18.120 0.007
54030.089177 u 21.932 0.190
54030.090010 z 17.686 0.018
54030.090843 g 20.161 0.015
#54032.077096 r -99.000 0.012
54032.077929 i 18.090 0.016
54032.078762 u 22.529 0.492
#54032.079596 z -99.000 0.021
#54032.080429 g -99.000 0.023
54037.068753 r 18.886 0.009
54037.069586 i 18.101 0.007
54037.070419 u 21.728 0.202
54037.071253 z 17.702 0.019
54037.072086 g 20.130 0.021
54040.083236 r 18.865 0.016
54040.084070 i 18.099 0.053
#54040.084903 u 25.822 99.999
54040.085736 z 17.707 0.022
54040.086570 g 20.166 0.038
54050.067869 r 18.773 0.013
#54050.068702 i -99.000 0.016
54050.069535 u 21.699 0.247
54050.070369 z 17.635 0.025
54050.071202 g 19.993 0.028
54059.069985 r 18.774 0.029
54059.070818 i 18.061 0.025
54059.071652 u 21.648 0.245
54059.072485 z 17.614 0.025
54059.073318 g 20.023 0.021
54062.074890 r 18.808 0.025
54062.075723 i 18.039 0.017
54062.076556 u 21.504 0.264
54062.077390 z 17.618 0.028
54062.078223 g 19.974 0.024
54068.064867 r 18.756 0.015
54068.065701 i 18.042 0.013
54068.066534 u 20.927 0.281
54068.067367 z 17.619 0.025
54068.068201 g 19.959 0.043
54357.113175 r 18.849 0.008
54357.114008 i 18.098 0.008
54357.114841 u 21.674 0.187
54357.115675 z 17.679 0.019
54357.116508 g 20.135 0.017
54365.111048 r 18.896 0.013
54365.111882 i 18.162 0.074
54365.112715 u 21.648 0.256
54365.113548 z 17.693 0.022
54365.114382 g 20.198 0.034
54385.161008 r 18.896 0.008
54385.161842 i 18.094 0.041
54385.162675 u 21.921 0.221
54385.163508 z 17.696 0.022
54385.164342 g 20.099 0.017
54387.161506 r 18.798 0.014
54387.162340 i 18.054 0.009
54387.163173 u 21.796 0.362
54387.164006 z 17.608 0.025
54387.164840 g 19.985 0.021
54392.156231 r 18.868 0.030
54392.157065 i 18.111 0.008
54392.157898 u 22.237 0.424
54392.158731 z 17.700 0.019
54392.159565 g 20.129 0.027
