52935.064186 r 18.614 0.010
52935.065019 i 18.323 0.010
52935.065853 u 21.305 0.125
#52935.066686 z -99.000 0.026
52935.067519 g 19.451 0.013
53636.121638 r 18.694 0.010
53636.122471 i 18.423 0.011
53636.123305 u 21.168 0.105
53636.124138 z 18.358 0.029
53636.124971 g 19.490 0.013
53655.093641 r 18.714 0.012
53655.094474 i 18.433 0.011
53655.095308 u 21.229 0.165
53655.096141 z 18.031 0.022
53655.096974 g 19.663 0.021
53664.118588 r 18.624 0.011
53664.119421 i 18.345 0.011
53664.120255 u 21.481 0.210
53664.121088 z 18.022 0.028
53664.121921 g 19.456 0.018
53666.082189 r 18.689 0.010
53666.083022 i 18.370 0.010
53666.083856 u 21.680 0.143
53666.084689 z 18.043 0.024
53666.085522 g 19.505 0.013
53669.077840 r 18.600 0.009
53669.078673 i 18.353 0.010
53669.079507 u 21.319 0.108
53669.080340 z 18.060 0.023
53669.081173 g 19.494 0.012
53674.062061 r 18.682 0.010
53674.062894 i 18.321 0.010
53674.063728 u 21.479 0.135
#53674.064561 z -99.000 0.022
53674.065394 g 19.428 0.012
#53681.114972 r -99.000 0.023
53681.115805 i 18.174 0.022
53681.116639 u 21.039 0.274
53681.117472 z 18.039 0.055
#53681.118305 g -99.000 0.032
53685.074015 r 18.562 0.016
53685.074848 i 18.355 0.018
53685.075682 u 21.005 0.307
53685.076515 z 17.968 0.029
53685.077348 g 19.367 0.034
53697.071998 r 18.557 0.022
53697.072831 i 18.204 0.020
53697.073665 u 21.067 0.270
#53697.074498 z -99.000 0.063
53697.075331 g 19.381 0.032
53700.070962 r 18.642 0.011
53700.071795 i 18.272 0.011
53700.072629 u 21.270 0.134
53700.073462 z 18.016 0.025
53700.074295 g 19.471 0.014
#53998.117992 r -99.000 0.014
53998.118825 i 18.350 0.012
53998.119659 u 21.323 0.107
53998.120492 z 18.142 0.028
53998.121325 g 19.502 0.016
54010.103450 r 18.754 0.023
54010.104283 i 18.330 0.032
54010.105117 u 21.570 0.201
54010.105950 z 18.047 0.021
54010.106783 g 19.453 0.023
54012.096289 r 18.670 0.018
54012.097123 i 18.434 0.024
54012.097956 u 21.126 0.224
54012.098789 z 18.013 0.023
54012.099623 g 19.528 0.033
54020.102270 r 18.627 0.024
54020.103103 i 18.274 0.020
54020.103937 u 21.127 0.101
54020.104770 z 18.162 0.033
54020.105603 g 19.466 0.016
54028.092641 r 18.824 0.018
54028.093474 i 18.498 0.024
54028.094308 u 22.454 0.490
54028.095141 z 18.014 0.033
54028.095974 g 19.654 0.024
54030.095847 r 18.724 0.040
54030.096680 i 18.369 0.024
54030.097514 u 21.884 0.206
54030.098347 z 18.303 0.044
54030.099180 g 19.560 0.019
54034.155612 r 20.619 0.349
#54034.156445 i -99.000 0.042
54034.157278 u 21.662 0.368
#54034.158112 z -99.000 0.049
#54034.158945 g -99.000 0.046
54040.091554 r 18.636 0.013
54040.092387 i 18.316 0.014
54040.093220 u 21.268 0.239
54040.094054 z 18.043 0.024
54040.094887 g 19.444 0.022
54050.076185 r 18.685 0.019
54050.077018 i 18.496 0.034
54050.077851 u 21.986 0.336
54050.078685 z 17.926 0.031
54050.079518 g 19.488 0.018
54053.082341 r 18.524 0.059
54053.083174 i 18.231 0.074
54053.084007 u 20.950 0.153
54053.084841 z 18.195 0.048
54053.085674 g 19.577 0.061
#54056.084025 r -99.000 0.022
54056.084858 i 18.255 0.045
54056.085691 u 21.192 0.153
54056.086525 z 17.944 0.037
#54056.087358 g -99.000 0.022
54059.078305 r 18.670 0.021
54059.079138 i 18.338 0.030
54059.079971 u 21.178 0.136
54059.080805 z 18.076 0.032
54059.081638 g 19.467 0.025
54061.089351 r 18.698 0.032
54061.090185 i 18.596 0.035
54061.091018 u 21.493 0.239
54061.091851 z 18.129 0.037
54061.092685 g 19.614 0.024
54062.083206 r 18.818 0.021
54062.084039 i 18.560 0.033
#54062.084873 u 23.338 1.459
54062.085706 z 18.050 0.045
54062.086539 g 19.555 0.026
54387.169837 r 18.669 0.012
54387.170671 i 18.353 0.024
54387.171504 u 22.565 0.586
#54387.172337 z -99.000 99.999
#54387.173171 g -99.000 0.060
