53625.156382 r 18.197 0.008
53625.157215 i 17.929 0.009
53625.158049 u 20.278 0.067
53625.158882 z 17.950 0.021
53625.159715 g 18.841 0.011
53655.087423 r 18.138 0.008
53655.088256 i 17.874 0.009
53655.089090 u 20.389 0.091
53655.089923 z 17.842 0.020
53655.090756 g 18.781 0.012
53669.071620 r 18.239 0.008
53669.072453 i 18.023 0.009
53669.073287 u 20.006 0.045
53669.074120 z 17.896 0.021
53669.074953 g 18.848 0.009
53674.055842 r 18.255 0.008
53674.056675 i 18.028 0.009
53674.057509 u 20.065 0.051
53674.058342 z 17.902 0.019
53674.059175 g 18.795 0.009
53685.067795 r 18.253 0.011
53685.068628 i 18.095 0.011
53685.069462 u 19.878 0.128
53685.070295 z 17.919 0.031
53685.071128 g 18.819 0.018
#53697.065779 r -99.000 0.034
53697.066612 i 18.063 0.029
53697.067446 u 20.105 0.172
53697.068279 z 18.032 0.080
53697.069112 g 18.817 0.028
53705.051411 r 18.259 0.008
53705.052244 i 18.042 0.009
53705.053078 u 20.640 0.098
53705.053911 z 17.883 0.025
53705.054744 g 18.819 0.010
53975.136401 r 18.425 0.045
53975.137234 i 18.028 0.035
53975.138068 u 19.963 0.050
53975.138901 z 17.908 0.026
53975.139734 g 19.011 0.036
53994.131838 r 18.261 0.025
53994.132672 i 18.065 0.020
53994.133505 u 20.280 0.049
53994.134338 z 17.932 0.025
53994.135172 g 18.987 0.619
53998.111750 r 18.259 0.054
53998.112583 i 18.043 0.012
53998.113417 u 20.257 0.064
53998.114250 z 17.960 0.022
53998.115083 g 18.817 0.013
54010.097231 r 18.274 0.011
54010.098065 i 18.038 0.022
54010.098898 u 20.166 0.065
54010.099731 z 17.940 0.021
54010.100565 g 18.841 0.012
54012.090076 r 18.243 0.012
54012.090909 i 18.033 0.033
54012.091742 u 20.076 0.091
54012.092576 z 17.870 0.022
54012.093409 g 18.803 0.018
54020.096068 r 18.260 0.006
54020.096901 i 18.043 0.018
54020.097735 u 20.293 0.051
54020.098568 z 17.937 0.021
54020.099401 g 18.822 0.009
54022.145478 r 18.307 0.042
54022.146312 i 18.041 0.013
54022.147145 u 20.277 0.057
54022.147978 z 17.933 0.029
#54022.148812 g -99.000 0.021
54030.089610 r 18.264 0.011
54030.090444 i 18.031 0.016
54030.091277 u 20.087 0.044
54030.092110 z 17.976 0.019
54030.092944 g 18.817 0.009
54032.078878 r 18.248 0.017
#54032.079712 i -99.000 0.036
54032.080545 u 20.103 0.055
#54032.081378 z -99.000 0.024
#54032.082212 g -99.000 0.015
54037.070853 r 18.320 0.026
54037.071687 i 18.040 0.008
54037.072520 u 20.249 0.072
54037.073353 z 17.856 0.022
54037.074187 g 18.840 0.022
54040.085334 r 18.253 0.016
#54040.086167 i -99.000 0.009
54040.087000 u 19.893 0.073
54040.087834 z 17.896 0.023
54040.088667 g 18.827 0.016
54059.072131 r 18.244 0.018
54059.072965 i 18.070 0.047
54059.073798 u 20.303 0.078
54059.074631 z 17.965 0.030
54059.075465 g 18.825 0.020
#54061.083131 r -99.000 0.078
#54061.083964 i -99.000 0.028
54061.084798 u 20.105 0.064
54061.085631 z 17.896 0.031
54061.086464 g 18.775 0.026
54062.076985 r 18.213 0.008
54062.077818 i 18.027 0.008
54062.078651 u 20.473 0.110
#54062.079485 z -99.000 0.036
54062.080318 g 18.792 0.345
54357.115278 r 18.239 0.035
54357.116111 i 18.020 0.031
54357.116944 u 20.247 0.051
54357.117778 z 17.923 0.021
54357.118611 g 18.822 0.013
54365.113154 r 18.302 0.018
54365.113988 i 18.039 0.010
54365.114821 u 20.210 0.078
#54365.115654 z -99.000 0.026
54365.116488 g 18.820 0.017
54392.158331 r 18.354 0.030
54392.159164 i 18.030 0.009
54392.159998 u 20.137 0.092
54392.160831 z 17.956 0.024
54392.161664 g 18.764 0.015
#54402.156797 r -99.000 0.142
#54402.157631 i -99.000 0.044
#54402.158464 u -99.000 0.143
54402.159297 z 18.029 0.029
54402.160131 g 18.840 0.025
