53313.054993 r 19.936 0.029
53313.055826 i 19.634 0.038
53313.056660 u 21.683 0.234
53313.057493 z 19.448 0.118
53313.058326 g 20.341 0.025
53625.160204 r 19.930 0.024
53625.161037 i 19.575 0.023
53625.161871 u 21.842 0.256
53625.162704 z 19.332 0.070
53625.163537 g 20.310 0.030
53636.119241 r 19.848 0.018
53636.120074 i 19.618 0.021
53636.120908 u 21.574 0.154
53636.121741 z 19.470 0.078
53636.122574 g 20.300 0.020
53645.178910 r 19.821 0.019
53645.179743 i 19.638 0.021
53645.180577 u 21.949 0.236
53645.181410 z 19.480 0.074
53645.182243 g 20.313 0.021
53655.091245 r 19.879 0.025
53655.092078 i 19.541 0.023
53655.092912 u 21.604 0.248
53655.093745 z 19.498 0.079
53655.094578 g 20.294 0.034
53664.116205 r 19.658 0.038
#53664.117038 i -99.000 0.039
53664.117872 u 21.361 0.265
#53664.118705 z -99.000 0.124
53664.119538 g 20.007 0.033
53669.075444 r 19.829 0.019
53669.076277 i 19.586 0.021
53669.077111 u 21.633 0.151
53669.077944 z 19.565 0.078
53669.078777 g 20.360 0.020
53674.059679 r 19.837 0.021
53674.060512 i 19.551 0.022
53674.061346 u 21.500 0.163
53674.062179 z 19.507 0.079
53674.063012 g 20.245 0.020
53681.112577 r 19.714 0.042
53681.113410 i 19.542 0.048
53681.114244 u 21.743 0.454
#53681.115077 z -99.000 0.218
53681.115910 g 20.285 0.076
53685.071619 r 19.914 0.041
53685.072452 i 19.649 0.037
53685.073286 u 22.165 0.816
53685.074119 z 19.604 0.148
53685.074952 g 20.228 0.070
53687.109973 r 19.888 0.042
53687.110806 i 19.598 0.032
#53687.111640 u 22.381 1.174
53687.112473 z 19.446 0.098
53687.113306 g 20.270 0.067
53700.068564 r 19.837 0.023
53700.069397 i 19.590 0.029
53700.070231 u 21.892 0.292
53700.071064 z 19.556 0.118
53700.071897 g 20.330 0.024
53705.055234 r 19.906 0.026
53705.056067 i 19.661 0.031
53705.056901 u 21.851 0.290
53705.057734 z 19.605 0.114
53705.058567 g 20.342 0.027
53975.140224 r 19.721 0.021
53975.141058 i 19.621 0.044
53975.141891 u 22.290 0.341
#53975.142724 z -99.000 0.084
53975.143558 g 20.372 0.022
#53994.135674 r -99.000 0.047
53994.136508 i 19.589 0.026
53994.137341 u 21.730 0.175
53994.138174 z 19.565 0.078
53994.139008 g 20.333 0.017
53998.115574 r 19.815 0.019
53998.116407 i 19.605 0.025
53998.117241 u 21.656 0.149
53998.118074 z 19.398 0.062
53998.118907 g 20.317 0.017
54010.101052 r 19.868 0.025
54010.101885 i 19.559 0.025
54010.102719 u 21.832 0.257
54010.103552 z 19.479 0.057
54010.104385 g 20.291 0.031
54012.093893 r 19.764 0.030
54012.094727 i 19.534 0.027
54012.095560 u 22.062 1.000
54012.096393 z 19.563 0.075
54012.097227 g 20.321 0.049
54020.099889 r 19.824 0.022
54020.100722 i 19.632 0.025
54020.101555 u 21.889 0.200
54020.102389 z 19.389 0.067
54020.103222 g 20.385 0.020
#54022.149159 r -99.000 0.045
#54022.149993 i -99.000 0.036
54022.150826 u 21.456 0.165
#54022.151659 z -99.000 0.117
54022.152493 g 20.354 0.035
54028.090251 r 19.877 0.062
54028.091084 i 19.565 0.057
54028.091917 u 21.790 0.235
54028.092751 z 19.539 0.109
54028.093584 g 20.405 0.028
#54030.093433 r -99.000 0.025
54030.094266 i 19.619 0.022
54030.095100 u 21.701 0.154
54030.095933 z 19.506 0.065
54030.096766 g 20.322 0.017
54037.074677 r 19.881 0.026
54037.075510 i 19.664 0.031
54037.076343 u 21.839 0.226
54037.077177 z 19.526 0.066
54037.078010 g 20.288 0.024
54040.089164 r 19.904 0.042
54040.089997 i 19.588 0.030
54040.090831 u 21.529 0.293
54040.091664 z 19.428 0.080
54040.092497 g 20.436 0.047
54050.073793 r 19.916 0.050
54050.074626 i 19.659 0.043
54050.075459 u 21.445 0.211
54050.076293 z 19.493 0.122
54050.077126 g 20.418 0.031
54056.081634 r 19.877 0.039
#54056.082468 i -99.000 0.070
54056.083301 u 21.949 0.414
#54056.084134 z -99.000 0.127
54056.084968 g 20.464 0.074
54059.075909 r 19.868 0.046
54059.076742 i 19.695 0.057
54059.077575 u 21.508 0.267
54059.078409 z 19.706 0.136
54059.079242 g 20.371 0.028
#54061.086957 r -99.000 0.084
54061.087790 i 19.568 0.043
54061.088623 u 22.101 0.308
#54061.089457 z -99.000 0.110
54061.090290 g 20.355 0.029
54062.080808 r 19.942 0.049
54062.081641 i 19.693 0.088
54062.082475 u 21.372 0.233
54062.083308 z 19.672 0.157
54062.084141 g 20.454 0.036
54068.070788 r 19.953 0.067
54068.071622 i 19.702 0.063
54068.072455 u 21.652 1.000
54068.073288 z 19.722 0.208
54068.074122 g 20.378 0.062
54357.119099 r 19.839 0.037
54357.119932 i 19.645 0.042
54357.120765 u 21.691 0.264
54357.121599 z 19.502 0.092
#54357.122432 g -99.000 0.024
54365.116950 r 19.884 0.026
54365.117784 i 19.596 0.031
54365.118617 u 21.435 0.249
54365.119450 z 19.514 0.085
54365.120284 g 20.268 0.037
#54385.166924 r -99.000 0.021
54385.167758 i 19.619 0.033
54385.168591 u 22.637 0.482
54385.169424 z 19.310 0.070
54385.170258 g 20.352 0.025
54387.167428 r 19.925 0.051
54387.168261 i 19.663 0.065
54387.169095 u 21.473 0.243
54387.169928 z 19.769 0.149
#54387.170761 g -99.000 0.053
54392.162160 r 19.874 0.057
54392.162993 i 19.739 0.080
54392.163827 u 22.666 0.755
54392.164660 z 19.220 0.122
#54392.165493 g -99.000 0.064
54402.160614 r 19.938 0.041
54402.161447 i 19.657 0.039
54402.162281 u 21.940 0.595
54402.163114 z 19.343 0.080
54402.163947 g 20.235 0.049
