53625.155948 r 19.416 0.018
53625.156781 i 19.186 0.020
53625.157615 u 21.627 0.238
53625.158448 z 18.943 0.051
53625.159281 g 20.024 0.028
53636.114984 r 19.499 0.017
53636.115817 i 19.240 0.020
53636.116651 u 21.854 0.206
53636.117484 z 19.027 0.050
53636.118317 g 20.111 0.018
53655.086989 r 19.475 0.021
53655.087822 i 19.261 0.023
53655.088656 u 22.066 0.410
53655.089489 z 19.109 0.065
53655.090322 g 20.051 0.031
53669.071177 r 19.506 0.016
53669.072010 i 19.206 0.019
53669.072844 u 21.922 0.218
53669.073677 z 18.993 0.056
53669.074510 g 20.078 0.018
53674.055412 r 19.427 0.017
53674.056245 i 19.221 0.020
53674.057079 u 21.570 0.176
53674.057912 z 19.044 0.052
53674.058745 g 20.076 0.020
53681.108309 r 19.417 0.037
53681.109142 i 19.160 0.043
53681.109976 u 21.186 0.262
53681.110809 z 18.901 0.124
53681.111642 g 19.995 0.044
53685.067360 r 19.433 0.033
53685.068193 i 19.180 0.031
53685.069027 u 21.404 0.471
53685.069860 z 18.787 0.076
53685.070693 g 20.047 0.056
53687.105715 r 19.426 0.030
53687.106548 i 19.177 0.027
53687.107382 u 20.962 0.338
53687.108215 z 18.988 0.062
53687.109048 g 20.044 0.060
#53697.065344 r -99.000 0.099
#53697.066177 i -99.000 0.115
#53697.067011 u 22.128 1.251
#53697.067844 z -99.000 0.186
53697.068677 g 20.150 0.098
53700.064308 r 19.439 0.018
53700.065141 i 19.190 0.023
53700.065975 u 21.614 0.230
53700.066808 z 19.030 0.068
53700.067641 g 20.039 0.022
53705.050977 r 19.445 0.019
53705.051810 i 19.162 0.021
53705.052644 u 21.643 0.230
53705.053477 z 18.978 0.059
53705.054310 g 20.105 0.025
53975.135970 r 19.547 0.016
53975.136803 i 19.274 0.021
53975.137637 u 21.534 0.208
53975.138470 z 19.096 0.065
53975.139303 g 20.159 0.021
53994.131412 r 19.545 0.025
53994.132245 i 19.245 0.028
53994.133079 u 21.762 0.175
53994.133912 z 19.090 0.049
53994.134745 g 20.134 0.050
53998.111331 r 19.555 0.071
53998.112164 i 19.335 0.019
53998.112998 u 21.640 0.142
53998.113831 z 19.158 0.054
53998.114664 g 20.145 0.018
54012.089645 r 19.491 0.029
54012.090479 i 19.308 0.034
54012.091312 u 21.464 0.322
54012.092145 z 18.967 0.055
54012.092979 g 20.182 0.051
54020.095622 r 19.568 0.016
54020.096456 i 19.225 0.020
54020.097289 u 22.153 0.224
54020.098122 z 19.093 0.055
54020.098956 g 20.149 0.016
54022.144912 r 19.486 0.018
54022.145745 i 19.234 0.016
54022.146578 u 21.666 0.180
54022.147412 z 19.108 0.052
54022.148245 g 20.174 0.021
54030.089184 r 19.529 0.017
54030.090017 i 19.291 0.025
54030.090850 u 21.433 0.126
54030.091684 z 19.142 0.054
54030.092517 g 20.131 0.015
54032.078441 r 19.524 0.023
#54032.079274 i -99.000 0.029
54032.080107 u 21.629 0.193
#54032.080941 z -99.000 0.063
#54032.081774 g -99.000 0.023
54034.148673 r 19.507 0.030
54034.149507 i 19.153 0.037
54034.150340 u 21.652 0.692
54034.151173 z 19.062 0.097
54034.152007 g 20.643 0.110
54040.084904 r 19.506 0.027
54040.085737 i 19.278 0.027
54040.086570 u 22.131 0.569
54040.087404 z 19.008 0.060
54040.088237 g 20.083 0.038
54050.069561 r 19.628 0.029
54050.070394 i 19.214 0.043
54050.071228 u 21.924 0.298
54050.072061 z 19.011 0.067
54050.072894 g 20.240 0.037
#54053.075693 r -99.000 0.146
#54053.076526 i -99.000 0.133
#54053.077359 u -99.000 0.522
#54053.078193 z -99.000 0.091
#54053.079026 g -99.000 1.305
#54059.071650 r -99.000 0.039
54059.072483 i 19.178 0.027
54059.073317 u 22.439 0.563
54059.074150 z 19.117 0.082
54059.074983 g 20.516 0.050
54061.082708 r 19.796 0.066
54061.083541 i 19.149 0.049
54061.084375 u 21.099 0.161
54061.085208 z 19.117 0.085
54061.086041 g 20.551 0.053
54068.066522 r 19.435 0.031
54068.067355 i 19.262 0.036
54068.068189 u 22.115 0.853
54068.069022 z 19.186 0.087
54068.069855 g 19.936 0.048
54357.114840 r 19.549 0.015
54357.115673 i 19.306 0.017
54357.116506 u 21.470 0.146
54357.117340 z 19.107 0.049
54357.118173 g 20.108 0.040
54365.112713 r 19.480 0.022
54365.113546 i 19.269 0.026
54365.114380 u 22.384 0.552
54365.115213 z 18.993 0.046
54365.116046 g 20.204 0.041
54385.162666 r 19.576 0.014
54385.163499 i 19.305 0.050
54385.164333 u 22.018 0.278
#54385.165166 z -99.000 0.051
#54385.165999 g -99.000 0.035
54387.163175 r 19.922 0.063
54387.164008 i 19.219 0.053
54387.164841 u 21.046 0.185
54387.165675 z 18.963 0.056
54387.166508 g 20.446 0.043
54392.157895 r 19.495 0.028
54392.158728 i 19.244 0.032
54392.159561 u 22.244 0.460
54392.160395 z 19.117 0.056
54392.161228 g 20.120 0.033
