53625.152635 r 17.539 0.006
53625.153468 i 17.300 0.007
53625.154302 u 19.323 0.035
53625.155135 z 17.144 0.013
53625.155968 g 18.037 0.007
53636.111672 r 17.519 0.006
53636.112505 i 17.276 0.007
53636.113339 u 19.311 0.030
53636.114172 z 17.208 0.015
53636.115005 g 18.140 0.007
53645.171327 r 17.702 0.006
53645.172160 i 17.381 0.007
53645.172994 u 19.185 0.031
53645.173827 z 17.187 0.014
53645.174660 g 18.130 0.007
53655.083677 r 17.546 0.006
53655.084510 i 17.325 0.007
53655.085344 u 19.389 0.043
53655.086177 z 17.118 0.014
53655.087010 g 18.087 0.008
53669.067864 r 17.969 0.008
53669.068697 i 17.553 0.008
53669.069531 u 19.317 0.028
53669.070364 z 17.165 0.013
53669.071197 g 18.103 0.007
53681.104998 r 17.597 0.008
53681.105831 i 17.303 0.009
53681.106665 u 19.361 0.053
#53681.107498 z -99.000 0.020
53681.108331 g 18.078 0.010
#53685.064040 r -99.000 0.009
53685.064873 i 17.330 0.008
53685.065707 u 19.537 0.075
#53685.066540 z -99.000 0.017
53685.067373 g 18.328 0.012
53687.102403 r 17.566 0.007
53687.103236 i 17.254 0.007
53687.104070 u 19.166 0.061
53687.104903 z 17.293 0.017
53687.105736 g 18.250 0.012
#53697.062023 r -99.000 0.028
#53697.062856 i -99.000 0.027
53697.063690 u 19.620 0.190
#53697.064523 z -99.000 0.075
#53697.065356 g -99.000 0.023
53700.060997 r 17.705 0.007
53700.061830 i 17.302 0.007
53700.062664 u 19.210 0.036
53700.063497 z 17.211 0.016
53700.064330 g 18.017 0.006
53705.047665 r 17.413 0.006
53705.048498 i 17.171 0.007
53705.049332 u 19.089 0.036
53705.050165 z 17.083 0.015
53705.050998 g 17.944 0.007
53994.128097 r 17.530 0.098
53994.128930 i 17.227 0.090
53994.129764 u 19.222 0.037
53994.130597 z 17.381 0.129
53994.131430 g 17.993 0.075
53998.108007 r 17.550 0.116
53998.108840 i 17.289 0.117
53998.109674 u 19.273 0.036
53998.110507 z 17.243 0.178
53998.111340 g 18.003 0.077
54010.093505 r 17.537 0.108
54010.094338 i 17.432 0.140
54010.095172 u 19.274 0.041
54010.096005 z 17.169 0.115
54010.096838 g 18.062 0.061
54012.086324 r 17.544 0.096
54012.087158 i 17.350 0.118
54012.087991 u 19.156 0.052
54012.088824 z 17.138 0.093
54012.089658 g 18.069 0.081
54020.092308 r 17.653 0.104
54020.093142 i 17.408 0.131
54020.093975 u 19.258 0.035
54020.094808 z 17.160 0.106
54020.095642 g 18.035 0.064
54022.141616 r 17.496 0.088
54022.142449 i 17.234 0.106
54022.143282 u 19.191 0.035
54022.144116 z 17.156 0.103
#54022.144949 g -99.000 0.071
#54028.082681 r -99.000 0.093
#54028.083515 i -99.000 0.067
54028.084348 u 19.352 0.050
54028.085181 z 17.235 0.146
#54028.086015 g -99.000 0.112
#54030.085870 r -99.000 0.390
#54030.086703 i -99.000 0.319
54030.087536 u 19.429 0.049
#54030.088370 z -99.000 0.160
54030.089203 g 18.070 0.087
54037.067103 r 17.541 0.085
54037.067936 i 17.209 0.104
54037.068769 u 19.332 0.047
54037.069603 z 17.150 0.114
54037.070436 g 18.066 0.066
54040.081593 r 17.540 0.099
54040.082426 i 17.227 0.099
54040.083260 u 19.259 0.057
54040.084093 z 17.104 0.094
54040.084926 g 18.167 0.073
#54050.066240 r -99.000 0.102
#54050.067073 i -99.000 0.126
54050.067906 u 19.254 0.048
#54050.068740 z -99.000 0.136
#54050.069573 g -99.000 0.072
#54056.074053 r -99.000 0.122
#54056.074886 i -99.000 0.105
#54056.075719 u -99.000 0.084
#54056.076553 z -99.000 0.125
54056.077386 g 18.024 0.069
54059.068346 r 17.356 0.081
54059.069179 i 16.915 0.070
54059.070013 u 19.172 0.040
54059.070846 z 17.390 0.161
#54059.071679 g -99.000 0.070
#54061.079389 r -99.000 0.155
54061.080222 i 17.468 0.124
54061.081056 u 19.248 0.049
54061.081889 z 17.204 0.144
54061.082722 g 18.117 0.072
54062.073238 r 17.520 0.082
#54062.074071 i -99.000 0.094
54062.074905 u 19.229 0.048
54062.075738 z 17.166 0.141
#54062.076571 g -99.000 0.107
54068.063213 r 17.491 0.094
54068.064046 i 17.338 0.114
54068.064879 u 19.278 0.074
54068.065713 z 17.349 0.148
54068.066546 g 18.118 0.073
54357.111532 r 17.565 0.119
54357.112365 i 17.296 0.121
54357.113198 u 19.241 0.038
54357.114032 z 17.166 0.106
54357.114865 g 18.116 0.093
54365.109386 r 17.500 0.116
54365.110219 i 17.276 0.122
54365.111053 u 19.346 0.049
54365.111886 z 17.176 0.168
54365.112719 g 18.134 0.103
54385.159356 r 17.611 0.113
54385.160190 i 17.297 0.120
54385.161023 u 19.298 0.040
54385.161856 z 17.170 0.131
54385.162690 g 18.024 0.062
54387.159859 r 17.601 0.115
#54387.160692 i -99.000 0.150
54387.161526 u 19.241 0.052
54387.162359 z 17.345 0.165
54387.163192 g 18.255 0.103
54392.154583 r 17.516 0.130
54392.155416 i 17.272 0.123
54392.156250 u 19.291 0.047
54392.157083 z 17.225 0.154
54392.157916 g 18.170 0.110
