53625.153225 r 18.818 0.012
53625.154058 i 18.612 0.012
53625.154892 u 20.554 0.083
53625.155725 z 18.536 0.036
53625.156558 g 19.368 0.015
53636.112273 r 18.898 0.011
53636.113106 i 18.606 0.012
53636.113940 u 20.640 0.077
53636.114773 z 18.663 0.044
53636.115606 g 19.496 0.014
53645.171931 r 18.833 0.011
53645.172764 i 18.606 0.011
53645.173598 u 20.600 0.085
53645.174431 z 18.537 0.036
53645.175264 g 19.344 0.012
53655.084266 r 18.891 0.013
53655.085099 i 18.683 0.013
53655.085933 u 20.725 0.116
53655.086766 z 18.546 0.036
53655.087599 g 19.386 0.017
53669.068464 r 18.942 0.011
53669.069297 i 18.633 0.011
53669.070131 u 20.588 0.066
53669.070964 z 18.545 0.035
53669.071797 g 19.452 0.012
53681.105597 r 18.830 0.018
53681.106430 i 18.618 0.020
53681.107264 u 20.797 0.156
53681.108097 z 18.494 0.060
53681.108930 g 19.381 0.024
53685.064640 r 18.734 0.018
53685.065473 i 18.530 0.017
53685.066307 u 20.676 0.216
53685.067140 z 18.400 0.049
53685.067973 g 19.231 0.025
53687.102995 r 18.853 0.016
53687.103828 i 18.612 0.014
53687.104662 u 20.284 0.168
53687.105495 z 18.554 0.047
53687.106328 g 19.351 0.027
#53697.062622 r -99.000 0.067
#53697.063455 i -99.000 0.064
#53697.064289 u -99.000 0.279
#53697.065122 z -99.000 0.167
#53697.065955 g -99.000 0.052
53700.061585 r 18.810 0.012
53700.062418 i 18.617 0.014
53700.063252 u 20.685 0.105
53700.064085 z 18.689 0.052
53700.064918 g 19.373 0.014
53705.048256 r 18.874 0.014
53705.049089 i 18.672 0.016
53705.049923 u 20.736 0.123
53705.050756 z 18.504 0.043
53705.051589 g 19.356 0.014
53975.133246 r 18.780 0.123
53975.134080 i 18.619 0.120
53975.134913 u 20.662 0.105
53975.135746 z 18.620 0.072
53975.136580 g 19.429 0.125
53994.128690 r 18.888 0.163
53994.129523 i 18.625 0.099
53994.130356 u 20.655 0.077
53994.131190 z 18.584 0.040
53994.132023 g 19.517 0.162
53998.108600 r 18.900 0.048
#53998.109433 i -99.000 0.047
53998.110266 u 20.664 0.072
53998.111100 z 18.574 0.035
53998.111933 g 19.349 0.044
54010.094071 r 18.895 0.034
54010.094905 i 18.631 0.031
54010.095738 u 20.529 0.134
54010.096571 z 18.504 0.033
54010.097405 g 19.382 0.039
#54012.086917 r -99.000 0.165
54012.087750 i 18.589 0.095
54012.088583 u 20.644 0.151
54012.089417 z 18.552 0.042
54012.090250 g 19.474 0.058
54020.092900 r 18.833 0.146
54020.093733 i 18.632 0.136
54020.094567 u 20.564 0.064
54020.095400 z 18.590 0.035
54020.096233 g 19.367 0.120
54022.142182 r 18.829 0.143
54022.143015 i 18.621 0.144
54022.143849 u 20.519 0.075
54022.144682 z 18.490 0.035
54022.145515 g 19.369 0.130
54030.086458 r 18.842 0.121
54030.087292 i 18.565 0.130
54030.088125 u 20.735 0.075
54030.088958 z 18.485 0.038
54030.089792 g 19.366 0.088
54037.067706 r 18.832 0.085
54037.068540 i 18.634 0.022
54037.069373 u 20.674 0.099
54037.070206 z 18.609 0.066
54037.071040 g 19.393 0.092
54040.082179 r 18.867 0.130
54040.083012 i 18.607 0.153
54040.083846 u 20.519 0.140
54040.084679 z 18.516 0.071
54040.085512 g 19.430 0.082
#54050.066832 r -99.000 0.101
54050.067665 i 18.692 0.131
54050.068498 u 20.618 0.125
54050.069332 z 18.619 0.095
54050.070165 g 19.319 0.094
#54056.074651 r -99.000 0.140
#54056.075485 i -99.000 0.093
54056.076318 u 20.714 0.154
54056.077151 z 18.485 0.113
54056.077985 g 19.290 0.125
54059.068932 r 18.757 0.107
54059.069765 i 18.724 0.137
54059.070599 u 20.910 0.163
54059.071432 z 18.623 0.090
54059.072265 g 19.349 0.093
54061.079982 r 18.806 0.124
54061.080816 i 18.631 0.124
54061.081649 u 20.720 0.136
54061.082482 z 18.508 0.093
#54061.083316 g -99.000 0.137
54062.073827 r 18.784 0.099
54062.074661 i 18.600 0.122
54062.075494 u 20.692 0.123
54062.076327 z 18.450 0.100
54062.077161 g 19.347 0.124
54068.063807 r 18.801 0.099
54068.064640 i 18.597 0.096
54068.065474 u 20.517 0.234
54068.066307 z 18.487 0.112
54068.067140 g 19.340 0.091
54357.112119 r 18.876 0.160
54357.112952 i 18.647 0.126
54357.113785 u 20.811 0.098
54357.114619 z 18.507 0.058
54357.115452 g 19.344 0.124
54365.109972 r 18.908 0.015
54365.110805 i 18.628 0.023
54365.111638 u 20.882 0.184
54365.112472 z 18.556 0.059
54365.113305 g 19.414 0.106
54385.159944 r 18.856 0.116
54385.160778 i 18.665 0.150
54385.161611 u 20.512 0.084
54385.162444 z 18.564 0.137
54385.163278 g 19.397 0.081
54387.160467 r 18.775 0.120
#54387.161300 i -99.000 0.119
54387.162134 u 21.055 0.217
54387.162967 z 18.564 0.101
54387.163800 g 19.278 0.098
54392.155185 r 18.985 0.139
54392.156019 i 18.704 0.038
54392.156852 u 20.809 0.181
54392.157685 z 18.580 0.083
54392.158519 g 19.426 0.103
