53625.153602 r 16.639 0.005
53625.154435 i 16.476 0.006
53625.155269 u 19.115 0.029
53625.156102 z 18.531 0.073
53625.156935 g 17.289 0.005
53645.172308 r 16.935 0.005
53645.173141 i 16.283 0.004
53645.173975 u 18.982 0.024
53645.174808 z 16.262 0.008
53645.175641 g 17.481 0.005
53669.068840 r 16.648 0.005
53669.069673 i 16.474 0.006
53669.070507 u 19.094 0.024
53669.071340 z 16.750 0.010
53669.072173 g 17.716 0.006
53681.105976 r 16.676 0.006
53681.106809 i 16.449 0.007
53681.107643 u 19.117 0.042
53681.108476 z 16.232 0.012
53681.109309 g 17.638 0.010
53685.065017 r 16.898 0.005
53685.065850 i 16.659 0.005
53685.066684 u 20.069 0.121
53685.067517 z 16.242 0.009
53685.068350 g 17.478 0.007
53687.103372 r 16.837 0.005
53687.104205 i 16.623 0.005
53687.105039 u 19.306 0.071
53687.105872 z 15.847 0.006
53687.106705 g 17.506 0.007
53975.133622 r 16.844 0.043
53975.134455 i 16.520 0.034
53975.135289 u 19.140 0.031
53975.136122 z 16.059 0.027
#53975.136955 g -99.000 0.030
53994.129064 r 16.709 0.023
53994.129897 i 16.520 0.032
53994.130730 u 19.276 0.035
#53994.131564 z -99.000 0.028
53994.132397 g 17.437 0.033
53998.108990 r 16.846 0.028
53998.109823 i 16.408 0.024
53998.110656 u 19.142 0.030
53998.111490 z 17.808 0.111
53998.112323 g 17.769 0.041
54010.094450 r 16.737 0.026
54010.095284 i 16.421 0.029
54010.096117 u 19.087 0.029
54010.096950 z 16.178 0.031
54010.097784 g 17.466 0.023
54012.087294 r 16.766 0.037
54012.088127 i 16.663 0.046
54012.088960 u 19.239 0.049
54012.089794 z 16.279 0.025
54012.090627 g 17.627 0.038
54020.093274 r 16.967 0.045
54020.094108 i 16.398 0.027
54020.094941 u 19.111 0.028
54020.095774 z 16.251 0.027
54020.096608 g 17.535 0.030
54030.086853 r 16.803 0.030
54030.087686 i 16.601 0.031
54030.088520 u 19.209 0.040
54030.089353 z 16.185 0.031
54030.090186 g 17.478 0.025
54032.076097 r 16.557 0.016
54032.076930 i 16.386 0.024
54032.077763 u 19.070 0.028
54032.078597 z 16.074 0.023
54032.079430 g 17.435 0.024
54034.146332 r 16.228 0.002
54034.147165 i 15.938 0.002
54034.147998 u 18.860 0.027
#54034.148832 z -99.000 0.012
54034.149665 g 17.025 0.010
54037.068071 r 16.695 0.022
54037.068904 i 16.460 0.036
54037.069738 u 19.124 0.033
54037.070571 z 16.191 0.029
54037.071404 g 17.431 0.030
54040.082558 r 16.757 0.029
54040.083391 i 16.682 0.038
54040.084225 u 19.022 0.039
54040.085058 z 16.173 0.028
54040.085891 g 17.533 0.035
54053.073344 r 16.247 0.006
#54053.074177 i -99.000 0.002
54053.075010 u 18.884 0.030
54053.075844 z 15.699 0.009
#54053.076677 g -99.000 0.012
54068.064186 r 16.266 0.008
54068.065019 i 15.966 0.002
54068.065853 u 18.974 0.049
54068.066686 z 15.755 0.010
54068.067519 g 17.039 0.011
54385.160327 r 16.774 0.025
54385.161160 i 16.541 0.032
54385.161994 u 19.619 0.048
54385.162827 z 16.206 0.019
54385.163660 g 17.447 0.047
