53313.054332 r 18.630 0.013
#53313.055165 i -99.000 0.017
53313.055999 u 20.912 0.144
#53313.056832 z -99.000 0.059
53313.057665 g 19.290 0.014
53625.159544 r 18.793 0.013
53625.160377 i 19.074 0.019
53625.161211 u 20.899 0.115
53625.162044 z 18.617 0.042
53625.162877 g 19.744 0.022
53636.118580 r 18.983 0.013
53636.119413 i 19.031 0.018
53636.120247 u 20.788 0.080
53636.121080 z 18.667 0.044
53636.121913 g 19.652 0.016
53645.178248 r 18.715 0.011
53645.179081 i 18.446 0.012
53645.179915 u 20.478 0.078
53645.180748 z 18.339 0.032
53645.181581 g 19.420 0.014
53655.090584 r 18.593 0.012
53655.091417 i 18.658 0.014
53655.092251 u 20.726 0.118
53655.093084 z 18.441 0.037
53655.093917 g 19.344 0.018
53664.115545 r 19.567 0.033
53664.116378 i 19.100 0.031
53664.117212 u 21.045 0.173
53664.118045 z 18.457 0.044
53664.118878 g 19.446 0.017
53669.074783 r 18.873 0.012
53669.075616 i 18.796 0.015
53669.076450 u 20.708 0.077
53669.077283 z 18.532 0.038
53669.078116 g 19.496 0.014
53674.059017 r 18.900 0.012
53674.059850 i 18.593 0.013
53674.060684 u 20.842 0.092
53674.061517 z 18.414 0.037
53674.062350 g 19.425 0.013
53681.111916 r 18.971 0.029
53681.112749 i 18.412 0.025
53681.113583 u 20.613 0.192
53681.114416 z 18.336 0.087
53681.115249 g 19.208 0.038
53685.070957 r 18.844 0.019
53685.071790 i 18.440 0.015
53685.072624 u 20.833 0.249
53685.073457 z 18.369 0.048
53685.074290 g 19.431 0.036
53687.109312 r 19.025 0.023
53687.110145 i 18.705 0.018
53687.110979 u 21.066 0.354
53687.111812 z 18.617 0.051
53687.112645 g 19.588 0.037
53700.067903 r 18.588 0.012
53700.068736 i 18.440 0.014
53700.069570 u 20.961 0.147
53700.070403 z 18.222 0.044
53700.071236 g 19.319 0.015
53975.139583 r 18.777 0.354
53975.140416 i 18.536 0.394
53975.141250 u 20.923 0.123
53975.142083 z 18.511 0.481
53975.142916 g 19.382 0.181
53998.114932 r 18.827 0.424
53998.115766 i 18.618 0.531
53998.116599 u 20.726 0.103
53998.117432 z 18.542 0.521
53998.118266 g 19.406 0.217
54010.100392 r 18.795 0.418
54010.101226 i 18.679 0.563
54010.102059 u 20.808 0.114
54010.102892 z 18.573 0.619
54010.103726 g 19.454 0.266
54012.093244 r 18.820 0.367
54012.094077 i 18.580 0.467
54012.094911 u 20.627 0.167
54012.095744 z 18.502 0.217
54012.096577 g 19.361 0.197
54020.099213 r 18.870 0.360
54020.100046 i 18.619 0.467
54020.100880 u 20.777 0.093
54020.101713 z 18.637 0.533
54020.102546 g 19.362 0.185
54022.148498 r 18.942 0.390
#54022.149331 i -99.000 0.555
#54022.150164 u -99.000 0.220
54022.150998 z 18.603 0.477
54022.151831 g 19.261 0.140
54030.092774 r 18.862 0.413
#54030.093608 i -99.000 0.617
54030.094441 u 20.754 0.082
54030.095274 z 18.604 0.487
54030.096108 g 19.453 0.237
#54032.082035 r -99.000 0.404
#54032.082869 i -99.000 0.470
54032.083702 u 20.626 0.109
#54032.084535 z -99.000 0.490
#54032.085369 g -99.000 0.198
54037.074025 r 18.935 0.430
54037.074859 i 18.733 0.594
54037.075692 u 20.825 0.102
54037.076525 z 18.620 0.745
54037.077359 g 19.517 0.267
54061.086305 r 18.751 0.255
54061.087139 i 18.226 0.251
54061.087972 u 20.633 0.128
54061.088805 z 18.422 0.499
54061.089639 g 19.665 0.240
54062.080144 r 18.811 0.279
54062.080978 i 18.694 0.431
54062.081811 u 20.569 0.131
54062.082644 z 18.458 0.513
54062.083478 g 19.225 0.147
54365.116406 r 18.854 0.344
54365.117239 i 18.557 0.415
54365.118072 u 20.741 0.157
54365.118906 z 18.509 0.450
54365.119739 g 19.355 0.177
#54385.166385 r -99.000 0.323
54385.167218 i 18.585 0.448
54385.168051 u 20.705 0.091
54385.168885 z 18.305 0.500
54385.169718 g 19.316 0.166
54387.166775 r 19.062 0.359
54387.167608 i 18.954 0.564
54387.168442 u 20.683 0.153
54387.169275 z 18.681 0.432
#54387.170108 g -99.000 0.221
54402.159952 r 19.130 0.514
54402.160786 i 18.698 0.501
54402.161619 u 21.124 0.289
54402.162452 z 18.397 0.384
54402.163286 g 19.483 0.218
