51075.347487 r 15.767 0.004
51075.348320 i 15.328 0.004
51075.349154 u 19.161 0.024
51075.349987 z 15.086 0.005
51075.350820 g 16.836 0.004
51819.402402 r 15.752 0.004
51819.403235 i 15.298 0.004
51819.404069 u 19.104 0.029
51819.404902 z 15.045 0.005
51819.405735 g 16.806 0.004
52196.366705 r 15.819 0.004
52196.367538 i 15.361 0.004
52196.368372 u 19.209 0.032
52196.369205 z 15.098 0.005
52196.370038 g 16.860 0.004
52197.361095 r 15.819 0.003
52197.361928 i 15.373 0.003
52197.362762 u 19.106 0.032
52197.363595 z 15.105 0.005
#52197.364428 g -99.000 0.004
52207.333455 r 15.822 0.005
52207.334288 i 15.372 0.005
52207.335122 u 19.257 0.030
52207.335955 z 15.108 0.006
52207.336788 g 16.893 0.005
52225.211289 r 15.822 0.005
52225.212122 i 15.362 0.004
52225.212956 u 19.155 0.028
52225.213789 z 15.086 0.005
52225.214622 g 16.872 0.004
52231.247072 r 15.789 0.005
52231.247905 i 15.347 0.005
52231.248739 u 19.125 0.027
52231.249572 z 15.089 0.005
52231.250405 g 16.848 0.005
52234.218160 r 15.801 0.005
52234.218993 i 15.346 0.005
52234.219827 u 19.134 0.028
52234.220660 z 15.093 0.005
52234.221493 g 16.854 0.004
52557.355072 r 15.843 0.004
52557.355905 i 15.384 0.004
52557.356739 u 19.294 0.034
52557.357572 z 15.116 0.005
52557.358405 g 16.914 0.004
52558.367598 r 15.865 0.004
52558.368431 i 15.381 0.005
#52558.369265 u -99.000 0.029
52558.370098 z 15.112 0.006
52558.370931 g 16.921 0.005
52577.255104 r 15.846 0.004
52577.255937 i 15.372 0.004
52577.256771 u 19.318 0.031
52577.257604 z 15.093 0.005
52577.258437 g 16.917 0.004
52578.251158 r 15.864 0.004
52578.251991 i 15.402 0.004
52578.252825 u 19.288 0.038
52578.253658 z 15.130 0.005
#52578.254491 g -99.000 0.005
52586.258582 r 15.819 0.004
52586.259415 i 15.367 0.004
52586.260249 u 19.243 0.026
52586.261082 z 15.096 0.006
52586.261915 g 16.910 0.005
52908.329638 r 15.935 0.004
52908.330471 i 15.448 0.004
52908.331305 u 19.319 0.031
52908.332138 z 15.168 0.005
52908.332971 g 17.021 0.004
52910.339061 r 15.879 0.005
52910.339894 i 15.418 0.005
52910.340728 u 19.349 0.029
52910.341561 z 15.122 0.006
52910.342394 g 16.957 0.004
52931.269265 r 15.909 0.004
52931.270098 i 15.442 0.005
52931.270932 u 19.344 0.029
52931.271765 z 15.140 0.005
52931.272598 g 17.007 0.004
52934.261540 r 15.912 0.004
52934.262373 i 15.411 0.004
52934.263207 u 19.336 0.036
52934.264040 z 15.145 0.005
52934.264873 g 16.982 0.004
52935.266229 r 15.851 0.004
52935.267062 i 15.408 0.004
52935.267896 u 19.266 0.029
52935.268729 z 15.115 0.005
52935.269562 g 16.922 0.004
52936.257466 r 15.917 0.004
52936.258299 i 15.447 0.004
52936.259133 u 19.396 0.032
52936.259966 z 15.169 0.005
52936.260799 g 17.010 0.004
52963.189302 r 15.891 0.005
52963.190135 i 15.435 0.005
#52963.190969 u -99.000 0.025
52963.191802 z 15.138 0.006
52963.192635 g 16.963 0.005
53270.321555 r 15.953 0.013
53270.322389 i 15.498 0.012
53270.323222 u 19.389 0.037
53270.324055 z 15.160 0.014
53270.324889 g 17.037 0.016
53272.371469 r 15.912 0.005
53272.372302 i 15.445 0.005
53272.373136 u 19.335 0.031
53272.373969 z 15.169 0.006
53272.374802 g 16.997 0.005
53286.340187 r 15.864 0.004
53286.341020 i 15.417 0.004
53286.341854 u 19.248 0.035
53286.342687 z 15.146 0.005
53286.343520 g 16.968 0.004
53288.298679 r 15.927 0.003
53288.299512 i 15.464 0.004
53288.300346 u 19.383 0.038
53288.301179 z 15.171 0.005
53288.302012 g 17.028 0.004
53294.346353 r 15.834 0.006
53294.347186 i 15.409 0.006
53294.348020 u 19.322 0.033
53294.348853 z 15.146 0.008
53294.349686 g 16.941 0.006
53296.293357 r 15.876 0.010
53296.294190 i 15.442 0.013
53296.295023 u 19.347 0.036
53296.295857 z 15.120 0.019
53296.296690 g 16.944 0.020
53298.343132 r 15.937 0.005
53298.343965 i 15.460 0.005
53298.344799 u 19.377 0.042
53298.345632 z 15.167 0.006
53298.346465 g 17.007 0.005
53302.294348 r 15.901 0.005
53302.295181 i 15.439 0.005
53302.296015 u 19.425 0.056
53302.296848 z 15.168 0.005
53302.297681 g 16.986 0.005
53312.249933 r 15.879 0.042
53312.250766 i 15.429 0.014
53312.251599 u 19.369 0.038
53312.252433 z 15.133 0.010
53312.253266 g 16.954 0.019
53314.251077 r 15.852 0.004
53314.251910 i 15.410 0.003
53314.252744 u 19.230 0.032
53314.253577 z 15.142 0.005
53314.254410 g 16.954 0.004
53352.160368 r 15.874 0.004
53352.161201 i 15.424 0.004
53352.162035 u 19.306 0.029
53352.162868 z 15.142 0.005
53352.163701 g 16.968 0.004
53616.355436 r 15.892 0.003
53616.356269 i 15.432 0.003
53616.357103 u 19.276 0.042
53616.357936 z 15.134 0.005
53616.358769 g 16.968 0.004
53622.368666 r 15.922 0.003
53622.369499 i 15.465 0.003
53622.370333 u 19.443 0.034
53622.371166 z 15.177 0.005
53622.371999 g 17.048 0.004
53626.331862 r 15.897 0.004
53626.332695 i 15.438 0.004
53626.333529 u 19.291 0.031
53626.334362 z 15.156 0.005
53626.335195 g 16.965 0.004
53628.316727 r 15.948 0.004
53628.317560 i 15.464 0.004
53628.318394 u 19.370 0.058
53628.319227 z 15.175 0.005
53628.320060 g 16.979 0.005
53634.318137 r 15.937 0.004
53634.318970 i 15.459 0.003
53634.319804 u 19.351 0.073
53634.320637 z 15.172 0.005
53634.321470 g 17.017 0.006
53637.318344 r 15.948 0.004
53637.319177 i 15.465 0.003
53637.320011 u 19.379 0.057
53637.320844 z 15.183 0.005
53637.321677 g 17.050 0.005
53638.359472 r 15.954 0.004
53638.360305 i 15.475 0.005
53638.361139 u 19.323 0.033
53638.361972 z 15.171 0.006
53638.362805 g 17.057 0.005
53639.363721 r 15.945 0.005
53639.364554 i 15.471 0.004
53639.365388 u 19.330 0.033
53639.366221 z 15.170 0.005
53639.367054 g 17.033 0.005
53640.323508 r 15.956 0.004
53640.324341 i 15.485 0.004
53640.325175 u 19.400 0.037
53640.326008 z 15.155 0.005
53640.326841 g 17.063 0.005
53641.362888 r 15.885 0.009
53641.363721 i 15.421 0.010
53641.364555 u 19.283 0.032
53641.365388 z 15.155 0.011
53641.366221 g 16.982 0.009
53654.345414 r 15.896 0.005
53654.346247 i 15.437 0.005
53654.347081 u 19.260 0.032
53654.347914 z 15.133 0.005
53654.348747 g 16.971 0.005
53655.295679 r 15.951 0.004
53655.296512 i 15.482 0.004
53655.297346 u 19.385 0.036
53655.298179 z 15.150 0.005
53655.299012 g 17.032 0.004
53663.306318 r 15.978 0.005
53663.307151 i 15.484 0.005
53663.307985 u 19.408 0.053
53663.308818 z 15.196 0.006
53663.309651 g 17.079 0.006
53664.320636 r 15.879 0.004
53664.321469 i 15.431 0.004
53664.322303 u 19.397 0.088
53664.323136 z 15.121 0.007
53664.323969 g 16.950 0.006
53666.376415 r 15.947 0.005
53666.377248 i 15.457 0.005
53666.378082 u 19.373 0.052
53666.378915 z 15.169 0.005
53666.379748 g 17.087 0.005
53668.295919 r 15.979 0.004
53668.296752 i 15.484 0.003
53668.297586 u 19.421 0.042
53668.298419 z 15.187 0.005
53668.299252 g 17.088 0.004
53669.279879 r 15.888 0.004
53669.280712 i 15.428 0.003
53669.281546 u 19.325 0.031
53669.282379 z 15.136 0.005
53669.283212 g 16.982 0.004
53670.300771 r 15.933 0.004
53670.301604 i 15.448 0.004
53670.302438 u 19.340 0.036
53670.303271 z 15.151 0.005
53670.304104 g 17.023 0.004
53671.364643 r 15.964 0.004
53671.365476 i 15.490 0.004
53671.366310 u 19.393 0.047
53671.367143 z 15.160 0.005
53671.367976 g 17.051 0.005
53673.268757 r 15.979 0.004
53673.269590 i 15.482 0.004
53673.270424 u 19.445 0.034
53673.271257 z 15.180 0.005
53673.272090 g 17.079 0.004
53674.264115 r 15.899 0.003
53674.264948 i 15.440 0.003
53674.265782 u 19.308 0.034
53674.266615 z 15.137 0.005
53674.267448 g 16.984 0.004
53675.265644 r 15.923 0.004
53675.266477 i 15.458 0.004
53675.267311 u 19.356 0.035
53675.268144 z 15.157 0.005
53675.268977 g 17.003 0.004
53676.353586 r 15.972 0.004
53676.354419 i 15.498 0.005
53676.355253 u 19.433 0.036
53676.356086 z 15.183 0.006
53676.356919 g 17.094 0.005
53677.286676 r 15.931 0.004
53677.287509 i 15.456 0.005
53677.288343 u 19.321 0.032
53677.289176 z 15.164 0.006
53677.290009 g 17.010 0.005
53679.325481 r 15.915 0.003
53679.326314 i 15.485 0.003
53679.327148 u 19.386 0.039
53679.327981 z 15.156 0.005
53679.328814 g 17.013 0.004
53680.273341 r 15.909 0.004
53680.274174 i 15.441 0.004
53680.275008 u 19.184 0.032
53680.275841 z 15.147 0.005
53680.276674 g 16.994 0.004
53681.316995 r 15.997 0.006
53681.317828 i 15.497 0.006
53681.318662 u 19.418 0.035
53681.319495 z 15.183 0.006
53681.320328 g 17.093 0.005
53685.276048 r 15.907 0.004
53685.276881 i 15.457 0.004
53685.277715 u 19.343 0.056
53685.278548 z 15.150 0.006
53685.279381 g 17.007 0.006
53693.275236 r 15.913 0.004
53693.276069 i 15.445 0.004
53693.276903 u 19.350 0.060
53693.277736 z 15.156 0.005
53693.278569 g 16.996 0.005
53694.289926 r 15.944 0.003
53694.290759 i 15.469 0.003
53694.291593 u 19.322 0.100
53694.292426 z 15.159 0.005
53694.293259 g 17.003 0.007
53697.274018 r 15.928 0.004
53697.274851 i 15.464 0.004
53697.275685 u 19.361 0.046
53697.276518 z 15.143 0.006
53697.277351 g 17.023 0.006
53698.272627 r 15.912 0.004
53698.273460 i 15.432 0.004
53698.274294 u 19.332 0.036
53698.275127 z 15.161 0.005
53698.275960 g 16.995 0.004
53700.272975 r 15.910 0.003
53700.273808 i 15.471 0.003
53700.274642 u 19.340 0.043
53700.275475 z 15.140 0.005
53700.276308 g 17.028 0.004
53704.258559 r 15.971 0.003
#53704.259392 i -99.000 0.003
53704.260226 u 19.396 0.042
53704.261059 z 15.244 0.005
#53704.261892 g -99.000 0.004
53705.259645 r 15.915 0.004
53705.260478 i 15.452 0.004
53705.261312 u 19.348 0.034
53705.262145 z 15.156 0.005
53705.262978 g 17.006 0.004
53975.344661 r 15.836 0.016
53975.345495 i 15.404 0.019
53975.346328 u 19.337 0.048
53975.347161 z 15.148 0.016
53975.347995 g 17.000 0.017
53989.354682 r 16.060 0.020
53989.355516 i 15.537 0.013
53989.356349 u 19.558 0.070
53989.357182 z 15.221 0.017
53989.358016 g 17.193 0.016
53990.357469 r 15.878 0.009
53990.358303 i 15.439 0.013
53990.359136 u 19.351 0.044
53990.359969 z 15.130 0.013
53990.360803 g 16.952 0.012
53994.367656 r 16.014 0.018
53994.368490 i 15.549 0.014
53994.369323 u 19.559 0.030
53994.370156 z 15.195 0.013
53994.370990 g 17.122 0.012
53995.369237 r 15.910 0.013
53995.370070 i 15.426 0.014
53995.370904 u 19.357 0.026
53995.371737 z 15.140 0.013
53995.372570 g 16.989 0.015
53996.351388 r 15.941 0.018
53996.352221 i 15.490 0.013
53996.353055 u 19.357 0.037
53996.353888 z 15.148 0.019
53996.354721 g 17.088 0.018
54000.330045 r 15.920 0.011
54000.330878 i 15.459 0.039
54000.331711 u 19.332 0.031
54000.332545 z 15.122 0.011
54000.333378 g 17.022 0.016
54006.276810 r 15.957 0.012
54006.277643 i 15.472 0.012
#54006.278476 u -99.000 0.035
54006.279310 z 15.188 0.014
54006.280143 g 16.969 0.019
54007.380184 r 16.060 0.018
54007.381018 i 15.504 0.018
54007.381851 u 19.444 0.078
54007.382684 z 15.187 0.015
54007.383518 g 17.140 0.025
54009.303970 r 16.018 0.011
54009.304804 i 15.522 0.015
54009.305637 u 19.469 0.036
54009.306470 z 15.232 0.015
54009.307304 g 17.114 0.022
54010.305579 r 15.885 0.015
54010.306412 i 15.445 0.027
54010.307246 u 19.299 0.024
54010.308079 z 15.138 0.015
54010.308912 g 16.978 0.015
54011.368480 r 15.919 0.015
54011.369313 i 15.447 0.022
54011.370146 u 19.323 0.029
54011.370980 z 15.153 0.017
54011.371813 g 16.950 0.025
54012.298371 r 15.981 0.018
54012.299204 i 15.498 0.024
54012.300038 u 19.522 0.049
54012.300871 z 15.208 0.014
54012.301704 g 17.125 0.020
54020.304418 r 15.900 0.010
54020.305251 i 15.444 0.007
54020.306085 u 19.348 0.041
54020.306918 z 15.151 0.013
54020.307751 g 17.019 0.022
54024.385937 r 15.928 0.013
54024.386770 i 15.480 0.020
54024.387603 u 19.363 0.038
54024.388437 z 15.164 0.010
54024.389270 g 17.020 0.016
54025.367489 r 15.974 0.035
54025.368322 i 15.429 0.019
54025.369156 u 19.370 0.046
54025.369989 z 15.183 0.030
#54025.370822 g -99.000 0.046
54028.374234 r 15.892 0.022
54028.375067 i 15.411 0.034
54028.375900 u 19.283 0.037
54028.376734 z 15.110 0.011
54028.377567 g 16.900 0.062
54029.297815 r 15.984 0.014
54029.298648 i 15.472 0.012
54029.299482 u 19.401 0.034
54029.300315 z 15.225 0.017
54029.301148 g 17.041 0.029
54030.297909 r 15.923 0.007
54030.298742 i 15.480 0.022
54030.299575 u 19.363 0.026
54030.300409 z 15.180 0.010
54030.301242 g 17.052 0.027
54035.373644 r 15.980 0.015
54035.374477 i 15.502 0.020
54035.375310 u 19.431 0.045
54035.376144 z 15.168 0.021
54035.376977 g 17.085 0.018
54037.279111 r 15.993 0.014
54037.279944 i 15.536 0.027
54037.280778 u 19.505 0.029
54037.281611 z 15.173 0.016
54037.282444 g 17.128 0.015
54040.293654 r 15.964 0.014
54040.294487 i 15.494 0.009
54040.295321 u 19.355 0.052
54040.296154 z 15.181 0.014
54040.296987 g 17.103 0.019
54047.324151 r 16.010 0.009
54047.324985 i 15.504 0.002
#54047.325818 u -99.000 0.507
54047.326651 z 15.187 0.032
54047.327485 g 17.083 0.008
54049.320160 r 15.879 0.010
54049.320993 i 15.439 0.015
#54049.321826 u -99.000 0.050
54049.322660 z 15.136 0.015
54049.323493 g 16.970 0.017
54053.284393 r 15.926 0.016
54053.285226 i 15.420 0.012
54053.286060 u 19.383 0.041
54053.286893 z 15.140 0.014
54053.287726 g 17.043 0.016
#54056.286136 r -99.000 0.030
54056.286970 i 15.396 0.027
54056.287803 u 19.267 0.040
54056.288636 z 15.111 0.029
54056.289470 g 16.957 0.021
54059.280335 r 15.899 0.026
54059.281168 i 15.444 0.016
54059.282001 u 19.275 0.035
54059.282835 z 15.101 0.015
#54059.283668 g -99.000 0.040
54061.291509 r 15.886 0.014
54061.292342 i 15.463 0.036
54061.293176 u 19.358 0.044
54061.294009 z 15.131 0.014
54061.294842 g 16.987 0.014
54062.285240 r 15.960 0.018
54062.286074 i 15.477 0.014
54062.286907 u 19.391 0.033
54062.287740 z 15.167 0.014
54062.288574 g 17.058 0.018
54068.265920 r 15.945 0.012
54068.266754 i 15.476 0.011
54068.267587 u 19.397 0.061
54068.268420 z 15.151 0.019
54068.269254 g 17.074 0.013
54348.365197 r 16.015 0.026
54348.366031 i 15.525 0.014
54348.366864 u 19.511 0.053
54348.367697 z 15.204 0.038
54348.368531 g 17.057 0.017
54357.323614 r 15.902 0.017
54357.324448 i 15.441 0.014
54357.325281 u 19.257 0.027
54357.326114 z 15.109 0.017
54357.326948 g 16.930 0.016
54358.321045 r 15.999 0.035
54358.321878 i 15.503 0.016
54358.322711 u 19.378 0.037
54358.323545 z 15.188 0.019
54358.324378 g 17.083 0.014
54359.315089 r 15.901 0.013
54359.315922 i 15.421 0.011
54359.316755 u 19.360 0.061
54359.317589 z 15.148 0.022
54359.318422 g 17.005 0.026
54359.355252 r 15.825 0.026
54359.356086 i 15.468 0.029
54359.356919 u 19.277 0.035
54359.357752 z 15.103 0.022
54359.358586 g 16.977 0.026
54362.373354 r 15.878 0.012
54362.374187 i 15.405 0.010
54362.375021 u 19.241 0.026
54362.375854 z 15.119 0.016
54362.376687 g 16.942 0.014
54365.354127 r 15.906 0.016
54365.354960 i 15.462 0.016
#54365.355793 u -99.000 0.029
54365.356627 z 15.133 0.014
54365.357460 g 16.970 0.014
54376.368442 r 16.022 0.014
54376.369275 i 15.527 0.015
54376.370109 u 19.414 0.033
54376.370942 z 15.205 0.008
54376.371775 g 17.062 0.026
54381.373728 r 16.044 0.018
54381.374562 i 15.531 0.013
54381.375395 u 19.510 0.042
54381.376228 z 15.197 0.024
54381.377062 g 17.121 0.022
54382.353552 r 15.920 0.062
54382.354386 i 15.390 0.036
54382.355219 u 19.211 0.032
54382.356052 z 15.114 0.014
54382.356886 g 16.956 0.017
54384.380299 r 15.976 0.015
54384.381132 i 15.462 0.016
54384.381965 u 19.446 0.036
54384.382799 z 15.157 0.013
54384.383632 g 17.053 0.011
54385.371355 r 15.882 0.010
54385.372188 i 15.413 0.017
54385.373022 u 19.314 0.027
54385.373855 z 15.095 0.022
54385.374688 g 16.971 0.012
54386.365971 r 16.039 0.011
54386.366805 i 15.427 0.025
54386.367638 u 19.388 0.067
54386.368471 z 15.231 0.029
#54386.369305 g -99.000 0.018
54387.371944 r 15.882 0.011
54387.372777 i 15.468 0.043
54387.373611 u 19.216 0.049
54387.374444 z 15.097 0.024
54387.375277 g 16.944 0.017
54388.370305 r 15.945 0.015
54388.371138 i 15.470 0.014
54388.371971 u 19.364 0.035
54388.372805 z 15.187 0.010
54388.373638 g 17.019 0.020
#54390.364270 r -99.000 0.029
#54390.365103 i -99.000 0.042
#54390.365937 u -99.000 0.049
54390.366770 z 15.208 0.018
54390.367603 g 16.956 0.014
#54390.364270 r -99.000 0.420
#54390.365103 i -99.000 0.194
#54390.365937 u -99.000 0.192
54390.366770 z 18.082 0.454
#54390.367603 g 99.995 99.999
54391.372843 r 16.004 0.009
54391.373676 i 15.532 0.021
54391.374510 u 19.345 0.048
54391.375343 z 15.211 0.034
54391.376176 g 17.114 0.021
54392.367878 r 15.910 0.015
54392.368712 i 15.476 0.024
54392.369545 u 19.283 0.037
54392.370378 z 15.169 0.015
54392.371212 g 16.942 0.026
54402.365160 r 15.904 0.011
54402.365993 i 15.463 0.015
54402.366827 u 19.428 0.089
54402.367660 z 15.138 0.010
54402.368493 g 16.983 0.027
54403.284080 r 15.931 0.016
54403.284913 i 15.468 0.018
54403.285747 u 19.382 0.057
54403.286580 z 15.167 0.014
54403.287413 g 17.028 0.014
54404.341566 r 16.016 0.013
#54404.342400 i -99.000 0.013
#54404.343233 u -99.000 0.101
54404.344066 z 15.209 0.013
54404.344900 g 17.127 0.015
54405.339578 r 15.893 0.011
54405.340412 i 15.416 0.015
#54405.341245 u -99.000 0.045
54405.342078 z 15.117 0.012
54405.342912 g 16.928 0.022
54406.277852 r 16.011 0.014
54406.278686 i 15.534 0.021
54406.279519 u 19.427 0.035
54406.280352 z 15.191 0.017
54406.281186 g 17.116 0.017
54412.280810 r 15.933 0.015
54412.281644 i 15.449 0.015
54412.282477 u 19.407 0.042
54412.283310 z 15.174 0.014
54412.284144 g 17.021 0.022
54412.303631 r 15.939 0.013
54412.304465 i 15.463 0.014
54412.305298 u 19.403 0.035
54412.306131 z 15.170 0.015
54412.306965 g 17.025 0.020
