53270.115984 r 17.913 0.006
53270.116817 i 17.745 0.027
53270.117651 u 19.650 0.037
53270.118484 z 17.610 0.022
53270.119317 g 18.486 0.014
53288.093139 r 18.048 0.007
53288.093972 i 17.839 0.008
53288.094806 u 19.869 0.042
53288.095639 z 17.680 0.018
53288.096472 g 18.578 0.008
53302.088809 r 18.133 0.009
53302.089642 i 17.913 0.009
53302.090476 u 19.864 0.068
53302.091309 z 17.833 0.022
53302.092142 g 18.731 0.015
53623.140120 r 17.968 0.007
53623.140953 i 17.748 0.008
53623.141787 u 19.666 0.040
53623.142620 z 17.643 0.016
53623.143453 g 18.514 0.009
53626.126332 r 18.056 0.009
53626.127165 i 17.857 0.009
53626.127999 u 19.913 0.069
53626.128832 z 17.749 0.019
53626.129665 g 18.600 0.013
53628.111197 r 18.125 0.011
53628.112030 i 17.906 0.011
53628.112864 u 19.965 0.109
53628.113697 z 17.779 0.023
53628.114530 g 18.686 0.017
53637.112810 r 18.132 0.008
53637.113643 i 17.908 0.008
53637.114477 u 19.940 0.049
53637.115310 z 17.764 0.020
53637.116143 g 18.694 0.010
53656.087470 r 17.968 0.011
53656.088303 i 17.809 0.010
53656.089137 u 19.917 0.103
53656.089970 z 17.707 0.023
53656.090803 g 18.536 0.015
53665.078749 r 17.982 0.021
#53665.079582 i -99.000 0.028
#53665.080416 u -99.000 0.142
53665.081249 z 17.287 0.046
#53665.082082 g -99.000 0.015
53673.063217 r 17.931 0.007
53673.064050 i 17.748 0.008
53673.064884 u 19.750 0.038
53673.065717 z 17.649 0.018
53673.066550 g 18.470 0.008
53677.081139 r 17.915 0.007
53677.081972 i 17.696 0.008
53677.082806 u 19.633 0.036
53677.083639 z 17.560 0.018
53677.084472 g 18.457 0.008
53680.067804 r 17.933 0.007
53680.068637 i 17.749 0.008
53680.069471 u 19.683 0.035
53680.070304 z 17.615 0.016
53680.071137 g 18.480 0.008
53693.069713 r 17.983 0.007
53693.070546 i 17.776 0.008
53693.071380 u 19.595 0.037
53693.072213 z 17.644 0.018
53693.073046 g 18.502 0.009
53702.065389 r 18.023 0.011
53702.066223 i 17.853 0.013
#53702.067056 u -99.000 0.083
53702.067889 z 17.637 0.027
53702.068723 g 18.569 0.016
53703.074526 r 17.983 0.011
53703.075359 i 17.791 0.019
53703.076193 u 19.819 0.057
53703.077026 z 17.658 0.022
53703.077859 g 18.521 0.014
53974.140976 r 18.087 0.007
53974.141809 i 17.891 0.011
53974.142642 u 19.912 0.037
#53974.143476 z -99.000 0.018
53974.144309 g 18.718 0.010
53989.130416 r 18.082 0.020
53989.131249 i 17.819 0.008
53989.132083 u 19.865 0.039
53989.132916 z 17.683 0.018
53989.133749 g 18.601 0.011
53995.138327 r 18.054 0.018
53995.139161 i 17.834 0.025
#53995.139994 u -99.000 0.044
53995.140827 z 17.770 0.024
53995.141661 g 18.604 0.012
54005.088608 r 17.938 0.009
54005.089442 i 17.731 0.024
54005.090275 u 19.695 0.034
54005.091108 z 17.657 0.016
54005.091942 g 18.482 0.016
54007.101313 r 17.930 0.010
54007.102146 i 17.712 0.009
54007.102980 u 19.745 0.039
54007.103813 z 17.611 0.019
54007.104646 g 18.449 0.011
54009.098414 r 17.898 0.011
54009.099248 i 17.716 0.008
54009.100081 u 19.676 0.040
54009.100914 z 17.627 0.019
54009.101748 g 18.483 0.015
54011.162914 r 18.085 0.012
54011.163747 i 17.921 0.012
54011.164581 u 19.796 0.080
54011.165414 z 17.783 0.020
54011.166247 g 18.687 0.020
54019.113133 r 17.913 0.010
54019.113966 i 17.727 0.018
54019.114800 u 19.758 0.036
54019.115633 z 17.629 0.017
54019.116466 g 18.461 0.010
54025.161925 r 17.981 0.009
54025.162759 i 17.818 0.014
54025.163592 u 19.691 0.037
54025.164425 z 17.678 0.018
54025.165259 g 18.584 0.011
54029.092263 r 18.040 0.006
54029.093096 i 17.863 0.023
54029.093930 u 19.799 0.040
54029.094763 z 17.673 0.021
54029.095596 g 18.546 0.013
54051.068844 r 18.105 0.012
54051.069677 i 17.881 0.017
54051.070510 u 19.855 0.067
#54051.071344 z -99.000 0.046
54051.072177 g 18.641 0.015
54358.115480 r 17.996 0.015
#54358.116313 i -99.000 0.008
54358.117147 u 19.897 0.046
#54358.117980 z -99.000 0.020
#54358.118813 g -99.000 0.013
#54382.157670 r -99.000 0.009
54382.158503 i 17.761 0.034
54382.159336 u 19.781 0.048
54382.160170 z 17.686 0.027
54382.161003 g 18.505 0.009
54383.163433 r 17.969 0.014
54383.164267 i 17.812 0.008
54383.165100 u 19.730 0.038
54383.165933 z 17.674 0.017
54383.166767 g 18.495 0.015
#54386.160432 r -99.000 0.018
#54386.161266 i -99.000 0.017
54386.162099 u 19.767 0.066
54386.162932 z 17.675 0.028
54386.163766 g 18.511 0.017
54388.164699 r 17.946 0.006
54388.165533 i 17.738 0.008
54388.166366 u 19.584 0.050
54388.167199 z 17.640 0.020
54388.168033 g 18.518 0.009
54403.078521 r 17.985 0.014
54403.079354 i 17.764 0.017
54403.080187 u 19.823 0.037
54403.081021 z 17.663 0.018
54403.081854 g 18.512 0.011
54406.072341 r 17.938 0.007
54406.073175 i 17.714 0.010
54406.074008 u 19.727 0.035
54406.074841 z 17.596 0.022
54406.075675 g 18.492 0.015
54412.075239 r 17.920 0.007
54412.076073 i 17.684 0.010
54412.076906 u 19.669 0.049
54412.077739 z 17.620 0.023
54412.078573 g 18.477 0.011
54415.112793 r 18.042 0.006
54415.113626 i 17.860 0.006
54415.114459 u 19.895 0.043
54415.115293 z 17.753 0.021
54415.116126 g 18.635 0.012
