53313.054749 r 19.415 0.021
53313.055582 i 19.158 0.025
53313.056416 u 22.273 0.427
53313.057249 z 19.147 0.082
53313.058082 g 20.116 0.023
53625.159960 r 19.377 0.017
53625.160793 i 19.060 0.015
53625.161627 u 22.033 0.322
53625.162460 z 19.058 0.046
53625.163293 g 20.064 0.027
53636.118998 r 19.589 0.017
53636.119831 i 19.108 0.014
53636.120665 u 22.647 0.388
53636.121498 z 18.968 0.042
53636.122331 g 20.033 0.019
53645.178667 r 19.359 0.015
53645.179500 i 19.114 0.014
53645.180334 u 21.793 0.219
53645.181167 z 18.916 0.038
53645.182000 g 20.020 0.019
53655.091002 r 19.383 0.018
53655.091835 i 19.080 0.016
53655.092669 u 21.921 0.359
53655.093502 z 19.015 0.045
53655.094335 g 20.033 0.030
53664.115962 r 19.778 0.036
#53664.116795 i -99.000 0.029
53664.117629 u 23.095 0.986
#53664.118462 z -99.000 0.056
#53664.119295 g -99.000 0.033
53669.075200 r 19.412 0.015
53669.076033 i 19.211 0.016
53669.076867 u 22.068 0.239
53669.077700 z 19.142 0.049
53669.078533 g 20.120 0.019
53674.059435 r 19.363 0.016
53674.060268 i 19.023 0.014
53674.061102 u 22.492 0.383
53674.061935 z 19.020 0.047
53674.062768 g 20.102 0.020
53681.112334 r 19.439 0.036
53681.113167 i 19.108 0.032
53681.114001 u 22.098 0.699
#53681.114834 z -99.000 0.157
53681.115667 g 20.209 0.070
53685.071375 r 19.387 0.027
53685.072208 i 19.190 0.024
#53685.073042 u 23.770 3.208
53685.073875 z 19.068 0.077
53685.074708 g 20.431 0.098
53687.109731 r 19.562 0.034
53687.110564 i 19.161 0.021
53687.111398 u 21.676 0.669
53687.112231 z 19.075 0.057
53687.113064 g 20.243 0.071
53697.069358 r 19.502 0.074
53697.070191 i 19.177 0.050
53697.071025 u 24.707 0.568
53697.071858 z 19.123 0.150
53697.072691 g 20.218 0.057
53700.068321 r 19.384 0.017
53700.069154 i 19.065 0.017
53700.069988 u 22.442 0.466
53700.070821 z 19.118 0.068
53700.071654 g 20.124 0.025
53705.054990 r 19.454 0.019
53705.055823 i 19.183 0.020
53705.056657 u 21.934 0.338
53705.057490 z 19.067 0.062
53705.058323 g 20.211 0.028
53994.135421 r 19.501 0.152
53994.136255 i 19.050 0.110
53994.137088 u 22.539 0.397
53994.137921 z 18.996 0.128
53994.138755 g 20.021 0.148
53998.115337 r 19.446 0.181
53998.116170 i 19.045 0.133
53998.117004 u 22.900 0.540
53998.117837 z 19.038 0.155
53998.118670 g 20.043 0.149
54010.100809 r 19.378 0.157
54010.101642 i 19.181 0.190
54010.102475 u 22.071 0.377
54010.103309 z 18.935 0.149
54010.104142 g 20.036 0.123
54012.093692 r 19.386 0.146
54012.094525 i 19.120 0.159
#54012.095358 u 23.885 3.516
54012.096192 z 18.993 0.052
54012.097025 g 20.240 0.163
54020.099630 r 19.383 0.145
54020.100463 i 19.071 0.114
54020.101296 u 22.678 0.427
54020.102130 z 18.998 0.058
54020.102963 g 20.111 0.183
#54022.148921 r -99.000 0.105
54022.149754 i 19.065 0.096
#54022.150587 u -99.000 0.640
#54022.151421 z -99.000 0.092
#54022.152254 g -99.000 0.115
#54028.090000 r -99.000 0.109
#54028.090833 i -99.000 0.137
#54028.091666 u 23.356 1.322
54028.092500 z 19.032 0.118
54028.093333 g 20.090 0.105
54030.093190 r 19.432 0.166
54030.094024 i 19.056 0.138
54030.094857 u 22.286 0.305
54030.095690 z 19.089 0.179
54030.096524 g 20.114 0.203
54032.082458 r 19.423 0.141
54032.083291 i 19.053 0.120
54032.084125 u 21.978 0.321
#54032.084958 z -99.000 0.089
54032.085791 g 20.027 0.174
54037.074430 r 19.323 0.134
54037.075263 i 19.101 0.180
54037.076097 u 21.966 0.302
54037.076930 z 18.937 0.074
54037.077763 g 20.022 0.163
54040.088915 r 19.469 0.153
54040.089748 i 19.095 0.162
54040.090582 u 22.371 0.736
54040.091415 z 19.023 0.088
54040.092248 g 20.078 0.149
54050.073546 r 19.670 0.134
54050.074380 i 19.089 0.101
#54050.075213 u 23.807 1.961
54050.076046 z 19.142 0.154
54050.076880 g 20.508 0.193
#54056.081381 r -99.000 0.141
54056.082215 i 19.074 0.094
#54056.083048 u -99.000 0.343
54056.083881 z 19.320 0.171
54056.084715 g 20.249 0.127
54059.075666 r 19.444 0.110
54059.076500 i 19.142 0.103
#54059.077333 u 99.985 99.999
54059.078166 z 19.222 0.141
54059.079000 g 20.118 0.106
54061.086715 r 19.276 0.104
54061.087548 i 19.144 0.103
54061.088382 u 22.122 0.443
54061.089215 z 19.155 0.129
54061.090048 g 20.191 0.122
54062.080566 r 19.476 0.103
54062.081400 i 19.027 0.100
#54062.082233 u 99.969 99.999
54062.083066 z 19.201 0.158
54062.083900 g 20.296 0.159
54357.118858 r 19.306 0.099
54357.119691 i 19.060 0.090
54357.120524 u 22.242 0.325
54357.121358 z 19.077 0.110
#54357.122191 g -99.000 0.117
54365.116714 r 19.317 0.118
54365.117547 i 19.048 0.135
54365.118381 u 21.468 0.280
54365.119214 z 19.034 0.082
54365.120047 g 20.282 0.243
54385.166683 r 19.328 0.143
54385.167516 i 19.004 0.107
54385.168349 u 22.236 0.370
54385.169183 z 19.020 0.097
54385.170016 g 20.160 0.147
54387.167183 r 19.785 0.171
54387.168016 i 19.036 0.092
#54387.168850 u 28.327 99.999
54387.169683 z 18.999 0.121
54387.170516 g 20.460 0.175
#54392.161914 r -99.000 0.136
54392.162747 i 19.349 0.136
#54392.163581 u 23.039 1.701
#54392.164414 z -99.000 0.221
#54392.165247 g -99.000 0.274
54402.160375 r 19.460 0.081
54402.161208 i 19.128 0.108
#54402.162042 u 23.834 3.849
54402.162875 z 18.929 0.096
54402.163708 g 20.008 0.144
