53270.116717 r 18.487 0.164
53270.117550 i 17.972 0.138
#53270.118384 u 27.668 99.999
53270.119217 z 17.793 0.142
53270.120050 g 19.786 0.253
53288.093868 r 18.457 0.009
53288.094701 i 17.966 0.008
#53288.095535 u 25.304 1.015
53288.096368 z 17.820 0.019
53288.097201 g 19.712 0.018
53302.089539 r 18.522 0.011
53302.090372 i 18.004 0.010
#53302.091206 u -99.000 0.384
53302.092039 z 17.760 0.022
53302.092872 g 19.875 0.038
53623.140849 r 18.517 0.010
53623.141682 i 17.972 0.009
53623.142516 u 22.555 0.406
53623.143349 z 17.848 0.020
53623.144182 g 19.823 0.023
53626.127061 r 18.446 0.011
53626.127894 i 18.011 0.010
#53626.128728 u 24.551 2.301
53626.129561 z 17.753 0.020
53626.130394 g 19.856 0.036
53628.111926 r 18.488 0.014
53628.112759 i 17.948 0.011
53628.113593 u 22.003 0.663
53628.114426 z 17.770 0.024
53628.115259 g 19.982 0.054
53637.113539 r 18.481 0.010
53637.114372 i 18.042 0.009
53637.115206 u 22.756 0.485
53637.116039 z 17.810 0.022
53637.116872 g 19.682 0.019
53656.088200 r 18.525 0.016
53656.089033 i 17.992 0.012
#53656.089867 u 23.171 1.812
53656.090700 z 17.737 0.024
53656.091533 g 19.756 0.041
#53665.079478 r -99.000 0.038
#53665.080311 i -99.000 0.052
#53665.081145 u -99.000 0.749
#53665.081978 z -99.000 0.050
53665.082811 g 19.924 0.052
53673.063946 r 18.495 0.009
53673.064779 i 18.035 0.009
#53673.065613 u 24.113 1.057
53673.066446 z 17.756 0.020
53673.067279 g 19.772 0.019
53677.081869 r 18.391 0.009
53677.082702 i 17.972 0.009
53677.083536 u 22.943 0.547
53677.084369 z 17.575 0.019
53677.085202 g 19.729 0.021
53680.068534 r 18.471 0.009
53680.069367 i 18.043 0.009
53680.070201 u 23.072 0.493
53680.071034 z 17.802 0.018
53680.071867 g 19.820 0.018
53703.075245 r 18.592 0.157
53703.076078 i 18.151 0.136
#53703.076912 u 25.862 99.999
53703.077745 z 17.688 0.106
53703.078578 g 19.983 0.239
53974.141705 r 18.467 0.125
53974.142539 i 17.981 0.114
53974.143372 u 22.761 1.000
53974.144205 z 17.737 0.093
53974.145039 g 19.731 0.210
53989.131136 r 18.431 0.114
53989.131969 i 17.956 0.117
53989.132802 u 22.872 0.471
53989.133636 z 17.701 0.089
53989.134469 g 19.868 0.190
54005.089283 r 18.505 0.162
54005.090117 i 18.044 0.137
#54005.090950 u 23.640 1.551
54005.091783 z 17.785 0.159
54005.092617 g 19.798 0.271
54007.102050 r 18.485 0.156
54007.102883 i 18.045 0.131
54007.103716 u 23.673 0.869
54007.104550 z 17.781 0.127
54007.105383 g 19.844 0.243
54009.099146 r 18.473 0.177
54009.099979 i 17.980 0.141
#54009.100812 u 25.073 4.030
54009.101646 z 17.754 0.127
54009.102479 g 19.792 0.296
54011.163650 r 18.475 0.165
54011.164483 i 18.029 0.150
#54011.165317 u 100.027 99.999
54011.166150 z 17.740 0.145
54011.166983 g 19.847 0.266
54019.113857 r 18.492 0.156
54019.114691 i 17.962 0.122
54019.115524 u 24.134 0.846
54019.116357 z 17.791 0.143
54019.117191 g 19.843 0.286
54025.162679 r 18.496 0.139
54025.163513 i 17.999 0.117
#54025.164346 u 24.404 3.254
54025.165179 z 17.709 0.084
54025.166013 g 19.737 0.180
54029.092986 r 18.536 0.175
54029.093820 i 18.035 0.131
#54029.094653 u 100.006 99.999
54029.095486 z 17.778 0.119
54029.096320 g 19.756 0.254
54051.069569 r 18.542 0.164
54051.070402 i 18.010 0.142
#54051.071236 u -99.000 6.096
#54051.072069 z -99.000 0.152
#54051.072902 g -99.000 0.204
54358.116210 r 18.999 0.246
54358.117043 i 18.125 0.133
#54358.117877 u 100.011 99.999
54358.118710 z 17.799 0.126
54358.119543 g 19.801 0.218
54382.158408 r 18.389 0.105
#54382.159241 i -99.000 0.087
54382.160075 u 22.762 0.958
54382.160908 z 17.815 0.089
54382.161741 g 19.735 0.168
54383.164141 r 18.506 0.164
54383.164975 i 17.959 0.127
54383.165808 u 23.796 0.684
54383.166641 z 17.871 0.135
54383.167475 g 19.744 0.265
#54386.161159 r -99.000 0.208
54386.161993 i 18.071 0.192
#54386.162826 u -99.000 0.900
54386.163659 z 17.786 0.080
54386.164493 g 19.810 0.233
54388.165431 r 18.539 0.169
#54388.166265 i -99.000 0.146
#54388.167098 u 99.986 99.999
54388.167931 z 17.760 0.149
54388.168765 g 19.998 0.313
54403.079201 r 18.519 0.178
54403.080034 i 18.013 0.152
54403.080868 u 22.668 0.343
54403.081701 z 17.778 0.157
54403.082534 g 19.733 0.255
54406.073031 r 18.524 0.170
54406.073864 i 17.980 0.161
#54406.074697 u 24.403 1.758
54406.075531 z 17.842 0.136
54406.076364 g 19.885 0.304
54412.075959 r 18.461 0.157
54412.076793 i 17.998 0.160
#54412.077626 u 99.775 99.999
54412.078459 z 17.791 0.148
54412.079293 g 19.754 0.259
54415.113533 r 18.476 0.159
54415.114366 i 17.983 0.135
54415.115200 u 22.373 0.318
54415.116033 z 17.774 0.135
54415.116866 g 19.735 0.253
