53270.117874 r 18.122 0.036
53270.118708 i 17.815 0.034
53270.119541 u 20.691 0.152
53270.120374 z 17.692 0.028
53270.121208 g 18.772 0.049
53288.095028 r 18.073 0.007
53288.095861 i 17.796 0.008
53288.096695 u 20.378 0.066
53288.097528 z 17.698 0.019
53288.098361 g 18.764 0.009
53302.090695 r 18.080 0.009
#53302.091528 i -99.000 0.009
53302.092362 u 20.478 0.143
53302.093195 z 17.707 0.020
53302.094028 g 18.792 0.013
53623.142007 r 18.034 0.007
53623.142840 i 17.773 0.008
53623.143674 u 20.516 0.080
53623.144507 z 17.664 0.019
53623.145340 g 18.719 0.010
53626.128220 r 18.163 0.009
53626.129053 i 17.869 0.009
53626.129887 u 20.609 0.125
53626.130720 z 17.734 0.020
53626.131553 g 18.866 0.014
53628.113085 r 18.092 0.011
53628.113918 i 17.812 0.010
53628.114752 u 20.423 0.166
53628.115585 z 17.715 0.025
53628.116418 g 18.761 0.018
53637.114697 r 18.163 0.008
53637.115530 i 17.864 0.008
53637.116364 u 20.584 0.092
53637.117197 z 17.737 0.021
53637.118030 g 18.835 0.009
53649.101764 r 18.065 0.009
53649.102597 i 17.720 0.010
53649.103431 u 20.267 0.095
53649.104264 z 17.562 0.021
#53649.105097 g -99.000 0.009
53656.089359 r 17.946 0.010
53656.090192 i 17.679 0.009
53656.091026 u 20.414 0.167
53656.091859 z 17.581 0.023
53656.092692 g 18.620 0.015
#53665.080624 r -99.000 0.032
#53665.081457 i -99.000 0.019
#53665.082291 u -99.000 0.171
#53665.083124 z -99.000 0.046
#53665.083957 g -99.000 0.020
53673.065102 r 18.135 0.008
53673.065935 i 17.863 0.008
53673.066769 u 20.614 0.078
53673.067602 z 17.748 0.020
53673.068435 g 18.857 0.009
53677.083027 r 18.079 0.007
53677.083860 i 17.773 0.008
53677.084694 u 20.484 0.072
53677.085527 z 17.686 0.020
53677.086360 g 18.733 0.009
53680.069681 r 18.156 0.007
53680.070514 i 17.884 0.008
53680.071348 u 20.606 0.072
53680.072181 z 17.720 0.017
53680.073014 g 18.903 0.009
53693.071597 r 18.024 0.007
53693.072430 i 17.745 0.008
53693.073264 u 20.459 0.084
53693.074097 z 17.676 0.018
53693.074930 g 18.726 0.009
#53702.067266 r -99.000 0.044
53702.068099 i 18.094 0.049
53702.068933 u 21.099 0.235
53702.069766 z 17.809 0.041
53702.070599 g 19.093 0.060
53703.076414 r 18.206 0.041
53703.077247 i 17.904 0.043
53703.078080 u 20.845 0.160
53703.078914 z 17.846 0.042
53703.079747 g 18.906 0.054
53974.142872 r 18.151 0.038
53974.143705 i 17.909 0.045
53974.144538 u 20.575 0.077
53974.145372 z 17.779 0.028
53974.146205 g 18.891 0.060
53989.132300 r 18.213 0.050
53989.133133 i 17.948 0.050
53989.133967 u 20.625 0.080
53989.134800 z 17.800 0.032
53989.135633 g 18.963 0.050
#53995.140221 r -99.000 0.045
53995.141054 i 17.906 0.040
53995.141888 u 20.775 0.086
53995.142721 z 17.775 0.032
53995.143554 g 18.884 0.076
53997.118593 r 18.201 0.043
#53997.119427 i -99.000 0.070
53997.120260 u 20.729 0.131
53997.121093 z 17.785 0.034
#53997.121927 g -99.000 0.118
54005.090440 r 18.205 0.042
54005.091273 i 17.890 0.038
54005.092107 u 20.598 0.097
54005.092940 z 17.733 0.031
54005.093773 g 18.851 0.054
54007.103185 r 18.068 0.039
54007.104019 i 17.815 0.038
54007.104852 u 20.725 0.136
54007.105685 z 17.792 0.038
54007.106519 g 18.783 0.048
54009.100300 r 18.128 0.042
54009.101133 i 17.870 0.033
54009.101967 u 20.626 0.092
54009.102800 z 17.690 0.030
54009.103633 g 18.829 0.054
54011.164788 r 18.181 0.046
54011.165622 i 17.912 0.047
54011.166455 u 20.545 0.110
54011.167288 z 17.768 0.023
54011.168122 g 18.875 0.019
54019.115001 r 18.115 0.039
54019.115834 i 17.860 0.036
54019.116667 u 20.450 0.076
54019.117501 z 17.761 0.033
54019.118334 g 18.792 0.041
54025.163815 r 18.176 0.042
54025.164649 i 17.908 0.041
54025.165482 u 20.649 0.083
54025.166315 z 17.786 0.039
54025.167149 g 18.887 0.042
54029.094143 r 18.065 0.039
54029.094976 i 17.840 0.049
54029.095810 u 20.514 0.074
54029.096643 z 17.623 0.033
54029.097476 g 18.795 0.048
#54051.070723 r -99.000 0.039
#54051.071556 i -99.000 0.038
54051.072389 u 20.758 0.205
#54051.073223 z -99.000 0.060
54051.074056 g 18.917 0.058
54358.117371 r 18.149 0.054
54358.118204 i 17.875 0.041
54358.119037 u 20.682 0.115
54358.119871 z 17.725 0.032
54358.120704 g 18.865 0.052
54382.159562 r 18.228 0.042
54382.160395 i 17.956 0.043
54382.161228 u 21.079 0.214
54382.162062 z 17.887 0.048
54382.162895 g 18.884 0.053
54383.165296 r 18.181 0.046
54383.166130 i 17.873 0.039
54383.166963 u 20.530 0.105
54383.167796 z 17.730 0.042
54383.168630 g 18.866 0.046
#54386.162324 r -99.000 0.049
#54386.163158 i -99.000 0.036
54386.163991 u 21.001 0.205
#54386.164824 z -99.000 0.049
54386.165658 g 18.871 0.045
54388.166581 r 18.123 0.040
54388.167414 i 17.808 0.041
54388.168248 u 20.706 0.109
54388.169081 z 17.727 0.036
54388.169914 g 18.754 0.043
54403.080361 r 18.082 0.035
54403.081194 i 17.796 0.061
54403.082028 u 20.460 0.068
54403.082861 z 17.672 0.028
54403.083694 g 18.753 0.044
54406.074184 r 18.136 0.041
54406.075017 i 17.883 0.037
54406.075851 u 20.519 0.083
54406.076684 z 17.766 0.036
54406.077517 g 18.843 0.040
54412.077298 r 18.178 0.045
#54412.078131 i -99.000 0.035
54412.078964 u 20.652 0.103
#54412.079798 z -99.000 0.041
54412.080631 g 18.909 0.049
54415.114679 r 18.167 0.038
54415.115512 i 17.889 0.030
54415.116346 u 20.808 0.120
54415.117179 z 17.810 0.027
54415.118012 g 18.865 0.044
