53270.116719 r 18.917 0.010
53270.117553 i 18.662 0.012
53270.118386 u 21.339 0.162
53270.119219 z 18.651 0.037
53270.120053 g 19.534 0.018
53288.093876 r 18.914 0.011
53288.094709 i 18.667 0.013
53288.095543 u 20.918 0.088
53288.096376 z 18.443 0.029
53288.097209 g 19.538 0.013
53302.089544 r 18.931 0.015
53302.090377 i 18.604 0.014
53302.091211 u 20.868 0.193
53302.092044 z 18.431 0.035
53302.092877 g 19.470 0.026
53623.140855 r 18.952 0.012
53623.141688 i 18.597 0.012
53623.142522 u 20.940 0.102
53623.143355 z 18.511 0.029
53623.144188 g 19.496 0.016
53626.127068 r 18.929 0.015
53626.127901 i 18.673 0.015
53626.128735 u 20.930 0.154
53626.129568 z 18.572 0.033
53626.130401 g 19.534 0.025
53628.111933 r 18.962 0.020
53628.112766 i 18.656 0.019
53628.113600 u 21.169 0.300
53628.114433 z 18.527 0.042
53628.115266 g 19.585 0.037
53637.113545 r 18.964 0.012
53637.114378 i 18.633 0.013
53637.115212 u 20.991 0.109
53637.116045 z 18.486 0.033
53637.116878 g 19.531 0.014
53656.088206 r 19.031 0.024
53656.089039 i 18.705 0.020
53656.089873 u 20.947 0.235
53656.090706 z 18.559 0.043
53656.091539 g 19.561 0.034
#53665.079484 r -99.000 0.045
#53665.080317 i -99.000 0.099
#53665.081151 u -99.000 0.469
#53665.081984 z -99.000 0.079
#53665.082817 g -99.000 0.030
53673.063952 r 18.939 0.011
53673.064785 i 18.714 0.013
53673.065619 u 21.110 0.103
53673.066452 z 18.674 0.071
53673.067285 g 19.537 0.013
53677.081874 r 18.911 0.011
53677.082707 i 18.628 0.013
53677.083541 u 20.861 0.086
53677.084374 z 18.571 0.034
#53677.085207 g -99.000 0.015
53680.068539 r 18.928 0.011
53680.069372 i 18.655 0.012
53680.070206 u 21.038 0.086
53680.071039 z 18.485 0.026
53680.071872 g 19.557 0.013
53693.070446 r 18.955 0.012
53693.071279 i 18.649 0.013
53693.072113 u 21.145 0.123
53693.072946 z 18.510 0.032
53693.073779 g 19.499 0.014
53702.066121 r 19.193 0.433
53702.066954 i 18.825 0.127
53702.067787 u 21.470 0.332
53702.068621 z 18.793 0.109
53702.069454 g 19.683 0.403
53703.075253 r 19.179 0.151
53703.076087 i 18.948 0.042
53703.076920 u 20.816 0.129
53703.077753 z 18.604 0.045
53703.078587 g 19.710 0.104
53974.141717 r 18.910 0.009
53974.142550 i 18.702 0.013
53974.143383 u 21.017 0.078
53974.144217 z 18.499 0.029
#53974.145050 g -99.000 0.013
#53989.131141 r -99.000 0.052
53989.131974 i 18.689 0.027
53989.132807 u 20.890 0.081
53989.133641 z 18.552 0.027
53989.134474 g 19.516 0.013
53995.139082 r 18.939 0.009
#53995.139916 i -99.000 0.018
53995.140749 u 21.096 0.089
53995.141582 z 18.503 0.027
53995.142416 g 19.531 0.017
53997.117492 r 19.028 0.028
53997.118325 i 18.819 0.024
53997.119158 u 21.121 0.142
53997.119992 z 18.545 0.038
53997.120825 g 19.708 0.041
54005.089290 r 18.990 0.009
54005.090124 i 18.713 0.010
54005.090957 u 20.950 0.081
54005.091790 z 18.491 0.025
54005.092624 g 19.567 0.016
54007.102038 r 18.999 0.014
54007.102871 i 18.671 0.014
54007.103704 u 20.909 0.108
54007.104538 z 18.504 0.032
54007.105371 g 19.547 0.032
#54009.099145 r -99.000 0.013
54009.099979 i 18.735 0.034
54009.100812 u 20.898 0.104
54009.101645 z 18.503 0.027
54009.102479 g 19.554 0.017
54011.163638 r 18.925 0.015
54011.164471 i 18.687 0.017
54011.165304 u 20.992 0.161
54011.166138 z 18.494 0.030
54011.166971 g 19.567 0.022
54019.113890 r 19.024 0.020
54019.114723 i 18.676 0.013
54019.115556 u 20.875 0.079
54019.116390 z 18.548 0.029
54019.117223 g 19.549 0.013
54025.162659 r 18.930 0.010
54025.163492 i 18.707 0.012
54025.164326 u 20.297 0.107
54025.165159 z 18.465 0.028
54025.165992 g 19.553 0.012
54029.092989 r 18.913 0.011
54029.093823 i 18.643 0.014
54029.094656 u 20.868 0.088
54029.095489 z 18.526 0.033
54029.096323 g 19.541 0.016
54051.069580 r 19.056 0.029
54051.070413 i 18.652 0.024
#54051.071247 u -99.000 0.308
#54051.072080 z -99.000 0.099
#54051.072913 g -99.000 0.039
#54358.116243 r -99.000 0.033
54358.117076 i 18.707 0.022
54358.117910 u 21.205 0.142
54358.118743 z 18.593 0.041
#54358.119576 g -99.000 0.028
54382.158411 r 19.171 0.100
#54382.159244 i -99.000 0.051
54382.160078 u 21.382 0.209
54382.160911 z 18.842 0.073
54382.161744 g 19.767 0.174
54383.164181 r 18.965 0.023
54383.165015 i 18.660 0.016
54383.165848 u 20.847 0.080
54383.166681 z 18.537 0.027
54383.167515 g 19.555 0.017
#54386.161164 r -99.000 0.017
#54386.161997 i -99.000 0.024
54386.162831 u 20.880 0.152
#54386.163664 z -99.000 0.045
#54386.164497 g -99.000 0.022
54388.165447 r 18.965 0.022
54388.166280 i 18.628 0.015
54388.167113 u 21.145 0.138
54388.167947 z 18.529 0.033
54388.168780 g 19.572 0.039
54403.079209 r 18.917 0.012
54403.080043 i 18.674 0.015
54403.080876 u 21.061 0.084
54403.081709 z 18.574 0.029
54403.082543 g 19.540 0.013
54412.075964 r 18.919 0.016
54412.076798 i 18.671 0.016
54412.077631 u 20.941 0.098
54412.078464 z 18.490 0.033
54412.079298 g 19.547 0.019
54415.113532 r 18.940 0.013
54415.114365 i 18.646 0.014
54415.115198 u 20.898 0.086
54415.116032 z 18.480 0.029
54415.116865 g 19.555 0.015
