53270.112143 r 18.379 0.082
53270.112976 i 18.218 0.012
53270.113810 u 20.028 0.054
53270.114643 z 18.118 0.021
53270.115476 g 19.236 0.042
53288.089293 r 18.379 0.008
53288.090126 i 18.186 0.009
53288.090960 u 20.231 0.053
53288.091793 z 18.195 0.024
53288.092626 g 19.202 0.012
53302.084963 r 18.376 0.010
53302.085796 i 18.204 0.010
53302.086630 u 19.896 0.069
53302.087463 z 18.145 0.025
53302.088296 g 18.848 0.014
53623.136274 r 18.570 0.010
53623.137107 i 18.158 0.009
53623.137941 u 20.041 0.055
53623.138774 z 18.117 0.023
53623.139607 g 19.625 0.019
53626.122486 r 18.383 0.011
53626.123319 i 18.174 0.011
53626.124153 u 20.016 0.073
53626.124986 z 18.105 0.029
53626.125819 g 18.835 0.015
53628.107351 r 18.359 0.013
53628.108184 i 18.211 0.013
53628.109018 u 19.954 0.104
53628.109851 z 18.169 0.030
53628.110684 g 18.820 0.019
53637.108964 r 18.396 0.009
53637.109797 i 18.187 0.010
53637.110631 u 19.996 0.049
53637.111464 z 18.147 0.026
53637.112297 g 18.872 0.011
53656.083625 r 18.390 0.014
53656.084458 i 18.204 0.013
53656.085292 u 20.163 0.132
53656.086125 z 18.103 0.032
#53656.086958 g -99.000 0.022
#53665.074903 r -99.000 0.052
#53665.075736 i -99.000 0.034
53665.076570 u 21.104 0.639
53665.077403 z 18.198 0.115
#53665.078236 g -99.000 0.049
53673.059371 r 18.384 0.009
53673.060204 i 18.187 0.010
53673.061038 u 19.919 0.045
53673.061871 z 18.213 0.027
53673.062704 g 18.828 0.010
53677.077294 r 18.542 0.010
#53677.078127 i -99.000 0.014
53677.078961 u 20.136 0.058
53677.079794 z 18.270 0.031
53677.080627 g 19.209 0.013
53680.063958 r 18.375 0.008
53680.064791 i 18.184 0.009
53680.065625 u 19.950 0.043
53680.066458 z 18.120 0.021
53680.067291 g 18.826 0.010
53693.065867 r 18.402 0.009
#53693.066700 i -99.000 0.010
53693.067534 u 19.935 0.050
53693.068367 z 18.122 0.025
53693.069200 g 18.804 0.010
53703.070678 r 18.582 0.050
53703.071511 i 18.222 0.041
53703.072345 u 19.954 0.065
53703.073178 z 18.162 0.034
53703.074011 g 19.149 0.048
53989.126611 r 18.393 0.012
53989.127444 i 18.223 0.044
53989.128277 u 19.866 0.045
53989.129111 z 18.090 0.027
53989.129944 g 18.822 0.015
53995.134484 r 18.435 0.022
53995.135318 i 18.222 0.010
53995.136151 u 20.166 0.048
53995.136984 z 18.176 0.023
53995.137818 g 19.235 0.038
53997.112856 r 18.420 0.051
53997.113690 i 18.358 0.054
53997.114523 u 19.986 0.045
53997.115356 z 18.109 0.027
53997.116190 g 19.050 0.029
54005.084710 r 18.399 0.037
54005.085544 i 18.200 0.009
54005.086377 u 20.144 0.048
54005.087210 z 18.186 0.026
54005.088044 g 19.241 0.042
54007.097464 r 18.405 0.019
54007.098297 i 18.207 0.013
54007.099130 u 20.045 0.047
54007.099964 z 18.197 0.025
54007.100797 g 18.853 0.013
54009.094567 r 18.397 0.013
54009.095401 i 18.211 0.016
54009.096234 u 20.000 0.068
54009.097067 z 18.151 0.026
54009.097901 g 18.846 0.020
54011.159064 r 18.395 0.018
54011.159897 i 18.221 0.022
54011.160731 u 20.039 0.077
54011.161564 z 18.166 0.022
54011.162397 g 18.876 0.018
54019.109268 r 18.391 0.051
54019.110101 i 18.215 0.023
54019.110935 u 19.962 0.041
54019.111768 z 18.194 0.024
54019.112601 g 19.004 0.030
54025.158080 r 18.397 0.023
54025.158914 i 18.207 0.010
54025.159747 u 20.015 0.047
54025.160580 z 18.147 0.026
54025.161414 g 18.827 0.011
#54051.064990 r -99.000 0.018
54051.065823 i 18.203 0.019
54051.066656 u 20.092 0.084
54051.067490 z 18.114 0.052
54051.068323 g 18.812 0.021
54358.111634 r 18.407 0.029
#54358.112467 i -99.000 0.113
54358.113301 u 19.949 0.047
#54358.114134 z -99.000 0.037
54358.114967 g 18.819 0.032
54386.156586 r 18.388 0.017
54386.157420 i 18.224 0.015
54386.158253 u 19.926 0.077
54386.159086 z 18.160 0.035
#54386.159920 g -99.000 0.016
54388.160857 r 18.380 0.011
54388.161691 i 18.179 0.055
54388.162524 u 20.049 0.054
54388.163357 z 18.122 0.026
54388.164191 g 18.821 0.012
54403.074625 r 18.353 0.014
54403.075458 i 18.202 0.015
54403.076291 u 20.073 0.042
54403.077125 z 18.112 0.023
54403.077958 g 18.826 0.014
54406.068465 r 18.377 0.025
54406.069299 i 18.208 0.010
54406.070132 u 19.938 0.049
54406.070965 z 18.204 0.028
#54406.071799 g -99.000 0.081
54412.071390 r 18.553 0.033
54412.072223 i 18.228 0.018
54412.073057 u 20.148 0.076
54412.073890 z 18.207 0.037
54412.074723 g 19.110 0.031
#54415.108963 r -99.000 0.012
54415.109796 i 18.493 0.024
#54415.110630 u -99.000 0.070
#54415.111463 z -99.000 0.028
54415.112296 g 18.853 0.016
