51467.347182 r 19.839 0.029
51467.348015 i 19.725 0.042
51467.348849 u 20.448 0.103
51467.349682 z 19.546 0.144
51467.350515 g 20.055 0.025
51819.323250 r 19.296 0.014
51819.324083 i 19.320 0.018
51819.324917 u 19.694 0.040
51819.325750 z 19.092 0.057
51819.326583 g 19.424 0.013
52558.288470 r 19.665 0.019
52558.289303 i 19.578 0.022
52558.290137 u 20.203 0.061
52558.290970 z 19.427 0.077
52558.291803 g 19.869 0.016
52577.175967 r 19.640 0.020
52577.176800 i 19.595 0.028
52577.177634 u 20.156 0.059
52577.178467 z 19.432 0.098
52577.179300 g 19.855 0.016
52586.179445 r 19.658 0.020
52586.180278 i 19.592 0.026
52586.181112 u 20.159 0.051
52586.181945 z 19.493 0.097
52586.182778 g 19.887 0.016
52910.259928 r 19.462 0.014
52910.260761 i 19.482 0.018
52910.261595 u 19.951 0.042
52910.262428 z 19.276 0.061
52910.263261 g 19.661 0.013
52931.190129 r 19.464 0.019
52931.190962 i 19.417 0.022
52931.191796 u 19.926 0.045
52931.192629 z 19.378 0.071
52931.193462 g 19.618 0.016
52935.187093 r 19.437 0.016
52935.187926 i 19.468 0.021
52935.188760 u 19.959 0.048
52935.189593 z 19.303 0.073
52935.190426 g 19.631 0.014
52959.130419 r 19.433 0.014
52959.131252 i 19.394 0.017
52959.132086 u 19.881 0.040
52959.132919 z 19.209 0.060
52959.133752 g 19.574 0.013
52963.110163 r 19.401 0.014
52963.110996 i 19.382 0.017
52963.111830 u 19.870 0.040
52963.112663 z 19.264 0.055
52963.113496 g 19.565 0.012
53313.180293 r 19.489 0.020
53313.181126 i 19.463 0.023
53313.181960 u 20.050 0.060
53313.182793 z 19.189 0.091
53313.183626 g 19.716 0.016
53352.081229 r 19.508 0.017
53352.082062 i 19.474 0.021
53352.082896 u 19.982 0.045
53352.083729 z 19.348 0.080
53352.084562 g 19.750 0.014
53622.289534 r 19.723 0.024
53622.290367 i 19.621 0.032
53622.291201 u 20.451 0.095
53622.292034 z 19.556 0.127
53622.292867 g 20.015 0.022
53634.239005 r 19.775 0.060
53634.239838 i 19.630 0.052
53634.240672 u 20.866 0.366
53634.241505 z 19.239 0.127
#53634.242338 g -99.000 0.085
53636.244538 r 19.858 0.033
53636.245371 i 19.677 0.037
53636.246205 u 20.332 0.131
53636.247038 z 19.297 0.094
53636.247871 g 20.068 0.035
53638.280338 r 19.771 0.020
53638.281171 i 19.648 0.021
53638.282005 u 20.266 0.061
53638.282838 z 19.493 0.072
53638.283671 g 20.015 0.019
53655.216544 r 19.716 0.032
53655.217377 i 19.617 0.033
#53655.218211 u -99.000 0.130
53655.219044 z 20.034 0.271
53655.219877 g 19.935 0.047
53664.241502 r 19.787 0.027
53664.242335 i 19.705 0.035
53664.243169 u 20.217 0.109
53664.244002 z 19.382 0.096
53664.244835 g 19.959 0.033
53666.205105 r 19.711 0.019
53666.205938 i 19.615 0.022
53666.206772 u 20.224 0.055
53666.207605 z 19.462 0.074
53666.208438 g 19.996 0.019
53669.200743 r 19.749 0.018
53669.201576 i 19.668 0.023
53669.202410 u 20.207 0.054
53669.203243 z 19.562 0.083
53669.204076 g 19.991 0.016
53671.285521 r 19.694 0.021
53671.286354 i 19.634 0.025
53671.287188 u 20.260 0.088
53671.288021 z 19.336 0.082
53671.288854 g 20.032 0.021
53674.184978 r 19.741 0.021
53674.185811 i 19.615 0.024
53674.186645 u 20.388 0.075
53674.187478 z 19.415 0.080
53674.188311 g 20.006 0.018
53676.274464 r 19.725 0.019
53676.275297 i 19.650 0.023
53676.276131 u 20.349 0.077
53676.276964 z 19.478 0.085
53676.277797 g 20.047 0.020
53679.246352 r 19.785 0.026
53679.247185 i 19.689 0.031
53679.248019 u 20.309 0.088
53679.248852 z 19.362 0.097
53679.249685 g 20.044 0.021
53681.237863 r 19.742 0.022
53681.238696 i 19.679 0.024
53681.239530 u 20.242 0.070
53681.240363 z 19.329 0.071
53681.241196 g 20.017 0.019
53685.196914 r 19.805 0.091
53685.197747 i 19.553 0.098
53685.198581 u 20.443 0.281
53685.199414 z 19.519 0.216
53685.200247 g 19.971 0.083
53687.235254 r 19.751 0.038
53687.236087 i 19.634 0.034
53687.236921 u 20.320 0.171
53687.237754 z 19.479 0.082
53687.238587 g 20.031 0.050
53694.210796 r 19.752 0.056
53694.211629 i 19.863 0.072
53694.212463 u 20.199 0.218
#53694.213296 z -99.000 0.213
53694.214129 g 19.910 0.079
53697.194888 r 19.746 0.073
53697.195721 i 19.705 0.070
53697.196555 u 20.570 0.207
53697.197388 z 19.416 0.267
#53697.198221 g -99.000 0.049
53700.193847 r 19.815 0.025
53700.194680 i 19.671 0.029
53700.195514 u 20.377 0.079
53700.196347 z 19.322 0.096
53700.197180 g 20.008 0.020
53705.180516 r 19.751 0.020
53705.181349 i 19.689 0.024
53705.182183 u 20.409 0.074
53705.183016 z 19.269 0.065
53705.183849 g 20.019 0.019
53975.265537 r 19.707 0.024
53975.266371 i 19.624 0.031
53975.267204 u 20.112 0.057
53975.268037 z 19.308 0.081
53975.268871 g 19.910 0.023
53993.333407 r 19.620 0.028
53993.334241 i 19.578 0.028
#53993.335074 u -99.000 0.098
#53993.335907 z -99.000 0.083
#53993.336741 g -99.000 0.046
53996.272359 r 19.700 0.025
53996.273193 i 19.582 0.022
53996.274026 u 20.405 0.063
53996.274859 z 19.463 0.071
53996.275693 g 19.955 0.018
53998.240877 r 19.690 0.019
53998.241711 i 19.608 0.020
53998.242544 u 20.338 0.051
53998.243377 z 19.357 0.056
53998.244211 g 19.937 0.019
54005.271118 r 19.700 0.019
54005.271951 i 19.597 0.020
54005.272784 u 20.216 0.048
54005.273618 z 19.425 0.061
54005.274451 g 19.934 0.017
54010.226417 r 19.667 0.021
54010.227250 i 19.604 0.025
54010.228083 u 20.252 0.067
54010.228917 z 19.406 0.057
54010.229750 g 19.950 0.020
54012.219288 r 19.710 0.028
54012.220121 i 19.647 0.028
54012.220954 u 20.190 0.097
54012.221788 z 19.294 0.057
54012.222621 g 19.984 0.035
54020.225173 r 19.685 0.022
54020.226007 i 19.596 0.026
54020.226840 u 20.239 0.077
54020.227673 z 19.313 0.087
54020.228507 g 19.906 0.027
54022.274474 r 19.650 0.016
54022.275307 i 19.626 0.022
54022.276140 u 20.303 0.067
54022.276974 z 19.544 0.109
54022.277807 g 19.933 0.024
54028.215562 r 19.688 0.019
54028.216396 i 19.669 0.027
54028.217229 u 20.264 0.061
54028.218062 z 19.459 0.080
54028.218896 g 19.903 0.024
54030.218794 r 19.694 0.018
54030.219627 i 19.625 0.019
54030.220460 u 20.296 0.051
54030.221294 z 19.220 0.050
54030.222127 g 19.934 0.017
54035.294538 r 19.696 0.030
54035.295371 i 19.666 0.038
54035.296205 u 20.168 0.091
54035.297038 z 19.519 0.119
54035.297871 g 19.956 0.024
54037.199994 r 19.679 0.025
54037.200828 i 19.627 0.028
54037.201661 u 20.267 0.064
54037.202494 z 19.208 0.064
54037.203328 g 19.950 0.021
54040.214479 r 19.648 0.034
54040.215312 i 19.656 0.037
54040.216146 u 20.185 0.105
54040.216979 z 19.307 0.072
54040.217812 g 19.883 0.038
54049.240933 r 19.662 0.032
54049.241766 i 19.499 0.032
54049.242600 u 20.178 0.136
54049.243433 z 19.441 0.114
54049.244266 g 19.980 0.042
54050.199106 r 19.724 0.046
54050.199939 i 19.639 0.040
54050.200773 u 20.323 0.114
54050.201606 z 19.436 0.141
54050.202439 g 19.845 0.042
54053.205300 r 19.664 0.020
54053.206133 i 19.585 0.024
54053.206967 u 20.228 0.058
54053.207800 z 19.270 0.078
54053.208633 g 19.902 0.022
54056.206963 r 19.675 0.045
54056.207797 i 19.642 0.059
54056.208630 u 20.181 0.108
54056.209463 z 19.331 0.131
54056.210297 g 19.883 0.099
54059.201213 r 19.667 0.028
54059.202046 i 19.611 0.039
54059.202879 u 20.108 0.087
54059.203713 z 19.515 0.138
54059.204546 g 19.910 0.025
54062.206138 r 19.676 0.025
54062.206971 i 19.607 0.037
54062.207804 u 20.186 0.088
54062.208638 z 19.005 0.086
54062.209471 g 19.943 0.024
54357.244396 r 19.684 0.025
54357.245229 i 19.586 0.023
54357.246063 u 20.404 0.067
54357.246896 z 19.353 0.069
54357.247729 g 19.933 0.024
54362.294198 r 19.638 0.023
54362.295031 i 19.534 0.025
54362.295865 u 20.312 0.070
54362.296698 z 19.528 0.090
54362.297531 g 19.957 0.024
54376.302881 r 19.653 0.018
54376.303714 i 19.550 0.022
54376.304548 u 20.242 0.065
54376.305381 z 19.373 0.085
54376.306214 g 20.011 0.037
54385.292213 r 19.673 0.022
54385.293047 i 19.556 0.025
54385.293880 u 20.401 0.068
54385.294713 z 19.529 0.065
54385.295547 g 19.937 0.020
54387.292827 r 19.692 0.022
54387.293660 i 19.554 0.025
54387.294493 u 20.263 0.072
54387.295327 z 19.371 0.084
54387.296160 g 19.953 0.020
54392.287442 r 19.686 0.026
54392.288276 i 19.588 0.036
54392.289109 u 20.173 0.064
54392.289942 z 19.380 0.072
54392.290776 g 19.938 0.025
54402.285913 r 19.664 0.031
54402.286747 i 19.525 0.034
#54402.287580 u -99.000 0.150
54402.288413 z 19.296 0.075
54402.289247 g 20.031 0.044
