53313.053767 r 18.768 0.014
53313.054600 i 18.651 0.017
53313.055434 u 21.096 0.172
53313.056267 z 18.444 0.051
#53313.057100 g -99.000 0.016
53625.158979 r 18.822 0.012
53625.159812 i 18.557 0.012
53625.160646 u 21.085 0.129
53625.161479 z 18.441 0.033
53625.162312 g 19.445 0.016
53636.118015 r 18.810 0.011
53636.118848 i 18.575 0.011
53636.119682 u 20.886 0.088
53636.120515 z 18.518 0.036
53636.121348 g 19.379 0.012
53645.177684 r 18.808 0.011
53645.178517 i 18.694 0.012
53645.179351 u 20.781 0.096
53645.180184 z 18.550 0.033
53645.181017 g 19.468 0.012
53655.090020 r 18.789 0.012
53655.090853 i 18.573 0.012
53655.091687 u 21.128 0.163
53655.092520 z 18.465 0.035
53655.093353 g 19.499 0.019
53664.114981 r 19.148 0.020
53664.115814 i 18.704 0.019
53664.116648 u 21.041 0.192
#53664.117481 z -99.000 0.049
#53664.118314 g -99.000 0.017
53669.074218 r 18.797 0.010
53669.075051 i 18.587 0.011
53669.075885 u 20.888 0.089
53669.076718 z 18.508 0.035
53669.077551 g 19.514 0.012
53674.058453 r 18.821 0.011
53674.059286 i 18.569 0.012
53674.060120 u 20.985 0.104
53674.060953 z 18.611 0.038
53674.061786 g 19.374 0.013
#53681.111351 r -99.000 0.027
53681.112184 i 18.555 0.020
53681.113018 u 21.203 0.246
53681.113851 z 18.473 0.074
#53681.114684 g -99.000 0.034
53685.070393 r 18.923 0.021
53685.071226 i 18.591 0.017
53685.072060 u 20.660 0.209
53685.072893 z 18.610 0.054
53685.073726 g 19.483 0.033
53687.108748 r 18.809 0.016
53687.109581 i 18.534 0.016
53687.110415 u 21.400 0.453
53687.111248 z 18.528 0.045
53687.112081 g 19.456 0.028
53697.068376 r 18.819 0.041
53697.069209 i 18.546 0.041
53697.070043 u 20.591 0.274
53697.070876 z 18.498 0.120
53697.071709 g 19.448 0.031
53700.067338 r 18.797 0.012
53700.068171 i 18.619 0.013
53700.069005 u 21.009 0.136
53700.069838 z 18.631 0.049
53700.070671 g 19.442 0.015
53705.054009 r 18.818 0.013
53705.054842 i 18.593 0.013
53705.055676 u 21.262 0.186
53705.056509 z 18.463 0.046
53705.057342 g 19.394 0.015
53975.139001 r 18.788 0.458
53975.139834 i 18.578 0.393
53975.140668 u 21.009 0.119
53975.141501 z 18.706 0.691
#53975.142334 g -99.000 0.296
#53994.134449 r -99.000 0.063
#53994.135282 i -99.000 0.119
53994.136115 u 20.835 0.088
53994.136949 z 18.559 0.043
53994.137782 g 19.365 0.067
53998.114349 r 18.822 0.107
53998.115183 i 18.554 0.018
53998.116016 u 20.868 0.077
53998.116849 z 18.468 0.044
53998.117683 g 19.391 0.021
54010.099859 r 18.820 0.016
54010.100693 i 18.681 0.023
54010.101526 u 20.991 0.124
54010.102359 z 18.463 0.033
54010.103193 g 19.381 0.022
54012.092675 r 18.782 0.107
54012.093508 i 18.573 0.020
54012.094341 u 21.275 0.268
54012.095175 z 18.473 0.276
54012.096008 g 19.394 0.056
54020.098650 r 18.795 0.262
54020.099483 i 18.544 0.350
54020.100317 u 21.030 0.091
54020.101150 z 18.419 0.424
54020.101983 g 19.389 0.250
54022.147934 r 18.780 0.342
#54022.148767 i -99.000 0.338
54022.149600 u 20.858 0.116
#54022.150434 z -99.000 0.053
#54022.151267 g -99.000 0.050
#54028.089044 r -99.000 0.488
#54028.089877 i -99.000 0.439
54028.090711 u 21.340 0.277
54028.091544 z 18.476 0.598
54028.092377 g 19.477 0.203
54030.092208 r 18.809 0.398
54030.093042 i 18.522 0.536
54030.093875 u 20.942 0.087
54030.094708 z 18.414 0.128
54030.095542 g 19.385 0.236
#54032.081818 r -99.000 0.325
54032.082652 i 18.654 0.044
54032.083485 u 20.971 0.130
#54032.084318 z -99.000 0.054
#54032.085152 g -99.000 0.026
#54034.151910 r -99.000 0.399
#54034.152744 i -99.000 0.533
54034.153577 u 20.998 0.193
#54034.154410 z -99.000 0.477
#54034.155244 g -99.000 0.303
54037.073447 r 18.854 0.219
54037.074280 i 18.612 0.244
54037.075114 u 21.139 0.137
54037.075947 z 18.430 0.040
54037.076780 g 19.463 0.022
54040.087932 r 18.796 0.047
54040.088765 i 18.604 0.028
54040.089599 u 21.472 0.317
54040.090432 z 18.546 0.045
54040.091265 g 19.445 0.031
54050.072564 r 18.862 0.499
54050.073397 i 18.742 0.583
54050.074231 u 21.189 0.185
54050.075064 z 18.676 0.359
54050.075897 g 19.481 0.219
54056.080402 r 18.900 0.428
#54056.081235 i -99.000 0.529
54056.082068 u 21.072 0.173
#54056.082902 z -99.000 0.502
54056.083735 g 19.404 0.264
54059.074705 r 18.848 0.467
54059.075539 i 18.631 0.532
54059.076372 u 20.916 0.101
54059.077205 z 18.487 0.521
54059.078039 g 19.405 0.266
54061.085738 r 18.820 0.188
54061.086572 i 18.717 0.742
54061.087405 u 20.980 0.126
54061.088238 z 18.444 0.715
54061.089072 g 19.443 0.271
#54062.079581 r -99.000 0.487
54062.080414 i 18.566 0.609
54062.081247 u 21.376 0.227
54062.082081 z 18.494 0.608
54062.082914 g 19.484 0.276
54068.069559 r 18.904 0.476
54068.070392 i 18.655 0.592
54068.071226 u 21.374 0.456
54068.072059 z 18.673 0.725
54068.072892 g 19.558 0.398
54357.117885 r 18.816 0.347
54357.118718 i 18.608 0.445
54357.119552 u 21.271 0.110
54357.120385 z 18.581 0.050
54357.121218 g 19.383 0.064
54365.115739 r 18.822 0.159
54365.116572 i 18.527 0.401
54365.117405 u 20.839 0.143
54365.118239 z 18.446 0.042
54365.119072 g 19.439 0.043
#54385.165717 r -99.000 0.371
54385.166550 i 18.586 0.422
54385.167383 u 21.104 0.119
54385.168217 z 18.439 0.038
54385.169050 g 19.411 0.127
54387.166199 r 18.914 0.507
54387.167033 i 18.566 0.422
54387.167866 u 21.579 0.297
54387.168699 z 18.648 0.468
54387.169533 g 19.444 0.260
#54392.160930 r -99.000 0.112
54392.161764 i 18.539 0.274
54392.162597 u 21.101 0.260
54392.163430 z 18.647 0.087
54392.164264 g 19.577 0.118
54402.159389 r 18.799 0.101
54402.160223 i 18.598 0.151
54402.161056 u 20.564 0.253
54402.161889 z 18.469 0.083
54402.162723 g 19.425 0.125
