53625.159856 r 18.739 0.011
53625.160689 i 18.504 0.011
53625.161523 u 20.341 0.068
53625.162356 z 18.445 0.030
53625.163189 g 19.156 0.014
53636.118891 r 18.637 0.010
53636.119724 i 18.409 0.011
53636.120558 u 20.368 0.054
53636.121391 z 18.328 0.028
53636.122224 g 19.096 0.011
53645.178558 r 18.705 0.010
53645.179391 i 18.557 0.012
53645.180225 u 20.495 0.068
53645.181058 z 18.438 0.028
53645.181891 g 19.168 0.012
53655.090896 r 18.651 0.011
53655.091729 i 18.638 0.013
53655.092563 u 20.324 0.080
53655.093396 z 18.408 0.029
53655.094229 g 19.110 0.014
53664.115843 r 18.474 0.014
#53664.116676 i -99.000 0.016
53664.117510 u 20.345 0.096
#53664.118343 z -99.000 0.038
53664.119176 g 18.947 0.014
53669.075093 r 18.639 0.010
53669.075926 i 18.479 0.011
53669.076760 u 20.399 0.056
53669.077593 z 18.337 0.027
53669.078426 g 19.113 0.011
53674.059315 r 18.604 0.010
53674.060148 i 18.433 0.011
53674.060982 u 20.380 0.061
53674.061815 z 18.390 0.031
53674.062648 g 19.093 0.011
53681.112217 r 18.658 0.018
53681.113050 i 18.487 0.021
53681.113884 u 20.505 0.153
#53681.114717 z -99.000 0.067
#53681.115550 g -99.000 0.030
53687.109623 r 18.666 0.016
53687.110456 i 18.366 0.013
53687.111290 u 20.645 0.244
53687.112123 z 18.322 0.032
53687.112956 g 19.152 0.027
53697.069251 r 18.782 0.040
#53697.070084 i -99.000 0.033
#53697.070918 u -99.000 0.188
53697.071751 z 18.325 0.073
53697.072584 g 19.192 0.025
53700.068215 r 18.615 0.010
53700.069048 i 18.422 0.013
53700.069882 u 20.303 0.070
53700.070715 z 18.350 0.039
53700.071548 g 19.125 0.012
53705.054884 r 18.630 0.011
53705.055717 i 18.441 0.013
53705.056551 u 20.478 0.088
53705.057384 z 18.378 0.038
53705.058217 g 19.081 0.012
53975.139873 r 18.645 0.365
#53975.140706 i -99.000 0.377
53975.141539 u 20.456 0.071
#53975.142373 z -99.000 0.398
#53975.143206 g -99.000 0.269
53994.135313 r 18.632 0.335
53994.136147 i 18.435 0.320
53994.136980 u 20.523 0.074
53994.137813 z 18.392 0.440
53994.138647 g 19.091 0.185
53998.115230 r 18.647 0.031
53998.116063 i 18.441 0.217
53998.116897 u 20.358 0.058
#53998.117730 z -99.000 0.039
53998.118563 g 19.139 0.067
54010.100702 r 18.674 0.020
54010.101535 i 18.447 0.020
54010.102369 u 20.536 0.089
54010.103202 z 18.347 0.026
54010.104035 g 19.165 0.020
54012.093542 r 18.663 0.442
54012.094376 i 18.433 0.049
54012.095209 u 20.275 0.143
54012.096042 z 18.363 0.482
54012.096876 g 19.344 0.347
54020.099540 r 18.645 0.347
54020.100373 i 18.469 0.386
54020.101207 u 20.403 0.057
54020.102040 z 18.547 0.454
54020.102873 g 19.132 0.247
#54022.148970 r -99.000 0.400
54022.149804 i 18.437 0.497
#54022.150637 u -99.000 0.099
#54022.151470 z -99.000 0.414
#54022.152304 g -99.000 0.245
#54028.089897 r -99.000 0.337
#54028.090730 i -99.000 0.377
54028.091564 u 20.453 0.106
54028.092397 z 18.550 0.508
54028.093230 g 19.133 0.227
54030.093087 r 18.633 0.389
54030.093920 i 18.433 0.303
54030.094754 u 20.490 0.113
54030.095587 z 18.378 0.244
54030.096420 g 19.129 0.242
54032.082386 r 18.638 0.395
#54032.083219 i -99.000 0.355
54032.084053 u 20.439 0.096
#54032.084886 z -99.000 0.415
54032.085719 g 19.104 0.197
54037.074328 r 18.642 0.335
54037.075161 i 18.443 0.401
54037.075995 u 20.487 0.106
54037.076828 z 18.330 0.239
54037.077661 g 19.147 0.217
54040.088831 r 18.662 0.403
54040.089664 i 18.580 0.408
54040.090497 u 20.409 0.116
54040.091331 z 18.422 0.494
54040.092164 g 19.110 0.283
54050.073445 r 18.658 0.311
54050.074278 i 18.431 0.467
54050.075112 u 20.442 0.096
54050.075945 z 18.416 0.302
54050.076778 g 19.128 0.242
#54053.079603 r -99.000 0.349
54053.080436 i 18.403 0.331
54053.081269 u 20.507 0.125
54053.082103 z 18.677 0.496
54053.082936 g 19.470 0.330
#54056.081286 r -99.000 0.335
54056.082119 i 18.515 0.451
#54056.082953 u -99.000 0.152
54056.083786 z 18.404 0.405
54056.084619 g 19.132 0.204
54059.075560 r 18.591 0.342
54059.076394 i 18.437 0.422
54059.077227 u 20.498 0.116
54059.078060 z 18.329 0.361
54059.078894 g 19.135 0.201
54061.086605 r 18.703 0.286
54061.087439 i 18.473 0.385
54061.088272 u 20.880 0.128
54061.089105 z 18.610 0.076
54061.089939 g 19.106 0.232
54062.080455 r 18.625 0.331
54062.081289 i 18.522 0.483
54062.082122 u 20.326 0.100
54062.082955 z 18.802 0.514
#54062.083789 g -99.000 0.249
54068.070437 r 18.748 0.342
54068.071270 i 18.443 0.373
54068.072104 u 20.466 0.207
54068.072937 z 18.691 0.428
54068.073770 g 19.234 0.261
54357.118750 r 18.649 0.392
54357.119584 i 18.468 0.357
54357.120417 u 20.400 0.070
54357.121250 z 18.460 0.409
54357.122084 g 19.119 0.255
54365.116602 r 18.716 0.188
54365.117435 i 18.501 0.222
54365.118269 u 20.505 0.108
54365.119102 z 18.357 0.049
54365.119935 g 19.199 0.050
54385.166573 r 18.708 0.327
54385.167406 i 18.414 0.355
54385.168239 u 20.402 0.104
54385.169073 z 18.392 0.541
54385.169906 g 19.139 0.238
54387.167078 r 18.649 0.344
54387.167912 i 18.630 0.423
54387.168745 u 21.371 0.242
54387.169578 z 18.664 0.504
#54387.170412 g -99.000 0.224
#54392.161812 r -99.000 0.152
54392.162645 i 18.564 0.149
54392.163478 u 20.812 0.196
#54392.164312 z -99.000 0.106
#54392.165145 g -99.000 0.138
54402.160266 r 18.691 0.364
54402.161100 i 18.474 0.432
54402.161933 u 20.483 0.168
54402.162766 z 18.404 0.379
54402.163600 g 19.139 0.266
