53625.150951 r 15.458 0.004
53625.151784 i 15.070 0.005
53625.152618 u 18.976 0.027
53625.153451 z 14.845 0.005
53625.154284 g 16.470 0.005
53636.109988 r 15.438 0.004
53636.110821 i 15.055 0.004
53636.111655 u 19.026 0.026
53636.112488 z 14.849 0.005
53636.113321 g 16.461 0.004
53645.169656 r 15.435 0.003
53645.170489 i 15.105 0.004
53645.171323 u 18.999 0.026
53645.172156 z 14.856 0.005
53645.172989 g 16.470 0.004
53655.081992 r 15.449 0.004
53655.082825 i 15.072 0.004
53655.083659 u 18.974 0.029
53655.084492 z 14.837 0.005
53655.085325 g 16.452 0.005
53681.103324 r 15.467 0.004
53681.104157 i 15.069 0.005
53681.104991 u 18.869 0.035
53681.105824 z 14.849 0.006
53681.106657 g 16.456 0.005
53687.100721 r 15.445 0.003
53687.101554 i 15.082 0.004
53687.102388 u 18.963 0.050
53687.103221 z 14.855 0.005
53687.104054 g 16.461 0.005
53697.060349 r 15.459 0.007
#53697.061182 i -99.000 0.007
53697.062016 u 19.080 0.111
#53697.062849 z -99.000 0.011
53697.063682 g 16.453 0.009
53700.059312 r 15.460 0.003
53700.060145 i 15.071 0.004
53700.060979 u 19.007 0.029
53700.061812 z 14.834 0.005
53700.062645 g 16.450 0.004
53705.045982 r 15.450 0.003
53705.046815 i 15.067 0.003
53705.047649 u 18.998 0.033
53705.048482 z 14.835 0.004
53705.049315 g 16.466 0.004
53994.126422 r 15.468 0.010
53994.127256 i 15.106 0.017
53994.128089 u 18.959 0.022
53994.128922 z 14.855 0.019
53994.129756 g 16.469 0.023
53998.106329 r 15.517 0.020
53998.107163 i 15.125 0.012
53998.107996 u 18.985 0.022
53998.108829 z 14.860 0.016
53998.109663 g 16.481 0.011
54010.091819 r 15.457 0.005
#54010.092653 i -99.000 0.045
54010.093486 u 18.974 0.028
54010.094319 z 14.839 0.015
54010.095153 g 16.446 0.010
54012.084651 r 15.440 0.009
#54012.085484 i -99.000 0.008
54012.086317 u 18.912 0.036
54012.087151 z 14.874 0.021
54012.087984 g 16.481 0.010
54020.090646 r 15.498 0.055
54020.091479 i 15.023 0.003
54020.092312 u 19.012 0.023
54020.093146 z 14.888 0.015
54020.093979 g 16.448 0.003
54022.140176 r 15.412 0.001
54022.141009 i 15.101 0.049
54022.141843 u 19.013 0.027
54022.142676 z 14.844 0.007
#54022.143509 g -99.000 0.007
54028.080996 r 15.425 0.013
#54028.081829 i -99.000 0.001
#54028.082663 u -99.000 0.033
54028.083496 z 14.847 0.009
54028.084329 g 16.458 0.002
54030.084181 r 15.868 0.019
54030.085015 i 15.313 0.010
#54030.085848 u -99.000 0.033
54030.086681 z 15.190 0.053
54030.087515 g 16.974 0.031
#54032.073776 r -99.000 0.006
54032.074609 i 15.079 0.002
54032.075443 u 19.010 0.030
#54032.076276 z -99.000 0.009
#54032.077109 g -99.000 0.004
#54034.143693 r -99.000 0.008
54034.144526 i 15.058 0.005
54034.145359 u 19.009 0.033
#54034.146193 z -99.000 0.011
#54034.147026 g -99.000 0.002
54037.065419 r 15.490 0.008
54037.066253 i 15.118 0.053
54037.067086 u 19.029 0.027
54037.067919 z 14.865 0.015
54037.068753 g 16.430 0.005
54040.079902 r 15.452 0.006
54040.080736 i 15.058 0.018
54040.081569 u 19.051 0.038
54040.082402 z 14.835 0.017
54040.083236 g 16.445 0.008
54050.064549 r 15.459 0.003
54050.065382 i 15.070 0.002
54050.066216 u 18.897 0.029
54050.067049 z 14.847 0.009
54050.067882 g 16.428 0.006
54056.072390 r 15.471 0.004
54056.073223 i 15.049 0.011
54056.074056 u 19.065 0.034
#54056.074890 z -99.000 0.197
#54056.075723 g -99.000 0.014
54061.077708 r 15.441 0.021
54061.078541 i 15.091 0.010
54061.079375 u 19.027 0.034
54061.080208 z 14.840 0.020
54061.081041 g 16.445 0.028
54068.061542 r 15.432 0.011
54068.062375 i 15.069 0.009
54068.063208 u 19.069 0.050
54068.064042 z 14.843 0.009
54068.064875 g 16.446 0.007
#54357.109845 r -99.000 0.006
54357.110679 i 15.067 0.018
54357.111512 u 18.942 0.025
54357.112345 z 14.852 0.012
54357.113179 g 16.422 0.004
54365.107737 r 15.475 0.005
54365.108570 i 15.063 0.006
54365.109403 u 19.041 0.030
54365.110237 z 14.866 0.011
54365.111070 g 16.447 0.008
54385.157679 r 15.454 0.008
54385.158512 i 15.077 0.002
54385.159345 u 19.018 0.033
54385.160179 z 14.841 0.010
54385.161012 g 16.459 0.010
54387.158172 r 15.446 0.010
54387.159006 i 15.053 0.013
54387.159839 u 18.930 0.031
54387.160672 z 14.871 0.013
54387.161506 g 16.451 0.033
54392.152901 r 15.472 0.001
54392.153734 i 15.043 0.009
54392.154568 u 18.981 0.036
54392.155401 z 14.852 0.016
54392.156234 g 16.434 0.011
