53625.151782 r 16.589 0.006
53625.152615 i 16.467 0.006
53625.153449 u 19.325 0.043
53625.154282 z 16.115 0.008
53625.155115 g 17.478 0.007
#53636.110819 r -99.000 0.005
53636.111652 i 16.144 0.005
53636.112486 u 19.614 0.053
53636.113319 z 16.155 0.009
53636.114152 g 17.459 0.007
53645.170488 r 16.538 0.004
53645.171321 i 16.223 0.004
53645.172155 u 19.111 0.031
53645.172988 z 16.008 0.007
53645.173821 g 18.553 0.011
53655.082823 r 16.690 0.005
53655.083656 i 16.287 0.005
53655.084490 u 19.704 0.053
53655.085323 z 16.082 0.008
53655.086156 g 17.425 0.007
53681.104157 r 16.680 0.007
53681.104990 i 16.276 0.006
53681.105824 u 19.462 0.056
53681.106657 z 16.056 0.010
#53681.107490 g -99.000 0.008
53687.101554 r 16.360 0.004
53687.102387 i 16.192 0.005
53687.103221 u 19.381 0.079
53687.104054 z 16.350 0.010
53687.104887 g 16.982 0.006
#53697.061180 r -99.000 0.016
#53697.062013 i -99.000 0.013
#53697.062847 u -99.000 0.230
#53697.063680 z -99.000 0.031
#53697.064513 g -99.000 0.015
53700.060145 r 16.658 0.005
53700.060978 i 16.317 0.005
53700.061812 u 20.355 0.081
53700.062645 z 16.029 0.008
53700.063478 g 17.188 0.005
53705.046814 r 16.600 0.005
53705.047647 i 16.166 0.004
53705.048481 u 19.604 0.055
53705.049314 z 16.157 0.008
53705.050147 g 17.022 0.005
53994.127244 r 16.575 0.211
53994.128078 i 16.301 0.208
53994.128911 u 19.289 0.790
53994.129744 z 16.058 0.199
53994.130578 g 17.460 0.308
53998.107154 r 16.726 0.292
53998.107988 i 16.332 0.231
#53998.108821 u 19.437 1.340
53998.109654 z 16.086 0.301
53998.110488 g 17.360 0.375
54010.092632 r 16.652 0.243
54010.093466 i 16.217 0.182
#54010.094299 u 19.475 1.325
54010.095132 z 16.068 0.289
54010.095966 g 17.350 0.383
54012.085478 r 16.696 0.264
54012.086311 i 16.326 0.195
54012.087144 u 19.325 0.433
54012.087978 z 16.054 0.271
54012.088811 g 17.346 0.324
54020.091485 r 16.650 0.253
54020.092319 i 16.314 0.201
54020.093152 u 19.280 0.896
54020.093985 z 16.089 0.287
54020.094819 g 17.531 0.481
54022.140741 r 16.678 0.264
54022.141575 i 16.308 0.173
54022.142408 u 19.769 0.384
54022.143241 z 16.059 0.277
#54022.144075 g -99.000 0.326
54030.085012 r 16.651 0.233
54030.085845 i 16.337 0.204
54030.086679 u 20.415 0.714
54030.087512 z 16.177 0.308
54030.088345 g 17.303 0.382
#54032.074277 r -99.000 0.215
54032.075110 i 16.240 0.220
54032.075943 u 19.701 0.424
54032.076777 z 16.072 0.232
54032.077610 g 17.368 0.298
54037.066252 r 16.677 0.233
54037.067085 i 16.253 0.180
54037.067919 u 19.262 0.967
54037.068752 z 16.065 0.263
54037.069585 g 17.317 0.361
54040.080738 r 16.679 0.252
54040.081571 i 16.360 0.223
54040.082404 u 19.625 0.607
54040.083238 z 16.140 0.283
54040.084071 g 17.401 0.311
54050.065372 r 16.268 0.151
#54050.066206 i -99.000 0.178
54050.067039 u 18.759 0.274
54050.067872 z 16.133 0.194
54050.068706 g 17.001 0.174
54056.073209 r 16.371 0.153
#54056.074043 i -99.000 0.233
#54056.074876 u -99.000 0.397
#54056.075709 z -99.000 0.153
54056.076543 g 17.007 0.204
54059.067491 r 16.428 0.190
54059.068325 i 16.137 0.173
54059.069158 u 19.491 0.634
54059.069991 z 16.145 0.210
54059.070825 g 17.193 0.222
54061.078548 r 16.271 0.142
#54061.079382 i -99.000 0.164
54061.080215 u 18.690 0.275
54061.081048 z 16.052 0.184
54061.081882 g 17.063 0.183
54062.072388 r 16.478 0.181
54062.073221 i 16.271 0.193
#54062.074054 u -99.000 1.559
54062.074888 z 16.064 0.193
#54062.075721 g -99.000 0.323
54068.062362 r 16.572 0.271
54068.063196 i 16.120 0.218
#54068.064029 u -99.000 0.329
54068.064862 z 16.097 0.229
54068.065696 g 16.866 0.198
54357.110692 r 16.557 0.237
54357.111526 i 16.278 0.201
#54357.112359 u 19.647 1.340
54357.113192 z 16.086 0.280
54357.114026 g 17.279 0.397
#54365.108527 r -99.000 0.276
54365.109360 i 16.266 0.211
54365.110193 u 19.170 0.770
54365.111027 z 16.103 0.322
54365.111860 g 17.291 0.367
54385.158506 r 16.631 0.276
54385.159340 i 16.363 0.237
54385.160173 u 19.087 0.526
54385.161006 z 16.029 0.271
54385.161840 g 17.544 0.485
#54387.159005 r -99.000 0.199
54387.159838 i 16.219 0.158
#54387.160672 u 21.081 1.416
54387.161505 z 16.118 0.233
54387.162338 g 16.968 0.168
54392.153736 r 16.499 0.262
54392.154570 i 16.261 0.196
54392.155403 u 19.837 0.625
54392.156236 z 16.002 0.257
54392.157070 g 17.359 0.371
