53625.157053 r 19.790 0.023
53625.157886 i 19.420 0.023
53625.158720 u 21.503 0.206
53625.159553 z 19.376 0.069
53625.160386 g 20.420 0.035
53636.116090 r 19.986 0.022
53636.116923 i 19.614 0.024
53636.117757 u 21.737 0.175
53636.118590 z 19.453 0.069
53636.119423 g 20.376 0.021
53669.072283 r 19.936 0.021
53669.073116 i 19.619 0.026
53669.073950 u 21.566 0.161
53669.074783 z 19.570 0.085
53669.075616 g 20.522 0.024
53674.056517 r 19.901 0.022
53674.057350 i 19.605 0.025
53674.058184 u 21.391 0.144
53674.059017 z 19.443 0.071
53674.059850 g 20.371 0.025
53681.109415 r 20.155 0.065
#53681.110248 i -99.000 0.093
53681.111082 u 21.390 0.350
53681.111915 z 19.318 0.132
53681.112748 g 20.250 0.050
53685.068466 r 20.092 0.053
#53685.069299 i -99.000 0.262
53685.070133 u 21.780 0.698
53685.070966 z 19.477 0.105
53685.071799 g 20.330 0.065
53700.065414 r 20.130 0.034
53700.066247 i 19.824 0.039
53700.067081 u 21.531 0.209
53700.067914 z 19.641 0.134
53700.068747 g 20.484 0.038
53705.052082 r 20.079 0.033
53705.052915 i 19.869 0.059
53705.053749 u 21.557 0.227
53705.054582 z 20.030 0.153
53705.055415 g 20.606 0.039
53994.132520 r 19.876 0.627
#53994.133353 i 19.641 1.612
53994.134186 u 21.426 0.131
#53994.135020 z 19.582 6.623
#53994.135853 g 20.328 4.109
53998.112432 r 19.876 0.087
53998.113265 i 19.775 0.114
53998.114098 u 21.448 0.120
53998.114932 z 19.490 0.071
53998.115765 g 20.362 0.035
#54022.146010 r 20.030 3.041
54022.146844 i 19.795 0.397
54022.147677 u 21.308 0.157
#54022.148510 z -99.000 0.683
#54022.149344 g -99.000 0.985
54385.163771 r 20.047 0.539
#54385.164605 i -99.000 1.101
54385.165438 u 21.675 0.197
#54385.166271 z 19.390 7.749
54385.167105 g 20.326 0.373
54392.159003 r 20.001 0.058
54392.159837 i 19.635 0.081
54392.160670 u 21.741 0.310
54392.161503 z 19.494 0.107
54392.162337 g 20.755 0.145
