51075.270072 r 19.106 0.013
51075.270905 i 18.940 0.018
51075.271739 u 21.123 0.112
51075.272572 z 18.652 0.049
51075.273405 g 19.742 0.016
51464.257959 r 19.134 0.014
51464.258792 i 19.024 0.018
51464.259626 u 21.274 0.134
51464.260459 z 18.646 0.041
51464.261292 g 19.728 0.018
52196.270578 r 19.134 0.012
52196.271411 i 18.991 0.016
52196.272245 u 21.061 0.096
52196.273078 z 18.715 0.042
52196.273911 g 19.694 0.015
52197.283688 r 19.128 0.012
52197.284521 i 18.969 0.014
52197.285355 u 21.069 0.089
52197.286188 z 18.661 0.031
52197.287021 g 19.745 0.014
52225.133880 r 19.131 0.012
52225.134713 i 18.972 0.015
52225.135547 u 21.164 0.088
52225.136380 z 18.717 0.035
52225.137213 g 19.707 0.014
52231.169665 r 19.173 0.012
52231.170498 i 18.995 0.015
52231.171332 u 21.209 0.101
52231.172165 z 18.681 0.033
52231.172998 g 19.704 0.014
52253.155838 r 19.087 0.015
52253.156671 i 18.967 0.018
52253.157505 u 21.155 0.163
52253.158338 z 18.645 0.038
52253.159171 g 19.711 0.018
52557.277668 r 19.232 0.013
52557.278501 i 19.047 0.017
52557.279335 u 21.585 0.169
52557.280168 z 18.728 0.042
52557.281001 g 19.844 0.017
52578.173750 r 19.243 0.014
52578.174583 i 19.078 0.019
52578.175417 u 21.265 0.119
52578.176250 z 18.784 0.041
52578.177083 g 19.826 0.016
52908.252236 r 19.245 0.013
52908.253069 i 19.098 0.017
52908.253903 u 21.086 0.094
52908.254736 z 18.871 0.041
52908.255569 g 19.806 0.016
52911.266019 r 19.237 0.013
52911.266852 i 19.066 0.017
52911.267686 u 21.382 0.125
52911.268519 z 18.767 0.041
52911.269352 g 19.865 0.017
52930.143393 r 19.232 0.012
52930.144226 i 19.074 0.015
52930.145060 u 21.440 0.121
52930.145893 z 18.733 0.034
52930.146726 g 19.795 0.015
52934.184135 r 19.268 0.015
52934.184968 i 19.111 0.019
52934.185802 u 21.339 0.128
52934.186635 z 18.718 0.038
52934.187468 g 19.804 0.016
52936.180061 r 19.223 0.013
52936.180894 i 19.068 0.016
52936.181728 u 21.178 0.092
52936.182561 z 18.777 0.035
52936.183394 g 19.821 0.015
52962.105581 r 19.241 0.014
52962.106414 i 19.064 0.016
52962.107248 u 21.378 0.108
52962.108081 z 18.723 0.037
52962.108914 g 19.848 0.016
53270.244145 r 19.243 0.019
53270.244978 i 19.065 0.021
53270.245812 u 21.459 0.132
53270.246645 z 18.684 0.033
53270.247478 g 19.828 0.024
53272.294067 r 19.181 0.019
53272.294900 i 19.013 0.022
53272.295734 u 21.100 0.231
53272.296567 z 18.788 0.042
53272.297400 g 19.850 0.031
53286.262784 r 19.174 0.015
53286.263617 i 19.030 0.019
53286.264451 u 21.166 0.162
53286.265284 z 18.759 0.058
53286.266117 g 19.835 0.025
53288.221276 r 19.189 0.012
53288.222109 i 19.078 0.015
53288.222943 u 21.257 0.102
53288.223776 z 18.697 0.029
53288.224609 g 19.804 0.015
53294.248595 r 19.219 0.020
53294.249429 i 19.090 0.020
#53294.250262 u -99.000 0.120
53294.251095 z 18.746 0.042
53294.251929 g 19.773 0.018
53302.216942 r 19.202 0.027
53302.217775 i 19.100 0.029
53302.218609 u 21.291 0.363
53302.219442 z 18.761 0.056
53302.220275 g 19.826 0.043
53312.172497 r 19.210 0.017
53312.173330 i 19.061 0.019
53312.174163 u 21.118 0.087
53312.174997 z 18.743 0.040
53312.175830 g 19.794 0.022
53314.173671 r 19.200 0.013
53314.174504 i 19.097 0.017
53314.175338 u 21.318 0.117
53314.176171 z 18.750 0.041
53314.177004 g 19.779 0.015
53616.278037 r 19.066 0.013
53616.278870 i 18.947 0.018
53616.279704 u 21.200 0.149
53616.280537 z 18.663 0.040
53616.281370 g 19.737 0.020
53623.268248 r 19.083 0.013
53623.269081 i 18.921 0.017
53623.269915 u 21.105 0.150
53623.270748 z 18.697 0.051
53623.271581 g 19.710 0.020
53626.254461 r 19.061 0.014
53626.255294 i 18.977 0.018
53626.256128 u 20.879 0.123
53626.256961 z 18.587 0.035
53626.257794 g 19.642 0.021
53628.239326 r 19.055 0.019
53628.240159 i 18.948 0.021
53628.240993 u 20.842 0.214
53628.241826 z 18.663 0.042
53628.242659 g 19.649 0.033
53637.240941 r 19.036 0.015
53637.241774 i 18.932 0.020
53637.242608 u 21.000 0.149
53637.243441 z 18.670 0.050
53637.244274 g 19.618 0.021
53644.233388 r 19.044 0.015
53644.234221 i 18.891 0.022
53644.235054 u 21.164 0.081
53644.235888 z 18.642 0.029
53644.236721 g 19.636 0.023
53654.268010 r 19.072 0.013
53654.268843 i 18.938 0.016
53654.269677 u 21.068 0.104
53654.270510 z 18.699 0.036
53654.271343 g 19.659 0.014
53656.215604 r 19.132 0.027
53656.216437 i 18.920 0.026
53656.217271 u 20.898 0.300
53656.218104 z 18.637 0.057
53656.218937 g 19.584 0.040
53663.228913 r 19.033 0.014
53663.229746 i 18.941 0.016
53663.230580 u 21.248 0.192
53663.231413 z 18.642 0.030
53663.232246 g 19.657 0.022
53668.218513 r 19.103 0.015
53668.219346 i 18.941 0.019
53668.220180 u 21.099 0.132
53668.221013 z 18.704 0.045
53668.221846 g 19.637 0.015
53670.223366 r 19.031 0.011
53670.224199 i 18.907 0.015
53670.225033 u 21.261 0.106
53670.225866 z 18.760 0.036
53670.226699 g 19.660 0.014
53673.191350 r 19.015 0.012
53673.192183 i 18.887 0.015
53673.193017 u 21.008 0.095
53673.193850 z 18.631 0.034
53673.194683 g 19.594 0.014
53675.188238 r 19.021 0.015
53675.189071 i 18.893 0.019
53675.189905 u 21.155 0.118
53675.190738 z 18.704 0.047
53675.191571 g 19.621 0.016
53677.209269 r 19.014 0.011
53677.210102 i 18.924 0.014
53677.210936 u 21.106 0.096
53677.211769 z 18.659 0.030
53677.212602 g 19.629 0.013
53680.195936 r 19.021 0.012
53680.196769 i 18.921 0.014
53680.197603 u 21.067 0.096
53680.198436 z 18.621 0.031
53680.199269 g 19.603 0.014
53693.197834 r 19.031 0.017
53693.198667 i 18.894 0.018
53693.199501 u 21.120 0.243
53693.200334 z 18.650 0.035
53693.201167 g 19.637 0.028
53702.193493 r 19.143 0.047
53702.194326 i 19.038 0.042
53702.195160 u 20.698 0.163
53702.195993 z 18.547 0.073
53702.196826 g 19.620 0.034
53704.181160 r 18.980 0.011
53704.181993 i 18.888 0.015
53704.182827 u 21.022 0.096
53704.183660 z 18.673 0.035
53704.184493 g 19.564 0.014
53974.273813 r 18.851 0.012
53974.274647 i 18.763 0.017
53974.275480 u 20.735 0.060
53974.276313 z 18.504 0.026
53974.277147 g 19.373 0.021
53989.277275 r 18.842 0.022
53989.278109 i 18.793 0.019
53989.278942 u 20.741 0.137
53989.279775 z 18.496 0.032
53989.280609 g 19.400 0.023
#53997.372865 r -99.000 0.019
53997.373699 i 18.773 0.019
53997.374532 u 20.830 0.084
#53997.375365 z -99.000 0.030
#53997.376199 g -99.000 0.021
54000.252625 r 18.862 0.016
54000.253458 i 18.860 0.020
54000.254292 u 20.865 0.086
54000.255125 z 18.546 0.039
54000.255958 g 19.445 0.035
54007.302788 r 18.856 0.020
54007.303621 i 18.764 0.017
54007.304454 u 20.859 0.079
54007.305288 z 18.474 0.035
54007.306121 g 19.404 0.019
54009.226550 r 18.857 0.021
54009.227384 i 18.780 0.018
54009.228217 u 20.812 0.083
54009.229050 z 18.537 0.032
54009.229884 g 19.429 0.016
54011.291069 r 18.848 0.017
54011.291903 i 18.758 0.018
54011.292736 u 20.948 0.124
54011.293569 z 18.491 0.025
54011.294403 g 19.421 0.021
54019.241259 r 18.841 0.018
54019.242093 i 18.763 0.016
54019.242926 u 20.894 0.115
#54019.243759 z -99.000 0.041
54019.244593 g 19.373 0.017
54025.290048 r 18.849 0.018
54025.290881 i 18.769 0.019
54025.291715 u 20.769 0.105
54025.292548 z 18.477 0.043
54025.293381 g 19.400 0.031
54029.220439 r 18.868 0.016
54029.221272 i 18.771 0.021
54029.222105 u 20.648 0.077
54029.222939 z 18.538 0.039
54029.223772 g 19.404 0.022
54348.287808 r 18.827 0.021
54348.288642 i 18.779 0.021
54348.289475 u 20.801 0.103
54348.290308 z 18.498 0.032
54348.291142 g 19.359 0.021
54358.243620 r 18.842 0.019
54358.244453 i 18.748 0.017
54358.245287 u 20.825 0.113
54358.246120 z 18.477 0.036
54358.246953 g 19.396 0.022
54365.276694 r 18.867 0.020
54365.277527 i 18.756 0.020
54365.278360 u 20.776 0.117
54365.279194 z 18.619 0.044
54365.280027 g 19.417 0.027
54373.350880 r 18.878 0.024
54373.351713 i 18.696 0.021
54373.352546 u 20.432 0.274
54373.353380 z 18.508 0.042
54373.354213 g 19.379 0.036
54381.296254 r 18.849 0.019
54381.297088 i 18.770 0.022
54381.297921 u 20.886 0.081
54381.298754 z 18.514 0.032
54381.299588 g 19.403 0.029
54386.288556 r 18.868 0.014
54386.289389 i 18.753 0.016
54386.290223 u 20.858 0.082
54386.291056 z 18.472 0.027
54386.291889 g 19.424 0.021
54388.292862 r 18.869 0.019
54388.293695 i 18.792 0.018
54388.294529 u 20.939 0.089
54388.295362 z 18.445 0.028
54388.296195 g 19.449 0.018
54403.206655 r 18.818 0.018
54403.207489 i 18.736 0.019
54403.208322 u 20.844 0.123
54403.209155 z 18.507 0.030
54403.209989 g 19.409 0.022
54405.262134 r 18.856 0.015
54405.262967 i 18.775 0.018
54405.263801 u 20.819 0.093
54405.264634 z 18.550 0.032
54405.265467 g 19.418 0.024
54406.200465 r 18.877 0.019
54406.201299 i 18.757 0.018
54406.202132 u 20.884 0.077
54406.202965 z 18.517 0.034
54406.203799 g 19.438 0.019
54412.203375 r 18.865 0.018
54412.204209 i 18.755 0.018
54412.205042 u 20.997 0.085
54412.205875 z 18.538 0.025
54412.206709 g 19.427 0.018
