53270.107859 r 19.001 0.033
53270.108692 i 18.763 0.024
53270.109525 u 21.269 0.167
53270.110359 z 18.623 0.041
53270.111192 g 19.598 0.029
53288.085012 r 18.963 0.011
53288.085845 i 18.717 0.012
53288.086679 u 21.347 0.117
53288.087512 z 18.730 0.035
53288.088345 g 19.591 0.015
53302.080683 r 19.003 0.015
#53302.081516 i -99.000 0.031
53302.082350 u 20.986 0.168
53302.083183 z 18.509 0.033
#53302.084016 g -99.000 0.088
53623.131993 r 19.039 0.013
#53623.132826 i -99.000 0.013
53623.133660 u 21.279 0.149
53623.134493 z 18.571 0.037
53623.135326 g 19.505 0.018
53626.118206 r 19.115 0.018
53626.119039 i 18.728 0.016
53626.119873 u 20.967 0.176
53626.120706 z 18.725 0.041
53626.121539 g 19.626 0.029
53637.104684 r 19.004 0.012
53637.105517 i 18.686 0.013
53637.106351 u 21.298 0.138
53637.107184 z 18.675 0.039
53637.108017 g 19.572 0.016
53673.055091 r 19.099 0.014
53673.055924 i 18.803 0.015
53673.056758 u 21.070 0.119
53673.057591 z 18.728 0.041
53673.058424 g 19.668 0.018
#53677.073013 r -99.000 0.012
#53677.073846 i -99.000 0.013
53677.074680 u 21.437 0.142
53677.075513 z 18.652 0.038
53677.076346 g 19.576 0.015
53989.122276 r 19.067 0.032
53989.123109 i 18.706 0.036
53989.123943 u 21.151 0.096
53989.124776 z 18.762 0.045
53989.125609 g 19.592 0.030
53995.130201 r 18.980 0.027
53995.131034 i 18.739 0.057
53995.131867 u 21.221 0.095
53995.132701 z 18.588 0.040
53995.133534 g 19.542 0.023
54005.080429 r 19.002 0.035
54005.081263 i 18.764 0.026
54005.082096 u 21.072 0.119
54005.082929 z 18.669 0.049
54005.083763 g 19.622 0.032
54009.090300 r 19.091 0.038
54009.091133 i 18.774 0.032
54009.091967 u 21.399 1.000
54009.092800 z 18.663 0.040
54009.093633 g 19.628 0.036
54011.154786 r 18.958 0.030
54011.155619 i 18.717 0.029
54011.156453 u 20.810 0.160
#54011.157286 z -99.000 0.031
54011.158119 g 19.624 0.055
54025.153799 r 18.991 0.024
54025.154632 i 18.815 0.044
54025.155465 u 21.092 0.115
54025.156299 z 18.635 0.044
54025.157132 g 19.589 0.027
#54388.156579 r -99.000 0.603
54388.157413 i 18.732 0.026
54388.158246 u 21.438 0.146
54388.159079 z 18.618 0.041
54388.159913 g 19.586 0.023
54403.070346 r 18.987 0.028
54403.071180 i 18.797 0.028
54403.072013 u 21.128 0.098
54403.072846 z 18.592 0.041
54403.073680 g 19.597 0.026
#54406.064183 r -99.000 0.039
#54406.065017 i -99.000 0.033
54406.065850 u 21.256 0.124
54406.066683 z 18.580 0.047
54406.067517 g 19.746 0.049
