53270.108090 r 19.181 0.089
53270.108923 i 18.746 0.028
53270.109756 u 22.813 0.644
53270.110590 z 18.565 0.038
53270.111423 g 20.399 0.050
#53288.085238 r -99.000 0.013
53288.086071 i 18.708 0.013
53288.086905 u 23.078 0.570
53288.087738 z 18.519 0.033
53288.088571 g 20.193 0.020
53623.132206 r 19.138 0.014
53623.133039 i 18.726 0.014
53623.133873 u 21.971 0.289
53623.134706 z 18.517 0.037
53623.135539 g 20.283 0.030
53626.118432 r 19.183 0.020
53626.119265 i 18.713 0.017
53626.120099 u 21.920 0.429
53626.120932 z 18.580 0.039
53626.121765 g 20.639 0.064
53628.103297 r 19.214 0.027
53628.104130 i 18.762 0.022
#53628.104964 u 25.345 3.276
53628.105797 z 18.876 0.064
53628.106630 g 20.409 0.071
53637.104907 r 19.130 0.014
53637.105740 i 18.749 0.015
53637.106574 u 23.218 0.737
53637.107407 z 18.605 0.040
53637.108240 g 20.243 0.023
53656.079569 r 19.414 0.034
53656.080402 i 18.716 0.022
#53656.081236 u 25.728 2.630
53656.082069 z 18.702 0.057
53656.082902 g 20.404 0.074
53673.055305 r 19.143 0.015
53673.056138 i 18.711 0.015
53673.056972 u 22.827 0.564
53673.057805 z 18.516 0.037
53673.058638 g 20.388 0.026
53677.073238 r 19.154 0.014
53677.074071 i 18.705 0.014
53677.074905 u 22.780 0.504
53677.075738 z 18.544 0.038
53677.076571 g 20.226 0.020
53693.061802 r 19.145 0.016
53693.062635 i 18.711 0.016
53693.063469 u 23.093 0.840
53693.064302 z 18.550 0.039
53693.065135 g 20.267 0.027
53989.122516 r 19.118 0.446
53989.123350 i 18.765 0.064
53989.124183 u 22.749 0.438
53989.125016 z 18.579 0.038
#53989.125850 g -99.000 0.045
53995.130430 r 19.181 0.095
53995.131263 i 18.725 0.072
53995.132097 u 22.712 0.385
53995.132930 z 18.531 0.034
53995.133763 g 20.322 0.046
54005.080665 r 19.158 0.219
54005.081499 i 18.748 0.443
54005.082332 u 21.617 0.216
54005.083165 z 18.465 0.035
54005.083999 g 20.235 0.033
54009.090520 r 19.225 0.026
54009.091353 i 18.746 0.102
54009.092187 u 22.409 0.443
54009.093020 z 18.525 0.038
54009.093853 g 20.488 0.053
#54011.155001 r -99.000 0.047
#54011.155834 i -99.000 0.018
#54011.156668 u 24.795 4.944
54011.157501 z 18.531 0.037
54011.158334 g 20.355 0.045
54019.105214 r 19.162 0.547
54019.106048 i 18.792 0.412
54019.106881 u 22.382 0.397
54019.107714 z 18.671 0.466
54019.108548 g 20.335 0.529
54025.154029 r 19.217 0.349
54025.154863 i 18.741 0.112
54025.155696 u 21.961 0.266
54025.156529 z 18.503 0.053
54025.157363 g 20.256 0.886
54029.084350 r 19.178 0.107
54029.085184 i 18.741 0.099
54029.086017 u 21.982 0.220
54029.086850 z 18.524 0.112
54029.087684 g 20.275 0.280
#54051.060939 r -99.000 0.376
54051.061773 i 18.841 0.313
54051.062606 u 22.271 0.520
54051.063439 z 18.536 0.155
#54051.064273 g -99.000 1.138
54388.156799 r 19.204 0.498
54388.157632 i 18.749 0.167
54388.158465 u 22.100 0.331
54388.159299 z 18.596 0.442
54388.160132 g 20.293 0.495
54403.070574 r 19.196 0.095
54403.071407 i 18.743 0.124
54403.072241 u 22.257 0.298
54403.073074 z 18.487 0.052
54403.073907 g 20.318 0.221
#54406.064400 r -99.000 0.460
#54406.065233 i -99.000 0.076
54406.066067 u 21.931 0.231
54406.066900 z 18.521 0.240
54406.067733 g 20.323 0.499
