53270.115093 r 18.899 0.018
53270.115926 i 18.027 0.010
53270.116760 u 23.141 0.606
53270.117593 z 17.648 0.019
53270.118426 g 20.102 0.026
53288.092245 r 19.000 0.011
53288.093078 i 18.221 0.009
#53288.093912 u 24.132 1.224
53288.094745 z 17.664 0.020
53288.095578 g 20.112 0.018
53302.087915 r 18.852 0.014
53302.088748 i 18.810 0.014
53302.089582 u 22.361 0.663
53302.090415 z 17.561 0.018
53302.091248 g 20.075 0.042
53623.139226 r 18.886 0.011
53623.140059 i 18.198 0.009
#53623.140893 u 24.491 1.424
53623.141726 z 17.660 0.019
53623.142559 g 20.154 0.022
53626.125438 r 18.946 0.015
53626.126271 i 18.141 0.010
53626.127105 u 21.758 0.337
53626.127938 z 17.691 0.020
53626.128771 g 20.253 0.041
53628.110303 r 18.871 0.018
53628.111136 i 18.235 0.013
#53628.111970 u 23.310 2.235
53628.112803 z 17.691 0.025
53628.113636 g 20.126 0.055
53637.111914 r 19.011 0.013
53637.112747 i 18.217 0.010
53637.113581 u 21.913 0.285
53637.114414 z 17.788 0.023
#53637.115247 g -99.000 0.020
53656.086576 r 19.117 0.024
53656.087409 i 18.164 0.013
#53656.088243 u 24.456 4.023
53656.089076 z 18.002 0.033
53656.089909 g 20.255 0.051
53665.077855 r 18.912 0.037
53665.078688 i 18.057 0.026
#53665.079522 u -99.000 1.241
#53665.080355 z -99.000 0.170
53665.081188 g 19.831 0.049
53673.062322 r 18.968 0.012
53673.063155 i 19.099 0.016
53673.063989 u 22.441 0.355
53673.064822 z 17.603 0.019
53673.065655 g 20.124 0.018
53677.080244 r 18.887 0.012
53677.081077 i 18.187 0.010
53677.081911 u 22.084 0.279
53677.082744 z 17.623 0.020
53677.083577 g 20.155 0.020
53680.066909 r 18.862 0.011
53680.067742 i 18.547 0.011
53680.068576 u 21.995 0.223
53680.069409 z 17.639 0.018
53680.070242 g 20.505 0.024
53693.068816 r 18.883 0.012
53693.069649 i 18.137 0.009
53693.070483 u 21.951 0.296
53693.071316 z 17.639 0.020
53693.072149 g 20.100 0.021
53702.064485 r 19.258 0.032
53702.065318 i 18.322 0.020
53702.066151 u 22.842 0.742
53702.066985 z 17.673 0.032
#53702.067818 g -99.000 99.999
53703.073620 r 19.174 0.027
53703.074453 i 18.239 0.023
#53703.075286 u 23.299 2.007
53703.076120 z 17.666 0.027
53703.076953 g 20.260 0.033
#53974.140089 r -99.000 0.602
#53974.140922 i -99.000 0.604
53974.141756 u 23.224 0.944
53974.142589 z 17.694 0.017
53974.143422 g 20.241 0.019
53975.138228 r 18.849 0.048
53975.139061 i 18.026 0.031
53975.139894 u 21.887 0.209
53975.140728 z 17.562 0.023
53975.141561 g 20.089 0.047
#53989.129511 r -99.000 0.009
#53989.130344 i -99.000 0.087
53989.131178 u 21.726 0.199
53989.132011 z 17.637 0.023
53989.132844 g 20.182 0.020
53995.137462 r 18.889 0.008
53995.138295 i 18.165 0.016
53995.139129 u 21.817 0.182
#53995.139962 z -99.000 0.025
53995.140795 g 20.149 0.045
53997.115810 r 18.929 0.015
53997.116644 i 18.174 0.017
53997.117477 u 22.478 0.479
53997.118310 z 17.660 0.023
#53997.119144 g -99.000 0.022
#53998.113574 r -99.000 0.023
53998.114407 i 18.150 0.016
53998.115241 u 21.901 0.138
53998.116074 z 17.670 0.014
53998.116907 g 20.185 0.017
54005.087661 r 18.971 0.013
54005.088495 i 18.173 0.024
54005.089328 u 21.738 0.175
54005.090161 z 17.656 0.017
54005.090995 g 20.183 0.021
54007.100415 r 18.958 0.012
54007.101248 i 18.200 0.023
54007.102081 u 22.271 0.470
54007.102915 z 17.658 0.019
#54007.103748 g -99.000 0.027
54009.097519 r 18.842 0.010
54009.098353 i 18.375 0.028
54009.099186 u 21.863 0.260
54009.100019 z 17.708 0.025
54009.100853 g 20.177 0.026
54010.099053 r 18.883 0.014
54010.099886 i 18.091 0.013
54010.100719 u 22.095 0.334
54010.101553 z 17.646 0.016
54010.102386 g 20.238 0.031
54011.162048 r 18.782 0.018
54011.162881 i 18.125 0.020
54011.163715 u 21.365 0.239
54011.164548 z 17.658 0.021
54011.165381 g 20.105 0.033
54012.091894 r 18.939 0.017
54012.092727 i 18.234 0.016
54012.093561 u 21.409 0.290
54012.094394 z 17.698 0.019
54012.095227 g 20.124 0.046
54019.112242 r 18.986 0.011
54019.113076 i 18.242 0.015
54019.113909 u 21.975 0.301
54019.114742 z 17.712 0.024
54019.115576 g 20.171 0.016
54020.097873 r 18.866 0.023
54020.098707 i 18.128 0.012
54020.099540 u 21.737 0.145
54020.100373 z 17.676 0.014
54020.101207 g 20.134 0.016
#54022.147517 r -99.000 0.029
54022.148351 i 18.181 0.044
#54022.149184 u -99.000 0.257
54022.150017 z 17.642 0.017
#54022.150851 g -99.000 0.026
54025.161032 r 18.947 0.012
54025.161865 i 18.167 0.011
54025.162699 u 21.945 0.252
54025.163532 z 17.648 0.021
54025.164365 g 20.349 0.027
54028.088259 r 19.017 0.031
#54028.089093 i -99.000 0.052
#54028.089926 u -99.000 0.558
54028.090759 z 17.591 0.019
54028.091593 g 20.112 0.023
#54034.151100 r -99.000 0.032
#54034.151933 i -99.000 0.025
54034.152767 u 22.497 0.669
#54034.153600 z -99.000 0.030
#54034.154433 g -99.000 0.031
54037.072676 r 18.970 0.018
54037.073510 i 18.029 0.054
54037.074343 u 21.885 0.320
54037.075176 z 17.617 0.015
54037.076010 g 20.055 0.022
54040.087167 r 18.995 0.017
54040.088000 i 18.250 0.018
#54040.088834 u 99.998 99.999
54040.089667 z 17.662 0.018
54040.090500 g 20.219 0.040
54050.071788 r 18.973 0.015
54050.072621 i 18.220 0.023
54050.073455 u 21.694 0.235
54050.074288 z 17.705 0.022
54050.075121 g 20.143 0.028
54051.067939 r 18.928 0.024
54051.068773 i 18.069 0.021
54051.069606 u 22.478 0.931
54051.070439 z 18.012 0.059
#54051.071273 g -99.000 0.043
#54056.079627 r -99.000 0.031
54056.080461 i 18.170 0.027
54056.081294 u 22.521 0.520
54056.082127 z 17.651 0.023
#54056.082961 g -99.000 0.024
54059.073920 r 18.959 0.017
54059.074754 i 18.227 0.024
54059.075587 u 21.927 0.282
54059.076420 z 17.565 0.020
54059.077254 g 20.216 0.027
#54061.084973 r -99.000 0.015
54061.085807 i 18.132 0.014
54061.086640 u 22.990 0.757
54061.087473 z 17.638 0.026
54061.088307 g 20.166 0.023
54062.078807 r 18.998 0.052
#54062.079641 i -99.000 0.018
54062.080474 u 22.475 0.830
54062.081307 z 17.619 0.023
54062.082141 g 20.094 0.026
54068.068786 r 18.923 0.019
54068.069620 i 18.152 0.013
#54068.070453 u 22.629 1.383
54068.071286 z 17.640 0.023
54068.072120 g 20.155 0.055
54357.117101 r 18.902 0.033
54357.117935 i 18.070 0.021
54357.118768 u 22.101 0.234
54357.119601 z 17.660 0.029
54357.120435 g 20.203 0.024
#54358.114590 r -99.000 0.013
54358.115424 i 18.220 0.015
#54358.116257 u -99.000 0.694
54358.117090 z 17.664 0.024
54358.117924 g 20.140 0.020
54383.162518 r 18.943 0.012
54383.163352 i 18.208 0.009
54383.164185 u 22.317 0.337
54383.165018 z 17.792 0.029
54383.165852 g 20.196 0.017
54385.164932 r 18.943 0.020
#54385.165765 i -99.000 0.051
54385.166598 u 21.995 0.211
54385.167432 z 17.624 0.015
54385.168265 g 20.148 0.018
54386.159535 r 19.015 0.017
54386.160368 i 18.142 0.017
#54386.161202 u 99.262 99.999
#54386.162035 z -99.000 0.037
54386.162868 g 20.164 0.031
54387.165429 r 18.996 0.013
54387.166262 i 18.267 0.018
54387.167095 u 21.779 0.287
54387.167929 z 17.671 0.019
54387.168762 g 20.265 0.031
54388.163811 r 18.956 0.033
54388.164644 i 18.167 0.015
54388.165478 u 22.584 0.555
54388.166311 z 17.665 0.021
54388.167144 g 20.156 0.021
54392.160156 r 18.897 0.016
54392.160989 i 18.080 0.025
54392.161823 u 22.053 0.429
54392.162656 z 17.687 0.022
54392.163489 g 20.236 0.053
54402.158627 r 18.905 0.015
54402.159461 i 18.067 0.016
#54402.160294 u 22.948 1.529
54402.161127 z 17.676 0.019
54402.161961 g 20.111 0.046
54403.077578 r 18.989 0.011
54403.078412 i 18.234 0.015
54403.079245 u 21.770 0.178
54403.080078 z 17.962 0.053
54403.080912 g 20.901 0.120
54406.071416 r 18.987 0.012
#54406.072249 i -99.000 0.018
54406.073083 u 21.850 0.193
54406.073916 z 17.626 0.021
54406.074749 g 20.614 0.056
54412.074343 r 19.049 0.017
#54412.075177 i -99.000 0.017
#54412.076010 u 24.982 4.380
54412.076843 z 17.707 0.029
#54412.077677 g -99.000 0.020
54415.111895 r 18.881 0.011
54415.112728 i 18.260 0.014
54415.113562 u 22.034 0.269
54415.114395 z 17.677 0.019
54415.115228 g 20.178 0.040
