53313.055270 r 16.424 0.004
53313.056103 i 16.289 0.004
53313.056937 u 18.070 0.016
53313.057770 z 16.087 0.009
53313.058603 g 16.905 0.004
53625.160482 r 16.407 0.005
53625.161315 i 16.197 0.005
53625.162149 u 18.209 0.017
53625.162982 z 16.167 0.008
53625.163815 g 16.908 0.005
53636.119518 r 16.471 0.005
53636.120351 i 16.229 0.005
53636.121185 u 18.192 0.016
53636.122018 z 16.179 0.008
53636.122851 g 17.013 0.005
53645.179187 r 16.455 0.005
53645.180020 i 16.248 0.005
53645.180854 u 18.176 0.016
53645.181687 z 16.140 0.008
53645.182520 g 16.924 0.005
53655.091523 r 16.422 0.005
53655.092356 i 16.310 0.006
53655.093190 u 18.212 0.019
53655.094023 z 16.168 0.008
53655.094856 g 17.006 0.006
53664.116483 r 16.405 0.004
#53664.117316 i -99.000 0.004
53664.118150 u 18.149 0.018
53664.118983 z 16.179 0.009
53664.119816 g 17.034 0.005
53669.075721 r 16.387 0.005
53669.076554 i 16.526 0.005
53669.077388 u 18.172 0.015
53669.078221 z 16.120 0.008
53669.079054 g 17.473 0.005
53674.059956 r 16.393 0.004
53674.060789 i 16.248 0.005
53674.061623 u 18.180 0.016
53674.062456 z 16.139 0.008
53674.063289 g 17.038 0.005
53681.112854 r 16.438 0.006
#53681.113687 i -99.000 0.007
53681.114521 u 18.201 0.028
53681.115354 z 16.159 0.016
53681.116187 g 16.956 0.007
53685.071896 r 16.548 0.005
53685.072729 i 16.360 0.005
53685.073563 u 18.186 0.028
53685.074396 z 16.185 0.010
53685.075229 g 17.030 0.006
53687.110250 r 16.499 0.005
53687.111083 i 16.232 0.005
53687.111917 u 18.115 0.027
53687.112750 z 16.202 0.009
53687.113583 g 16.917 0.005
53697.069878 r 16.444 0.008
53697.070711 i 16.231 0.008
53697.071545 u 18.190 0.036
53697.072378 z 16.183 0.016
53697.073211 g 16.983 0.007
53700.068841 r 16.564 0.004
53700.069674 i 16.327 0.005
53700.070508 u 18.158 0.019
53700.071341 z 16.210 0.009
53700.072174 g 17.020 0.005
53705.055511 r 16.427 0.004
53705.056344 i 16.269 0.004
53705.057178 u 18.123 0.018
53705.058011 z 16.198 0.009
53705.058844 g 17.045 0.004
53975.140507 r 16.483 0.045
53975.141340 i 16.212 0.020
53975.142174 u 18.153 0.035
53975.143007 z 16.138 0.023
53975.143840 g 16.984 0.024
#53994.135952 r -99.000 0.044
53994.136785 i 16.222 0.020
53994.137618 u 18.148 0.027
53994.138452 z 16.114 0.024
53994.139285 g 16.900 0.022
53998.115851 r 16.449 0.019
53998.116685 i 16.261 0.021
53998.117518 u 18.215 0.032
53998.118351 z 16.131 0.023
53998.119185 g 16.947 0.022
54010.101347 r 16.440 0.027
54010.102180 i 16.251 0.017
54010.103013 u 18.210 0.024
54010.103847 z 16.140 0.021
54010.104680 g 16.897 0.019
54012.094171 r 16.460 0.026
54012.095004 i 16.221 0.030
54012.095838 u 18.181 0.030
54012.096671 z 16.133 0.025
54012.097504 g 16.923 0.026
54020.100152 r 16.431 0.021
54020.100986 i 16.239 0.028
54020.101819 u 18.159 0.026
54020.102652 z 16.120 0.024
54020.103486 g 16.930 0.024
#54022.149437 r -99.000 0.024
#54022.150270 i -99.000 0.022
54022.151103 u 18.102 0.028
#54022.151937 z -99.000 0.027
54022.152770 g 16.916 0.025
54028.090524 r 16.447 0.041
54028.091358 i 16.321 0.027
54028.092191 u 18.115 0.030
54028.093024 z 16.134 0.024
#54028.093858 g -99.000 0.023
54030.093709 r 16.387 0.023
54030.094543 i 16.230 0.024
54030.095376 u 18.161 0.030
54030.096209 z 16.103 0.025
54030.097043 g 16.932 0.022
#54032.082980 r -99.000 0.024
54032.083814 i 16.326 0.034
#54032.084647 u -99.000 0.032
#54032.085480 z -99.000 0.023
#54032.086314 g -99.000 0.022
54037.074973 r 16.414 0.022
54037.075807 i 16.252 0.025
54037.076640 u 18.172 0.031
54037.077473 z 16.093 0.026
54037.078307 g 16.856 0.027
54040.089437 r 16.465 0.015
54040.090270 i 16.397 0.024
54040.091103 u 18.209 0.030
54040.091937 z 16.145 0.024
54040.092770 g 16.930 0.020
54050.074070 r 16.490 0.021
54050.074903 i 16.314 0.023
54050.075737 u 18.126 0.031
54050.076570 z 16.218 0.030
54050.077403 g 17.010 0.024
54056.081903 r 16.444 0.020
#54056.082736 i -99.000 0.024
54056.083569 u 18.074 0.030
54056.084403 z 16.178 0.030
54056.085236 g 17.042 0.023
54059.076184 r 16.505 0.027
54059.077018 i 16.279 0.033
54059.077851 u 18.139 0.032
54059.078684 z 16.246 0.033
54059.079518 g 17.053 0.035
54061.087238 r 16.560 0.027
54061.088072 i 16.287 0.029
54061.088905 u 18.151 0.037
54061.089738 z 16.121 0.023
54061.090572 g 17.044 0.031
54062.081092 r 16.519 0.024
54062.081926 i 16.266 0.043
54062.082759 u 18.138 0.029
54062.083592 z 16.178 0.024
54062.084426 g 17.017 0.023
54068.071080 r 16.552 0.027
54068.071913 i 16.384 0.026
54068.072747 u 18.086 0.035
54068.073580 z 16.222 0.027
54068.074413 g 16.948 0.020
54357.119377 r 16.447 0.022
54357.120210 i 16.280 0.020
54357.121043 u 18.307 0.035
54357.121877 z 16.257 0.030
54357.122710 g 17.006 0.029
54365.117228 r 16.393 0.023
54365.118062 i 16.252 0.029
54365.118895 u 18.165 0.033
54365.119728 z 16.127 0.027
54365.120562 g 16.939 0.025
54385.167211 r 16.460 0.024
54385.168044 i 16.214 0.025
54385.168877 u 18.230 0.031
#54385.169711 z -99.000 0.031
54385.170544 g 17.003 0.033
54392.162440 r 16.528 0.094
54392.163273 i 16.309 0.028
54392.164106 u 18.037 0.030
54392.164940 z 16.148 0.027
54392.165773 g 17.072 0.028
54402.160906 r 16.432 0.024
54402.161740 i 16.285 0.022
54402.162573 u 18.154 0.037
54402.163406 z 16.092 0.032
54402.164240 g 16.938 0.029
