52935.064440 r 18.971 0.012
52935.065273 i 18.339 0.010
52935.066107 u 22.594 0.375
52935.066940 z 17.956 0.022
52935.067773 g 20.387 0.024
53313.057642 r 18.899 0.013
53313.058475 i 18.244 0.012
53313.059309 u 22.406 0.386
53313.060142 z 17.905 0.029
53313.060975 g 20.294 0.027
53625.162855 r 19.053 0.013
53625.163688 i 18.356 0.010
53625.164522 u 22.767 0.497
53625.165355 z 17.999 0.021
53625.166188 g 20.408 0.032
53636.121892 r 19.004 0.011
53636.122725 i 18.350 0.010
53636.123559 u 22.852 0.428
53636.124392 z 17.955 0.022
53636.125225 g 20.369 0.022
53645.181559 r 18.985 0.011
53645.182392 i 18.319 0.009
53645.183226 u 22.923 0.550
53645.184059 z 17.966 0.022
#53645.184892 g -99.000 0.024
53655.093894 r 19.083 0.014
53655.094727 i 18.440 0.011
53655.095561 u 22.526 0.499
53655.096394 z 18.051 0.022
53655.097227 g 20.533 0.042
53664.118842 r 18.928 0.014
53664.119675 i 18.282 0.011
#53664.120509 u 23.448 1.319
53664.121342 z 17.908 0.027
53664.122175 g 20.304 0.037
53666.082443 r 19.083 0.012
53666.083276 i 18.438 0.011
53666.084110 u 23.127 0.471
53666.084943 z 18.036 0.024
53666.085776 g 20.466 0.022
53669.078093 r 19.093 0.012
53669.078926 i 18.429 0.010
53669.079760 u 23.077 0.440
53669.080593 z 18.014 0.022
53669.081426 g 20.470 0.022
53674.062315 r 19.133 0.013
53674.063148 i 18.440 0.010
53674.063982 u 23.560 0.706
#53674.064815 z -99.000 0.024
53674.065648 g 20.500 0.023
#53681.115226 r -99.000 0.034
53681.116059 i 18.312 0.024
53681.116893 u 21.712 0.475
53681.117726 z 18.053 0.054
53681.118559 g 20.469 0.071
53685.074269 r 18.897 0.025
53685.075102 i 18.293 0.017
53685.075936 u 21.648 0.570
53685.076769 z 17.898 0.030
#53685.077602 g -99.000 0.081
53687.112623 r 18.987 0.020
53687.113456 i 18.339 0.013
#53687.114290 u 23.809 3.499
53687.115123 z 17.901 0.025
53687.115956 g 20.475 0.085
53697.072252 r 19.075 0.033
53697.073085 i 18.441 0.023
53697.073919 u 24.575 0.580
53697.074752 z 18.055 0.064
53697.075585 g 20.350 0.070
53700.071216 r 18.922 0.013
53700.072049 i 18.295 0.011
53700.072883 u 22.996 0.629
53700.073716 z 17.898 0.026
53700.074549 g 20.295 0.025
53705.057884 r 18.948 0.013
53705.058717 i 18.298 0.012
53705.059551 u 23.062 0.774
53705.060384 z 17.883 0.027
53705.061217 g 20.300 0.028
53994.138313 r 19.038 0.009
53994.139146 i 18.349 0.025
53994.139980 u 22.622 0.308
53994.140813 z 18.005 0.021
53994.141646 g 20.434 0.019
53998.118227 r 19.051 0.038
53998.119060 i 18.386 0.028
53998.119894 u 22.583 0.300
53998.120727 z 18.051 0.023
53998.121560 g 20.476 0.019
54010.103704 r 19.094 0.019
54010.104537 i 18.426 0.031
#54010.105370 u 24.039 1.785
54010.106204 z 18.050 0.022
54010.107037 g 20.506 0.041
54012.096556 r 19.078 0.017
54012.097390 i 18.398 0.013
54012.098223 u 22.642 0.890
54012.099056 z 17.984 0.025
54012.099890 g 20.468 0.059
54020.102524 r 19.076 0.024
54020.103357 i 18.424 0.016
54020.104190 u 22.354 0.298
54020.105024 z 17.981 0.026
54020.105857 g 20.448 0.022
54028.092895 r 19.024 0.012
54028.093728 i 18.400 0.011
54028.094561 u 22.706 0.502
54028.095395 z 18.018 0.029
54028.096228 g 20.463 0.026
54030.096132 r 19.035 0.011
54030.096965 i 18.401 0.009
54030.097798 u 22.327 0.238
54030.098632 z 18.028 0.020
54030.099465 g 20.441 0.018
#54032.085432 r -99.000 0.014
#54032.086265 i -99.000 0.016
#54032.087098 u 24.474 2.365
#54032.087932 z -99.000 0.025
#54032.088765 g -99.000 0.024
54034.155865 r 18.962 0.016
#54034.156699 i -99.000 0.020
54034.157532 u 21.824 0.366
#54034.158365 z -99.000 0.038
#54034.159199 g -99.000 0.044
54037.077327 r 19.087 0.011
54037.078160 i 18.392 0.019
#54037.078994 u 23.885 1.339
54037.079827 z 18.021 0.023
54037.080660 g 20.476 0.030
54040.091813 r 19.102 0.016
54040.092646 i 18.396 0.011
#54040.093479 u 24.854 6.191
54040.094313 z 18.073 0.026
54040.095146 g 20.519 0.051
54050.076439 r 19.057 0.021
#54050.077272 i -99.000 0.015
54050.078105 u 22.773 0.594
54050.078939 z 18.047 0.031
54050.079772 g 20.388 0.029
54053.082594 r 19.070 0.026
54053.083428 i 18.344 0.016
54053.084261 u 22.218 0.463
54053.085094 z 17.992 0.036
54053.085928 g 20.307 0.063
#54056.084279 r -99.000 0.013
54056.085112 i 18.427 0.043
#54056.085945 u 24.537 3.015
54056.086779 z 18.085 0.037
#54056.087612 g -99.000 0.026
54059.078558 r 19.038 0.021
54059.079392 i 18.387 0.027
54059.080225 u 23.249 0.868
54059.081058 z 17.985 0.026
54059.081892 g 20.432 0.032
54061.089636 r 19.035 0.020
54061.090470 i 18.365 0.017
54061.091303 u 23.258 0.910
54061.092136 z 18.031 0.033
54061.092970 g 20.429 0.028
54062.083457 r 18.973 0.033
54062.084290 i 18.344 0.028
#54062.085124 u 23.319 1.112
54062.085957 z 18.065 0.035
54062.086790 g 20.381 0.029
54068.073433 r 18.992 0.022
54068.074267 i 18.373 0.016
#54068.075100 u 99.980 99.999
54068.075933 z 17.987 0.031
54068.076767 g 20.413 0.065
#54357.121764 r -99.000 0.011
54357.122597 i 18.384 0.028
54357.123431 u 23.180 0.613
54357.124264 z 18.024 0.025
54357.125097 g 20.393 0.024
54365.119610 r 19.083 0.016
54365.120443 i 18.407 0.015
54365.121276 u 22.942 0.764
54365.122110 z 18.014 0.024
54365.122943 g 20.434 0.042
54387.170122 r 19.004 0.020
#54387.170956 i -99.000 0.026
54387.171789 u 22.372 0.608
#54387.172622 z -99.000 0.041
#54387.173456 g -99.000 0.038
54402.163262 r 19.091 0.018
54402.164095 i 18.417 0.026
#54402.164928 u 100.021 99.999
54402.165762 z 18.029 0.027
54402.166595 g 20.451 0.061
