53625.150906 r 19.016 0.013
53625.151739 i 18.676 0.013
53625.152573 u 22.057 0.309
53625.153406 z 18.555 0.036
53625.154239 g 19.926 0.022
53636.109955 r 18.810 0.014
53636.110788 i 18.481 0.012
53636.111622 u 21.718 0.201
53636.112455 z 18.200 0.031
53636.113288 g 19.741 0.015
53655.081947 r 18.984 0.014
53655.082780 i 18.590 0.012
53655.083614 u 22.275 0.453
53655.084447 z 18.330 0.031
53655.085280 g 19.812 0.024
53681.103279 r 19.101 0.021
53681.104112 i 18.613 0.018
53681.104946 u 21.601 0.275
53681.105779 z 18.275 0.048
53681.106612 g 19.829 0.031
53697.060305 r 18.802 0.091
53697.061138 i 18.521 0.088
53697.061972 u 21.346 0.888
#53697.062805 z -99.000 0.329
53697.063638 g 19.739 0.090
53998.106279 r 18.978 0.038
53998.107112 i 18.661 0.056
53998.107945 u 21.628 0.120
53998.108779 z 18.401 0.070
53998.109612 g 19.922 0.039
54010.091760 r 19.034 0.044
54010.092593 i 18.668 0.056
54010.093427 u 21.490 0.199
54010.094260 z 18.351 0.059
54010.095093 g 19.915 0.046
54012.084596 r 18.969 0.041
54012.085429 i 18.594 0.054
#54012.086263 u 22.784 1.109
54012.087096 z 18.394 0.059
54012.087929 g 19.906 0.046
54020.090578 r 18.963 0.036
54020.091411 i 18.559 0.033
54020.092244 u 22.100 0.227
54020.093078 z 18.337 0.044
54020.093911 g 19.899 0.036
54022.139866 r 18.931 0.032
54022.140700 i 18.579 0.030
54022.141533 u 21.762 0.187
54022.142366 z 18.387 0.041
54022.143200 g 19.804 0.023
54037.065379 r 18.964 0.048
54037.066212 i 18.593 0.056
54037.067046 u 21.592 0.204
54037.067879 z 18.454 0.077
#54037.068712 g -99.000 0.040
54365.107652 r 19.084 0.053
54365.108486 i 18.588 0.046
54365.109319 u 22.222 0.451
54365.110152 z 18.542 0.087
54365.110986 g 19.957 0.051
54385.157632 r 19.028 0.040
54385.158465 i 18.677 0.051
54385.159298 u 21.705 0.183
54385.160132 z 18.437 0.048
54385.160965 g 19.954 0.032
