53270.114806 r 19.651 0.037
53270.115640 i 19.472 0.025
53270.116473 u 21.139 0.131
53270.117306 z 19.302 0.068
53270.118140 g 20.116 0.027
53288.091958 r 19.606 0.016
53288.092791 i 19.445 0.020
53288.093625 u 21.481 0.160
53288.094458 z 19.235 0.072
53288.095291 g 20.131 0.018
53302.087628 r 19.696 0.025
53302.088461 i 19.385 0.021
53302.089295 u 21.307 0.238
53302.090128 z 19.428 0.079
53302.090961 g 20.264 0.040
53313.052707 r 19.720 0.029
53313.053540 i 19.588 0.036
53313.054374 u 21.601 0.256
53313.055207 z 19.468 0.129
53313.056040 g 20.134 0.027
53623.138939 r 19.670 0.019
53623.139772 i 19.471 0.021
53623.140606 u 21.143 0.133
53623.141439 z 19.606 0.090
53623.142272 g 20.163 0.024
53625.157918 r 19.624 0.020
53625.158751 i 19.365 0.020
53625.159585 u 21.402 0.181
53625.160418 z 19.229 0.064
53625.161251 g 20.069 0.026
53626.125151 r 19.719 0.028
53626.125984 i 19.399 0.024
53626.126818 u 21.212 0.207
53626.127651 z 19.448 0.082
53626.128484 g 20.200 0.038
53628.110016 r 19.645 0.033
53628.110849 i 19.480 0.034
53628.111683 u 21.145 0.329
53628.112516 z 20.050 0.192
53628.113349 g 20.250 0.061
53636.116954 r 19.666 0.016
53636.117787 i 19.382 0.018
53636.118621 u 21.106 0.105
53636.119454 z 19.196 0.060
53636.120287 g 20.114 0.017
53637.111628 r 19.753 0.022
53637.112461 i 19.318 0.022
53637.113295 u 21.220 0.163
#53637.114128 z -99.000 0.093
#53637.114961 g -99.000 0.021
53645.176623 r 19.595 0.016
53645.177456 i 19.448 0.019
53645.178290 u 21.696 0.204
53645.179123 z 19.378 0.067
53645.179956 g 20.107 0.019
53655.088959 r 19.673 0.022
53655.089792 i 19.424 0.022
53655.090626 u 21.429 0.220
53655.091459 z 19.298 0.071
53655.092292 g 20.142 0.031
53656.086289 r 19.829 0.044
53656.087122 i 19.571 0.043
#53656.087956 u 22.651 1.436
53656.088789 z 19.961 0.174
53656.089622 g 20.305 0.059
53665.077568 r 19.789 0.073
53665.078401 i 19.407 0.077
#53665.079235 u -99.000 0.740
#53665.080068 z -99.000 0.894
#53665.080901 g -99.000 0.061
53669.073158 r 19.618 0.016
53669.073991 i 19.443 0.020
53669.074825 u 21.314 0.126
53669.075658 z 19.406 0.076
53669.076491 g 20.122 0.017
53673.062035 r 19.710 0.019
53673.062868 i 19.439 0.020
53673.063702 u 21.408 0.151
53673.064535 z 19.476 0.086
53673.065368 g 20.117 0.018
53674.057393 r 19.672 0.018
53674.058226 i 19.426 0.020
53674.059060 u 21.319 0.135
53674.059893 z 19.123 0.058
53674.060726 g 20.202 0.020
53677.079958 r 19.726 0.022
53677.080791 i 19.407 0.023
53677.081625 u 21.263 0.147
53677.082458 z 19.442 0.089
53677.083291 g 20.149 0.020
53680.066623 r 19.667 0.017
53680.067456 i 19.414 0.018
53680.068290 u 21.207 0.118
53680.069123 z 19.309 0.061
53680.069956 g 20.181 0.019
#53681.110290 r -99.000 0.042
#53681.111123 i -99.000 0.062
53681.111957 u 21.362 0.293
53681.112790 z 19.191 0.122
#53681.113623 g -99.000 0.049
#53685.069332 r -99.000 0.047
#53685.070165 i -99.000 0.040
#53685.070999 u -99.000 0.311
#53685.071832 z -99.000 0.145
53685.072665 g 20.262 0.062
53687.107686 r 19.767 0.035
53687.108519 i 19.517 0.029
53687.109353 u 21.391 0.533
53687.110186 z 19.443 0.101
53687.111019 g 20.433 0.073
53693.068530 r 19.582 0.019
53693.069363 i 19.395 0.020
53693.070197 u 21.471 0.190
53693.071030 z 19.229 0.069
53693.071863 g 20.126 0.021
53697.067314 r 19.622 0.084
53697.068147 i 19.364 0.077
53697.068981 u 21.060 0.468
#53697.069814 z -99.000 0.350
53697.070647 g 20.171 0.064
53700.066277 r 19.693 0.021
53700.067110 i 19.453 0.024
53700.067944 u 21.210 0.161
53700.068777 z 19.394 0.099
53700.069610 g 20.221 0.024
53703.073344 r 19.704 0.193
53703.074177 i 19.487 0.284
53703.075011 u 22.034 0.447
53703.075844 z 19.589 0.303
53703.076677 g 20.314 0.092
53705.052948 r 19.645 0.020
53705.053781 i 19.413 0.024
53705.054615 u 21.572 0.226
53705.055448 z 19.227 0.085
53705.056281 g 20.131 0.024
#53975.137941 r -99.000 0.177
53975.138774 i 19.433 0.306
53975.139608 u 21.330 0.159
53975.140441 z 19.963 0.248
53975.141274 g 20.212 0.088
53989.129227 r 19.626 0.036
53989.130060 i 19.465 0.034
53989.130893 u 21.203 0.134
53989.131727 z 19.437 0.075
53989.132560 g 20.168 0.021
53994.133378 r 19.630 0.133
53994.134211 i 19.385 0.150
#53994.135044 u -99.000 0.144
#53994.135878 z -99.000 0.158
53994.136711 g 20.131 0.077
53995.137147 r 19.603 0.107
53995.137980 i 19.385 0.089
53995.138814 u 21.199 0.105
53995.139647 z 19.243 0.160
53995.140480 g 20.129 0.030
53997.115523 r 19.663 0.171
53997.116357 i 19.485 0.267
53997.117190 u 21.484 0.192
53997.118023 z 19.926 0.359
53997.118857 g 20.157 0.073
53998.113311 r 19.683 0.131
53998.114145 i 19.398 0.169
53998.114978 u 21.061 0.085
53998.115811 z 19.266 0.192
53998.116645 g 20.164 0.082
54005.087376 r 19.684 0.020
54005.088210 i 19.428 0.040
54005.089043 u 21.290 0.124
54005.089876 z 19.316 0.058
54005.090710 g 20.121 0.020
54007.100131 r 19.682 0.030
54007.100964 i 19.382 0.039
54007.101797 u 21.648 0.192
54007.102631 z 19.431 0.074
54007.103464 g 20.142 0.041
54009.097230 r 19.632 0.024
54009.098064 i 19.408 0.034
54009.098897 u 21.129 0.134
54009.099730 z 19.307 0.064
54009.100564 g 20.183 0.043
54010.098765 r 19.641 0.021
54010.099599 i 19.428 0.023
54010.100432 u 21.247 0.156
54010.101265 z 19.357 0.060
54010.102099 g 20.157 0.031
54011.161721 r 19.671 0.030
54011.162555 i 19.442 0.029
54011.163388 u 21.150 0.196
54011.164221 z 19.344 0.061
54011.165055 g 20.057 0.035
54012.091615 r 19.657 0.101
54012.092448 i 19.460 0.117
54012.093282 u 21.599 0.353
54012.094115 z 19.365 0.074
54012.094948 g 20.094 0.056
54019.111932 r 19.605 0.160
54019.112765 i 19.435 0.052
54019.113598 u 21.218 0.124
54019.114432 z 19.279 0.224
54019.115265 g 20.135 0.063
54020.097587 r 19.670 0.043
54020.098420 i 19.420 0.023
54020.099254 u 21.139 0.104
54020.100087 z 19.545 0.082
54020.100920 g 20.083 0.017
54022.146875 r 19.666 0.030
54022.147708 i 19.426 0.041
#54022.148541 u -99.000 0.135
#54022.149375 z -99.000 0.102
#54022.150208 g -99.000 0.034
54025.160743 r 19.632 0.084
54025.161576 i 19.419 0.055
54025.162410 u 21.420 0.159
54025.163243 z 19.491 0.080
54025.164076 g 20.178 0.022
54028.087970 r 19.649 0.204
#54028.088804 i -99.000 0.286
#54028.089637 u 25.153 7.847
54028.090470 z 19.639 0.423
54028.091304 g 20.118 0.070
54030.091154 r 19.625 0.075
54030.091988 i 19.403 0.026
54030.092821 u 21.040 0.096
54030.093654 z 19.438 0.075
54030.094488 g 20.132 0.018
#54032.080409 r -99.000 0.231
54032.081243 i 19.416 0.128
54032.082076 u 21.359 0.209
#54032.082909 z -99.000 0.114
#54032.083743 g -99.000 0.074
#54034.150645 r -99.000 0.160
#54034.151478 i -99.000 0.170
54034.152312 u 21.818 0.419
#54034.153145 z -99.000 0.256
#54034.153978 g -99.000 0.070
54037.072386 r 19.649 0.102
54037.073220 i 19.423 0.075
54037.074053 u 21.298 0.149
54037.074886 z 19.325 0.067
54037.075720 g 20.128 0.077
54040.086870 r 19.648 0.193
54040.087703 i 19.460 0.113
54040.088536 u 21.056 0.229
54040.089370 z 19.470 0.119
54040.090203 g 20.263 0.049
54050.071507 r 19.696 0.222
54050.072340 i 19.510 0.268
54050.073174 u 21.192 0.169
54050.074007 z 19.639 0.328
54050.074840 g 20.217 0.089
#54051.067661 r -99.000 0.229
54051.068494 i 19.493 0.244
54051.069327 u 21.010 0.225
54051.070161 z 19.607 0.481
#54051.070994 g -99.000 0.068
#54053.077681 r -99.000 0.221
#54053.078514 i -99.000 0.297
#54053.079347 u -99.000 1.229
54053.080181 z 19.751 0.502
54053.081014 g 20.229 0.086
#54056.079341 r -99.000 0.141
54056.080175 i 19.479 0.276
54056.081008 u 21.618 0.292
54056.081841 z 19.582 0.397
#54056.082675 g -99.000 0.098
54059.073631 r 19.729 0.217
54059.074464 i 19.548 0.205
54059.075297 u 21.145 0.160
54059.076131 z 20.002 0.359
54059.076964 g 20.131 0.081
54061.084679 r 19.691 0.203
54061.085512 i 19.478 0.248
54061.086345 u 21.451 0.223
54061.087179 z 20.076 0.369
54061.088012 g 20.247 0.083
54062.078539 r 19.704 0.197
#54062.079372 i -99.000 0.347
54062.080205 u 21.263 0.194
54062.081039 z 19.510 0.311
54062.081872 g 20.169 0.108
54068.068495 r 19.704 0.159
54068.069328 i 19.535 0.265
54068.070162 u 22.086 0.938
54068.070995 z 19.590 0.390
54068.071828 g 20.168 0.090
54357.116814 r 19.583 0.026
54357.117647 i 19.409 0.031
54357.118480 u 21.143 0.126
54357.119314 z 19.371 0.089
#54357.120147 g -99.000 0.036
#54358.114303 r -99.000 0.176
54358.115137 i 19.404 0.281
#54358.115970 u -99.000 0.395
54358.116803 z 19.603 0.241
54358.117637 g 20.141 0.082
54365.114666 r 19.750 0.029
54365.115499 i 19.407 0.061
54365.116333 u 20.714 0.137
54365.117166 z 19.388 0.074
54365.117999 g 20.214 0.042
54383.162236 r 19.613 0.032
54383.163070 i 19.431 0.023
54383.163903 u 21.366 0.143
54383.164736 z 19.197 0.066
54383.165570 g 20.143 0.020
54385.164643 r 19.701 0.018
#54385.165476 i -99.000 0.025
54385.166309 u 21.345 0.145
54385.167143 z 19.297 0.062
54385.167976 g 20.079 0.028
54386.159249 r 19.605 0.073
54386.160082 i 19.472 0.133
54386.160915 u 22.212 0.598
#54386.161749 z -99.000 0.133
54386.162582 g 20.181 0.053
54387.165141 r 19.691 0.196
54387.165974 i 19.511 0.334
54387.166807 u 21.938 0.396
54387.167641 z 19.548 0.375
54387.168474 g 20.263 0.075
#54388.163518 r -99.000 0.098
54388.164351 i 19.471 0.052
54388.165185 u 21.563 0.208
54388.166018 z 19.372 0.137
#54388.166851 g -99.000 0.063
54392.159868 r 19.578 0.115
54392.160701 i 19.422 0.251
54392.161534 u 21.358 0.261
54392.162368 z 19.405 0.122
#54392.163201 g -99.000 0.081
54402.158327 r 19.748 0.202
54402.159161 i 19.453 0.170
54402.159994 u 21.825 0.573
54402.160827 z 19.354 0.233
54402.161661 g 20.298 0.071
54403.077308 r 19.559 0.031
54403.078142 i 19.372 0.018
54403.078975 u 21.192 0.110
54403.079808 z 19.316 0.068
54403.080642 g 20.127 0.023
54406.071119 r 19.591 0.035
54406.071952 i 19.435 0.024
54406.072786 u 21.160 0.108
54406.073619 z 19.431 0.086
54406.074452 g 20.113 0.016
54412.074058 r 19.588 0.025
#54412.074892 i -99.000 0.034
54412.075725 u 21.092 0.175
54412.076558 z 19.470 0.116
#54412.077392 g -99.000 0.023
54415.111609 r 19.635 0.030
54415.112442 i 19.427 0.023
54415.113275 u 21.019 0.111
54415.114109 z 19.352 0.079
54415.114942 g 20.104 0.040
