53313.055446 r 19.370 0.020
#53313.056279 i -99.000 0.027
53313.057113 u 21.438 0.178
53313.057946 z 19.533 0.092
53313.058779 g 20.065 0.023
53625.160658 r 19.120 0.014
53625.161491 i 18.805 0.015
53625.162325 u 21.580 0.189
53625.163158 z 18.720 0.034
53625.163991 g 19.788 0.021
53636.119694 r 19.101 0.011
53636.120527 i 18.792 0.013
53636.121361 u 21.321 0.111
53636.122194 z 18.682 0.034
53636.123027 g 19.752 0.015
53645.179362 r 19.120 0.012
53645.180195 i 18.811 0.014
53645.181029 u 21.371 0.142
53645.181862 z 18.638 0.031
53645.182695 g 19.797 0.016
53655.091698 r 19.126 0.015
53655.092531 i 18.881 0.016
53655.093365 u 21.278 0.181
53655.094198 z 18.688 0.035
53655.095031 g 19.849 0.025
53664.116658 r 19.132 0.019
53664.117491 i 18.805 0.017
53664.118325 u 21.502 0.195
53664.119158 z 18.829 0.044
53664.119991 g 19.834 0.023
53669.075897 r 19.111 0.012
53669.076730 i 18.790 0.014
53669.077564 u 21.444 0.118
53669.078397 z 18.736 0.034
53669.079230 g 19.811 0.015
53674.060131 r 19.207 0.014
53674.060964 i 18.824 0.015
53674.061798 u 21.362 0.128
53674.062631 z 18.719 0.035
53674.063464 g 19.799 0.015
53681.113029 r 19.069 0.026
53681.113862 i 18.835 0.033
#53681.114696 u -99.000 0.331
53681.115529 z 18.610 0.088
53681.116362 g 19.697 0.051
53685.072071 r 19.083 0.022
53685.072904 i 18.869 0.022
53685.073738 u 21.901 0.685
53685.074571 z 18.668 0.058
53685.075404 g 19.851 0.052
53687.110426 r 19.118 0.020
53687.111259 i 18.921 0.021
53687.112093 u 21.507 0.491
53687.112926 z 18.854 0.050
53687.113759 g 19.825 0.045
#53697.070054 r -99.000 0.053
53697.070887 i 18.835 0.046
53697.071721 u 21.003 0.265
53697.072554 z 18.557 0.075
53697.073387 g 19.814 0.039
53700.069017 r 19.188 0.015
53700.069850 i 18.895 0.018
53700.070684 u 21.354 0.167
53700.071517 z 18.847 0.048
53700.072350 g 19.891 0.018
53705.055687 r 19.134 0.015
53705.056520 i 18.974 0.019
53705.057354 u 21.477 0.182
53705.058187 z 18.802 0.045
53705.059020 g 19.816 0.019
53975.140685 r 19.044 0.073
53975.141518 i 18.792 0.015
#53975.142352 u -99.000 0.199
53975.143185 z 18.653 0.038
53975.144018 g 19.789 0.021
#53994.136118 r -99.000 0.015
53994.136951 i 18.943 0.020
53994.137784 u 21.398 0.120
53994.138618 z 18.871 0.045
53994.139451 g 19.818 0.014
53998.116028 r 19.159 0.053
#53998.116862 i -99.000 0.044
53998.117695 u 21.354 0.097
53998.118528 z 18.860 0.043
53998.119362 g 19.849 0.023
54010.101504 r 19.223 0.022
54010.102337 i 18.948 0.023
54010.103171 u 21.397 0.171
54010.104004 z 18.709 0.030
54010.104837 g 19.857 0.027
54012.094434 r 19.109 0.020
54012.095267 i 18.826 0.025
54012.096100 u 20.991 0.200
54012.096934 z 18.627 0.034
54012.097767 g 19.802 0.035
54020.100336 r 19.107 0.011
54020.101169 i 18.847 0.014
54020.102003 u 21.301 0.103
54020.102836 z 18.726 0.035
54020.103669 g 19.834 0.028
#54022.149617 r -99.000 0.015
#54022.150450 i -99.000 0.028
#54022.151283 u -99.000 0.147
#54022.152117 z -99.000 0.051
#54022.152950 g -99.000 0.019
#54028.090714 r -99.000 0.051
54028.091547 i 20.167 0.177
54028.092381 u 21.347 0.172
54028.093214 z 19.480 0.100
#54028.094047 g -99.000 0.043
54030.093887 r 19.079 0.010
54030.094720 i 18.907 0.014
54030.095554 u 21.324 0.102
54030.096387 z 18.743 0.032
54030.097220 g 19.865 0.034
#54032.083547 r -99.000 0.020
54032.084380 i 18.969 0.028
#54032.085214 u -99.000 0.160
#54032.086047 z -99.000 0.062
#54032.086880 g -99.000 0.017
#54034.153401 r -99.000 0.025
54034.154235 i 18.773 0.048
54034.155068 u 21.713 0.308
#54034.155901 z -99.000 0.065
#54034.156735 g -99.000 0.025
54037.075189 r 19.222 0.018
54037.076022 i 19.185 0.050
54037.076855 u 21.561 0.163
54037.077689 z 18.729 0.031
54037.078522 g 19.817 0.024
54040.089612 r 19.183 0.022
54040.090446 i 18.950 0.024
54040.091279 u 21.730 1.000
54040.092112 z 18.588 0.035
54040.092946 g 19.904 0.036
54050.074259 r 19.429 0.031
54050.075092 i 19.589 0.076
54050.075925 u 21.437 0.181
54050.076759 z 19.359 0.118
54050.077592 g 20.133 0.033
54053.080406 r 20.361 0.173
#54053.081239 i -99.000 0.056
#54053.082072 u 26.495 99.999
54053.082906 z 19.424 0.151
54053.083739 g 20.452 0.063
54059.076373 r 19.098 0.015
54059.077207 i 18.948 0.026
54059.078040 u 21.326 0.161
54059.078873 z 18.843 0.051
54059.079707 g 19.832 0.018
54061.087494 r 19.079 0.029
54061.088328 i 18.830 0.031
54061.089161 u 21.087 0.141
54061.089994 z 18.625 0.064
54061.090828 g 19.790 0.024
54062.081306 r 19.202 0.026
54062.082140 i 19.011 0.034
54062.082973 u 21.728 0.258
54062.083806 z 19.161 0.081
54062.084640 g 19.839 0.046
54068.071239 r 19.624 0.051
54068.072072 i 19.585 0.078
#54068.072906 u 22.313 1.062
54068.073739 z 20.776 0.643
54068.074572 g 20.384 0.085
54357.119551 r 19.088 0.018
#54357.120384 i -99.000 0.134
54357.121217 u 21.170 0.108
54357.122051 z 18.631 0.032
54357.122884 g 19.755 0.045
54365.117409 r 19.108 0.019
54365.118243 i 18.802 0.018
54365.119076 u 21.101 0.196
54365.119909 z 18.674 0.033
54365.120743 g 19.751 0.025
54385.167386 r 19.106 0.014
54385.168220 i 18.808 0.015
54385.169053 u 21.295 0.126
54385.169886 z 18.701 0.036
54385.170720 g 19.825 0.025
54387.167879 r 19.410 0.029
54387.168712 i 19.476 0.062
54387.169546 u 21.183 0.169
54387.170379 z 19.362 0.092
54387.171212 g 19.996 0.038
54392.162614 r 19.574 0.051
#54392.163448 i 21.449 1.007
#54392.164281 u -99.000 0.299
#54392.165114 z -99.000 0.683
54392.165948 g 20.445 0.104
54402.161084 r 19.253 0.026
54402.161918 i 18.947 0.023
54402.162751 u 21.032 0.243
54402.163584 z 18.887 0.062
54402.164418 g 19.914 0.042
