52935.063961 r 19.078 0.014
#52935.064794 i -99.000 0.013
52935.065628 u 22.251 0.326
#52935.066461 z -99.000 0.032
52935.067294 g 20.067 0.019
53313.057162 r 19.129 0.017
53313.057995 i 18.651 0.015
53313.058829 u 23.054 0.716
53313.059662 z 18.415 0.039
53313.060495 g 20.067 0.021
53625.162376 r 19.045 0.014
53625.163209 i 18.647 0.013
53625.164043 u 22.206 0.346
53625.164876 z 18.402 0.031
53625.165709 g 20.088 0.026
53636.121413 r 19.038 0.011
53636.122246 i 18.652 0.013
53636.123080 u 22.786 0.431
53636.123913 z 18.371 0.030
53636.124746 g 20.056 0.017
53645.181079 r 19.042 0.011
53645.181912 i 18.637 0.012
53645.182746 u 22.355 0.360
53645.183579 z 18.402 0.029
53645.184412 g 20.084 0.018
53655.093417 r 19.036 0.015
53655.094250 i 18.645 0.014
53655.095084 u 22.349 0.474
53655.095917 z 18.434 0.034
53655.096750 g 20.104 0.030
53664.118364 r 19.032 0.015
53664.119197 i 18.651 0.015
#53664.120031 u 23.681 1.387
53664.120864 z 18.377 0.040
53664.121697 g 20.086 0.029
53666.081964 r 19.027 0.012
53666.082797 i 18.606 0.013
53666.083631 u 22.015 0.212
53666.084464 z 18.404 0.035
53666.085297 g 20.093 0.018
53669.077614 r 19.030 0.012
53669.078447 i 18.624 0.012
53669.079281 u 22.865 0.422
53669.080114 z 18.429 0.033
53669.080947 g 20.094 0.017
53674.061840 r 19.031 0.013
53674.062673 i 18.649 0.013
53674.063507 u 22.345 0.304
53674.064340 z 18.446 0.033
53674.065173 g 20.100 0.018
53681.114746 r 19.022 0.032
53681.115579 i 18.611 0.039
#53681.116413 u 22.905 1.253
#53681.117246 z -99.000 0.081
53681.118079 g 20.112 0.060
53685.073789 r 19.042 0.024
53685.074622 i 18.632 0.025
53685.075456 u 22.111 0.923
53685.076289 z 18.378 0.046
53685.077122 g 20.117 0.068
53687.112142 r 19.033 0.020
53687.112975 i 18.613 0.017
#53687.113809 u 23.033 2.129
53687.114642 z 18.384 0.035
53687.115475 g 20.143 0.056
#53697.071772 r -99.000 0.040
53697.072605 i 18.665 0.034
53697.073439 u 22.239 0.814
#53697.074272 z -99.000 0.101
53697.075105 g 20.006 0.050
53700.070736 r 19.063 0.015
53700.071569 i 18.674 0.015
53700.072403 u 22.643 0.491
53700.073236 z 18.451 0.037
53700.074069 g 20.072 0.020
53705.057404 r 19.025 0.014
53705.058237 i 18.635 0.015
53705.059071 u 21.995 0.315
53705.059904 z 18.392 0.038
53705.060737 g 20.139 0.023
#53975.142398 r -99.000 0.021
53975.143232 i 18.619 0.021
53975.144065 u 22.366 0.406
53975.144898 z 18.455 0.040
53975.145732 g 20.013 0.017
53994.137837 r 19.003 0.011
53994.138670 i 18.621 0.011
53994.139504 u 22.928 0.493
53994.140337 z 18.401 0.030
53994.141170 g 20.050 0.024
53998.117752 r 19.027 0.010
53998.118585 i 18.654 0.012
53998.119419 u 23.121 0.596
53998.120252 z 18.406 0.030
53998.121085 g 20.090 0.015
54010.103250 r 19.022 0.015
54010.104084 i 18.604 0.014
54010.104917 u 22.168 0.371
54010.105750 z 18.389 0.036
54010.106584 g 20.116 0.030
54012.096068 r 19.008 0.021
54012.096901 i 18.638 0.018
#54012.097734 u 28.628 99.999
54012.098568 z 18.359 0.033
54012.099401 g 20.040 0.043
54020.102050 r 19.011 0.010
54020.102883 i 18.632 0.012
54020.103717 u 22.569 0.395
54020.104550 z 18.381 0.034
54020.105383 g 20.082 0.016
#54022.151329 r -99.000 0.014
54022.152162 i 18.611 0.018
#54022.152995 u -99.000 0.422
#54022.153829 z -99.000 0.035
#54022.154662 g -99.000 0.038
54028.092415 r 19.066 0.023
54028.093248 i 18.618 0.016
#54028.094082 u 23.829 1.663
54028.094915 z 18.416 0.037
54028.095748 g 20.090 0.028
54030.095605 r 19.042 0.012
54030.096438 i 18.645 0.016
54030.097272 u 22.331 0.275
54030.098105 z 18.411 0.036
54030.098938 g 20.074 0.015
#54032.084865 r -99.000 0.016
#54032.085698 i -99.000 0.016
54032.086532 u 22.388 0.376
#54032.087365 z -99.000 0.033
54032.088198 g 20.038 0.018
54034.155111 r 19.442 0.032
54034.155944 i 19.002 0.034
54034.156777 u 21.480 0.316
54034.157611 z 18.803 0.087
54034.158444 g 22.067 0.403
54037.076849 r 19.023 0.015
54037.077682 i 18.611 0.015
54037.078515 u 22.151 0.317
54037.079349 z 18.364 0.027
54037.080182 g 20.041 0.022
54040.091332 r 19.026 0.017
54040.092165 i 18.629 0.019
54040.092998 u 22.617 0.847
54040.093832 z 18.422 0.038
54040.094665 g 20.061 0.036
54050.075960 r 19.073 0.016
54050.076794 i 18.665 0.016
54050.077627 u 23.186 0.981
54050.078460 z 18.414 0.045
54050.079294 g 20.077 0.021
54053.082113 r 19.318 0.034
54053.082946 i 18.931 0.031
#54053.083780 u 99.943 99.999
54053.084613 z 18.528 0.054
#54053.085446 g -99.000 0.101
54056.083804 r 19.036 0.018
54056.084638 i 18.632 0.019
#54056.085471 u 24.633 4.233
54056.086304 z 18.472 0.042
#54056.087138 g -99.000 0.044
54059.078076 r 19.028 0.017
54059.078909 i 18.611 0.014
#54059.079743 u 22.137 1.970
54059.080576 z 18.326 0.036
54059.081409 g 20.026 0.020
54061.089128 r 19.028 0.015
54061.089961 i 18.640 0.025
#54061.090795 u 100.013 99.999
54061.091628 z 18.403 0.046
54061.092461 g 20.080 0.039
54062.082974 r 19.043 0.015
54062.083807 i 18.637 0.017
54062.084640 u 21.500 0.263
54062.085474 z 18.453 0.048
54062.086307 g 20.059 0.033
54068.072953 r 19.189 0.028
54068.073787 i 18.657 0.022
#54068.074620 u 25.979 99.999
54068.075453 z 18.402 0.045
54068.076287 g 20.135 0.051
54357.121270 r 19.030 0.010
54357.122103 i 18.629 0.017
54357.122937 u 21.606 0.176
54357.123770 z 18.413 0.034
54357.124603 g 20.068 0.016
54365.119124 r 19.029 0.019
54365.119957 i 18.618 0.017
54365.120790 u 22.168 0.730
54365.121624 z 18.397 0.032
54365.122457 g 20.103 0.033
54385.169096 r 19.059 0.011
54385.169929 i 18.591 0.012
#54385.170763 u 24.507 3.157
54385.171596 z 18.376 0.032
#54385.172429 g -99.000 0.031
54387.169594 r 19.025 0.020
54387.170427 i 18.702 0.015
54387.171261 u 22.292 0.663
#54387.172094 z -99.000 0.047
#54387.172927 g -99.000 0.030
#54392.164337 r -99.000 0.030
#54392.165170 i -99.000 0.027
#54392.166004 u 25.823 99.999
54392.166837 z 18.527 0.051
#54392.167670 g -99.000 0.156
54402.162803 r 19.010 0.018
54402.163636 i 18.623 0.017
54402.164470 u 22.187 0.733
54402.165303 z 18.403 0.036
54402.166136 g 20.039 0.043
