53636.110753 r 16.309 0.004
53636.111586 i 15.528 0.004
53636.112420 u 20.452 0.064
53636.113253 z 15.098 0.005
53636.114086 g 17.821 0.006
53645.170409 r 16.312 0.004
53645.171242 i 15.511 0.003
53645.172076 u 20.452 0.081
53645.172909 z 15.095 0.005
53645.173742 g 17.819 0.006
53655.082759 r 16.323 0.004
53655.083592 i 15.520 0.004
53655.084426 u 20.504 0.102
53655.085259 z 15.086 0.005
53655.086092 g 17.832 0.007
53681.104080 r 16.304 0.008
53681.104913 i 15.477 0.008
53681.105747 u 20.498 0.123
#53681.106580 z -99.000 0.011
53681.107413 g 17.803 0.012
53687.101476 r 16.321 0.004
53687.102309 i 15.531 0.004
53687.103143 u 20.524 0.194
53687.103976 z 15.087 0.005
53687.104809 g 17.818 0.009
#53697.061106 r -99.000 0.012
#53697.061939 i -99.000 0.007
#53697.062773 u -99.000 0.812
53697.063606 z 15.078 0.013
#53697.064439 g -99.000 0.019
53700.060079 r 16.314 0.004
53700.060912 i 15.515 0.003
53700.061746 u 20.416 0.084
53700.062579 z 15.074 0.005
53700.063412 g 17.815 0.006
53705.046747 r 16.334 0.004
53705.047580 i 15.528 0.003
53705.048414 u 20.576 0.121
53705.049247 z 15.090 0.005
53705.050080 g 17.823 0.006
53994.127213 r 16.334 0.003
53994.128047 i 15.537 0.007
53994.128880 u 20.478 0.060
53994.129713 z 15.077 0.010
53994.130547 g 17.820 0.014
53998.107088 r 16.332 0.013
53998.107922 i 15.543 0.014
53998.108755 u 20.528 0.057
53998.109588 z 15.103 0.017
53998.110422 g 17.809 0.009
54010.092568 r 16.352 0.016
#54010.093401 i -99.000 0.011
54010.094235 u 20.431 0.087
54010.095068 z 15.082 0.009
54010.095901 g 17.777 0.016
54012.085408 r 16.299 0.012
54012.086242 i 15.544 0.057
54012.087075 u 20.200 0.107
54012.087908 z 15.075 0.014
54012.088742 g 17.837 0.015
54020.091390 r 16.317 0.005
54020.092223 i 15.523 0.005
54020.093056 u 20.604 0.068
54020.093890 z 15.073 0.008
54020.094723 g 17.834 0.006
54022.140676 r 16.326 0.022
54022.141509 i 15.535 0.009
54022.142343 u 20.612 0.073
54022.143176 z 15.095 0.011
54022.144009 g 17.842 0.025
#54028.081754 r -99.000 0.012
#54028.082587 i -99.000 0.007
54028.083420 u 20.441 0.097
54028.084254 z 15.069 0.028
54028.085087 g 17.851 0.007
54030.084952 r 17.004 0.093
54030.085786 i 16.067 0.052
54030.086619 u 21.107 0.115
54030.087452 z 15.778 0.067
54030.088286 g 18.234 0.024
54030.084952 r 16.785 0.026
54030.085785 i 15.974 0.025
54030.086619 u 21.967 0.244
54030.087452 z 15.642 0.031
54030.088285 g 18.949 0.080
54032.074211 r 16.327 0.012
#54032.075044 i -99.000 0.049
54032.075878 u 20.512 0.091
#54032.076711 z -99.000 0.008
#54032.077544 g -99.000 0.007
54034.144468 r 16.297 0.004
54034.145301 i 15.508 0.008
54034.146135 u 20.481 0.108
54034.146968 z 15.068 0.009
54034.147801 g 17.783 0.007
54037.066189 r 16.320 0.005
54037.067022 i 15.527 0.007
54037.067856 u 20.533 0.082
54037.068689 z 15.090 0.015
54037.069522 g 17.785 0.014
54040.080672 r 16.317 0.007
54040.081505 i 15.549 0.028
54040.082339 u 20.542 0.140
54040.083172 z 15.089 0.013
54040.084005 g 17.810 0.009
54050.065299 r 16.285 0.072
54050.066132 i 15.504 0.031
54050.066966 u 20.275 0.088
54050.067799 z 15.061 0.010
#54050.068632 g -99.000 0.054
#54053.071457 r -99.000 0.015
#54053.072291 i -99.000 0.034
54053.073124 u 20.468 0.105
#54053.073957 z -99.000 0.010
#54053.074791 g -99.000 0.018
#54056.073146 r -99.000 0.019
54056.073979 i 15.540 0.014
54056.074812 u 20.332 0.084
#54056.075646 z -99.000 0.086
54056.076479 g 17.805 0.005
54059.067419 r 16.283 0.017
54059.068252 i 15.524 0.021
54059.069086 u 20.276 0.074
54059.069919 z 15.075 0.012
54059.070752 g 17.818 0.005
54061.078471 r 16.315 0.003
54061.079305 i 15.537 0.013
54061.080138 u 20.288 0.083
54061.080971 z 15.060 0.012
54061.081805 g 17.797 0.007
54062.072322 r 16.308 0.015
54062.073156 i 15.501 0.012
54062.073989 u 20.662 0.127
54062.074822 z 15.076 0.013
54062.075656 g 17.778 0.069
54068.062298 r 16.294 0.010
54068.063131 i 15.503 0.002
54068.063964 u 20.608 0.201
54068.064798 z 15.064 0.008
54068.065631 g 17.818 0.010
54357.110619 r 16.317 0.075
54357.111452 i 15.543 0.069
54357.112286 u 20.479 0.066
54357.113119 z 15.079 0.018
54357.113952 g 17.836 0.018
54365.108468 r 16.267 0.018
54365.109302 i 15.539 0.013
54365.110135 u 20.637 0.120
54365.110968 z 15.084 0.009
54365.111802 g 17.825 0.013
54385.158434 r 16.316 0.026
54385.159267 i 15.536 0.002
54385.160100 u 20.362 0.064
54385.160934 z 15.084 0.012
54385.161767 g 17.807 0.007
54387.158941 r 16.313 0.002
54387.159775 i 15.526 0.009
54387.160608 u 20.835 0.157
54387.161441 z 15.076 0.011
54387.162275 g 17.774 0.008
54392.153664 r 16.315 0.004
54392.154498 i 15.523 0.035
54392.155331 u 20.504 0.115
54392.156164 z 15.079 0.010
54392.156998 g 17.805 0.008
