53270.110310 r 19.663 0.019
53270.111143 i 19.380 0.021
53270.111977 u 21.517 0.218
53270.112810 z 19.308 0.050
53270.113643 g 20.297 0.031
53288.087465 r 19.681 0.017
53288.088298 i 19.346 0.016
53288.089132 u 22.034 0.258
53288.089965 z 19.254 0.053
53288.090798 g 20.352 0.022
53302.083135 r 19.658 0.024
53302.083968 i 19.372 0.021
53302.084802 u 21.588 0.348
53302.085635 z 19.248 0.056
53302.086468 g 20.365 0.047
53623.134445 r 19.675 0.021
53623.135278 i 19.401 0.020
53623.136112 u 21.704 0.251
53623.136945 z 19.145 0.053
53623.137778 g 20.339 0.030
53626.120657 r 19.663 0.028
53626.121490 i 19.328 0.022
53626.122324 u 21.580 0.315
53626.123157 z 19.242 0.059
53626.123990 g 20.263 0.045
53628.105523 r 19.572 0.034
53628.106356 i 19.443 0.031
53628.107190 u 22.185 0.894
53628.108023 z 19.190 0.081
53628.108856 g 20.428 0.080
53637.107134 r 19.617 0.018
53637.107967 i 19.341 0.019
53637.108801 u 21.745 0.250
53637.109634 z 19.259 0.061
53637.110467 g 20.338 0.024
53656.081796 r 19.707 0.037
53656.082629 i 19.415 0.030
53656.083463 u 21.725 0.584
53656.084296 z 19.264 0.080
53656.085129 g 20.450 0.077
53673.057542 r 19.677 0.019
53673.058375 i 19.365 0.019
53673.059209 u 21.967 0.268
53673.060042 z 19.196 0.054
53673.060875 g 20.344 0.024
53677.075465 r 19.675 0.019
53677.076298 i 19.345 0.017
53677.077132 u 21.813 0.252
53677.077965 z 19.212 0.072
53677.078798 g 20.385 0.027
53680.062130 r 19.687 0.017
53680.062963 i 19.345 0.016
53680.063797 u 21.922 0.223
53680.064630 z 19.188 0.047
53680.065463 g 20.388 0.024
53693.064038 r 19.679 0.022
53693.064871 i 19.327 0.019
53693.065705 u 21.990 0.321
53693.066538 z 19.215 0.059
53693.067371 g 20.356 0.026
53703.068851 r 19.954 0.046
53703.069685 i 19.802 0.053
#53703.070518 u 23.324 1.144
53703.071351 z 19.327 0.092
53703.072185 g 20.499 0.038
53989.124732 r 19.672 0.022
53989.125565 i 19.395 0.039
53989.126398 u 21.722 0.185
53989.127232 z 19.120 0.039
53989.128065 g 20.373 0.021
53995.132656 r 19.657 0.018
53995.133489 i 19.336 0.014
53995.134322 u 21.670 0.152
53995.135156 z 19.208 0.044
53995.135989 g 20.312 0.017
53997.111027 r 19.896 0.035
53997.111860 i 19.352 0.022
53997.112694 u 21.710 0.223
53997.113527 z 19.310 0.067
53997.114360 g 20.840 0.049
54005.082889 r 19.600 0.015
54005.083722 i 19.328 0.017
54005.084556 u 22.910 0.572
54005.085389 z 19.280 0.041
54005.086222 g 20.311 0.021
54007.095632 r 19.625 0.021
54007.096466 i 19.319 0.024
54007.097299 u 22.924 1.000
54007.098132 z 19.254 0.049
54007.098966 g 20.453 0.029
#54009.092743 r -99.000 0.019
54009.093576 i 19.354 0.039
54009.094409 u 22.002 0.337
54009.095243 z 19.254 0.046
54009.096076 g 20.322 0.031
54011.157231 r 19.650 0.021
54011.158064 i 19.377 0.017
54011.158897 u 21.127 0.207
54011.159731 z 19.145 0.041
54011.160564 g 20.259 0.049
54019.107437 r 19.677 0.018
54019.108271 i 19.361 0.022
54019.109104 u 21.932 0.253
54019.109937 z 19.126 0.053
54019.110771 g 20.317 0.019
54025.156249 r 19.660 0.015
54025.157082 i 19.337 0.055
54025.157915 u 21.820 0.228
54025.158749 z 19.214 0.052
54025.159582 g 20.366 0.024
54029.086583 r 19.701 0.015
54029.087416 i 19.339 0.025
54029.088249 u 21.646 0.171
54029.089083 z 19.281 0.053
54029.089916 g 20.314 0.019
54051.063161 r 19.660 0.024
54051.063994 i 19.404 0.026
54051.064827 u 21.782 0.367
54051.065661 z 19.089 0.095
54051.066494 g 20.653 0.051
54358.109807 r 19.678 0.022
#54358.110640 i -99.000 0.018
54358.111474 u 21.650 0.232
54358.112307 z 19.174 0.049
54358.113140 g 20.343 0.023
54386.154762 r 19.634 0.027
54386.155595 i 19.318 0.022
54386.156429 u 21.920 0.454
#54386.157262 z -99.000 0.104
54386.158095 g 20.342 0.037
54388.159030 r 19.638 0.018
54388.159863 i 19.339 0.023
54388.160696 u 21.547 0.220
54388.161530 z 19.155 0.056
54388.162363 g 20.325 0.021
54403.072796 r 19.685 0.015
54403.073629 i 19.376 0.019
54403.074463 u 21.983 0.230
54403.075296 z 19.158 0.046
54403.076129 g 20.317 0.019
54406.066631 r 19.703 0.026
#54406.067464 i -99.000 0.058
54406.068298 u 21.584 0.171
54406.069131 z 19.229 0.061
54406.069964 g 20.306 0.020
54412.069562 r 19.715 0.026
54412.070396 i 19.361 0.026
54412.071229 u 22.323 0.705
54412.072062 z 19.136 0.091
54412.072896 g 20.377 0.039
54415.107116 r 19.702 0.026
54415.107950 i 19.390 0.036
#54415.108783 u -99.000 0.347
54415.109616 z 20.049 0.952
#54415.110450 g -99.000 0.039
