53625.152991 r 17.730 0.008
53625.153824 i 17.419 0.007
53625.154658 u 20.501 0.082
53625.155491 z 17.291 0.016
53625.156324 g 18.514 0.010
53645.171697 r 17.790 0.007
53645.172530 i 17.551 0.007
53645.173364 u 20.448 0.080
53645.174197 z 17.380 0.017
53645.175030 g 18.663 0.010
53669.068232 r 17.531 0.006
53669.069065 i 17.395 0.007
53669.069899 u 20.075 0.050
53669.070732 z 17.288 0.016
53669.071565 g 18.292 0.007
53681.105365 r 17.750 0.010
53681.106198 i 17.431 0.010
53681.107032 u 20.675 0.147
53681.107865 z 17.312 0.024
53681.108698 g 18.591 0.014
53685.064406 r 17.626 0.009
53685.065239 i 17.575 0.008
53685.066073 u 20.367 0.158
53685.066906 z 17.379 0.021
53685.067739 g 18.426 0.013
53687.102761 r 17.537 0.007
53687.103594 i 17.582 0.008
53687.104428 u 20.488 0.204
53687.105261 z 17.341 0.020
53687.106094 g 18.642 0.016
#53697.062389 r -99.000 0.033
#53697.063222 i -99.000 0.024
53697.064056 u 20.972 0.581
53697.064889 z 17.464 0.094
#53697.065722 g -99.000 0.026
53700.061353 r 17.514 0.007
53700.062186 i 17.357 0.007
53700.063020 u 20.695 0.120
53700.063853 z 17.281 0.020
53700.064686 g 19.122 0.015
53994.128455 r 17.730 0.238
53994.129288 i 17.505 0.289
53994.130122 u 20.779 0.382
53994.130955 z 17.279 0.268
53994.131788 g 18.318 0.246
53998.108366 r 17.753 0.304
53998.109199 i 17.475 0.230
53998.110033 u 20.330 0.164
53998.110866 z 17.356 0.354
53998.111699 g 18.500 0.325
54010.093838 r 17.719 0.187
54010.094671 i 17.349 0.167
54010.095505 u 20.561 0.356
54010.096338 z 17.271 0.201
54010.097171 g 18.457 0.232
#54012.086683 r -99.000 0.204
54012.087517 i 17.437 0.182
54012.088350 u 20.887 0.229
54012.089183 z 17.463 0.193
54012.090017 g 18.592 0.347
54022.141978 r 17.802 0.260
54022.142812 i 17.588 0.240
54022.143645 u 20.320 0.156
54022.144478 z 17.523 0.366
54022.145312 g 18.368 0.263
54030.086225 r 18.260 0.393
54030.087058 i 17.460 0.175
54030.087891 u 20.756 0.150
54030.088725 z 17.540 0.316
54030.089558 g 18.594 0.333
#54032.075611 r -99.000 0.168
54032.076444 i 17.427 0.206
54032.077278 u 20.898 0.308
#54032.078111 z -99.000 0.359
#54032.078944 g -99.000 0.262
54037.067473 r 17.607 0.199
54037.068306 i 17.414 0.229
54037.069140 u 20.828 0.298
54037.069973 z 17.262 0.290
54037.070806 g 18.527 0.301
#54056.074418 r -99.000 0.191
#54056.075251 i -99.000 0.417
54056.076084 u 20.560 0.226
54056.076918 z 17.731 0.247
54056.077751 g 18.679 0.240
54061.079749 r 17.776 0.195
54061.080582 i 17.367 0.164
54061.081415 u 20.903 0.270
54061.082249 z 17.271 0.188
#54061.083082 g -99.000 0.260
54357.111894 r 17.700 0.176
#54357.112727 i -99.000 0.175
54357.113561 u 21.777 0.771
54357.114394 z 17.249 0.190
#54357.115227 g -99.000 0.213
54365.109739 r 17.728 0.220
54365.110572 i 17.356 0.170
54365.111405 u 21.186 0.744
54365.112239 z 17.265 0.200
54365.113072 g 18.393 0.220
54385.159711 r 17.804 0.224
54385.160544 i 17.501 0.187
54385.161377 u 20.186 0.290
54385.162211 z 17.298 0.191
54385.163044 g 18.295 0.192
54392.154947 r 17.719 0.211
54392.155780 i 17.461 0.176
54392.156613 u 20.343 0.285
54392.157447 z 17.340 0.287
54392.158280 g 18.311 0.243
