53270.113036 r 17.880 0.005
53270.113869 i 17.571 0.022
53270.114702 u 20.547 0.085
53270.115536 z 17.401 0.015
53270.116369 g 18.779 0.010
53288.090192 r 17.913 0.007
53288.091025 i 17.576 0.006
53288.091859 u 20.810 0.094
53288.092692 z 17.341 0.013
53288.093525 g 18.763 0.009
53302.085862 r 17.916 0.008
53302.086695 i 17.570 0.007
53302.087529 u 20.798 0.176
53302.088362 z 17.304 0.013
53302.089195 g 18.743 0.012
53623.137173 r 17.901 0.007
53623.138006 i 17.564 0.006
53623.138840 u 20.760 0.107
53623.139673 z 17.340 0.014
53623.140506 g 18.742 0.010
53626.123385 r 17.867 0.008
53626.124218 i 17.542 0.007
53626.125052 u 20.715 0.156
53626.125885 z 17.442 0.015
53626.126718 g 18.720 0.013
53628.108251 r 17.872 0.009
53628.109084 i 17.530 0.007
53628.109918 u 21.374 0.393
53628.110751 z 17.303 0.016
53628.111584 g 18.751 0.018
53637.109862 r 17.894 0.007
53637.110695 i 17.557 0.006
53637.111529 u 20.798 0.116
53637.112362 z 17.302 0.015
53637.113195 g 18.756 0.009
53656.084524 r 17.847 0.009
53656.085357 i 17.540 0.007
53656.086191 u 20.807 0.254
53656.087024 z 17.292 0.018
53656.087857 g 18.690 0.019
#53665.075802 r -99.000 0.018
#53665.076635 i -99.000 0.025
53665.077469 u 20.710 0.364
53665.078302 z 17.318 0.053
#53665.079135 g -99.000 0.026
53673.060269 r 17.876 0.007
53673.061102 i 17.530 0.006
53673.061936 u 20.756 0.096
53673.062769 z 17.294 0.013
53673.063602 g 18.738 0.009
53677.078192 r 17.861 0.007
53677.079025 i 17.534 0.006
53677.079859 u 20.781 0.105
53677.080692 z 17.365 0.015
#53677.081525 g -99.000 0.009
53680.064857 r 17.865 0.007
53680.065690 i 17.542 0.007
53680.066524 u 20.845 0.090
53680.067357 z 17.350 0.013
53680.068190 g 18.711 0.009
53693.066765 r 17.875 0.007
53693.067598 i 17.546 0.006
53693.068432 u 20.727 0.104
53693.069265 z 17.305 0.013
53693.070098 g 18.725 0.009
53703.071571 r 17.855 0.042
53703.072404 i 17.510 0.006
53703.073237 u 20.622 0.125
53703.074071 z 17.337 0.024
53703.074904 g 18.699 0.010
53989.127473 r 18.024 0.044
53989.128307 i 17.668 0.050
53989.129140 u 20.920 0.099
53989.129973 z 17.428 0.016
53989.130807 g 18.923 0.015
53995.135383 r 17.986 0.022
53995.136216 i 17.625 0.010
53995.137049 u 20.855 0.078
53995.137883 z 17.385 0.015
53995.138716 g 18.834 0.008
53997.113759 r 18.010 0.008
53997.114592 i 17.684 0.014
53997.115425 u 20.812 0.100
53997.116259 z 17.420 0.017
#53997.117092 g -99.000 0.009
54005.085608 r 17.989 0.016
54005.086441 i 17.657 0.016
54005.087274 u 20.940 0.094
54005.088108 z 17.364 0.013
54005.088941 g 18.872 0.011
54007.098357 r 17.896 0.008
54007.099191 i 17.597 0.005
54007.100024 u 20.905 0.108
54007.100857 z 17.323 0.017
54007.101691 g 18.771 0.015
54009.095466 r 17.957 0.014
54009.096299 i 17.590 0.008
54009.097132 u 20.604 0.097
54009.097966 z 17.396 0.022
54009.098799 g 18.782 0.016
54011.159959 r 17.986 0.015
54011.160793 i 17.603 0.044
54011.161626 u 20.844 0.164
54011.162459 z 17.432 0.021
54011.163293 g 18.852 0.017
54019.110173 r 17.990 0.010
54019.111007 i 17.626 0.011
54019.111840 u 20.858 0.090
54019.112673 z 17.418 0.018
54019.113507 g 18.853 0.010
54025.158978 r 17.903 0.014
54025.159812 i 17.630 0.016
54025.160645 u 20.844 0.103
54025.161478 z 17.392 0.014
54025.162312 g 18.836 0.012
54029.089321 r 17.945 0.006
54029.090155 i 17.598 0.024
54029.090988 u 20.757 0.079
54029.091821 z 17.354 0.015
54029.092655 g 18.820 0.020
54051.065888 r 17.950 0.010
#54051.066722 i -99.000 0.008
54051.067555 u 20.830 0.208
54051.068388 z 17.374 0.026
54051.069222 g 18.805 0.017
54358.112544 r 17.896 0.018
54358.113378 i 17.526 0.007
54358.114211 u 20.781 0.126
54358.115044 z 17.365 0.021
#54358.115878 g -99.000 0.039
#54386.157483 r -99.000 0.012
54386.158317 i 17.549 0.009
54386.159150 u 20.650 0.146
#54386.159983 z -99.000 0.019
54386.160817 g 18.737 0.019
54388.161760 r 17.885 0.007
54388.162594 i 17.550 0.034
54388.163427 u 20.805 0.112
54388.164260 z 17.313 0.015
54388.165094 g 18.734 0.010
54403.075529 r 17.806 0.005
54403.076362 i 17.527 0.004
54403.077196 u 20.673 0.077
54403.078029 z 17.315 0.015
54403.078862 g 18.721 0.032
54406.069358 r 17.924 0.025
54406.070191 i 17.587 0.048
54406.071024 u 20.709 0.084
54406.071858 z 17.446 0.021
54406.072691 g 18.775 0.014
54412.072284 r 17.909 0.009
#54412.073118 i -99.000 0.032
54412.073951 u 20.741 0.117
54412.074784 z 17.359 0.018
54412.075618 g 18.771 0.010
#54415.109845 r -99.000 0.013
#54415.110678 i -99.000 0.011
54415.111512 u 20.671 0.095
54415.112345 z 17.356 0.014
54415.113178 g 18.798 0.008
