53270.109446 r 19.019 0.076
53270.110280 i 18.731 0.028
53270.111113 u 20.796 0.108
53270.111946 z 18.695 0.041
53270.112780 g 19.563 0.018
53288.086588 r 19.004 0.011
53288.087421 i 18.966 0.014
53288.088255 u 20.748 0.084
53288.089088 z 18.651 0.039
53288.089921 g 19.596 0.013
53302.082257 r 19.039 0.014
53302.083090 i 18.870 0.015
53302.083924 u 21.040 0.197
53302.084757 z 18.645 0.040
53302.085590 g 19.594 0.022
53623.133569 r 18.992 0.012
53623.134402 i 18.705 0.013
53623.135236 u 20.821 0.121
53623.136069 z 18.736 0.045
53623.136902 g 19.589 0.017
53628.104646 r 19.006 0.020
53628.105479 i 18.815 0.019
53628.106313 u 20.801 0.219
53628.107146 z 18.740 0.059
53628.107979 g 19.601 0.037
53637.106257 r 19.031 0.012
53637.107090 i 18.737 0.013
53637.107924 u 20.878 0.113
53637.108757 z 18.633 0.045
53637.109590 g 19.571 0.014
53656.080919 r 18.976 0.022
53656.081752 i 18.765 0.020
53656.082586 u 20.854 0.267
53656.083419 z 18.687 0.063
53656.084252 g 19.579 0.035
53673.056665 r 19.076 0.013
53673.057498 i 18.929 0.015
53673.058332 u 20.637 0.087
53673.059165 z 18.606 0.041
53673.059998 g 19.583 0.014
53677.074588 r 19.009 0.012
53677.075421 i 18.739 0.013
53677.076255 u 20.685 0.078
53677.077088 z 18.667 0.047
53677.077921 g 19.584 0.015
53680.061252 r 19.041 0.012
#53680.062085 i -99.000 0.638
53680.062919 u 21.051 0.102
53680.063752 z 18.770 0.039
53680.064585 g 19.575 0.013
53693.063160 r 18.993 0.013
53693.063993 i 18.703 0.013
53693.064827 u 20.664 0.100
53693.065660 z 18.608 0.043
53693.066493 g 19.569 0.014
53703.067978 r 19.212 0.022
53703.068812 i 19.048 0.029
53703.069645 u 20.866 0.180
#53703.070478 z 99.979 99.999
53703.071312 g 19.549 0.025
53989.123861 r 19.053 0.032
53989.124694 i 18.738 0.018
53989.125528 u 20.925 0.089
53989.126361 z 18.696 0.037
53989.127194 g 19.552 0.012
53995.131778 r 19.005 0.009
53995.132611 i 18.894 0.026
53995.133445 u 20.742 0.071
53995.134278 z 18.690 0.033
53995.135111 g 19.696 0.016
53997.110151 r 19.016 0.013
53997.110985 i 18.810 0.036
53997.111818 u 20.824 0.100
53997.112651 z 18.718 0.045
53997.113485 g 19.570 0.013
54005.082007 r 19.029 0.023
54005.082840 i 18.714 0.037
54005.083673 u 20.854 0.091
54005.084507 z 18.690 0.034
54005.085340 g 19.594 0.012
54007.094759 r 19.014 0.010
54007.095592 i 18.748 0.017
54007.096426 u 20.986 0.115
54007.097259 z 18.651 0.036
54007.098092 g 19.602 0.017
54009.091859 r 19.002 0.012
54009.092693 i 18.783 0.017
54009.093526 u 20.756 0.101
54009.094359 z 18.689 0.036
54009.095193 g 19.574 0.016
54011.156352 r 19.030 0.015
54011.157185 i 18.780 0.027
54011.158018 u 20.778 0.127
54011.158852 z 18.734 0.034
54011.159685 g 19.638 0.021
54019.106593 r 19.170 0.018
54019.107426 i 19.053 0.027
54019.108259 u 20.895 0.084
54019.109093 z 18.675 0.047
54019.109926 g 19.741 0.019
54025.155376 r 19.267 0.032
54025.156210 i 18.928 0.025
54025.157043 u 21.085 0.137
54025.157876 z 19.028 0.076
54025.158710 g 19.754 0.021
54051.062281 r 19.054 0.023
#54051.063114 i -99.000 0.030
54051.063948 u 20.952 0.146
#54051.064781 z -99.000 0.065
54051.065614 g 19.606 0.021
54358.108933 r 19.106 0.014
54358.109766 i 18.728 0.026
54358.110599 u 20.764 0.104
#54358.111433 z -99.000 0.055
54358.112266 g 19.594 0.065
54388.158151 r 19.175 0.017
54388.158985 i 18.836 0.024
54388.159818 u 20.945 0.144
54388.160651 z 18.693 0.045
54388.161485 g 19.813 0.028
54403.071919 r 19.047 0.027
54403.072752 i 19.009 0.041
54403.073586 u 20.668 0.073
54403.074419 z 18.622 0.037
54403.075252 g 19.575 0.025
54406.065751 r 19.017 0.040
54406.066585 i 18.902 0.024
54406.067418 u 20.790 0.083
54406.068251 z 18.591 0.041
54406.069085 g 19.561 0.017
54412.068679 r 18.991 0.014
54412.069512 i 18.798 0.024
54412.070345 u 20.717 0.126
#54412.071179 z -99.000 0.061
54412.072012 g 19.606 0.022
#54415.106240 r -99.000 0.031
54415.107074 i 18.841 0.018
#54415.107907 u -99.000 0.170
#54415.108740 z -99.000 0.057
54415.109574 g 19.617 0.022
