53270.109221 r 17.665 0.023
53270.110055 i 17.403 0.029
53270.110888 u 19.936 0.052
53270.111721 z 17.263 0.037
53270.112555 g 18.256 0.017
#53288.086377 r -99.000 0.006
53288.087210 i 17.480 0.007
53288.088044 u 20.029 0.050
53288.088877 z 17.306 0.014
53288.089710 g 18.709 0.009
53302.082045 r 17.685 0.007
53302.082878 i 17.475 0.007
53302.083712 u 19.908 0.071
53302.084545 z 17.303 0.015
53302.085378 g 18.420 0.010
53623.133346 r 17.698 0.006
53623.134179 i 17.449 0.007
53623.135013 u 19.809 0.051
53623.135846 z 17.276 0.015
53623.136679 g 18.342 0.008
53626.119571 r 17.664 0.007
53626.120404 i 17.419 0.007
53626.121238 u 19.784 0.065
53626.122071 z 17.273 0.015
53626.122904 g 18.287 0.010
53628.104435 r 17.658 0.008
53628.105268 i 17.422 0.008
53628.106102 u 19.907 0.101
53628.106935 z 17.277 0.017
53628.107768 g 18.282 0.013
53637.106047 r 17.667 0.006
53637.106880 i 17.435 0.007
53637.107714 u 19.831 0.048
53637.108547 z 17.310 0.015
53637.109380 g 18.316 0.007
53656.080708 r 17.643 0.008
53656.081541 i 17.382 0.008
53656.082375 u 19.895 0.105
53656.083208 z 17.254 0.017
53656.084041 g 18.248 0.012
53673.056444 r 17.693 0.006
53673.057277 i 17.440 0.007
53673.058111 u 19.962 0.053
53673.058944 z 17.287 0.015
53673.059777 g 18.400 0.007
53677.074377 r 17.641 0.006
53677.075210 i 17.406 0.007
53677.076044 u 19.813 0.043
53677.076877 z 17.265 0.015
53677.077710 g 18.257 0.007
53680.061032 r 17.655 0.006
#53680.061865 i -99.000 0.007
53680.062699 u 19.926 0.043
53680.063532 z 17.301 0.013
53680.064365 g 18.362 0.007
53693.062941 r 17.747 0.006
53693.063774 i 17.482 0.007
53693.064608 u 19.932 0.057
53693.065441 z 17.332 0.014
53693.066274 g 18.493 0.008
53989.123645 r 17.697 0.039
53989.124478 i 17.522 0.043
53989.125311 u 20.052 0.056
53989.126145 z 17.281 0.045
53989.126978 g 18.653 0.038
53995.131565 r 17.738 0.035
53995.132398 i 17.478 0.066
53995.133232 u 19.896 0.042
53995.134065 z 17.306 0.044
53995.134898 g 18.428 0.029
54005.081789 r 17.667 0.026
54005.082623 i 17.445 0.089
54005.083456 u 19.869 0.048
54005.084289 z 17.321 0.050
54005.085123 g 18.361 0.020
54009.091648 r 17.708 0.036
54009.092481 i 17.456 0.040
54009.093314 u 19.989 0.063
54009.094148 z 17.275 0.045
54009.094981 g 18.335 0.020
#54011.156139 r -99.000 0.028
#54011.156972 i -99.000 0.031
54011.157805 u 19.818 0.059
54011.158639 z 17.326 0.054
54011.159472 g 18.318 0.018
54019.106350 r 17.651 0.046
54019.107184 i 17.390 0.024
54019.108017 u 19.945 0.048
54019.108850 z 17.317 0.034
54019.109684 g 18.261 0.046
54025.155162 r 17.680 0.032
54025.155995 i 17.436 0.056
54025.156829 u 19.878 0.049
54025.157662 z 17.280 0.044
54025.158495 g 18.314 0.026
54029.085492 r 17.686 0.033
54029.086325 i 17.447 0.038
54029.087159 u 19.874 0.042
54029.087992 z 17.282 0.048
54029.088825 g 18.267 0.027
54051.062073 r 17.637 0.025
54051.062907 i 17.427 0.035
54051.063740 u 20.141 0.077
54051.064573 z 17.338 0.039
#54051.065407 g -99.000 0.018
54358.108718 r 17.647 0.034
54358.109551 i 17.394 0.035
54358.110384 u 19.839 0.050
54358.111218 z 17.297 0.035
54358.112051 g 18.289 0.028
54388.157932 r 17.645 0.025
54388.158766 i 17.480 0.057
54388.159599 u 19.855 0.055
54388.160432 z 17.288 0.028
54388.161266 g 18.321 0.024
54403.071707 r 17.671 0.032
54403.072540 i 17.440 0.037
54403.073374 u 19.960 0.050
54403.074207 z 17.377 0.048
54403.075040 g 18.763 0.045
54406.065558 r 17.695 0.032
54406.066391 i 17.442 0.069
54406.067225 u 19.894 0.047
54406.068058 z 17.317 0.040
54406.068891 g 18.349 0.020
54415.106031 r 17.914 0.025
#54415.106864 i -99.000 0.035
#54415.107698 u -99.000 0.075
#54415.108531 z -99.000 0.042
#54415.109364 g -99.000 0.038
