52935.062906 r 17.034 0.005
52935.063739 i 16.659 0.005
52935.064573 u 19.858 0.046
52935.065406 z 16.326 0.008
52935.066239 g 17.882 0.006
53313.056108 r 17.058 0.005
53313.056941 i 16.576 0.005
53313.057775 u 19.770 0.046
53313.058608 z 16.287 0.009
53313.059441 g 17.814 0.006
53625.161322 r 16.913 0.005
53625.162155 i 16.543 0.005
53625.162989 u 19.874 0.051
53625.163822 z 16.297 0.008
53625.164655 g 17.761 0.007
53636.120359 r 16.913 0.005
53636.121192 i 16.556 0.005
53636.122026 u 19.756 0.040
53636.122859 z 16.303 0.008
53636.123692 g 17.831 0.006
53645.180025 r 16.893 0.005
53645.180858 i 16.531 0.005
53645.181692 u 19.888 0.048
53645.182525 z 16.279 0.008
53645.183358 g 17.913 0.006
53655.092363 r 16.962 0.005
53655.093196 i 16.543 0.005
53655.094030 u 19.831 0.058
53655.094863 z 16.296 0.008
53655.095696 g 17.758 0.007
53664.117309 r 16.931 0.005
53664.118142 i 16.534 0.005
53664.118976 u 19.853 0.056
53664.119809 z 16.278 0.008
53664.120642 g 18.029 0.007
53669.076560 r 16.896 0.005
53669.077393 i 16.483 0.005
53669.078227 u 19.842 0.040
53669.079060 z 16.360 0.008
53669.079893 g 17.722 0.005
53674.060786 r 16.992 0.005
53674.061619 i 16.678 0.005
53674.062453 u 19.848 0.043
53674.063286 z 16.306 0.008
53674.064119 g 17.814 0.006
#53681.113692 r -99.000 0.007
53681.114525 i 16.478 0.007
53681.115359 u 19.865 0.111
#53681.116192 z -99.000 0.017
#53681.117025 g -99.000 0.011
53685.072735 r 16.937 0.005
53685.073568 i 16.575 0.005
53685.074402 u 19.842 0.124
53685.075235 z 16.313 0.010
53685.076068 g 17.825 0.009
53687.111089 r 16.973 0.005
53687.111922 i 16.541 0.005
53687.112756 u 19.903 0.134
53687.113589 z 16.295 0.008
53687.114422 g 17.864 0.009
#53694.086632 r -99.000 0.016
#53694.087465 i -99.000 0.008
#53694.088299 u -99.000 3.844
#53694.089132 z -99.000 0.014
#53694.089965 g -99.000 1.148
53697.070718 r 16.867 0.009
53697.071551 i 16.509 0.008
53697.072385 u 19.950 0.121
53697.073218 z 16.296 0.016
53697.074051 g 17.744 0.010
53700.069682 r 17.138 0.005
53700.070515 i 16.604 0.005
53700.071349 u 19.802 0.056
53700.072182 z 16.292 0.008
53700.073015 g 17.732 0.006
53705.056350 r 16.981 0.005
53705.057183 i 16.521 0.005
53705.058017 u 19.996 0.061
53705.058850 z 16.294 0.008
53705.059683 g 17.906 0.006
53975.141355 r 16.910 0.044
#53975.142189 i -99.000 0.018
53975.143022 u 19.856 0.047
53975.143855 z 16.303 0.015
53975.144689 g 17.708 0.013
53994.136783 r 16.954 0.010
53994.137616 i 16.533 0.008
53994.138449 u 19.847 0.040
53994.139283 z 16.297 0.011
53994.140116 g 17.806 0.012
#53998.116691 r -99.000 0.006
53998.117524 i 16.576 0.015
53998.118357 u 19.832 0.039
53998.119191 z 16.268 0.012
53998.120024 g 17.810 0.008
54010.102167 r 16.885 0.007
#54010.103001 i -99.000 0.023
54010.103834 u 20.706 0.208
54010.104667 z 16.304 0.012
54010.105501 g 17.861 0.015
54012.095014 r 16.913 0.010
54012.095847 i 16.569 0.010
54012.096680 u 19.997 0.095
54012.097514 z 16.283 0.017
54012.098347 g 17.865 0.017
54020.100992 r 16.901 0.005
54020.101825 i 16.530 0.007
54020.102659 u 19.922 0.046
54020.103492 z 16.312 0.015
54020.104325 g 17.825 0.008
#54022.150280 r -99.000 0.010
#54022.151113 i -99.000 0.010
54022.151946 u 20.102 0.084
54022.152780 z 16.268 0.016
#54022.153613 g -99.000 0.014
54030.094550 r 16.960 0.029
#54030.095383 i -99.000 0.037
54030.096217 u 19.903 0.041
54030.097050 z 16.252 0.010
54030.097883 g 17.932 0.023
54034.154053 r 17.200 0.018
54034.154886 i 16.545 0.028
#54034.155719 u 30.067 99.999
54034.156553 z 16.353 0.014
54034.157386 g 18.829 0.086
54037.075791 r 16.910 0.008
#54037.076624 i -99.000 0.052
54037.077457 u 19.842 0.048
54037.078291 z 16.266 0.015
54037.079124 g 17.777 0.015
54040.090281 r 16.878 0.008
54040.091115 i 16.511 0.012
54040.091948 u 19.953 0.082
54040.092781 z 16.281 0.014
54040.093615 g 17.874 0.017
54050.074903 r 16.901 0.018
54050.075737 i 16.513 0.018
54050.076570 u 19.897 0.060
54050.077403 z 16.294 0.014
54050.078237 g 17.715 0.009
54053.081071 r 17.070 0.012
54053.081904 i 16.708 0.034
54053.082737 u 19.976 0.082
54053.083571 z 16.340 0.014
54053.084404 g 18.054 0.021
#54056.082743 r -99.000 0.035
54056.083577 i 16.537 0.031
54056.084410 u 19.729 0.055
54056.085243 z 16.272 0.016
#54056.086077 g -99.000 0.042
54059.077022 r 16.896 0.006
54059.077856 i 16.508 0.015
54059.078689 u 19.826 0.055
54059.079522 z 16.269 0.016
54059.080356 g 17.753 0.015
54061.088075 r 16.963 0.013
#54061.088908 i -99.000 0.026
54061.089742 u 19.907 0.066
54061.090575 z 16.363 0.016
#54061.091408 g -99.000 0.043
54062.081950 r 16.900 0.045
54062.082783 i 16.504 0.020
54062.083617 u 19.889 0.065
54062.084450 z 16.283 0.016
#54062.085283 g -99.000 0.030
54068.071897 r 16.888 0.008
54068.072730 i 16.505 0.009
54068.073563 u 19.697 0.103
54068.074397 z 16.299 0.014
54068.075230 g 17.837 0.031
#54357.120217 r -99.000 0.005
54357.121050 i 16.591 0.013
54357.121884 u 20.033 0.066
54357.122717 z 16.338 0.016
54357.123550 g 17.855 0.018
54365.118069 r 16.912 0.011
54365.118902 i 16.504 0.008
54365.119735 u 19.979 0.092
54365.120569 z 16.272 0.014
54365.121402 g 17.722 0.013
54385.168039 r 16.921 0.007
54385.168873 i 16.512 0.015
54385.169706 u 20.117 0.082
54385.170539 z 16.274 0.013
54385.171373 g 17.862 0.012
54387.168544 r 16.861 0.011
54387.169377 i 16.498 0.012
54387.170211 u 19.798 0.064
#54387.171044 z -99.000 0.015
#54387.171877 g -99.000 0.013
#54392.163275 r -99.000 0.026
54392.164108 i 16.478 0.042
54392.164942 u 19.799 0.113
54392.165775 z 16.276 0.014
#54392.166608 g -99.000 0.019
54402.161734 r 16.904 0.012
54402.162568 i 16.500 0.009
54402.163401 u 19.937 0.117
54402.164234 z 16.302 0.020
54402.165068 g 17.752 0.012
