53625.151728 r 16.219 0.005
53625.152561 i 15.932 0.005
53625.153395 u 18.273 0.017
53625.154228 z 15.806 0.007
53625.155061 g 16.861 0.005
#53636.110766 r -99.000 0.005
53636.111599 i 15.942 0.005
53636.112433 u 18.253 0.015
53636.113266 z 15.804 0.007
53636.114099 g 16.858 0.005
53645.170433 r 16.213 0.004
53645.171266 i 15.922 0.004
53645.172100 u 18.272 0.017
53645.172933 z 15.795 0.006
53645.173766 g 16.849 0.004
53655.082769 r 16.221 0.005
53655.083602 i 15.938 0.005
53655.084436 u 18.283 0.019
53655.085269 z 15.803 0.006
53655.086102 g 16.870 0.005
53681.104101 r 16.216 0.005
53681.104934 i 15.934 0.005
53681.105768 u 18.176 0.023
53681.106601 z 15.781 0.008
53681.107434 g 16.865 0.006
53687.101498 r 16.219 0.004
53687.102331 i 15.949 0.004
53687.103165 u 18.300 0.029
53687.103998 z 15.805 0.006
53687.104831 g 16.854 0.005
#53697.061126 r -99.000 0.012
#53697.061959 i -99.000 0.010
#53697.062793 u -99.000 0.057
#53697.063626 z -99.000 0.019
#53697.064459 g -99.000 0.011
53700.060090 r 16.206 0.004
53700.060923 i 15.918 0.004
53700.061757 u 18.265 0.018
53700.062590 z 15.810 0.006
53700.063423 g 16.849 0.004
53705.046759 r 16.222 0.004
53705.047592 i 15.919 0.004
53705.048426 u 18.249 0.019
53705.049259 z 15.841 0.006
53705.050092 g 16.856 0.004
53994.127194 r 16.244 0.010
53994.128028 i 15.923 0.017
53994.128861 u 18.284 0.016
53994.129694 z 15.794 0.008
53994.130528 g 16.861 0.008
53998.107109 r 16.241 0.028
53998.107943 i 15.967 0.045
53998.108776 u 18.272 0.020
53998.109609 z 15.818 0.011
53998.110443 g 16.882 0.010
54010.092576 r 16.221 0.008
54010.093409 i 15.952 0.012
54010.094243 u 18.255 0.018
54010.095076 z 15.810 0.009
54010.095909 g 16.876 0.009
54012.085424 r 16.211 0.008
54012.086257 i 15.941 0.008
54012.087090 u 18.283 0.032
54012.087924 z 15.785 0.010
54012.088757 g 16.881 0.010
54020.091399 r 16.223 0.003
54020.092232 i 15.956 0.005
54020.093066 u 18.325 0.019
54020.093899 z 15.802 0.009
54020.094732 g 16.893 0.007
54022.140699 r 16.180 0.018
54022.141533 i 15.936 0.022
54022.142366 u 18.312 0.023
54022.143199 z 15.801 0.009
#54022.144033 g -99.000 0.006
#54028.081769 r -99.000 0.027
#54028.082603 i -99.000 0.002
54028.083436 u 18.323 0.026
54028.084269 z 15.800 0.020
54028.085103 g 16.887 0.020
54030.084963 r 16.615 0.029
54030.085797 i 16.200 0.048
54030.086630 u 18.828 0.040
54030.087463 z 16.425 0.044
54030.088297 g 17.229 0.027
#54032.074233 r -99.000 0.005
54032.075067 i 15.929 0.005
54032.075900 u 18.300 0.021
#54032.076733 z -99.000 0.014
#54032.077567 g -99.000 0.010
#54034.144754 r -99.000 0.002
54034.145587 i 15.904 0.034
54034.146420 u 18.318 0.023
#54034.147254 z -99.000 0.008
#54034.148087 g -99.000 0.008
54037.066197 r 16.239 0.019
54037.067031 i 15.955 0.003
54037.067864 u 18.301 0.021
#54037.068697 z -99.000 0.017
54037.069531 g 16.858 0.010
54040.080681 r 16.204 0.006
54040.081514 i 15.945 0.049
54040.082347 u 18.287 0.026
54040.083181 z 15.782 0.012
54040.084014 g 16.866 0.006
54050.065313 r 16.193 0.004
54050.066147 i 15.917 0.006
54050.066980 u 18.265 0.024
54050.067813 z 15.794 0.010
#54050.068647 g -99.000 0.004
54056.073154 r 16.164 0.002
#54056.073987 i -99.000 0.009
#54056.074820 u -99.000 0.037
#54056.075654 z -99.000 0.043
54056.076487 g 16.832 0.014
54059.067435 r 16.172 0.006
54059.068268 i 15.925 0.004
54059.069101 u 18.255 0.022
54059.069935 z 15.835 0.030
54059.070768 g 16.848 0.042
54061.078488 r 16.227 0.020
#54061.079321 i -99.000 0.010
54061.080155 u 18.281 0.025
54061.080988 z 15.795 0.014
54061.081821 g 16.849 0.005
54068.062306 r 16.185 0.012
54068.063139 i 15.944 0.010
54068.063972 u 18.315 0.031
54068.064806 z 15.786 0.010
54068.065639 g 16.860 0.009
54357.110623 r 16.212 0.012
54357.111456 i 15.931 0.015
54357.112289 u 18.278 0.020
54357.113123 z 15.805 0.011
54357.113956 g 16.872 0.010
#54365.108486 r -99.000 0.036
54365.109319 i 15.963 0.027
54365.110152 u 18.296 0.021
54365.110986 z 15.811 0.012
54365.111819 g 16.854 0.007
54385.158449 r 16.214 0.002
54385.159282 i 15.943 0.017
54385.160116 u 18.297 0.023
54385.160949 z 15.806 0.014
54385.161782 g 16.858 0.009
54387.158956 r 16.197 0.002
54387.159789 i 15.950 0.002
54387.160622 u 18.284 0.027
54387.161456 z 15.753 0.009
#54387.162289 g -99.000 0.044
54392.153684 r 16.217 0.013
54392.154517 i 15.923 0.010
54392.155351 u 18.300 0.024
54392.156184 z 15.800 0.009
54392.157017 g 16.876 0.010
