53625.153602 r 19.628 0.020
53625.154435 i 19.348 0.020
53625.155269 u 21.566 0.193
53625.156102 z 19.123 0.050
53625.156935 g 20.188 0.030
53636.112639 r 19.691 0.019
53636.113472 i 19.411 0.021
53636.114306 u 22.385 0.306
53636.115139 z 19.238 0.061
53636.115972 g 20.266 0.025
53645.172295 r 19.664 0.021
53645.173128 i 19.293 0.019
53645.173962 u 21.552 0.174
53645.174795 z 19.080 0.051
53645.175628 g 20.002 0.022
53655.084643 r 19.802 0.026
53655.085476 i 19.408 0.022
53655.086310 u 21.552 0.234
53655.087143 z 19.373 0.062
53655.087976 g 20.370 0.038
53669.068834 r 19.721 0.020
53669.069667 i 19.590 0.022
53669.070501 u 21.774 0.160
53669.071334 z 19.351 0.060
53669.072167 g 20.396 0.026
53681.105965 r 19.847 0.043
53681.106798 i 19.457 0.038
53681.107632 u 22.645 0.714
53681.108465 z 19.430 0.125
53681.109298 g 20.611 0.071
53687.103371 r 19.466 0.027
53687.104204 i 19.240 0.025
53687.105038 u 21.126 0.389
53687.105871 z 19.063 0.072
53687.106704 g 20.074 0.055
#53697.062999 r -99.000 0.148
#53697.063832 i -99.000 0.122
53697.064666 u 21.780 0.941
#53697.065499 z -99.000 0.321
53697.066332 g 20.561 0.136
53705.048632 r 19.874 0.031
#53705.049465 i -99.000 0.027
#53705.050299 u 24.579 1.710
53705.051132 z 19.458 0.081
53705.051965 g 20.181 0.028
53975.133618 r 19.683 0.661
53975.134452 i 19.371 0.598
53975.135285 u 22.227 0.505
53975.136118 z 19.325 0.385
#53975.136952 g -99.000 0.681
53994.129065 r 19.696 0.628
53994.129898 i 19.396 0.626
53994.130731 u 21.878 0.429
53994.131565 z 19.242 0.210
53994.132398 g 20.326 0.800
53998.109157 r 19.660 0.657
53998.109990 i 19.438 0.295
53998.110823 u 21.459 0.177
53998.111657 z 19.210 0.085
53998.112490 g 20.365 0.718
54010.094448 r 19.820 0.465
54010.095281 i 19.821 0.710
54010.096114 u 21.607 0.254
54010.096948 z 19.326 0.131
54010.097781 g 20.559 0.352
54020.093280 r 19.744 0.653
54020.094114 i 19.552 0.657
54020.094947 u 22.302 0.391
54020.095780 z 19.533 0.191
54020.096614 g 20.265 0.800
54022.142559 r 19.765 0.700
54022.143392 i 19.602 0.482
54022.144226 u 21.956 0.273
#54022.145059 z -99.000 0.145
#54022.145892 g -99.000 1.079
54030.086829 r 19.988 0.526
#54030.087662 i -99.000 0.534
54030.088495 u 21.624 0.226
54030.089329 z 19.231 0.161
54030.090162 g 20.385 0.912
54032.076279 r 19.759 0.388
#54032.077112 i -99.000 0.603
54032.077945 u 21.886 0.334
#54032.078779 z -99.000 0.307
#54032.079612 g -99.000 0.758
#54059.069321 r 21.069 1.480
54059.070155 i 19.377 0.497
#54059.070988 u 28.064 99.999
#54059.071821 z -99.000 0.395
54059.072655 g 20.281 0.720
54061.080379 r 19.645 0.527
54061.081212 i 19.498 0.556
54061.082046 u 21.996 0.640
54061.082879 z 19.064 0.429
54061.083712 g 20.492 0.713
54357.112508 r 19.581 0.619
54357.113341 i 19.319 0.564
54357.114174 u 21.738 0.296
54357.115008 z 19.194 0.145
54357.115841 g 20.177 0.663
54365.110366 r 19.636 0.472
54365.111200 i 19.514 0.554
54365.112033 u 22.117 0.415
54365.112866 z 19.453 0.080
54365.113700 g 20.381 0.654
54385.160322 r 19.754 0.567
54385.161156 i 19.459 0.572
54385.161989 u 21.838 0.251
54385.162822 z 19.426 0.086
54385.163656 g 20.196 0.674
54392.155552 r 19.794 0.560
54392.156385 i 19.425 0.470
54392.157218 u 21.801 0.500
54392.158052 z 19.242 0.397
54392.158885 g 20.315 0.523
