53625.156863 r 19.278 0.015
53625.157696 i 19.041 0.015
53625.158530 u 21.308 0.166
53625.159363 z 18.926 0.048
53625.160196 g 19.942 0.022
53636.115901 r 19.300 0.014
53636.116734 i 19.010 0.014
53636.117568 u 21.190 0.109
53636.118401 z 18.867 0.046
53636.119234 g 19.865 0.015
53645.175569 r 19.253 0.014
53645.176402 i 19.018 0.014
53645.177236 u 21.336 0.156
53645.178069 z 18.895 0.046
53645.178902 g 19.831 0.015
53655.087904 r 19.254 0.016
53655.088737 i 19.065 0.017
53655.089571 u 21.117 0.165
53655.090404 z 18.923 0.049
53655.091237 g 19.888 0.025
53669.072103 r 19.200 0.012
53669.072936 i 19.049 0.015
53669.073770 u 21.314 0.124
53669.074603 z 18.946 0.051
53669.075436 g 19.824 0.015
53674.056338 r 19.294 0.014
53674.057171 i 19.047 0.015
53674.058005 u 21.546 0.165
53674.058838 z 18.941 0.046
53674.059671 g 19.862 0.016
53681.109235 r 19.350 0.030
53681.110068 i 19.045 0.029
#53681.110902 u -99.000 0.469
#53681.111735 z -99.000 0.098
53681.112568 g 19.889 0.038
53685.068278 r 19.243 0.023
#53685.069111 i -99.000 0.025
53685.069945 u 20.857 0.304
53685.070778 z 18.928 0.071
53685.071611 g 19.827 0.038
53687.106633 r 19.275 0.022
53687.107466 i 19.075 0.021
53687.108300 u 21.147 0.358
53687.109133 z 18.962 0.072
53687.109966 g 19.838 0.045
#53697.066260 r -99.000 0.074
#53697.067093 i -99.000 0.064
53697.067927 u 21.415 0.595
53697.068760 z 19.007 0.243
#53697.069593 g -99.000 0.102
53700.065223 r 19.259 0.015
53700.066056 i 19.029 0.017
53700.066890 u 21.011 0.131
53700.067723 z 18.916 0.065
53700.068556 g 19.853 0.018
53705.051893 r 19.300 0.016
53705.052726 i 19.054 0.017
53705.053560 u 21.586 0.229
53705.054393 z 18.948 0.064
53705.055226 g 19.831 0.019
53975.136884 r 19.255 0.045
53975.137717 i 19.034 0.019
53975.138550 u 21.069 0.119
53975.139384 z 18.819 0.054
53975.140217 g 19.840 0.014
53994.132323 r 19.264 0.013
53994.133157 i 19.060 0.029
53994.133990 u 21.106 0.097
53994.134823 z 18.881 0.045
#53994.135657 g -99.000 0.017
53998.112239 r 19.292 0.010
53998.113072 i 19.020 0.013
53998.113906 u 21.018 0.082
53998.114739 z 18.967 0.040
53998.115572 g 19.816 0.012
54010.097711 r 19.295 0.015
54010.098544 i 19.052 0.013
54010.099378 u 20.925 0.114
54010.100211 z 19.100 0.050
54010.101044 g 19.828 0.021
54012.090555 r 19.302 0.018
54012.091389 i 19.032 0.022
54012.092222 u 21.254 0.247
54012.093055 z 18.945 0.048
54012.093889 g 19.863 0.032
54020.096538 r 19.280 0.011
54020.097371 i 19.044 0.012
54020.098204 u 21.104 0.101
54020.099038 z 18.953 0.046
54020.099871 g 20.350 0.031
54022.145819 r 19.315 0.011
54022.146653 i 19.017 0.015
54022.147486 u 21.190 0.134
#54022.148319 z -99.000 0.045
#54022.149153 g -99.000 0.031
54028.086906 r 19.517 0.095
54028.087739 i 18.995 0.031
54028.088572 u 21.657 0.274
54028.089406 z 18.904 0.083
54028.090239 g 20.084 0.038
54030.090095 r 19.294 0.011
54030.090928 i 19.063 0.023
54030.091762 u 21.214 0.116
54030.092595 z 18.898 0.044
54030.093428 g 19.842 0.014
#54032.079367 r -99.000 0.015
54032.080200 i 19.069 0.023
54032.081033 u 21.030 0.117
#54032.081867 z -99.000 0.071
#54032.082700 g -99.000 0.016
#54034.149612 r -99.000 0.027
54034.150445 i 19.241 0.035
54034.151279 u 21.120 0.205
#54034.152112 z -99.000 0.087
#54034.152945 g -99.000 0.024
54037.071343 r 19.281 0.020
54037.072176 i 19.043 0.013
54037.073009 u 21.336 0.154
#54037.073843 z -99.000 0.044
54037.074676 g 19.815 0.017
54040.085817 r 19.307 0.020
54040.086651 i 19.012 0.018
54040.087484 u 21.346 0.263
54040.088317 z 18.911 0.056
54040.089151 g 19.886 0.029
54050.070659 r 19.283 0.015
54050.071492 i 19.006 0.021
54050.072325 u 21.190 0.152
54050.073159 z 18.960 0.072
54050.073992 g 19.857 0.031
54056.078293 r 19.263 0.018
#54056.079126 i -99.000 0.022
54056.079959 u 21.267 0.225
54056.080793 z 19.031 0.080
54056.081626 g 19.907 0.019
54059.072566 r 19.272 0.017
54059.073399 i 19.016 0.017
54059.074232 u 20.938 0.137
54059.075066 z 18.872 0.061
54059.075899 g 19.821 0.016
54061.083619 r 19.281 0.014
54061.084453 i 19.066 0.024
54061.085286 u 21.198 0.187
54061.086119 z 18.980 0.079
54061.086953 g 19.991 0.049
54062.077464 r 19.379 0.019
54062.078297 i 19.044 0.027
54062.079130 u 20.921 0.177
54062.079964 z 19.084 0.084
54062.080797 g 19.922 0.024
54068.067472 r 19.321 0.041
54068.068305 i 19.029 0.023
54068.069139 u 20.595 0.213
54068.069972 z 19.071 0.096
54068.070805 g 19.867 0.040
54357.115769 r 19.295 0.012
54357.116602 i 19.074 0.022
54357.117435 u 21.221 0.121
54357.118269 z 19.026 0.052
54357.119102 g 20.054 0.033
54365.113619 r 19.326 0.018
54365.114453 i 19.055 0.020
54365.115286 u 21.174 0.180
54365.116119 z 19.022 0.054
54365.116953 g 19.843 0.025
54385.163599 r 19.285 0.057
54385.164432 i 19.076 0.013
54385.165265 u 21.260 0.137
54385.166099 z 19.020 0.049
54385.166932 g 19.857 0.018
#54387.164087 r -99.000 0.018
#54387.164921 i -99.000 0.047
54387.165754 u 21.238 0.204
54387.166587 z 18.980 0.066
54387.167421 g 19.997 0.032
54392.158815 r 19.275 0.014
54392.159649 i 19.044 0.030
54392.160482 u 21.410 0.239
54392.161315 z 19.029 0.063
#54392.162149 g -99.000 0.041
#54402.157299 r -99.000 0.035
54402.158132 i 19.029 0.057
54402.158965 u 21.297 0.335
54402.159799 z 18.920 0.058
54402.160632 g 19.893 0.037
