51819.408288 r 20.002 0.022
51819.409121 i 19.835 0.028
51819.409955 u 20.337 0.062
51819.410788 z 19.810 0.102
51819.411621 g 20.047 0.022
52558.373571 r 19.823 0.018
52558.374404 i 19.604 0.020
#52558.375238 u -99.000 0.044
52558.376071 z 19.647 0.068
52558.376904 g 19.872 0.017
52577.261077 r 19.770 0.020
52577.261910 i 19.606 0.024
52577.262744 u 20.079 0.045
52577.263577 z 19.515 0.069
52577.264410 g 19.850 0.018
52910.345033 r 19.945 0.020
52910.345866 i 19.676 0.025
52910.346700 u 20.257 0.052
52910.347533 z 19.615 0.071
52910.348366 g 20.031 0.020
52931.275237 r 19.949 0.021
52931.276070 i 19.724 0.025
52931.276904 u 20.160 0.047
52931.277737 z 19.583 0.074
52931.278570 g 19.964 0.020
52935.272201 r 19.946 0.025
52935.273034 i 19.678 0.029
52935.273868 u 20.402 0.062
52935.274701 z 19.742 0.108
52935.275534 g 20.000 0.020
52963.195274 r 19.851 0.017
52963.196107 i 19.648 0.020
#52963.196941 u -99.000 0.040
52963.197774 z 19.538 0.054
52963.198607 g 19.922 0.016
53351.117576 r 19.882 0.027
53351.118409 i 19.638 0.035
53351.119243 u 20.273 0.058
53351.120076 z 19.693 0.096
#53351.120909 g -99.000 0.018
53352.166340 r 19.878 0.023
53352.167173 i 19.654 0.030
53352.168007 u 20.122 0.051
53352.168840 z 19.655 0.095
#53352.169673 g -99.000 0.019
53622.374636 r 19.841 0.022
53622.375469 i 19.685 0.032
53622.376303 u 20.108 0.056
53622.377136 z 19.623 0.102
53622.377969 g 19.904 0.023
#53634.324107 r -99.000 0.045
53634.324940 i 19.657 0.049
53634.325774 u 20.566 0.261
#53634.326607 z -99.000 0.098
53634.327440 g 19.905 0.053
53638.365442 r 19.905 0.021
53638.366275 i 19.659 0.024
53638.367109 u 20.215 0.061
53638.367942 z 19.747 0.085
53638.368775 g 19.934 0.021
53640.329478 r 19.904 0.022
53640.330311 i 19.661 0.027
53640.331145 u 20.026 0.059
53640.331978 z 19.637 0.085
#53640.332811 g -99.000 0.023
53655.301650 r 19.899 0.026
53655.302483 i 19.701 0.030
53655.303317 u 20.302 0.063
53655.304150 z 19.748 0.114
#53655.304983 g -99.000 0.022
53664.326607 r 19.863 0.084
53664.327440 i 19.455 0.089
53664.328274 u 20.672 0.321
53664.329107 z 19.641 0.278
53664.329940 g 19.852 0.082
53669.285850 r 19.963 0.024
53669.286683 i 19.773 0.029
53669.287517 u 20.529 0.064
53669.288350 z 19.568 0.071
53669.289183 g 20.026 0.020
53671.370614 r 19.981 0.029
53671.371447 i 19.713 0.031
53671.372281 u 20.517 0.101
53671.373114 z 19.923 0.142
53671.373947 g 20.026 0.028
53674.270087 r 19.942 0.030
53674.270920 i 19.700 0.036
53674.271754 u 20.284 0.071
53674.272587 z 19.791 0.119
53674.273420 g 19.954 0.024
53676.359558 r 19.876 0.022
53676.360391 i 19.712 0.024
53676.361225 u 20.373 0.069
53676.362058 z 19.580 0.078
53676.362891 g 20.067 0.023
53679.331453 r 19.967 0.032
53679.332286 i 19.732 0.038
53679.333120 u 20.304 0.082
53679.333953 z 19.719 0.130
53679.334786 g 20.035 0.026
53681.322965 r 19.967 0.022
53681.323798 i 19.732 0.025
53681.324632 u 20.198 0.057
53681.325465 z 19.796 0.088
53681.326298 g 20.046 0.021
53685.282019 r 19.998 0.042
53685.282852 i 19.751 0.039
53685.283686 u 20.393 0.117
53685.284519 z 19.749 0.097
53685.285352 g 20.103 0.048
53694.295898 r 19.985 0.066
53694.296731 i 19.582 0.051
53694.297565 u 20.412 0.291
53694.298398 z 19.850 0.196
53694.299231 g 19.985 0.068
53697.279988 r 19.973 0.041
53697.280821 i 19.684 0.038
53697.281655 u 20.318 0.094
53697.282488 z 19.890 0.111
53697.283321 g 20.114 0.035
53700.278947 r 19.970 0.030
53700.279780 i 19.749 0.036
53700.280614 u 20.381 0.087
53700.281447 z 19.805 0.140
53700.282280 g 20.029 0.026
53705.265617 r 20.007 0.024
53705.266450 i 19.712 0.026
53705.267284 u 20.348 0.064
53705.268117 z 19.631 0.072
53705.268950 g 20.049 0.022
53975.350644 r 19.930 0.023
53975.351477 i 19.709 0.029
53975.352310 u 20.329 0.059
53975.353144 z 19.726 0.087
53975.353977 g 19.986 0.034
53990.363481 r 20.050 0.032
53990.364314 i 19.761 0.033
53990.365148 u 20.275 0.088
53990.365981 z 19.708 0.086
53990.366814 g 20.092 0.038
53994.373639 r 19.986 0.026
53994.374472 i 19.773 0.027
53994.375305 u 20.403 0.066
53994.376139 z 19.751 0.093
53994.376972 g 20.137 0.025
53996.357364 r 20.025 0.026
53996.358198 i 19.763 0.033
53996.359031 u 20.499 0.065
53996.359864 z 19.710 0.086
53996.360698 g 20.127 0.023
54010.311466 r 19.997 0.019
54010.312299 i 19.807 0.028
54010.313133 u 20.481 0.046
54010.313966 z 19.683 0.059
54010.314799 g 20.132 0.036
54012.304314 r 19.968 0.034
54012.305147 i 19.782 0.032
54012.305981 u 20.334 0.105
54012.306814 z 19.750 0.087
54012.307647 g 20.144 0.038
54024.391871 r 20.030 0.033
54024.392704 i 19.813 0.034
54024.393538 u 20.428 0.085
54024.394371 z 19.916 0.136
54024.395204 g 20.110 0.032
54028.380179 r 19.968 0.032
54028.381013 i 19.763 0.033
54028.381846 u 20.380 0.066
54028.382679 z 19.636 0.083
54028.383513 g 20.145 0.026
54030.303843 r 20.161 0.034
54030.304677 i 19.785 0.040
54030.305510 u 20.557 0.059
54030.306343 z 19.801 0.078
54030.307177 g 20.161 0.035
54035.379594 r 20.026 0.038
54035.380428 i 19.808 0.060
54035.381261 u 20.375 0.108
54035.382094 z 19.918 0.157
#54035.382928 g -99.000 0.033
54037.285114 r 20.037 0.022
54037.285948 i 19.772 0.024
54037.286781 u 20.393 0.056
54037.287614 z 19.776 0.066
54037.288448 g 20.155 0.038
54040.299605 r 20.017 0.034
54040.300439 i 19.794 0.034
54040.301272 u 20.418 0.096
54040.302105 z 19.612 0.083
54040.302939 g 20.111 0.039
54049.326030 r 20.028 0.046
54049.326864 i 19.741 0.037
54049.327697 u 20.617 0.171
54049.328530 z 19.828 0.134
54049.329364 g 20.163 0.050
54053.290345 r 20.050 0.027
54053.291178 i 19.823 0.030
54053.292011 u 20.408 0.066
54053.292845 z 19.621 0.076
54053.293678 g 20.081 0.032
54056.292024 r 20.019 0.043
54056.292858 i 19.757 0.045
54056.293691 u 20.436 0.067
54056.294524 z 19.785 0.116
54056.295358 g 20.063 0.025
54059.286309 r 20.056 0.029
54059.287142 i 19.763 0.031
54059.287976 u 20.412 0.081
54059.288809 z 19.693 0.113
54059.289642 g 20.147 0.028
54061.297400 r 20.125 0.038
54061.298233 i 19.792 0.042
54061.299067 u 20.556 0.101
54061.299900 z 19.949 0.136
54061.300733 g 20.129 0.031
54062.291228 r 20.056 0.023
54062.292061 i 19.778 0.028
54062.292894 u 20.502 0.070
54062.293728 z 19.774 0.092
54062.294561 g 20.182 0.036
54068.271791 r 20.103 0.036
54068.272624 i 19.826 0.047
54068.273458 u 20.331 0.187
54068.274291 z 19.698 0.107
54068.275124 g 20.161 0.050
54357.329494 r 20.263 0.032
54357.330327 i 19.965 0.027
54357.331160 u 20.573 0.052
54357.331994 z 19.886 0.073
54357.332827 g 20.305 0.023
54359.361233 r 20.157 0.032
54359.362067 i 19.963 0.042
54359.362900 u 20.596 0.082
54359.363733 z 19.816 0.121
54359.364567 g 20.311 0.030
54362.379307 r 20.191 0.024
54362.380140 i 19.954 0.030
54362.380973 u 20.579 0.057
54362.381807 z 19.976 0.104
54362.382640 g 20.329 0.029
54376.374397 r 20.190 0.029
54376.375231 i 19.870 0.036
54376.376064 u 20.401 0.076
54376.376897 z 19.728 0.089
54376.377731 g 20.247 0.038
54382.359539 r 20.120 0.035
54382.360372 i 19.870 0.046
54382.361206 u 20.570 0.091
54382.362039 z 20.147 0.200
54382.362872 g 20.301 0.037
54385.377330 r 20.261 0.031
54385.378163 i 19.962 0.030
54385.378997 u 20.597 0.061
54385.379830 z 19.871 0.074
54385.380663 g 20.304 0.024
54387.377834 r 20.147 0.041
#54387.378668 i -99.000 0.049
#54387.379501 u -99.000 0.150
#54387.380334 z -99.000 0.131
#54387.381168 g -99.000 0.056
#54390.370467 r -99.000 1.230
#54390.371300 i -99.000 0.047
#54390.372133 u -99.000 99.999
54390.372967 z 20.111 0.171
54390.373800 g 20.237 0.035
54391.378657 r 20.094 0.046
54391.379491 i 19.966 0.055
54391.380324 u 20.392 0.103
54391.381157 z 19.704 0.161
#54391.381991 g -99.000 0.038
54402.371019 r 20.186 0.059
54402.371853 i 19.785 0.050
54402.372686 u 20.914 0.329
54402.373519 z 19.781 0.118
54402.374353 g 20.277 0.069
