53270.108948 r 18.520 0.485
53270.109781 i 18.267 0.490
53270.110614 u 21.298 0.182
53270.111448 z 18.158 0.042
53270.112281 g 19.353 0.520
53288.086094 r 18.594 0.010
53288.086927 i 18.265 0.010
53288.087761 u 21.196 0.111
53288.088594 z 18.188 0.024
53288.089427 g 19.311 0.015
#53302.081764 r -99.000 0.011
53302.082597 i 18.289 0.011
53302.083431 u 21.523 0.285
53302.084264 z 18.189 0.027
53302.085097 g 19.365 0.022
53623.133075 r 18.631 0.012
53623.133908 i 18.279 0.011
53623.134742 u 21.294 0.161
53623.135575 z 18.255 0.028
53623.136408 g 19.295 0.017
53626.119288 r 18.562 0.013
53626.120121 i 18.274 0.012
53626.120955 u 21.477 0.276
53626.121788 z 18.239 0.029
53626.122621 g 19.270 0.022
53628.104153 r 18.704 0.018
53628.104986 i 18.294 0.014
53628.105820 u 21.522 0.418
53628.106653 z 18.169 0.032
53628.107486 g 19.327 0.032
53637.105766 r 18.519 0.010
53637.106599 i 18.281 0.011
53637.107433 u 21.450 0.161
53637.108266 z 18.132 0.026
53637.109099 g 19.309 0.017
53656.080426 r 18.656 0.017
53656.081259 i 18.551 0.020
53656.082093 u 22.214 0.811
53656.082926 z 18.139 0.036
53656.083759 g 19.153 0.029
53673.056172 r 18.553 0.011
53673.057005 i 18.323 0.012
53673.057839 u 21.419 0.161
53673.058672 z 18.249 0.029
53673.059505 g 19.291 0.014
53677.074096 r 18.618 0.010
53677.074929 i 18.442 0.013
53677.075763 u 21.485 0.149
53677.076596 z 18.188 0.026
53677.077429 g 19.713 0.021
53680.060761 r 18.689 0.010
53680.061594 i 18.298 0.010
53680.062428 u 21.171 0.104
53680.063261 z 18.174 0.022
53680.064094 g 19.378 0.014
53693.062669 r 18.626 0.012
53693.063502 i 18.373 0.013
53693.064336 u 22.105 0.310
53693.065169 z 18.180 0.028
53693.066002 g 19.401 0.018
53989.123372 r 18.619 0.475
53989.124205 i 18.263 0.455
53989.125039 u 21.322 0.149
53989.125872 z 18.112 0.104
53989.126705 g 19.300 0.724
53995.131283 r 18.542 0.509
53995.132116 i 18.289 0.522
53995.132949 u 21.221 0.110
53995.133783 z 18.257 0.049
53995.134616 g 19.280 0.700
54005.081509 r 18.526 0.496
54005.082342 i 18.254 0.451
54005.083176 u 21.272 0.149
54005.084009 z 18.210 0.047
54005.084842 g 19.230 0.562
54009.091374 r 18.617 0.085
54009.092207 i 18.284 0.466
54009.093041 u 21.351 0.189
54009.093874 z 18.131 0.268
54009.094707 g 19.380 0.553
54011.155890 r 18.622 0.034
54011.156723 i 18.285 0.338
54011.157557 u 20.817 0.161
54011.158390 z 18.137 0.032
#54011.159223 g -99.000 0.260
54019.106074 r 18.721 0.493
54019.106907 i 18.312 0.443
54019.107741 u 21.539 0.300
54019.108574 z 18.378 0.475
54019.109407 g 19.384 0.549
54025.154895 r 18.552 0.363
54025.155729 i 18.316 0.474
54025.156562 u 21.141 0.729
54025.157395 z 18.127 0.447
54025.158229 g 19.263 0.520
54051.061794 r 18.547 0.446
54051.062628 i 18.270 0.482
54051.063461 u 21.358 0.205
54051.064294 z 18.312 0.062
54051.065128 g 19.315 0.579
#54358.108434 r -99.000 0.572
54358.109267 i 18.283 0.458
54358.110101 u 21.761 0.287
54358.110934 z 18.238 0.197
54358.111767 g 19.634 0.623
54388.157669 r 18.574 0.452
54388.158502 i 18.243 0.452
54388.159336 u 21.867 0.308
54388.160169 z 18.161 0.202
54388.161002 g 19.312 0.366
54403.071435 r 18.578 0.437
54403.072268 i 18.317 0.421
54403.073102 u 21.103 0.124
54403.073935 z 18.175 0.091
54403.074768 g 19.270 0.510
#54406.065259 r -99.000 0.559
54406.066092 i 18.402 0.585
54406.066926 u 21.020 0.104
54406.067759 z 18.141 0.295
#54406.068592 g -99.000 0.629
54412.068187 r 18.620 0.351
#54412.069020 i -99.000 0.413
#54412.069854 u -99.000 0.260
54412.070687 z 18.218 0.083
54412.071520 g 19.317 0.565
#54415.105747 r -99.000 0.042
#54415.106580 i -99.000 0.078
54415.107414 u 20.903 0.146
#54415.108247 z -99.000 0.044
#54415.109080 g -99.000 0.264
