53270.104081 r 19.090 0.019
53270.104915 i 18.682 0.045
53270.105748 u 21.103 0.136
53270.106581 z 18.532 0.031
53270.107415 g 19.837 0.030
53288.081238 r 19.048 0.012
#53288.082071 i -99.000 0.012
53288.082905 u 21.696 0.174
53288.083738 z 18.596 0.031
53288.084571 g 19.815 0.017
53302.076908 r 19.189 0.020
53302.077741 i 18.870 0.016
53302.078575 u 21.962 0.426
53302.079408 z 18.536 0.032
53302.080241 g 19.843 0.030
53626.114431 r 19.284 0.020
53626.115264 i 18.726 0.015
53626.116098 u 21.882 0.367
53626.116931 z 18.581 0.034
53626.117764 g 19.910 0.035
53628.099296 r 19.477 0.038
53628.100129 i 18.683 0.021
53628.100963 u 21.702 0.523
53628.101796 z 18.814 0.056
53628.102629 g 20.282 0.067
53656.075569 r 19.079 0.020
53656.076402 i 18.647 0.017
53656.077236 u 22.061 0.660
53656.078069 z 18.623 0.047
53656.078902 g 19.913 0.051
53673.051315 r 19.071 0.016
53673.052148 i 18.677 0.017
53673.052982 u 21.603 0.242
53673.053815 z 18.673 0.044
53673.054648 g 20.051 0.032
#53677.069239 r -99.000 0.016
#53677.070072 i -99.000 0.015
53677.070906 u 21.235 0.136
#53677.071739 z -99.000 0.041
#53677.072572 g -99.000 0.018
#53989.118536 r -99.000 0.024
#53989.119369 i -99.000 0.058
53989.120203 u 21.737 0.149
53989.121036 z 18.601 0.034
53989.121869 g 19.906 0.055
54009.086512 r 19.080 0.016
54009.087345 i 18.709 0.028
54009.088178 u 21.205 0.146
54009.089012 z 18.557 0.038
54009.089845 g 19.863 0.028
54011.151004 r 19.059 0.020
54011.151837 i 18.767 0.059
54011.152670 u 21.282 0.216
54011.153504 z 18.587 0.037
54011.154337 g 19.817 0.029
#54025.150147 r -99.000 0.680
54025.150981 i 18.681 0.031
54025.151814 u 21.504 0.163
54025.152647 z 18.539 0.043
54025.153481 g 19.868 0.033
54029.080362 r 19.081 0.013
54029.081195 i 18.709 0.021
54029.082028 u 21.560 0.153
#54029.082862 z -99.000 0.033
54029.083695 g 19.855 0.034
54051.056933 r 19.088 0.052
54051.057766 i 18.611 0.030
54051.058600 u 22.067 0.801
#54051.059433 z -99.000 0.108
#54051.060266 g -99.000 0.069
54406.060427 r 19.302 0.037
#54406.061260 i -99.000 0.111
54406.062094 u 21.451 0.147
54406.062927 z 18.723 0.054
54406.063760 g 19.835 0.037
54412.063331 r 19.052 0.019
54412.064164 i 18.639 0.015
54412.064997 u 21.583 0.186
#54412.065831 z -99.000 0.051
54412.066664 g 19.777 0.032
