51081.327583 r 16.934 0.004
51081.328416 i 16.792 0.005
51081.329250 u 18.316 0.016
51081.330083 z 16.788 0.011
51081.330916 g 17.182 0.004
51819.398725 r 16.761 0.005
51819.399558 i 16.679 0.005
51819.400392 u 18.152 0.015
51819.401225 z 16.643 0.010
51819.402058 g 16.989 0.004
52558.364004 r 16.891 0.004
52558.364837 i 16.829 0.005
52558.365671 u 18.254 0.016
52558.366504 z 16.801 0.011
52558.367337 g 17.145 0.005
52577.251509 r 16.898 0.005
52577.252342 i 16.789 0.005
52577.253176 u 18.200 0.014
52577.254009 z 16.789 0.010
52577.254842 g 17.057 0.004
52586.254987 r 16.614 0.005
52586.255820 i 16.551 0.005
52586.256654 u 17.943 0.012
52586.257487 z 16.551 0.010
52586.258320 g 16.770 0.004
52910.335466 r 16.793 0.005
52910.336299 i 16.723 0.005
52910.337133 u 18.145 0.014
52910.337966 z 16.704 0.010
52910.338799 g 16.994 0.005
52931.265670 r 16.695 0.004
52931.266503 i 16.630 0.005
52931.267337 u 18.049 0.013
52931.268170 z 16.589 0.009
52931.269003 g 16.869 0.004
52935.262633 r 16.378 0.005
52935.263466 i 16.393 0.005
52935.264300 u 17.650 0.011
52935.265133 z 16.419 0.009
52935.265966 g 16.402 0.004
52963.185707 r 16.851 0.006
52963.186540 i 16.750 0.006
52963.187374 u 18.252 0.014
52963.188207 z 16.722 0.009
52963.189040 g 17.089 0.005
53352.156773 r 16.699 0.004
53352.157606 i 16.622 0.005
53352.158440 u 18.081 0.014
53352.159273 z 16.610 0.009
53352.160106 g 16.881 0.004
53622.365071 r 16.490 0.004
53622.365904 i 16.483 0.004
53622.366738 u 17.776 0.013
53622.367571 z 16.459 0.009
53622.368404 g 16.538 0.004
53634.314541 r 16.832 0.005
53634.315374 i 16.729 0.005
#53634.316208 u -99.000 0.027
53634.317041 z 16.663 0.010
53634.317874 g 17.075 0.006
53638.355877 r 16.734 0.005
53638.356710 i 16.644 0.005
53638.357544 u 18.120 0.015
53638.358377 z 16.624 0.010
53638.359210 g 16.939 0.005
53640.319913 r 16.953 0.005
53640.320746 i 16.839 0.005
53640.321580 u 18.380 0.019
53640.322413 z 16.797 0.011
53640.323246 g 17.217 0.005
53655.292085 r 16.537 0.004
53655.292918 i 16.510 0.005
53655.293752 u 17.833 0.013
53655.294585 z 16.521 0.009
53655.295418 g 16.626 0.004
53664.317041 r 16.900 0.005
53664.317874 i 16.765 0.005
53664.318708 u 18.267 0.023
53664.319541 z 16.733 0.012
53664.320374 g 17.155 0.006
53669.276283 r 16.608 0.005
53669.277116 i 16.589 0.005
53669.277950 u 17.828 0.013
53669.278783 z 16.615 0.010
53669.279616 g 16.675 0.004
53671.361049 r 16.870 0.005
53671.361882 i 16.756 0.006
53671.362716 u 18.280 0.020
53671.363549 z 16.740 0.012
53671.364382 g 17.143 0.005
53674.260520 r 16.819 0.004
53674.261353 i 16.704 0.005
53674.262187 u 18.281 0.017
53674.263020 z 16.679 0.010
53674.263853 g 17.073 0.004
53676.349992 r 16.599 0.005
53676.350825 i 16.565 0.005
53676.351659 u 17.846 0.014
53676.352492 z 16.596 0.009
53676.353325 g 16.684 0.004
53679.321886 r 16.509 0.004
53679.322719 i 16.506 0.004
53679.323553 u 17.782 0.014
53679.324386 z 16.536 0.010
53679.325219 g 16.562 0.004
53681.313399 r 16.800 0.006
53681.314232 i 16.687 0.007
53681.315066 u 18.226 0.024
53681.315899 z 16.671 0.014
53681.316732 g 17.053 0.006
53685.272452 r 16.549 0.005
53685.273285 i 16.517 0.005
53685.274119 u 17.887 0.019
53685.274952 z 16.534 0.010
53685.275785 g 16.684 0.005
53694.286330 r 16.848 0.005
53694.287163 i 16.735 0.006
53694.287997 u 18.296 0.045
53694.288830 z 16.742 0.014
53694.289663 g 17.137 0.006
53697.270422 r 16.916 0.005
53697.271255 i 16.804 0.006
53697.272089 u 18.392 0.021
53697.272922 z 16.753 0.011
53697.273755 g 17.188 0.005
53700.269382 r 16.944 0.004
53700.270215 i 16.841 0.005
53700.271049 u 18.378 0.021
53700.271882 z 16.811 0.012
53700.272715 g 17.231 0.004
53705.256051 r 16.501 0.004
53705.256884 i 16.480 0.005
53705.257718 u 17.796 0.013
53705.258551 z 16.487 0.009
53705.259384 g 16.593 0.004
53975.341064 r 16.852 0.035
53975.341897 i 16.799 0.018
53975.342730 u 18.271 0.022
53975.343564 z 16.767 0.016
53975.344397 g 17.127 0.010
53990.353895 r 16.688 0.011
53990.354729 i 16.623 0.010
53990.355562 u 18.079 0.029
53990.356395 z 16.626 0.027
53990.357229 g 16.896 0.010
53994.364058 r 16.480 0.013
53994.364891 i 16.457 0.022
53994.365724 u 17.782 0.019
53994.366558 z 16.468 0.024
53994.367391 g 16.581 0.014
53996.347779 r 16.852 0.015
53996.348613 i 16.727 0.017
#53996.349446 u -99.000 0.020
53996.350279 z 16.715 0.015
53996.351113 g 17.129 0.012
54010.301901 r 16.648 0.022
54010.302734 i 16.620 0.027
54010.303568 u 17.978 0.020
54010.304401 z 16.586 0.015
54010.305234 g 16.864 0.019
54012.294738 r 16.887 0.026
54012.295572 i 16.797 0.026
#54012.296405 u -99.000 0.018
54012.297238 z 16.742 0.036
54012.298072 g 17.146 0.019
54020.300740 r 16.709 0.011
54020.301573 i 16.608 0.020
54020.302407 u 18.095 0.024
54020.303240 z 16.611 0.017
54020.304073 g 16.892 0.011
54024.382338 r 16.631 0.019
54024.383171 i 16.588 0.011
54024.384005 u 17.956 0.035
54024.384838 z 16.595 0.017
54024.385671 g 16.799 0.018
54028.370618 r 16.643 0.024
54028.371451 i 16.540 0.027
#54028.372285 u -99.000 0.103
54028.373118 z 16.620 0.032
#54028.373951 g -99.000 0.034
54030.294295 r 16.674 0.017
54030.295128 i 16.629 0.019
54030.295962 u 18.034 0.021
54030.296795 z 16.632 0.025
54030.297628 g 16.892 0.019
54035.370037 r 16.801 0.007
54035.370870 i 16.717 0.010
54035.371703 u 18.155 0.018
54035.372537 z 16.697 0.024
54035.373370 g 16.992 0.019
54037.275515 r 16.556 0.022
54037.276348 i 16.532 0.021
54037.277182 u 17.881 0.016
54037.278015 z 16.531 0.019
54037.278848 g 16.743 0.022
54040.290069 r 16.673 0.011
54040.290902 i 16.593 0.012
54040.291736 u 18.048 0.031
54040.292569 z 16.598 0.016
54040.293402 g 16.883 0.018
54047.320921 r 16.613 0.052
54047.321754 i 16.580 0.027
#54047.322587 u -99.000 0.040
54047.323421 z 16.527 0.063
54047.324254 g 16.776 0.020
54049.316524 r 16.880 0.017
54049.317357 i 16.776 0.014
54049.318191 u 18.316 0.025
#54049.319024 z -99.000 0.018
54049.319857 g 17.153 0.014
54053.280778 r 16.743 0.015
54053.281611 i 16.663 0.019
54053.282445 u 18.131 0.018
54053.283278 z 16.622 0.016
54053.284111 g 16.973 0.014
54056.282458 r 16.842 0.032
54056.283291 i 16.733 0.039
54056.284125 u 18.295 0.025
54056.284958 z 16.720 0.034
#54056.285791 g -99.000 0.041
54059.276762 r 16.866 0.013
54059.277595 i 16.790 0.014
#54059.278428 u -99.000 0.023
54059.279262 z 16.750 0.019
54059.280095 g 17.149 0.015
54061.287819 r 16.521 0.016
54061.288652 i 16.553 0.016
#54061.289485 u -99.000 0.023
54061.290319 z 16.549 0.015
54061.291152 g 16.648 0.020
54062.281624 r 16.931 0.010
54062.282457 i 16.827 0.021
54062.283290 u 18.375 0.019
54062.284124 z 16.781 0.022
54062.284957 g 17.198 0.025
54068.262203 r 16.849 0.019
54068.263037 i 16.781 0.012
54068.263870 u 18.226 0.022
54068.264703 z 16.769 0.015
54068.265537 g 17.054 0.022
54357.319964 r 16.853 0.016
54357.320797 i 16.773 0.017
54357.321630 u 18.246 0.018
54357.322464 z 16.725 0.019
54357.323297 g 17.111 0.010
54359.351654 r 16.497 0.013
54359.352487 i 16.517 0.023
54359.353320 u 17.728 0.025
54359.354154 z 16.513 0.019
54359.354987 g 16.590 0.056
54362.369764 r 16.639 0.019
54362.370597 i 16.566 0.024
54362.371431 u 17.933 0.022
54362.372264 z 16.565 0.025
54362.373097 g 16.786 0.015
54376.364852 r 16.731 0.010
54376.365685 i 16.668 0.024
#54376.366519 u -99.000 0.016
#54376.367352 z -99.000 0.033
54376.368185 g 16.871 0.010
54382.350004 r 16.538 0.020
54382.350837 i 16.519 0.015
#54382.351671 u -99.000 0.033
54382.352504 z 16.530 0.025
#54382.353337 g -99.000 0.039
54385.367782 r 16.671 0.011
54385.368615 i 16.604 0.019
54385.369449 u 18.017 0.018
54385.370282 z 16.594 0.015
54385.371115 g 16.883 0.020
54387.368252 r 16.899 0.017
54387.369086 i 16.809 0.019
54387.369919 u 18.364 0.026
54387.370752 z 16.764 0.019
#54387.371586 g -99.000 0.022
54390.360754 r 16.887 0.006
#54390.361588 i -99.000 0.045
#54390.362421 u -99.000 0.121
#54390.363254 z -99.000 0.021
#54390.364088 g -99.000 0.018
54391.369073 r 16.853 0.013
54391.369907 i 16.725 0.024
54391.370740 u 18.272 0.022
54391.371573 z 16.707 0.019
54391.372407 g 17.122 0.025
54402.361545 r 16.589 0.018
54402.362378 i 16.536 0.010
#54402.363211 u -99.000 0.024
54402.364045 z 16.557 0.015
54402.364878 g 16.714 0.024
