51075.353066 r 20.339 0.030
51075.353899 i 20.400 0.048
51075.354733 u 20.928 0.093
51075.355566 z 20.418 0.193
51075.356399 g 20.342 0.023
52196.372251 r 20.697 0.041
52196.373084 i 20.490 0.046
52196.373918 u 21.270 0.144
52196.374751 z 20.446 0.186
52196.375584 g 20.658 0.030
52197.366664 r 20.628 0.043
52197.367497 i 20.528 0.045
52197.368331 u 21.280 0.155
52197.369164 z 20.450 0.171
52197.369997 g 20.674 0.029
52207.339103 r 20.682 0.036
52207.339936 i 20.537 0.039
52207.340770 u 21.154 0.120
52207.341603 z 20.216 0.124
52207.342436 g 20.699 0.029
52225.216867 r 20.680 0.035
52225.217700 i 20.623 0.044
52225.218534 u 21.462 0.143
52225.219367 z 19.876 0.087
52225.220200 g 20.634 0.027
52231.252650 r 20.673 0.035
52231.253483 i 20.676 0.044
52231.254317 u 21.292 0.129
52231.255150 z 20.549 0.191
52231.255983 g 20.671 0.026
52234.223739 r 20.682 0.040
52234.224572 i 20.563 0.043
52234.225406 u 21.155 0.139
52234.226239 z 20.450 0.155
#52234.227072 g -99.000 0.028
52557.360649 r 20.602 0.040
52557.361482 i 20.556 0.049
52557.362316 u 21.388 0.166
52557.363149 z 20.327 0.168
52557.363982 g 20.558 0.029
52578.256737 r 20.612 0.033
52578.257570 i 20.503 0.041
52578.258404 u 21.082 0.105
52578.259237 z 20.320 0.123
52578.260070 g 20.622 0.025
52908.335215 r 20.578 0.035
52908.336048 i 20.502 0.046
52908.336882 u 21.141 0.132
52908.337715 z 20.218 0.133
52908.338548 g 20.564 0.027
52934.267119 r 20.590 0.042
52934.267952 i 20.345 0.045
52934.268786 u 21.024 0.125
52934.269619 z 20.266 0.165
52934.270452 g 20.520 0.028
52936.263044 r 20.452 0.032
52936.263877 i 20.435 0.038
52936.264711 u 20.923 0.098
52936.265544 z 19.972 0.099
52936.266377 g 20.455 0.024
53270.327125 r 20.420 0.030
53270.327958 i 20.393 0.036
53270.328791 u 20.757 0.079
#53270.329625 z -99.000 0.097
53270.330458 g 20.373 0.030
53272.377047 r 20.357 0.025
53272.377880 i 20.337 0.033
53272.378714 u 20.771 0.082
53272.379547 z 20.101 0.107
#53272.380380 g -99.000 0.022
53286.345765 r 20.467 0.031
53286.346598 i 20.386 0.036
53286.347432 u 20.769 0.100
53286.348265 z 20.265 0.115
53286.349098 g 20.350 0.025
53288.304256 r 20.460 0.037
53288.305089 i 20.245 0.039
53288.305923 u 20.813 0.099
53288.306756 z 19.970 0.097
53288.307589 g 20.254 0.023
53294.351931 r 20.419 0.034
53294.352764 i 20.349 0.041
53294.353598 u 20.864 0.112
53294.354431 z 19.829 0.093
53294.355264 g 20.310 0.025
53296.299004 r 20.323 0.046
53296.299837 i 20.418 0.061
53296.300670 u 21.087 0.171
53296.301504 z 20.662 0.205
53296.302337 g 20.354 0.039
53298.348709 r 20.390 0.043
53298.349542 i 20.275 0.046
53298.350376 u 20.646 0.096
53298.351209 z 20.290 0.171
53298.352042 g 20.324 0.026
53302.299925 r 20.448 0.060
53302.300758 i 20.228 0.047
53302.301592 u 20.796 0.228
53302.302425 z 19.747 0.114
53302.303258 g 20.190 0.054
53312.255458 r 20.478 0.047
53312.256292 i 20.328 0.072
53312.257125 u 20.787 0.148
53312.257958 z 20.512 0.338
53312.258792 g 20.319 0.066
53314.256656 r 20.387 0.035
53314.257489 i 20.386 0.045
53314.258323 u 20.883 0.105
53314.259156 z 20.097 0.126
53314.259989 g 20.375 0.024
53319.244451 r 20.423 0.038
53319.245284 i 20.376 0.048
53319.246118 u 20.883 0.114
53319.246951 z 20.061 0.139
53319.247784 g 20.393 0.028
53616.361013 r 20.350 0.041
53616.361846 i 20.248 0.052
53616.362680 u 21.018 0.159
53616.363513 z 19.807 0.123
53616.364346 g 20.301 0.029
53626.337439 r 20.428 0.029
53626.338272 i 20.343 0.035
53626.339106 u 20.957 0.099
53626.339939 z 20.091 0.096
53626.340772 g 20.387 0.024
53628.322304 r 20.382 0.053
53628.323137 i 20.357 0.058
53628.323971 u 21.253 0.369
53628.324804 z 20.336 0.184
53628.325637 g 20.375 0.061
53637.323922 r 20.395 0.046
53637.324755 i 20.375 0.055
#53637.325589 u -99.000 0.180
53637.326422 z 20.052 0.156
53637.327255 g 20.394 0.042
53639.369298 r 20.363 0.029
53639.370131 i 20.274 0.032
53639.370965 u 20.905 0.116
53639.371798 z 20.254 0.115
53639.372631 g 20.376 0.027
53641.368465 r 20.351 0.026
53641.369298 i 20.273 0.030
53641.370132 u 20.765 0.090
53641.370965 z 20.042 0.091
53641.371798 g 20.349 0.023
53654.350991 r 20.379 0.031
53654.351824 i 20.366 0.041
53654.352658 u 20.851 0.107
53654.353491 z 19.910 0.115
53654.354324 g 20.352 0.022
53663.311896 r 20.379 0.042
53663.312729 i 20.266 0.038
53663.313563 u 20.826 0.183
53663.314396 z 20.149 0.110
53663.315229 g 20.278 0.043
53666.381992 r 20.362 0.038
53666.382825 i 20.266 0.037
53666.383659 u 20.813 0.181
53666.384492 z 19.896 0.098
53666.385325 g 20.305 0.038
53668.301497 r 20.458 0.043
53668.302330 i 20.335 0.046
53668.303164 u 21.070 0.158
53668.303997 z 20.103 0.132
53668.304830 g 20.353 0.031
53670.306349 r 20.333 0.032
53670.307182 i 20.261 0.037
53670.308016 u 20.768 0.110
53670.308849 z 20.066 0.126
53670.309682 g 20.351 0.025
53673.274334 r 20.356 0.034
53673.275167 i 20.329 0.037
53673.276001 u 20.917 0.101
53673.276834 z 19.929 0.090
53673.277667 g 20.330 0.022
53675.271222 r 20.297 0.035
53675.272055 i 20.258 0.043
53675.272889 u 20.787 0.102
53675.273722 z 19.900 0.132
53675.274555 g 20.281 0.024
53677.292253 r 20.373 0.028
53677.293086 i 20.325 0.031
53677.293920 u 20.952 0.098
53677.294753 z 20.188 0.094
53677.295586 g 20.374 0.022
53680.278919 r 20.401 0.030
53680.279752 i 20.336 0.033
53680.280586 u 20.870 0.100
53680.281419 z 20.120 0.102
53680.282252 g 20.358 0.023
53686.278353 r 20.601 0.084
53686.279186 i 20.378 0.070
53686.280020 u 20.763 0.265
53686.280853 z 20.217 0.167
53686.281686 g 20.442 0.086
53693.280815 r 20.359 0.046
53693.281648 i 20.291 0.042
53693.282482 u 20.779 0.206
53693.283315 z 19.856 0.096
53693.284148 g 20.278 0.048
53698.278204 r 20.420 0.034
53698.279037 i 20.336 0.040
53698.279871 u 21.056 0.143
53698.280704 z 20.390 0.161
53698.281537 g 20.353 0.025
53704.264136 r 20.404 0.036
53704.264969 i 20.396 0.046
53704.265803 u 20.799 0.104
53704.266636 z 19.920 0.109
53704.267469 g 20.385 0.024
53989.360275 r 20.309 0.050
53989.361108 i 20.275 0.049
#53989.361941 u -99.000 0.152
53989.362775 z 20.027 0.105
#53989.363608 g -99.000 0.059
53995.374856 r 20.330 0.025
53995.375690 i 20.231 0.030
53995.376523 u 20.940 0.081
53995.377356 z 19.933 0.074
53995.378190 g 20.301 0.025
54000.335704 r 20.372 0.034
54000.336537 i 20.204 0.044
54000.337371 u 20.767 0.100
54000.338204 z 19.885 0.099
54000.339037 g 20.315 0.029
54006.282370 r 20.277 0.030
54006.283203 i 20.300 0.032
#54006.284037 u -99.000 0.078
54006.284870 z 19.974 0.071
54006.285703 g 20.378 0.022
54007.385831 r 20.384 0.039
54007.386664 i 20.285 0.049
54007.387498 u 20.884 0.111
54007.388331 z 20.011 0.125
54007.389164 g 20.370 0.030
54009.309620 r 20.338 0.035
54009.310453 i 20.309 0.038
54009.311287 u 20.918 0.093
54009.312120 z 19.989 0.116
54009.312953 g 20.302 0.029
54011.374028 r 20.405 0.027
54011.374861 i 20.308 0.034
54011.375695 u 21.027 0.086
54011.376528 z 19.940 0.064
54011.377361 g 20.418 0.028
54025.373081 r 20.442 0.045
54025.373915 i 20.366 0.064
54025.374748 u 20.840 0.164
54025.375581 z 19.934 0.130
54025.376415 g 20.339 0.036
54029.303438 r 20.392 0.040
54029.304271 i 20.462 0.047
54029.305105 u 20.843 0.094
54029.305938 z 20.168 0.128
54029.306771 g 20.387 0.031
54348.370845 r 20.447 0.040
54348.371678 i 20.517 0.056
54348.372511 u 21.016 0.178
54348.373345 z 20.024 0.103
#54348.374178 g -99.000 0.040
54358.326588 r 20.485 0.038
54358.327421 i 20.429 0.058
54358.328255 u 20.933 0.135
54358.329088 z 19.994 0.120
54358.329921 g 20.447 0.029
54365.359673 r 20.503 0.025
54365.360506 i 20.482 0.035
54365.361340 u 20.873 0.083
54365.362173 z 20.085 0.084
54365.363006 g 20.482 0.026
54381.379318 r 20.361 0.033
54381.380151 i 20.522 0.037
54381.380985 u 21.026 0.112
54381.381818 z 19.966 0.077
54381.382651 g 20.445 0.025
54384.385911 r 20.534 0.033
54384.386744 i 20.458 0.035
54384.387577 u 20.902 0.100
54384.388411 z 20.265 0.114
54384.389244 g 20.470 0.027
54388.375873 r 20.490 0.032
54388.376706 i 20.406 0.034
54388.377540 u 20.905 0.111
54388.378373 z 20.139 0.159
54388.379206 g 20.436 0.026
54392.373447 r 20.467 0.037
54392.374280 i 20.364 0.045
54392.375114 u 21.053 0.146
54392.375947 z 19.989 0.100
#54392.376780 g -99.000 0.053
54403.289588 r 20.506 0.048
54403.290421 i 20.467 0.055
54403.291254 u 20.989 0.196
54403.292088 z 20.056 0.157
54403.292921 g 20.435 0.046
54404.347158 r 20.435 0.050
54404.347991 i 20.436 0.050
54404.348824 u 20.879 0.183
54404.349658 z 20.727 0.212
54404.350491 g 20.426 0.064
54405.345122 r 20.551 0.042
54405.345955 i 20.413 0.041
54405.346788 u 21.065 0.175
54405.347622 z 20.151 0.116
54405.348455 g 20.464 0.039
54406.283466 r 20.488 0.028
54406.284299 i 20.379 0.045
54406.285132 u 21.026 0.085
54406.285966 z 19.966 0.083
54406.286799 g 20.452 0.026
