53270.103629 r 19.257 0.043
53270.104462 i 19.023 0.054
53270.105296 u 21.174 0.211
53270.106129 z 18.898 0.063
53270.106962 g 19.874 0.050
53288.080777 r 19.232 0.014
#53288.081610 i -99.000 0.014
53288.082444 u 21.452 0.132
#53288.083277 z -99.000 0.043
53288.084110 g 19.975 0.019
53302.076447 r 19.209 0.019
53302.077280 i 19.083 0.019
53302.078114 u 20.944 0.177
53302.078947 z 18.822 0.039
53302.079780 g 19.835 0.029
53626.113970 r 19.336 0.021
53626.114803 i 19.157 0.021
53626.115637 u 21.298 0.220
53626.116470 z 19.132 0.052
53626.117303 g 19.931 0.036
53628.098835 r 19.376 0.035
53628.099668 i 19.055 0.030
53628.100502 u 21.381 0.424
53628.101335 z 19.123 0.080
53628.102168 g 19.879 0.050
53656.075108 r 19.331 0.025
53656.075941 i 19.139 0.025
53656.076775 u 21.128 0.274
53656.077608 z 19.056 0.064
53656.078441 g 20.071 0.057
53673.050854 r 19.325 0.020
53673.051687 i 19.088 0.024
53673.052521 u 22.264 0.461
53673.053354 z 18.988 0.056
53673.054187 g 20.000 0.029
#53677.068777 r -99.000 0.020
#53677.069610 i -99.000 0.019
53677.070444 u 21.439 0.178
#53677.071277 z -99.000 0.053
#53677.072110 g -99.000 0.023
53989.118037 r 19.256 0.068
53989.118871 i 19.048 0.041
53989.119704 u 21.213 0.091
53989.120537 z 18.903 0.031
53989.121371 g 19.876 0.041
54009.086051 r 19.259 0.039
54009.086884 i 19.069 0.026
54009.087718 u 21.662 0.208
54009.088551 z 19.046 0.047
54009.089384 g 19.922 0.027
54011.150549 r 19.359 0.020
54011.151383 i 19.060 0.017
54011.152216 u 21.623 1.000
54011.153049 z 18.922 0.043
54011.153883 g 20.003 0.040
54029.079898 r 19.315 0.045
#54029.080732 i -99.000 0.044
54029.081565 u 21.224 0.101
54029.082398 z 18.895 0.043
54029.083232 g 19.910 0.036
54051.056476 r 19.319 0.061
54051.057310 i 19.142 0.062
#54051.058143 u -99.000 0.281
#54051.058976 z -99.000 0.144
#54051.059810 g -99.000 0.058
54403.066110 r 19.235 0.057
54403.066944 i 19.019 0.056
54403.067777 u 21.152 0.098
54403.068610 z 19.001 0.058
54403.069444 g 19.840 0.031
54406.059951 r 19.347 0.064
#54406.060784 i -99.000 0.060
54406.061617 u 21.511 0.178
#54406.062451 z -99.000 0.060
54406.063284 g 19.969 0.055
54412.062870 r 19.286 0.083
54412.063704 i 19.009 0.032
54412.064537 u 21.422 0.170
54412.065370 z 18.960 0.065
#54412.066204 g -99.000 0.035
