51075.350538 r 18.930 0.011
51075.351371 i 17.578 0.007
51075.352205 u 22.304 0.258
51075.353038 z 16.929 0.012
51075.353871 g 20.296 0.025
52196.369770 r 18.832 0.011
52196.370603 i 17.477 0.007
52196.371437 u 23.187 0.647
52196.372270 z 16.834 0.011
52196.373103 g 20.233 0.026
52197.364171 r 18.985 0.012
52197.365004 i 17.598 0.007
#52197.365838 u -99.000 0.326
52197.366671 z 16.889 0.011
52197.367504 g 20.212 0.025
52207.336517 r 19.084 0.012
52207.337350 i 17.629 0.007
52207.338184 u 22.534 0.328
52207.339017 z 17.043 0.012
52207.339850 g 20.481 0.027
52225.214339 r 18.898 0.011
52225.215172 i 17.540 0.007
52225.216006 u 22.292 0.237
52225.216839 z 16.852 0.010
52225.217672 g 20.350 0.025
52231.250123 r 19.041 0.011
52231.250956 i 17.697 0.007
52231.251790 u 21.933 0.186
52231.252623 z 16.891 0.010
52231.253456 g 20.367 0.025
52234.221212 r 18.971 0.012
52234.222045 i 17.558 0.007
52234.222879 u 22.009 0.230
52234.223712 z 16.868 0.010
52234.224545 g 20.154 0.023
52557.358123 r 18.897 0.011
52557.358956 i 17.581 0.007
52557.359790 u 23.337 0.793
52557.360623 z 16.857 0.012
52557.361456 g 20.250 0.027
52578.254209 r 18.926 0.011
52578.255042 i 17.592 0.007
52578.255876 u 23.740 0.726
52578.256709 z 16.860 0.010
52578.257542 g 20.320 0.023
52908.332688 r 19.045 0.012
52908.333521 i 17.601 0.007
#52908.334355 u 24.544 1.051
52908.335188 z 17.032 0.012
52908.336021 g 20.510 0.030
52934.264591 r 18.870 0.012
52934.265424 i 17.496 0.007
52934.266258 u 21.785 0.210
52934.267091 z 16.896 0.012
52934.267924 g 20.146 0.024
52936.260517 r 18.842 0.011
52936.261350 i 17.502 0.007
52936.262184 u 22.378 0.287
52936.263017 z 16.882 0.011
52936.263850 g 20.241 0.023
53270.324621 r 19.160 0.034
53270.325455 i 17.525 0.018
53270.326288 u 21.807 0.156
53270.327121 z 16.909 0.015
53270.327955 g 20.594 0.063
53272.374518 r 19.038 0.011
53272.375351 i 17.612 0.007
53272.376185 u 22.438 0.259
53272.377018 z 16.911 0.010
53272.377851 g 20.349 0.025
53286.343239 r 18.961 0.012
53286.344072 i 17.653 0.007
53286.344906 u 22.141 0.279
53286.345739 z 16.964 0.011
53286.346572 g 20.427 0.031
53288.301729 r 19.047 0.013
53288.302562 i 17.609 0.007
53288.303396 u 22.222 0.307
53288.304229 z 16.938 0.011
53288.305062 g 20.478 0.032
53294.349404 r 19.027 0.013
53294.350237 i 17.651 0.007
53294.351071 u 22.732 0.448
53294.351904 z 16.981 0.011
53294.352737 g 20.460 0.032
53298.346182 r 19.144 0.018
53298.347015 i 17.551 0.008
53298.347849 u 23.301 0.789
53298.348682 z 16.902 0.013
53298.349515 g 20.500 0.035
53302.297398 r 18.933 0.015
53302.298231 i 17.568 0.008
53302.299065 u 22.123 0.635
53302.299898 z 16.944 0.011
53302.300731 g 20.314 0.053
53312.252982 r 19.560 0.070
53312.253815 i 17.713 0.030
53312.254648 u 22.105 0.439
53312.255482 z 17.042 0.022
53312.256315 g 20.339 0.150
53314.254127 r 18.856 0.012
53314.254960 i 17.511 0.007
53314.255794 u 22.146 0.264
53314.256627 z 16.860 0.011
53314.257460 g 20.100 0.024
53319.241924 r 18.899 0.015
53319.242757 i 17.531 0.008
53319.243591 u 22.514 0.437
53319.244424 z 16.867 0.012
53319.245257 g 20.241 0.032
53626.334912 r 18.679 0.010
53626.335745 i 17.467 0.007
53626.336579 u 22.402 0.312
53626.337412 z 16.913 0.011
53626.338245 g 20.075 0.024
53628.319776 r 18.907 0.015
53628.320609 i 17.549 0.007
53628.321443 u 22.569 0.897
53628.322276 z 16.921 0.012
53628.323109 g 20.160 0.056
53637.321395 r 18.965 0.015
53637.322228 i 17.602 0.008
53637.323062 u 22.044 0.448
53637.323895 z 17.198 0.015
53637.324728 g 20.424 0.049
53641.365938 r 18.950 0.011
53641.366771 i 17.552 0.007
#53641.367605 u -99.000 0.540
53641.368438 z 16.869 0.010
53641.369271 g 20.293 0.024
53654.348464 r 18.930 0.011
53654.349297 i 17.546 0.007
53654.350131 u 22.287 0.309
53654.350964 z 16.890 0.011
53654.351797 g 20.225 0.024
53663.309369 r 18.976 0.014
53663.310202 i 17.604 0.008
53663.311036 u 22.347 0.641
53663.311869 z 16.867 0.010
53663.312702 g 20.266 0.044
53666.379465 r 19.106 0.014
53666.380298 i 17.650 0.008
53666.381132 u 22.752 0.884
53666.381965 z 16.889 0.011
53666.382798 g 20.371 0.042
53668.298969 r 18.984 0.013
53668.299802 i 17.621 0.007
53668.300636 u 21.785 0.252
53668.301469 z 17.028 0.013
53668.302302 g 20.288 0.035
53670.303822 r 18.871 0.012
53670.304655 i 17.578 0.007
53670.305489 u 22.938 0.579
53670.306322 z 16.915 0.011
53670.307155 g 20.223 0.027
53673.271807 r 19.005 0.012
53673.272640 i 17.589 0.007
53673.273474 u 22.591 0.354
53673.274307 z 16.966 0.011
53673.275140 g 20.309 0.025
53675.268695 r 19.005 0.013
53675.269528 i 17.611 0.007
#53675.270362 u -99.000 0.259
53675.271195 z 16.981 0.012
53675.272028 g 20.226 0.027
53677.289726 r 19.133 0.012
53677.290559 i 17.738 0.008
53677.291393 u 22.102 0.221
53677.292226 z 16.889 0.010
53677.293059 g 20.473 0.027
53680.276392 r 18.844 0.011
53680.277225 i 17.563 0.007
53680.278059 u 22.184 0.261
53680.278892 z 16.881 0.010
53680.279725 g 20.102 0.022
53686.275826 r 19.176 0.030
53686.276659 i 17.653 0.010
#53686.277493 u 23.038 1.755
53686.278326 z 16.880 0.012
53686.279159 g 20.512 0.088
53693.278288 r 18.948 0.014
53693.279121 i 17.607 0.008
#53693.279955 u 22.751 1.101
53693.280788 z 16.919 0.011
53693.281621 g 20.336 0.050
53698.275677 r 19.197 0.014
53698.276510 i 17.654 0.007
#53698.277344 u 24.671 1.358
53698.278177 z 17.056 0.012
53698.279010 g 20.354 0.029
53704.261609 r 18.991 0.013
53704.262442 i 17.686 0.008
53704.263276 u 22.149 0.331
53704.264109 z 17.129 0.014
53704.264942 g 20.357 0.030
53989.357664 r 19.036 0.034
53989.358497 i 17.591 0.020
53989.359331 u 22.121 0.442
53989.360164 z 16.910 0.015
53989.360997 g 20.203 0.077
53995.372301 r 19.029 0.021
53995.373134 i 17.608 0.021
53995.373967 u 22.420 0.306
53995.374801 z 16.885 0.017
53995.375634 g 20.366 0.043
54000.333077 r 18.936 0.090
54000.333910 i 17.596 0.106
54000.334743 u 22.333 0.381
54000.335577 z 16.934 0.022
54000.336410 g 20.295 0.119
54006.279944 r 19.049 0.024
54006.280778 i 17.707 0.018
54006.281611 u 22.985 0.441
#54006.282444 z -99.000 0.017
54006.283278 g 20.375 0.044
54009.306997 r 18.933 0.043
54009.307830 i 17.557 0.023
54009.308663 u 23.197 0.665
54009.309497 z 16.947 0.019
54009.310330 g 20.274 0.117
54011.371527 r 18.939 0.021
54011.372360 i 17.579 0.022
54011.373193 u 22.629 0.257
54011.374027 z 16.880 0.018
54011.374860 g 20.459 0.043
54029.300948 r 18.873 0.050
54029.301782 i 17.555 0.029
54029.302615 u 22.357 0.327
54029.303448 z 16.991 0.026
54029.304282 g 20.285 0.076
54348.368234 r 19.075 0.072
54348.369068 i 17.602 0.248
54348.369901 u 21.409 0.231
54348.370734 z 16.948 0.020
54348.371568 g 20.277 0.084
54358.324064 r 18.982 0.059
54358.324897 i 17.559 0.032
54358.325731 u 23.081 0.647
54358.326564 z 16.905 0.026
54358.327397 g 20.697 0.155
54359.318110 r 19.059 0.063
54359.318944 i 17.648 0.030
#54359.319777 u -99.000 1.254
54359.320610 z 17.053 0.033
54359.321444 g 20.590 0.111
54365.357135 r 19.135 0.028
54365.357968 i 17.676 0.017
#54365.358801 u 24.853 2.243
54365.359635 z 16.919 0.019
54365.360468 g 20.459 0.043
54381.376696 r 18.920 0.046
54381.377529 i 17.573 0.067
#54381.378363 u -99.000 0.572
54381.379196 z 16.882 0.018
54381.380029 g 20.240 0.065
54384.383430 r 18.930 0.022
54384.384263 i 17.558 0.017
54384.385096 u 22.342 0.464
54384.385930 z 16.867 0.019
54384.386763 g 20.292 0.044
#54386.369178 r -99.000 0.059
#54386.370012 i -99.000 0.183
#54386.370845 u 23.725 1.939
54386.371678 z 16.879 0.026
54386.372512 g 20.418 0.089
54388.373276 r 18.983 0.020
54388.374109 i 17.595 0.017
54388.374942 u 22.454 0.284
54388.375776 z 16.892 0.016
54388.376609 g 20.237 0.055
54392.370862 r 19.115 0.035
54392.371695 i 17.678 0.022
#54392.372529 u 23.510 1.453
54392.373362 z 16.888 0.017
54392.374195 g 20.720 0.091
54403.287128 r 19.034 0.032
54403.287961 i 17.627 0.025
54403.288795 u 21.526 0.376
54403.289628 z 16.862 0.017
54403.290461 g 20.345 0.081
54404.344632 r 18.940 0.027
54404.345465 i 17.605 0.021
#54404.346298 u -99.000 0.678
54404.347132 z 16.882 0.019
54404.347965 g 20.250 0.066
#54405.342585 r -99.000 0.026
54405.343418 i 17.584 0.024
#54405.344252 u -99.000 0.671
54405.345085 z 16.908 0.017
54405.345918 g 20.208 0.056
54406.280929 r 18.944 0.018
54406.281762 i 17.617 0.019
54406.282595 u 22.168 0.175
54406.283429 z 16.916 0.020
54406.284262 g 20.331 0.051
54412.306664 r 18.995 0.043
54412.307497 i 17.565 0.056
54412.308330 u 22.302 0.368
54412.309164 z 16.962 0.024
#54412.309997 g -99.000 0.101
