51081.336538 r 18.436 0.009
51081.337371 i 18.553 0.012
51081.338205 u 18.546 0.020
51081.339038 z 18.529 0.035
51081.339871 g 18.391 0.008
51819.407694 r 18.649 0.010
51819.408527 i 18.742 0.012
51819.409361 u 18.885 0.028
51819.410194 z 18.695 0.036
51819.411027 g 18.636 0.009
52558.372961 r 18.650 0.010
52558.373794 i 18.782 0.011
52558.374628 u 18.859 0.023
52558.375461 z 18.759 0.033
52558.376294 g 18.622 0.008
52577.260464 r 18.686 0.010
52577.261297 i 18.758 0.012
52577.262131 u 18.894 0.025
52577.262964 z 18.758 0.035
52577.263797 g 18.646 0.008
52910.344421 r 18.602 0.009
52910.345254 i 18.694 0.011
52910.346088 u 18.783 0.023
52910.346921 z 18.604 0.032
52910.347754 g 18.536 0.008
52931.274625 r 18.616 0.009
52931.275458 i 18.722 0.011
52931.276292 u 18.802 0.023
52931.277125 z 18.684 0.032
52931.277958 g 18.573 0.008
52935.271589 r 18.666 0.011
52935.272422 i 18.727 0.013
52935.273256 u 18.831 0.024
52935.274089 z 18.743 0.042
52935.274922 g 18.580 0.008
52963.194663 r 18.628 0.009
52963.195496 i 18.730 0.011
52963.196330 u 18.802 0.020
52963.197163 z 18.709 0.027
52963.197996 g 18.578 0.008
53351.116964 r 18.614 0.012
53351.117797 i 18.692 0.016
53351.118631 u 18.900 0.027
53351.119464 z 18.655 0.048
53351.120297 g 18.582 0.008
53352.165729 r 18.641 0.010
53352.166562 i 18.727 0.013
53352.167396 u 18.919 0.026
53352.168229 z 18.636 0.040
53352.169062 g 18.573 0.008
53622.374025 r 18.572 0.010
53622.374858 i 18.656 0.013
53622.375692 u 18.825 0.028
53622.376525 z 18.632 0.040
53622.377358 g 18.547 0.009
53634.323495 r 18.594 0.016
53634.324328 i 18.628 0.018
53634.325162 u 18.795 0.056
53634.325995 z 18.539 0.045
53634.326828 g 18.497 0.016
53638.364831 r 18.571 0.010
53638.365664 i 18.612 0.011
53638.366498 u 18.798 0.024
53638.367331 z 18.541 0.031
53638.368164 g 18.525 0.009
53640.328866 r 18.539 0.009
53640.329699 i 18.638 0.012
53640.330533 u 18.794 0.044
53640.331366 z 18.607 0.035
53640.332199 g 18.523 0.008
53655.301039 r 18.535 0.010
53655.301872 i 18.614 0.013
53655.302706 u 18.751 0.025
53655.303539 z 18.559 0.037
53655.304372 g 18.506 0.009
53664.325996 r 18.505 0.022
53664.326829 i 18.607 0.030
53664.327663 u 18.654 0.059
53664.328496 z 18.462 0.074
53664.329329 g 18.491 0.024
53669.285239 r 18.573 0.009
53669.286072 i 18.605 0.011
53669.286906 u 18.802 0.024
53669.287739 z 18.616 0.034
53669.288572 g 18.518 0.008
53671.370002 r 18.545 0.011
53671.370835 i 18.612 0.013
53671.371669 u 18.826 0.032
53671.372502 z 18.647 0.042
53671.373335 g 18.551 0.009
53674.269475 r 18.562 0.011
53674.270308 i 18.646 0.014
53674.271142 u 18.795 0.029
53674.271975 z 18.601 0.038
53674.272808 g 18.541 0.008
53676.358945 r 18.577 0.010
53676.359778 i 18.645 0.011
53676.360612 u 18.862 0.030
53676.361445 z 18.655 0.034
53676.362278 g 18.584 0.009
53679.330840 r 18.564 0.012
53679.331673 i 18.667 0.015
53679.332507 u 18.839 0.030
53679.333340 z 18.598 0.049
53679.334173 g 18.548 0.009
53681.322354 r 18.568 0.010
53681.323187 i 18.625 0.011
53681.324021 u 18.894 0.027
53681.324854 z 18.605 0.032
53681.325687 g 18.554 0.009
53685.281407 r 18.572 0.014
53685.282240 i 18.641 0.014
53685.283074 u 18.811 0.039
53685.283907 z 18.589 0.035
53685.284740 g 18.524 0.014
53694.295286 r 18.572 0.019
53694.296119 i 18.647 0.022
53694.296953 u 18.856 0.065
53694.297786 z 18.569 0.060
53694.298619 g 18.530 0.019
53697.279377 r 18.540 0.013
53697.280210 i 18.604 0.016
53697.281044 u 18.843 0.037
53697.281877 z 18.592 0.039
53697.282710 g 18.524 0.010
53700.278336 r 18.575 0.011
53700.279169 i 18.626 0.014
53700.280003 u 18.848 0.032
53700.280836 z 18.625 0.047
53700.281669 g 18.555 0.009
53705.265005 r 18.581 0.009
53705.265838 i 18.646 0.011
53705.266672 u 18.870 0.027
53705.267505 z 18.600 0.031
53705.268338 g 18.554 0.008
53975.350024 r 18.497 0.014
53975.350857 i 18.583 0.015
53975.351690 u 18.820 0.032
53975.352524 z 18.543 0.036
53975.353357 g 18.492 0.015
53990.362821 r 18.476 0.015
53990.363655 i 18.564 0.019
53990.364488 u 18.716 0.029
53990.365321 z 18.580 0.033
53990.366155 g 18.453 0.018
53994.373019 r 18.465 0.014
53994.373853 i 18.535 0.014
53994.374686 u 18.724 0.021
53994.375519 z 18.453 0.028
53994.376353 g 18.433 0.020
53996.356772 r 18.467 0.015
53996.357606 i 18.579 0.021
53996.358439 u 18.720 0.032
53996.359272 z 18.510 0.032
53996.360106 g 18.439 0.012
54010.310870 r 18.484 0.013
54010.311703 i 18.596 0.019
54010.312537 u 18.675 0.022
54010.313370 z 18.547 0.024
54010.314203 g 18.470 0.016
54012.303692 r 18.491 0.017
54012.304525 i 18.584 0.017
54012.305358 u 18.688 0.029
54012.306192 z 18.480 0.030
54012.307025 g 18.471 0.023
54020.309667 r 18.455 0.014
54020.310500 i 18.547 0.011
54020.311334 u 18.604 0.027
54020.312167 z 18.498 0.033
54020.313000 g 18.411 0.021
54024.391307 r 18.447 0.014
54024.392140 i 18.535 0.018
54024.392974 u 18.625 0.023
54024.393807 z 18.532 0.038
54024.394640 g 18.371 0.026
54028.379563 r 18.398 0.017
54028.380397 i 18.506 0.019
#54028.381230 u -99.000 0.028
54028.382063 z 18.507 0.036
54028.382897 g 18.374 0.018
54030.303250 r 18.413 0.019
54030.304083 i 18.503 0.015
54030.304917 u 18.590 0.021
54030.305750 z 18.524 0.029
54030.306583 g 18.341 0.010
54035.379028 r 18.410 0.041
54035.379862 i 18.459 0.036
54035.380695 u 18.546 0.025
54035.381528 z 18.506 0.047
54035.382362 g 18.354 0.020
54037.284478 r 18.409 0.018
54037.285311 i 18.471 0.012
54037.286145 u 18.590 0.020
54037.286978 z 18.438 0.023
54037.287811 g 18.365 0.014
54040.299064 r 18.399 0.015
54040.299897 i 18.518 0.014
54040.300730 u 18.653 0.027
54040.301564 z 18.485 0.031
54040.302397 g 18.355 0.019
54047.329620 r 18.440 0.020
54047.330453 i 18.490 0.038
#54047.331287 u -99.000 0.095
54047.332120 z 18.473 0.069
#54047.332953 g -99.000 0.054
54049.325442 r 18.430 0.015
54049.326276 i 18.497 0.019
54049.327109 u 18.624 0.033
54049.327942 z 18.559 0.040
54049.328776 g 18.423 0.013
54053.289766 r 18.441 0.020
54053.290599 i 18.525 0.018
54053.291432 u 18.684 0.022
54053.292266 z 18.464 0.031
54053.293099 g 18.427 0.015
54056.291422 r 18.423 0.026
54056.292256 i 18.530 0.021
54056.293089 u 18.689 0.027
54056.293922 z 18.501 0.039
54056.294756 g 18.437 0.023
54059.285688 r 18.425 0.017
54059.286521 i 18.507 0.017
54059.287354 u 18.709 0.031
54059.288188 z 18.510 0.041
54059.289021 g 18.411 0.018
54061.296777 r 18.424 0.018
54061.297610 i 18.504 0.042
54061.298444 u 18.658 0.035
54061.299277 z 18.458 0.037
54061.300110 g 18.418 0.015
54062.290608 r 18.455 0.019
54062.291441 i 18.531 0.014
54062.292274 u 18.690 0.022
54062.293108 z 18.534 0.033
54062.293941 g 18.436 0.013
54068.271203 r 18.441 0.023
54068.272037 i 18.519 0.016
54068.272870 u 18.723 0.037
54068.273703 z 18.528 0.040
54068.274537 g 18.425 0.025
54357.328954 r 18.679 0.019
54357.329787 i 18.740 0.014
54357.330620 u 18.995 0.025
54357.331454 z 18.745 0.032
54357.332287 g 18.656 0.012
54359.360607 r 18.652 0.020
#54359.361440 i -99.000 0.026
54359.362274 u 18.992 0.032
54359.363107 z 18.675 0.043
54359.363940 g 18.675 0.022
54362.378704 r 18.657 0.020
54362.379538 i 18.726 0.026
54362.380371 u 18.951 0.030
54362.381204 z 18.684 0.034
54362.382038 g 18.666 0.024
54376.373794 r 18.672 0.016
54376.374627 i 18.775 0.017
54376.375461 u 19.006 0.036
54376.376294 z 18.643 0.035
54376.377127 g 18.670 0.013
54382.358909 r 18.729 0.019
54382.359742 i 18.723 0.046
54382.360575 u 19.003 0.035
54382.361409 z 18.672 0.053
54382.362242 g 18.657 0.020
54385.376708 r 18.713 0.016
54385.377541 i 18.752 0.013
54385.378374 u 18.987 0.033
54385.379208 z 18.704 0.029
54385.380041 g 18.697 0.020
54387.377211 r 18.678 0.021
54387.378044 i 18.755 0.020
54387.378878 u 19.033 0.043
54387.379711 z 18.732 0.075
54387.380544 g 18.641 0.022
#54390.369625 r -99.000 0.032
#54390.370458 i -99.000 99.999
#54390.371291 u -99.000 0.059
#54390.372125 z -99.000 0.142
54390.372958 g 18.685 0.015
54391.378069 r 18.719 0.022
54391.378902 i 18.733 0.023
54391.379735 u 19.028 0.038
54391.380569 z 18.668 0.064
54391.381402 g 18.701 0.015
54402.370386 r 18.703 0.028
54402.371219 i 18.678 0.018
54402.372052 u 18.876 0.060
54402.372886 z 18.634 0.042
54402.373719 g 18.670 0.041
