51075.344279 r 20.615 0.039
51075.345112 i 20.496 0.062
#51075.345946 u -99.000 0.081
51075.346779 z 20.128 0.159
51075.347612 g 20.786 0.029
51081.328003 r 20.645 0.048
51081.328836 i 20.503 0.067
51081.329670 u 21.100 0.150
51081.330503 z 19.893 0.140
51081.331336 g 20.802 0.041
52196.363473 r 20.252 0.031
52196.364306 i 20.260 0.050
52196.365140 u 20.472 0.078
52196.365973 z 20.186 0.148
52196.366806 g 20.340 0.022
52197.357920 r 20.332 0.031
52197.358753 i 20.226 0.046
52197.359587 u 20.500 0.081
52197.360420 z 20.184 0.164
52197.361253 g 20.307 0.024
52207.330260 r 20.323 0.028
52207.331093 i 20.198 0.038
52207.331927 u 20.487 0.065
52207.332760 z 20.166 0.127
52207.333593 g 20.331 0.021
52225.208077 r 20.301 0.028
52225.208910 i 20.099 0.035
52225.209744 u 20.445 0.059
52225.210577 z 20.112 0.120
52225.211410 g 20.340 0.021
52231.243860 r 20.213 0.028
52231.244693 i 20.169 0.037
52231.245527 u 20.385 0.061
52231.246360 z 19.846 0.095
52231.247193 g 20.323 0.022
52234.214949 r 20.217 0.026
52234.215782 i 20.169 0.035
52234.216616 u 20.439 0.061
52234.217449 z 19.903 0.089
52234.218282 g 20.368 0.021
52557.351861 r 20.343 0.031
52557.352694 i 20.333 0.049
52557.353528 u 20.502 0.080
52557.354361 z 19.881 0.125
52557.355194 g 20.335 0.024
52578.247946 r 20.289 0.028
52578.248779 i 20.307 0.042
52578.249613 u 20.406 0.055
52578.250446 z 20.064 0.120
52578.251279 g 20.264 0.020
52908.326427 r 20.138 0.025
52908.327260 i 20.175 0.040
52908.328094 u 20.353 0.056
52908.328927 z 19.813 0.099
52908.329760 g 20.087 0.019
52934.258330 r 20.124 0.033
52934.259163 i 19.949 0.045
52934.259997 u 20.403 0.075
52934.260830 z 19.935 0.142
52934.261663 g 20.047 0.019
52936.254257 r 20.183 0.025
52936.255090 i 20.168 0.037
52936.255924 u 20.260 0.052
#52936.256757 z -99.000 0.111
52936.257590 g 20.100 0.019
53270.318319 r 20.354 0.026
53270.319152 i 20.252 0.037
53270.319985 u 20.450 0.060
53270.320819 z 20.064 0.097
53270.321652 g 20.380 0.023
53272.368259 r 20.334 0.026
53272.369092 i 20.374 0.042
53272.369926 u 20.513 0.068
53272.370759 z 20.146 0.117
53272.371592 g 20.377 0.020
53286.336976 r 20.277 0.046
53286.337809 i 20.324 0.057
53286.338643 u 20.469 0.099
53286.339476 z 20.008 0.120
53286.340309 g 20.321 0.027
53288.295470 r 20.290 0.030
53288.296303 i 20.194 0.039
53288.297137 u 20.303 0.065
53288.297970 z 20.234 0.158
53288.298803 g 20.310 0.025
53294.343144 r 20.353 0.032
53294.343977 i 20.287 0.048
53294.344811 u 20.493 0.080
53294.345644 z 19.728 0.096
#53294.346477 g -99.000 0.024
53296.290157 r 20.283 0.038
53296.290990 i 20.272 0.052
53296.291823 u 20.461 0.073
53296.292657 z 19.827 0.119
53296.293490 g 20.398 0.030
53298.339921 r 20.240 0.042
53298.340754 i 20.052 0.053
53298.341588 u 20.271 0.075
53298.342421 z 19.985 0.154
53298.343254 g 20.328 0.027
53302.291138 r 20.309 0.045
53302.291971 i 20.325 0.056
53302.292805 u 20.492 0.108
53302.293638 z 20.027 0.119
53302.294471 g 20.366 0.043
53312.246688 r 20.312 0.035
53312.247522 i 20.284 0.051
53312.248355 u 20.340 0.077
53312.249188 z 19.995 0.136
53312.250022 g 20.332 0.052
53314.247867 r 20.303 0.034
53314.248700 i 20.212 0.049
53314.249534 u 20.310 0.064
53314.250367 z 20.277 0.175
53314.251200 g 20.275 0.023
53616.352227 r 20.535 0.045
53616.353060 i 20.406 0.076
53616.353894 u 20.824 0.141
53616.354727 z 20.058 0.164
53616.355560 g 20.574 0.034
53626.328652 r 20.565 0.032
53626.329485 i 20.530 0.049
53626.330319 u 20.748 0.086
53626.331152 z 20.261 0.136
53626.331985 g 20.603 0.027
53628.313517 r 20.518 0.058
53628.314350 i 20.370 0.062
53628.315184 u 20.562 0.158
53628.316017 z 20.027 0.136
53628.316850 g 20.626 0.068
53637.315135 r 20.585 0.060
53637.315968 i 20.405 0.067
53637.316802 u 21.026 0.192
53637.317635 z 20.224 0.196
53637.318468 g 20.609 0.052
53639.360512 r 20.532 0.032
53639.361345 i 20.413 0.042
53639.362179 u 20.544 0.070
53639.363012 z 20.224 0.108
53639.363845 g 20.606 0.029
53641.359666 r 20.541 0.034
53641.360499 i 20.544 0.046
53641.361333 u 20.765 0.087
53641.362166 z 20.170 0.108
53641.362999 g 20.609 0.025
53654.342203 r 20.556 0.037
53654.343036 i 20.538 0.055
53654.343870 u 20.730 0.086
53654.344703 z 20.189 0.139
53654.345536 g 20.661 0.025
53663.303107 r 20.501 0.066
53663.303940 i 20.317 0.053
53663.304774 u 20.750 0.152
53663.305607 z 19.997 0.112
53663.306440 g 20.554 0.054
53666.373204 r 20.589 0.050
53666.374037 i 20.453 0.053
53666.374871 u 20.593 0.127
53666.375704 z 20.405 0.153
53666.376537 g 20.676 0.045
53668.292709 r 20.617 0.047
53668.293542 i 20.415 0.060
53668.294376 u 20.791 0.116
53668.295209 z 20.144 0.148
53668.296042 g 20.672 0.035
53670.297561 r 20.578 0.054
53670.298394 i 20.468 0.074
53670.299228 u 20.882 0.136
53670.300061 z 20.066 0.147
53670.300894 g 20.652 0.030
53673.265547 r 20.558 0.035
53673.266380 i 20.552 0.050
53673.267214 u 20.780 0.083
53673.268047 z 20.078 0.110
53673.268880 g 20.600 0.024
53675.262435 r 20.526 0.043
53675.263268 i 20.476 0.058
53675.264102 u 20.679 0.075
53675.264935 z 20.137 0.144
53675.265768 g 20.591 0.028
53677.283465 r 20.573 0.032
53677.284298 i 20.472 0.041
#53677.285132 u -99.000 0.085
53677.285965 z 20.454 0.130
53677.286798 g 20.598 0.025
53680.270132 r 20.550 0.037
53680.270965 i 20.435 0.047
53680.271799 u 20.767 0.090
53680.272632 z 20.188 0.117
53680.273465 g 20.622 0.025
53693.272026 r 20.569 0.064
53693.272859 i 20.392 0.061
53693.273693 u 20.564 0.161
53693.274526 z 20.354 0.170
53693.275359 g 20.562 0.065
53698.269415 r 20.431 0.037
53698.270248 i 20.388 0.056
53698.271082 u 20.710 0.101
53698.271915 z 20.331 0.162
53698.272748 g 20.581 0.027
53704.255348 r 20.485 0.044
53704.256181 i 20.471 0.063
53704.257015 u 20.763 0.106
53704.257848 z 19.927 0.134
#53704.258681 g -99.000 0.036
53989.351550 r 20.349 0.052
53989.352383 i 20.237 0.058
53989.353217 u 20.621 0.151
53989.354050 z 20.064 0.125
53989.354883 g 20.246 0.049
53995.366021 r 20.279 0.025
53995.366854 i 20.254 0.043
53995.367688 u 20.404 0.059
53995.368521 z 19.952 0.093
53995.369354 g 20.298 0.024
54000.326862 r 20.322 0.032
54000.327695 i 20.368 0.051
54000.328528 u 20.576 0.080
54000.329362 z 19.862 0.118
54000.330195 g 20.299 0.025
54006.273594 r 20.283 0.027
#54006.274427 i -99.000 0.034
54006.275261 u 20.401 0.061
#54006.276094 z -99.000 0.094
54006.276927 g 20.256 0.026
54007.376979 r 20.325 0.042
54007.377813 i 20.434 0.059
54007.378646 u 20.290 0.081
54007.379479 z 19.984 0.153
#54007.380313 g -99.000 0.034
54009.300749 r 20.257 0.030
54009.301582 i 20.244 0.040
54009.302416 u 20.211 0.056
54009.303249 z 20.158 0.121
54009.304082 g 20.260 0.028
54011.365242 r 20.253 0.028
54011.366075 i 20.279 0.036
54011.366909 u 20.405 0.048
54011.367742 z 19.946 0.079
54011.368575 g 20.248 0.024
54025.364319 r 20.276 0.045
54025.365152 i 20.315 0.064
54025.365985 u 20.520 0.101
54025.366819 z 20.414 0.123
54025.367652 g 20.300 0.028
54029.294588 r 20.403 0.038
54029.295422 i 20.286 0.052
54029.296255 u 20.584 0.090
54029.297088 z 20.089 0.173
#54029.297922 g -99.000 0.032
54348.362000 r 20.374 0.043
54348.362833 i 20.346 0.049
#54348.363667 u -99.000 0.106
54348.364500 z 19.895 0.101
54348.365333 g 20.447 0.030
54358.317847 r 20.437 0.043
#54358.318680 i -99.000 0.104
#54358.319514 u -99.000 0.114
54358.320347 z 19.817 0.145
#54358.321180 g -99.000 0.044
54359.311925 r 20.444 0.066
54359.312759 i 20.382 0.094
54359.313592 u 20.350 0.134
54359.314425 z 19.941 0.264
54359.315259 g 20.372 0.043
54365.350875 r 20.386 0.034
54365.351708 i 20.318 0.040
54365.352542 u 20.452 0.057
54365.353375 z 19.817 0.086
54365.354208 g 20.425 0.031
54381.370445 r 20.425 0.033
54381.371278 i 20.334 0.041
54381.372112 u 20.676 0.081
54381.372945 z 19.927 0.085
54381.373778 g 20.407 0.029
54384.377086 r 20.438 0.033
54384.377919 i 20.354 0.042
54384.378752 u 20.358 0.065
54384.379586 z 20.256 0.119
54384.380419 g 20.405 0.028
54386.362748 r 20.371 0.053
54386.363581 i 20.398 0.068
54386.364414 u 20.422 0.128
#54386.365248 z -99.000 0.154
54386.366081 g 20.417 0.036
54388.367027 r 20.455 0.031
54388.367860 i 20.353 0.040
54388.368693 u 20.664 0.084
54388.369527 z 19.965 0.083
54388.370360 g 20.436 0.023
54403.280834 r 20.374 0.043
54403.281668 i 20.409 0.062
54403.282501 u 20.747 0.181
54403.283334 z 20.169 0.194
54403.284168 g 20.481 0.060
54404.338430 r 20.458 0.039
54404.339264 i 20.425 0.047
54404.340097 u 20.661 0.121
54404.340930 z 20.090 0.123
54404.341764 g 20.397 0.057
54405.336375 r 20.448 0.036
54405.337208 i 20.374 0.050
54405.338042 u 20.484 0.102
54405.338875 z 20.172 0.129
54405.339708 g 20.511 0.045
54406.274642 r 20.493 0.030
54406.275475 i 20.301 0.037
54406.276308 u 20.625 0.070
54406.277142 z 19.877 0.078
54406.277975 g 20.448 0.029
54412.277565 r 20.363 0.042
#54412.278398 i -99.000 0.060
54412.279232 u 20.564 0.095
#54412.280065 z -99.000 0.157
54412.280898 g 20.472 0.028
54412.300416 r 20.411 0.034
54412.301250 i 20.237 0.044
54412.302083 u 20.407 0.074
54412.302916 z 19.986 0.106
54412.303750 g 20.498 0.027
