53270.112889 r 18.964 0.014
53270.113722 i 18.632 0.025
53270.114556 u 21.353 0.137
53270.115389 z 18.473 0.030
53270.116222 g 19.711 0.022
53302.085711 r 19.036 0.015
53302.086544 i 18.632 0.013
53302.087378 u 21.201 0.222
53302.088211 z 18.487 0.032
53302.089044 g 19.777 0.027
53623.137021 r 18.923 0.012
53623.137854 i 18.627 0.012
53623.138688 u 21.456 0.170
53623.139521 z 18.514 0.031
53623.140354 g 19.655 0.018
53626.123233 r 19.080 0.017
53626.124066 i 18.754 0.015
53626.124900 u 21.397 0.263
53626.125733 z 18.533 0.033
53626.126566 g 19.881 0.034
53628.108099 r 18.992 0.022
53628.108932 i 18.636 0.018
53628.109766 u 21.888 0.568
53628.110599 z 18.478 0.043
53628.111432 g 19.753 0.046
53637.109711 r 19.125 0.013
53637.110544 i 18.743 0.013
53637.111378 u 21.392 0.156
53637.112211 z 18.493 0.036
53637.113044 g 19.857 0.021
53656.084372 r 19.048 0.023
53656.085205 i 18.749 0.020
53656.086039 u 20.961 0.276
53656.086872 z 18.484 0.050
53656.087705 g 19.778 0.051
#53665.075651 r -99.000 0.046
#53665.076484 i -99.000 0.077
53665.077318 u 20.474 0.271
#53665.078151 z -99.000 0.146
#53665.078984 g -99.000 0.062
53673.060118 r 19.097 0.013
53673.060951 i 18.738 0.013
53673.061785 u 21.606 0.172
53673.062618 z 18.528 0.035
53673.063451 g 19.874 0.019
53677.078041 r 19.100 0.015
53677.078874 i 18.734 0.015
53677.079708 u 21.158 0.125
#53677.080541 z -99.000 0.038
53677.081374 g 19.860 0.021
53680.064706 r 18.928 0.011
53680.065539 i 18.608 0.011
53680.066373 u 21.323 0.117
53680.067206 z 18.386 0.026
53680.068039 g 19.643 0.016
53693.066615 r 18.977 0.013
53693.067448 i 18.609 0.013
53693.068282 u 21.105 0.119
53693.069115 z 18.429 0.031
53693.069948 g 19.668 0.018
53989.127310 r 18.967 0.055
53989.128143 i 18.640 0.013
53989.128977 u 21.357 0.124
53989.129810 z 18.470 0.029
53989.130643 g 19.746 0.016
53995.135246 r 18.998 0.011
53995.136079 i 18.609 0.011
53995.136913 u 21.239 0.091
53995.137746 z 18.475 0.029
53995.138579 g 19.735 0.019
54005.085454 r 19.025 0.021
54005.086288 i 18.698 0.047
54005.087121 u 21.582 0.141
54005.087954 z 18.524 0.029
54005.088788 g 19.816 0.017
54007.098210 r 19.075 0.044
54007.099043 i 18.688 0.026
54007.099876 u 21.284 0.134
54007.100710 z 18.481 0.030
54007.101543 g 19.791 0.027
54009.095321 r 19.051 0.017
54009.096154 i 18.699 0.024
54009.096988 u 21.130 0.135
54009.097821 z 18.495 0.029
54009.098654 g 19.770 0.023
54011.159816 r 19.077 0.022
54011.160649 i 18.663 0.051
54011.161483 u 21.059 0.196
54011.162316 z 18.524 0.033
54011.163149 g 19.859 0.032
54019.110025 r 19.017 0.012
54019.110858 i 18.723 0.025
54019.111692 u 21.057 0.093
54019.112525 z 18.494 0.032
54019.113358 g 19.773 0.016
54025.158829 r 19.073 0.041
54025.159663 i 18.651 0.023
54025.160496 u 21.721 0.197
54025.161329 z 18.542 0.035
54025.162163 g 19.797 0.017
54051.065736 r 19.025 0.020
#54051.066569 i -99.000 0.026
54051.067402 u 21.628 1.000
54051.068236 z 18.539 0.068
54051.069069 g 19.749 0.031
54358.112389 r 18.995 0.029
54358.113223 i 18.660 0.015
54358.114056 u 21.086 0.134
54358.114889 z 18.472 0.034
#54358.115723 g -99.000 0.021
54386.157332 r 19.026 0.021
#54386.158166 i -99.000 0.019
54386.158999 u 21.643 0.217
#54386.159832 z -99.000 0.039
54386.160666 g 19.792 0.034
54388.161600 r 19.066 0.014
54388.162433 i 18.655 0.056
54388.163267 u 21.341 0.241
54388.164100 z 18.574 0.037
54388.164933 g 19.816 0.022
54403.075381 r 19.030 0.016
54403.076214 i 18.678 0.039
54403.077047 u 21.436 0.133
54403.077881 z 18.574 0.033
54403.078714 g 19.765 0.017
54406.069206 r 19.016 0.025
54406.070039 i 18.661 0.044
54406.070872 u 21.330 0.133
54406.071706 z 18.501 0.038
54406.072539 g 19.754 0.016
#54412.072134 r -99.000 0.018
54412.072968 i 18.659 0.019
54412.073801 u 21.153 0.132
54412.074634 z 18.448 0.043
54412.075468 g 19.759 0.022
#54415.109694 r -99.000 0.033
#54415.110527 i -99.000 0.023
54415.111361 u 21.335 0.147
54415.112194 z 18.480 0.037
54415.113027 g 19.790 0.017
