53270.105266 r 18.222 0.049
53270.106099 i 17.828 0.044
53270.106933 u 21.514 0.187
53270.107766 z 17.678 0.060
53270.108599 g 19.243 0.052
53288.082421 r 18.248 0.008
53288.083254 i 17.873 0.008
53288.084088 u 21.190 0.121
53288.084921 z 17.707 0.017
53288.085754 g 19.174 0.010
#53625.148370 r -99.000 0.009
#53625.149203 i -99.000 0.009
53625.150037 u 21.536 0.209
53625.150870 z 17.696 0.020
53625.151703 g 19.243 0.015
53626.115614 r 18.216 0.010
53626.116447 i 17.881 0.009
53626.117281 u 21.599 0.283
53626.118114 z 17.698 0.019
53626.118947 g 19.131 0.018
53628.100479 r 18.234 0.012
#53628.101312 i -99.000 0.011
53628.102146 u 21.434 0.416
53628.102979 z 17.793 0.025
53628.103812 g 19.160 0.024
53636.107406 r 18.200 0.008
53636.108239 i 17.865 0.008
53636.109073 u 21.222 0.143
53636.109906 z 17.593 0.020
53636.110739 g 19.116 0.011
53637.102066 r 18.215 0.008
#53637.102899 i -99.000 0.009
53637.103733 u 21.489 0.208
#53637.104566 z -99.000 0.022
#53637.105399 g -99.000 0.012
53655.079422 r 18.287 0.009
53655.080255 i 17.937 0.009
53655.081089 u 21.435 0.231
53655.081922 z 17.731 0.021
53655.082755 g 19.163 0.016
53656.076752 r 18.209 0.011
53656.077585 i 17.868 0.011
53656.078419 u 21.168 0.325
53656.079252 z 17.875 0.030
53656.080085 g 19.162 0.023
53673.052488 r 18.197 0.009
53673.053321 i 17.890 0.010
53673.054155 u 21.284 0.184
53673.054988 z 17.692 0.020
53673.055821 g 19.175 0.012
53677.070421 r 18.131 0.008
53677.071254 i 17.813 0.008
53677.072088 u 21.503 0.191
53677.072921 z 17.679 0.018
53677.073754 g 19.114 0.010
53687.098139 r 18.326 0.011
53687.098972 i 17.866 0.010
53687.099806 u 21.167 0.364
53687.100639 z 17.658 0.021
53687.101472 g 19.111 0.025
53989.119690 r 18.228 0.040
53989.120523 i 17.881 0.047
53989.121357 u 21.779 0.180
53989.122190 z 17.777 0.066
53989.123023 g 19.161 0.066
53994.123841 r 18.302 0.099
53994.124675 i 17.906 0.049
53994.125508 u 21.466 0.135
53994.126341 z 17.756 0.089
53994.127175 g 19.158 0.031
53998.103754 r 18.336 0.055
53998.104588 i 17.922 0.055
53998.105421 u 21.186 0.095
53998.106254 z 17.743 0.088
53998.107088 g 19.097 0.066
54005.077833 r 18.261 0.038
54005.078666 i 17.854 0.049
54005.079500 u 21.493 0.220
54005.080333 z 17.670 0.067
54005.081166 g 19.161 0.035
54009.087723 r 18.207 0.078
54009.088556 i 17.890 0.052
54009.089389 u 21.504 0.190
54009.090223 z 17.723 0.044
54009.091056 g 19.090 0.035
54010.089228 r 18.362 0.056
54010.090061 i 17.944 0.056
54010.090895 u 21.445 0.188
54010.091728 z 17.721 0.077
54010.092561 g 19.083 0.051
#54011.152188 r -99.000 0.085
#54011.153021 i -99.000 0.053
54011.153854 u 21.786 0.338
#54011.154688 z -99.000 0.069
54011.155521 g 19.131 0.039
54012.082075 r 18.319 0.054
54012.082909 i 17.976 0.054
54012.083742 u 21.045 0.238
54012.084575 z 17.748 0.065
54012.085409 g 19.187 0.046
54020.088054 r 18.280 0.046
54020.088888 i 17.902 0.045
54020.089721 u 21.563 0.175
54020.090554 z 17.662 0.065
54020.091388 g 19.137 0.047
54022.137346 r 18.246 0.054
54022.138180 i 18.062 0.062
54022.139013 u 21.379 0.148
54022.139846 z 17.657 0.074
54022.140680 g 19.162 0.050
54025.151206 r 18.257 0.037
54025.152040 i 17.860 0.049
54025.152873 u 21.174 0.131
54025.153706 z 17.719 0.047
54025.154540 g 19.132 0.029
54029.081539 r 18.236 0.033
54029.082372 i 17.844 0.040
54029.083206 u 21.222 0.121
54029.084039 z 17.752 0.045
54029.084872 g 19.152 0.035
54030.081633 r 18.722 0.086
54030.082467 i 18.051 0.067
54030.083300 u 21.572 0.171
54030.084133 z 17.686 0.075
54030.084967 g 19.169 0.042
54032.070881 r 18.280 0.037
#54032.071714 i -99.000 0.054
54032.072548 u 21.510 0.186
#54032.073381 z -99.000 0.043
54032.074214 g 19.130 0.028
54040.077336 r 18.220 0.033
54040.078169 i 17.917 0.044
54040.079003 u 21.254 0.275
54040.079836 z 17.656 0.044
54040.080669 g 19.076 0.031
54051.058118 r 18.179 0.031
#54051.058951 i -99.000 0.043
54051.059785 u 21.073 0.340
#54051.060618 z -99.000 0.048
#54051.061451 g -99.000 0.040
54059.064083 r 18.562 0.056
54059.064917 i 18.129 0.065
54059.065750 u 21.241 0.193
54059.066583 z 17.800 0.055
54059.067417 g 19.352 0.038
54357.107279 r 18.201 0.042
#54357.108113 i -99.000 0.045
54357.108946 u 21.383 0.145
54357.109779 z 17.696 0.057
54357.110613 g 19.147 0.043
54385.155102 r 18.217 0.040
54385.155935 i 17.928 0.052
54385.156768 u 21.321 0.139
54385.157602 z 17.774 0.068
54385.158435 g 19.190 0.049
54392.150334 r 18.286 0.048
54392.151167 i 17.954 0.054
54392.152000 u 21.608 0.275
54392.152834 z 17.763 0.063
54392.153667 g 19.147 0.043
54403.067752 r 18.218 0.035
54403.068585 i 17.860 0.045
54403.069418 u 21.400 0.140
54403.070252 z 17.709 0.082
54403.071085 g 19.144 0.031
54406.061580 r 18.212 0.047
54406.062413 i 17.918 0.049
54406.063246 u 21.351 0.147
54406.064080 z 17.847 0.047
54406.064913 g 19.142 0.030
54412.064511 r 18.236 0.039
#54412.065344 i -99.000 0.052
54412.066178 u 21.327 0.227
#54412.067011 z -99.000 0.057
54412.067844 g 19.101 0.048
