53625.152657 r 17.674 0.007
53625.153490 i 17.480 0.008
53625.154324 u 19.606 0.039
53625.155157 z 17.354 0.013
53625.155990 g 18.183 0.008
53636.111694 r 17.610 0.006
53636.112527 i 17.360 0.007
53636.113361 u 19.534 0.033
53636.114194 z 17.410 0.015
53636.115027 g 18.306 0.008
53645.171362 r 17.974 0.010
53645.172195 i 17.339 0.010
53645.173029 u 19.479 0.036
53645.173862 z 17.380 0.016
53645.174695 g 18.084 0.008
53655.083697 r 17.618 0.007
53655.084530 i 17.451 0.008
53655.085364 u 19.518 0.044
53655.086197 z 17.340 0.014
53655.087030 g 18.222 0.009
53669.067896 r 17.550 0.006
53669.068729 i 17.474 0.007
53669.069563 u 19.557 0.032
53669.070396 z 17.260 0.013
53669.071229 g 18.145 0.007
53681.105029 r 17.897 0.010
53681.105862 i 17.473 0.010
53681.106696 u 19.571 0.057
53681.107529 z 17.328 0.020
53681.108362 g 18.261 0.012
53687.102426 r 17.677 0.010
53687.103259 i 17.512 0.011
53687.104093 u 19.366 0.070
53687.104926 z 17.318 0.016
53687.105759 g 18.124 0.012
53697.062054 r 18.516 0.051
#53697.062887 i -99.000 0.025
#53697.063721 u -99.000 0.168
#53697.064554 z -99.000 0.077
#53697.065387 g -99.000 0.031
53994.128121 r 17.656 0.046
53994.128955 i 17.480 0.040
53994.129788 u 19.630 0.036
53994.130621 z 17.505 0.035
53994.131455 g 18.336 0.030
53998.108025 r 17.680 0.045
53998.108859 i 17.363 0.061
53998.109692 u 19.479 0.035
53998.110525 z 17.395 0.040
53998.111359 g 18.184 0.044
54010.093503 r 17.688 0.056
54010.094337 i 17.362 0.067
54010.095170 u 19.575 0.052
54010.096003 z 17.423 0.050
54010.096837 g 18.269 0.038
54012.086346 r 17.679 0.045
54012.087179 i 17.412 0.059
54012.088012 u 19.677 0.074
54012.088846 z 17.357 0.049
54012.089679 g 18.270 0.041
54020.092339 r 17.730 0.038
54020.093172 i 17.500 0.055
54020.094006 u 19.695 0.044
54020.094839 z 17.423 0.024
54020.095672 g 20.526 0.254
#54022.141876 r -99.000 0.028
54022.142709 i 17.499 0.055
54022.143543 u 19.381 0.034
54022.144376 z 17.404 0.052
#54022.145209 g -99.000 0.025
54037.067126 r 17.644 0.043
54037.067959 i 17.362 0.063
54037.068793 u 19.597 0.047
54037.069626 z 17.412 0.056
54037.070459 g 18.395 0.060
54357.111551 r 17.613 0.039
54357.112384 i 17.479 0.048
54357.113218 u 19.359 0.039
54357.114051 z 17.378 0.039
54357.114884 g 18.105 0.020
54365.109407 r 17.698 0.039
54365.110241 i 17.388 0.052
54365.111074 u 19.543 0.052
54365.111907 z 17.312 0.042
54365.112741 g 18.275 0.039
54385.159377 r 17.661 0.056
54385.160210 i 17.524 0.078
54385.161043 u 19.614 0.045
54385.161877 z 17.441 0.057
54385.162710 g 18.223 0.038
