53628.106203 r 17.647 0.010
53628.107036 i 17.313 0.010
53628.107870 u 20.265 0.158
53628.108703 z 17.110 0.016
53628.109536 g 18.444 0.015
53637.107815 r 17.649 0.006
53637.108648 i 17.316 0.006
53637.109482 u 20.388 0.073
53637.110315 z 17.127 0.013
53637.111148 g 18.440 0.008
53656.082476 r 17.612 0.008
53656.083309 i 17.292 0.007
53656.084143 u 20.425 0.170
53656.084976 z 17.089 0.014
53656.085809 g 18.410 0.014
53677.076145 r 17.626 0.006
53677.076978 i 17.319 0.006
53677.077812 u 20.386 0.072
53677.078645 z 17.143 0.014
53677.079478 g 18.458 0.008
53680.062809 r 17.633 0.006
#53680.063642 i -99.000 0.007
53680.064476 u 20.327 0.058
53680.065309 z 17.117 0.012
53680.066142 g 18.438 0.008
53693.064717 r 17.612 0.006
53693.065550 i 17.316 0.006
53693.066384 u 20.389 0.072
53693.067217 z 17.082 0.012
53693.068050 g 18.442 0.008
53703.069529 r 17.651 0.005
53703.070362 i 17.353 0.009
53703.071196 u 20.403 0.098
53703.072029 z 17.181 0.014
53703.072862 g 18.488 0.013
#53989.125413 r -99.000 0.116
53989.126246 i 17.482 0.011
53989.127079 u 20.451 0.056
53989.127913 z 17.233 0.031
53989.128746 g 18.530 0.008
53995.133333 r 17.757 0.010
53995.134167 i 17.449 0.016
53995.135000 u 20.464 0.053
53995.135833 z 17.231 0.013
53995.136667 g 18.597 0.023
54005.083565 r 17.770 0.031
54005.084398 i 17.458 0.005
54005.085231 u 20.436 0.054
54005.086065 z 17.241 0.019
54005.086898 g 18.557 0.008
54007.096308 r 17.740 0.029
54007.097142 i 17.467 0.018
54007.097975 u 20.463 0.063
54007.098808 z 17.213 0.014
54007.099642 g 18.533 0.011
54019.108120 r 17.705 0.044
54019.108953 i 17.389 0.005
54019.109786 u 20.354 0.056
54019.110620 z 17.204 0.014
54019.111453 g 18.536 0.029
54025.156932 r 17.763 0.014
54025.157765 i 17.421 0.034
54025.158599 u 20.404 0.060
54025.159432 z 17.246 0.014
54025.160265 g 18.556 0.006
54051.063837 r 17.708 0.008
54051.064671 i 17.437 0.012
54051.065504 u 20.432 0.087
54051.066337 z 17.229 0.023
54051.067171 g 18.493 0.011
54358.110498 r 17.708 0.008
54358.111332 i 17.365 0.004
54358.112165 u 20.476 0.074
54358.112998 z 17.192 0.013
54358.113832 g 18.515 0.023
#54382.152691 r -99.000 0.013
#54382.153524 i -99.000 0.007
54382.154358 u 20.415 0.104
54382.155191 z 17.202 0.020
#54382.156024 g -99.000 0.008
54388.159719 r 17.728 0.012
54388.160553 i 17.426 0.005
54388.161386 u 20.375 0.070
54388.162219 z 17.243 0.017
54388.163053 g 18.562 0.013
54412.070235 r 17.722 0.009
54412.071068 i 17.408 0.009
54412.071901 u 20.491 0.091
54412.072735 z 17.259 0.021
#54412.073568 g -99.000 0.013
