53625.144905 r 18.761 0.012
53625.145738 i 18.349 0.010
53625.146572 u 21.627 0.247
53625.147405 z 18.088 0.022
53625.148238 g 19.634 0.021
53636.103943 r 18.736 0.013
#53636.104776 i -99.000 0.013
53636.105610 u 21.700 0.207
53636.106443 z 18.132 0.023
53636.107276 g 19.699 0.016
53655.075947 r 18.788 0.012
53655.076780 i 18.308 0.010
53655.077614 u 21.777 0.325
53655.078447 z 18.132 0.023
53655.079280 g 19.650 0.022
53687.094679 r 18.983 0.019
53687.095512 i 18.473 0.013
#53687.096346 u 26.310 2.015
53687.097179 z 18.288 0.030
53687.098012 g 19.870 0.046
#53994.120367 r -99.000 0.602
#53994.121200 i -99.000 0.602
53994.122033 u 21.593 0.164
53994.122867 z 18.125 0.020
53994.123700 g 19.653 0.013
53998.100275 r 19.096 0.010
#53998.101109 i -99.000 0.057
53998.101942 u 22.305 0.252
53998.102775 z 18.561 0.037
53998.103609 g 20.105 0.016
54012.078600 r 18.764 0.015
#54012.079433 i -99.000 0.010
54012.080266 u 21.721 0.557
54012.081100 z 18.274 0.041
54012.081933 g 19.636 0.031
54020.084580 r 18.780 0.009
54020.085413 i 18.337 0.007
54020.086247 u 21.712 0.178
54020.087080 z 18.148 0.021
54020.087913 g 19.694 0.077
54022.133868 r 18.803 0.008
#54022.134701 i -99.000 0.136
#54022.135535 u -99.000 0.149
#54022.136368 z -99.000 0.028
54022.137201 g 19.710 0.014
54030.078134 r 18.784 0.012
54030.078967 i 18.275 0.013
54030.079801 u 21.351 0.124
#54030.080634 z -99.000 0.035
54030.081467 g 19.688 0.014
54037.059382 r 18.801 0.020
#54037.060215 i -99.000 0.018
54037.061049 u 21.275 0.174
54037.061882 z 18.077 0.021
54037.062715 g 19.706 0.020
54040.073858 r 18.779 0.014
54040.074692 i 18.335 0.009
54040.075525 u 22.392 0.724
54040.076358 z 18.089 0.024
54040.077192 g 19.684 0.030
54050.058490 r 18.811 0.013
#54050.059323 i -99.000 0.011
54050.060156 u 22.195 0.537
54050.060990 z 18.151 0.039
54050.061823 g 19.742 0.021
#54053.064652 r -99.000 0.015
54053.065485 i 18.342 0.026
54053.066319 u 21.828 0.275
54053.067152 z 18.179 0.034
54053.067985 g 19.709 0.017
#54061.071664 r -99.000 0.012
#54061.072497 i -99.000 0.048
54061.073331 u 21.403 0.179
54061.074164 z 18.139 0.033
#54061.074997 g -99.000 0.163
#54062.065512 r -99.000 0.029
#54062.066345 i -99.000 0.020
54062.067178 u 22.592 0.853
54062.068012 z 18.076 0.040
#54062.068845 g -99.000 0.064
54068.055508 r 18.774 0.017
54068.056341 i 18.298 0.015
54068.057174 u 21.395 0.412
54068.058008 z 18.189 0.031
54068.058841 g 19.684 0.033
54357.103802 r 18.790 0.081
54357.104636 i 18.338 0.012
54357.105469 u 21.827 0.241
54357.106302 z 18.150 0.025
54357.107136 g 19.626 0.074
54385.151632 r 18.750 0.014
54385.152465 i 18.318 0.011
54385.153298 u 22.074 0.254
54385.154132 z 18.273 0.029
54385.154965 g 19.652 0.097
54387.152144 r 18.714 0.049
54387.152978 i 18.306 0.011
54387.153811 u 21.755 0.356
54387.154644 z 18.125 0.027
54387.155478 g 19.656 0.019
54392.146888 r 18.761 0.014
54392.147721 i 18.337 0.008
54392.148554 u 21.769 0.314
54392.149388 z 18.079 0.028
54392.150221 g 19.706 0.022
