51075.342076 r 16.401 0.004
51075.342909 i 15.047 0.004
51075.343743 u 20.595 0.067
51075.344576 z 14.353 0.004
51075.345409 g 17.975 0.006
52196.361275 r 16.395 0.004
52196.362108 i 15.059 0.004
52196.362942 u 20.673 0.096
52196.363775 z 14.351 0.004
52196.364608 g 17.890 0.006
52197.355678 r 16.243 0.004
52197.356511 i 14.932 0.004
52197.357345 u 20.384 0.071
52197.358178 z 14.219 0.004
52197.359011 g 17.722 0.005
52207.328117 r 16.306 0.006
52207.328950 i 14.996 0.006
52207.329784 u 20.608 0.077
52207.330617 z 14.280 0.005
52207.331450 g 17.795 0.006
52225.205879 r 16.234 0.004
52225.206712 i 14.921 0.004
52225.207546 u 20.438 0.067
52225.208379 z 14.226 0.004
52225.209212 g 17.707 0.005
52231.241662 r 16.571 0.005
52231.242495 i 15.186 0.005
52231.243329 u 21.168 0.122
52231.244162 z 14.456 0.005
52231.244995 g 18.146 0.007
52234.212751 r 16.408 0.004
52234.213584 i 15.035 0.004
#52234.214418 u -99.000 0.087
52234.215251 z 14.334 0.005
52234.216084 g 17.941 0.006
52557.349663 r 16.313 0.004
52557.350496 i 14.975 0.004
52557.351330 u 20.562 0.080
52557.352163 z 14.279 0.004
52557.352996 g 17.795 0.006
52578.245749 r 16.287 0.004
52578.246582 i 14.965 0.004
52578.247416 u 20.499 0.064
52578.248249 z 14.257 0.004
52578.249082 g 17.781 0.006
52908.324228 r 16.291 0.004
52908.325061 i 14.945 0.004
52908.325895 u 20.486 0.071
52908.326728 z 14.242 0.004
52908.327561 g 17.739 0.005
52934.256131 r 16.205 0.004
52934.256964 i 14.905 0.003
52934.257798 u 20.605 0.097
52934.258631 z 14.188 0.004
52934.259464 g 17.684 0.005
52936.252058 r 16.212 0.005
52936.252891 i 14.870 0.004
52936.253725 u 20.498 0.064
52936.254558 z 14.227 0.004
52936.255391 g 17.683 0.006
53270.316116 r 16.578 0.015
53270.316950 i 15.208 0.009
53270.317783 u 20.728 0.072
53270.318616 z 14.524 0.014
53270.319450 g 18.101 0.018
53272.366060 r 16.475 0.005
53272.366893 i 15.003 0.005
53272.367727 u 20.875 0.086
53272.368560 z 14.396 0.005
53272.369393 g 18.009 0.006
53286.334778 r 16.768 0.005
53286.335611 i 15.308 0.004
53286.336445 u 21.163 0.206
53286.337278 z 14.552 0.004
53286.338111 g 18.437 0.009
53288.293269 r 16.585 0.004
53288.294102 i 15.190 0.004
53288.294936 u 20.718 0.094
53288.295769 z 14.441 0.004
53288.296602 g 18.093 0.006
53294.340945 r 17.334 0.005
53294.341778 i 15.737 0.004
53294.342612 u 22.077 0.295
53294.343445 z 14.841 0.004
53294.344278 g 19.101 0.011
53296.287950 r 16.710 0.014
53296.288784 i 15.270 0.012
53296.289617 u 20.409 0.074
53296.290450 z 14.481 0.010
53296.291284 g 18.264 0.019
53298.337723 r 16.547 0.005
53298.338556 i 15.042 0.004
53298.339390 u 20.530 0.090
53298.340223 z 14.331 0.005
53298.341056 g 18.023 0.007
53302.288939 r 17.435 0.007
53302.289772 i 15.859 0.005
53302.290606 u 22.286 0.622
53302.291439 z 14.989 0.005
53302.292272 g 19.272 0.019
53312.244503 r 17.280 0.014
53312.245337 i 15.885 0.010
53312.246170 u 21.195 0.168
53312.247003 z 15.152 0.014
53312.247837 g 18.782 0.020
53314.245668 r 16.896 0.004
53314.246501 i 15.498 0.004
53314.247335 u 20.847 0.104
53314.248168 z 14.726 0.004
53314.249001 g 18.428 0.007
53616.350027 r 16.519 0.004
53616.350860 i 15.104 0.003
53616.351694 u 20.777 0.141
53616.352527 z 14.381 0.004
53616.353360 g 18.118 0.007
53626.326453 r 16.693 0.004
53626.327286 i 15.307 0.004
53626.328120 u 20.742 0.087
53626.328953 z 14.595 0.005
53626.329786 g 18.229 0.007
53628.311318 r 16.705 0.005
53628.312151 i 15.302 0.004
53628.312985 u 20.559 0.168
53628.313818 z 14.551 0.004
53628.314651 g 18.168 0.010
53637.312935 r 16.412 0.004
53637.313768 i 15.056 0.003
53637.314602 u 20.399 0.120
53637.315435 z 14.342 0.004
53637.316268 g 17.844 0.007
53639.358312 r 16.411 0.005
53639.359145 i 15.025 0.005
53639.359979 u 20.631 0.081
53639.360812 z 14.311 0.005
53639.361645 g 17.891 0.006
53654.340005 r 16.377 0.005
53654.340838 i 15.015 0.004
53654.341672 u 20.326 0.064
53654.342505 z 14.303 0.004
53654.343338 g 17.863 0.006
53663.300909 r 16.516 0.005
53663.301742 i 15.147 0.005
#53663.302576 u -99.000 0.148
53663.303409 z 14.415 0.004
53663.304242 g 17.943 0.008
53665.278880 r 16.566 0.006
53665.279713 i 15.201 0.005
53665.280547 u 21.123 0.401
#53665.281380 z -99.000 0.007
53665.282213 g 17.985 0.010
53666.371007 r 16.519 0.004
53666.371840 i 15.168 0.004
53666.372674 u 20.607 0.162
53666.373507 z 14.472 0.004
53666.374340 g 17.964 0.007
53668.290509 r 16.509 0.004
53668.291342 i 15.166 0.003
53668.292176 u 20.551 0.096
53668.293009 z 14.476 0.004
53668.293842 g 17.971 0.006
53670.295362 r 16.609 0.004
53670.296195 i 15.267 0.003
53670.297029 u 20.873 0.146
53670.297862 z 14.545 0.004
53670.298695 g 18.081 0.007
53673.263347 r 16.456 0.005
53673.264180 i 15.119 0.005
53673.265014 u 20.410 0.066
53673.265847 z 14.394 0.004
53673.266680 g 17.932 0.006
53675.260235 r 16.399 0.004
53675.261068 i 14.999 0.003
53675.261902 u 20.182 0.061
53675.262735 z 14.320 0.004
53675.263568 g 17.897 0.006
53677.281266 r 16.465 0.005
53677.282099 i 14.958 0.005
53677.282933 u 20.434 0.063
53677.283766 z 14.366 0.005
53677.284599 g 17.930 0.006
53680.267932 r 16.354 0.005
53680.268765 i 14.978 0.004
53680.269599 u 20.211 0.062
53680.270432 z 14.266 0.004
53680.271265 g 17.822 0.006
53693.269827 r 16.509 0.004
53693.270660 i 15.135 0.003
53693.271494 u 20.367 0.141
53693.272327 z 14.387 0.004
53693.273160 g 17.996 0.008
53698.267218 r 16.814 0.004
53698.268051 i 15.366 0.004
53698.268885 u 21.096 0.141
53698.269718 z 14.622 0.004
53698.270551 g 18.345 0.007
53704.253149 r 16.512 0.004
53704.253982 i 15.112 0.003
53704.254816 u 20.779 0.144
53704.255649 z 14.365 0.004
53704.256482 g 18.119 0.006
53989.349265 r 16.614 0.012
53989.350098 i 15.273 0.012
53989.350931 u 20.698 0.173
53989.351765 z 14.590 0.029
53989.352598 g 18.133 0.018
53995.363862 r 16.475 0.016
53995.364696 i 15.121 0.015
53995.365529 u 20.516 0.062
53995.366362 z 14.406 0.016
53995.367196 g 17.997 0.026
54000.324659 r 16.716 0.023
54000.325493 i 15.278 0.024
54000.326326 u 20.709 0.099
54000.327159 z 14.475 0.016
54000.327993 g 18.219 0.017
54006.271435 r 17.096 0.013
54006.272268 i 15.576 0.020
54006.273102 u 21.526 0.154
54006.273935 z 14.758 0.019
54006.274768 g 18.880 0.017
#54007.374779 r -99.000 0.057
54007.375612 i 15.593 0.016
54007.376445 u 21.220 0.175
54007.377279 z 14.758 0.013
54007.378112 g 18.750 0.014
54009.298576 r 16.768 0.021
54009.299409 i 15.423 0.011
54009.300242 u 20.679 0.088
54009.301076 z 14.682 0.012
54009.301909 g 18.273 0.024
54011.363063 r 17.367 0.019
54011.363896 i 15.908 0.027
54011.364730 u 21.710 0.155
54011.365563 z 15.110 0.010
54011.366396 g 19.056 0.025
54025.362042 r 17.204 0.017
54025.362876 i 15.748 0.014
54025.363709 u 21.391 0.252
54025.364542 z 14.960 0.026
54025.365376 g 18.816 0.016
54029.292385 r 16.828 0.021
54029.293218 i 15.437 0.023
54029.294052 u 21.284 0.139
54029.294885 z 14.622 0.023
54029.295718 g 18.533 0.029
54348.359792 r 16.504 0.015
54348.360626 i 15.177 0.024
54348.361459 u 20.553 0.104
54348.362292 z 14.445 0.014
54348.363126 g 18.020 0.037
54358.315639 r 16.328 0.025
54358.316472 i 14.978 0.024
54358.317305 u 20.142 0.078
#54358.318139 z -99.000 0.031
54358.318972 g 17.774 0.016
54359.309640 r 16.369 0.013
54359.310473 i 15.026 0.019
54359.311306 u 20.535 0.161
54359.312140 z 14.304 0.012
54359.312973 g 17.870 0.022
54365.348695 r 16.406 0.016
54365.349528 i 15.054 0.015
54365.350361 u 20.315 0.056
54365.351195 z 14.330 0.016
54365.352028 g 17.878 0.016
54381.368273 r 16.272 0.015
54381.369106 i 14.952 0.018
#54381.369939 u -99.000 0.069
54381.370773 z 14.254 0.014
54381.371606 g 17.728 0.014
54384.374879 r 16.323 0.009
54384.375713 i 14.949 0.013
54384.376546 u 20.415 0.075
54384.377379 z 14.270 0.012
54384.378213 g 17.759 0.016
54386.360612 r 16.362 0.014
54386.361445 i 15.075 0.023
54386.362279 u 20.416 0.122
54386.363112 z 14.351 0.018
54386.363945 g 17.892 0.014
54388.364828 r 16.519 0.016
54388.365661 i 15.126 0.015
54388.366495 u 21.048 0.119
54388.367328 z 14.472 0.010
54388.368161 g 18.026 0.022
54403.278650 r 16.302 0.013
54403.279483 i 14.939 0.014
54403.280316 u 20.333 0.103
54403.281150 z 14.243 0.017
54403.281983 g 17.771 0.011
54404.336152 r 16.309 0.015
54404.336985 i 14.962 0.015
54404.337818 u 20.393 0.107
54404.338652 z 14.270 0.012
54404.339485 g 17.774 0.018
54405.334124 r 16.362 0.016
54405.334957 i 14.995 0.013
54405.335791 u 20.559 0.099
54405.336624 z 14.262 0.017
54405.337457 g 17.867 0.017
54406.272431 r 16.430 0.023
54406.273265 i 14.972 0.018
54406.274098 u 20.691 0.074
54406.274931 z 14.293 0.020
54406.275765 g 17.944 0.014
54412.275382 r 16.667 0.014
54412.276215 i 15.287 0.015
54412.277048 u 20.470 0.100
54412.277882 z 14.533 0.017
54412.278715 g 18.166 0.018
