51081.329851 r 17.347 0.005
51081.330684 i 16.905 0.005
51081.331518 u 20.920 0.115
51081.332351 z 16.653 0.010
51081.333184 g 18.525 0.008
51819.400959 r 17.367 0.005
51819.401792 i 16.910 0.005
51819.402626 u 21.262 0.146
51819.403459 z 16.642 0.010
51819.404292 g 18.552 0.008
52558.366231 r 17.338 0.005
52558.367064 i 16.882 0.005
52558.367898 u 21.091 0.109
52558.368731 z 16.643 0.010
52558.369564 g 18.521 0.008
52577.253736 r 17.349 0.005
52577.254569 i 16.886 0.005
52577.255403 u 20.970 0.103
52577.256236 z 16.653 0.009
52577.257069 g 18.519 0.007
52586.257215 r 17.355 0.007
52586.258048 i 16.896 0.008
52586.258882 u 21.099 0.099
52586.259715 z 16.610 0.013
52586.260548 g 18.545 0.010
52910.337694 r 17.348 0.005
52910.338527 i 16.888 0.005
52910.339361 u 21.166 0.099
52910.340194 z 16.631 0.009
52910.341027 g 18.543 0.007
52931.267898 r 17.360 0.005
52931.268731 i 16.891 0.005
52931.269565 u 21.059 0.099
52931.270398 z 16.686 0.009
52931.271231 g 18.517 0.007
52935.264861 r 17.349 0.005
52935.265694 i 16.890 0.005
52935.266528 u 21.016 0.113
52935.267361 z 16.650 0.014
52935.268194 g 18.548 0.008
52963.187935 r 17.357 0.005
52963.188768 i 16.888 0.005
52963.189602 u 20.993 0.079
52963.190435 z 16.656 0.009
52963.191268 g 18.518 0.007
53352.159000 r 17.349 0.005
53352.159833 i 16.895 0.005
53352.160667 u 21.242 0.119
53352.161500 z 16.640 0.009
53352.162333 g 18.539 0.007
53622.367299 r 17.352 0.005
53622.368132 i 16.913 0.005
53622.368966 u 20.887 0.126
53622.369799 z 16.627 0.011
53622.370632 g 18.508 0.008
53634.316769 r 17.355 0.006
53634.317602 i 16.893 0.006
53634.318436 u 20.976 0.321
53634.319269 z 16.630 0.011
53634.320102 g 18.523 0.016
53638.358104 r 17.353 0.005
53638.358937 i 16.893 0.005
53638.359771 u 21.140 0.134
53638.360604 z 16.619 0.010
53638.361437 g 18.531 0.008
53640.322140 r 17.356 0.005
53640.322973 i 16.890 0.005
53640.323807 u 20.930 0.122
53640.324640 z 16.626 0.010
53640.325473 g 18.517 0.008
53655.294312 r 17.351 0.006
53655.295145 i 16.876 0.018
53655.295979 u 20.826 0.122
53655.296812 z 16.651 0.011
53655.297645 g 18.518 0.009
53664.319268 r 17.344 0.010
53664.320101 i 16.897 0.010
53664.320935 u 20.783 0.225
53664.321768 z 16.667 0.017
53664.322601 g 18.557 0.021
53669.278512 r 17.354 0.005
53669.279345 i 16.887 0.005
53669.280179 u 21.107 0.124
53669.281012 z 16.630 0.010
53669.281845 g 18.519 0.007
53671.363274 r 17.373 0.006
53671.364107 i 16.884 0.006
53671.364941 u 21.070 0.179
53671.365774 z 16.647 0.011
53671.366607 g 18.523 0.009
53674.262749 r 17.345 0.005
53674.263582 i 16.895 0.005
#53674.264416 u -99.000 0.139
53674.265249 z 16.608 0.010
53674.266082 g 18.543 0.008
53676.352217 r 17.348 0.005
53676.353050 i 16.893 0.005
53676.353884 u 21.154 0.155
53676.354717 z 16.561 0.009
53676.355550 g 18.515 0.008
53679.324113 r 17.353 0.006
53679.324946 i 16.879 0.005
53679.325780 u 21.084 0.191
#53679.326613 z -99.000 0.011
53679.327446 g 18.533 0.008
53681.315626 r 17.348 0.007
53681.316459 i 16.878 0.007
53681.317293 u 21.075 0.152
53681.318126 z 16.640 0.010
53681.318959 g 18.521 0.008
53685.274680 r 17.364 0.007
53685.275513 i 16.904 0.006
53685.276347 u 20.715 0.183
53685.277180 z 16.658 0.011
53685.278013 g 18.573 0.015
53694.288556 r 17.353 0.008
53694.289389 i 16.890 0.006
53694.290223 u 21.139 0.529
53694.291056 z 16.619 0.013
53694.291889 g 18.510 0.020
53697.272651 r 17.358 0.006
53697.273484 i 16.889 0.005
53697.274318 u 20.882 0.136
53697.275151 z 16.594 0.010
53697.275984 g 18.523 0.010
53700.271608 r 17.350 0.005
53700.272441 i 16.898 0.005
53700.273275 u 20.917 0.144
53700.274108 z 16.640 0.012
53700.274941 g 18.542 0.009
53705.258278 r 17.377 0.005
53705.259111 i 16.894 0.005
53705.259945 u 21.060 0.129
53705.260778 z 16.635 0.009
53705.261611 g 18.540 0.008
53975.343318 r 17.344 0.036
53975.344151 i 16.900 0.015
53975.344985 u 20.857 0.088
53975.345818 z 16.648 0.019
53975.346651 g 18.516 0.016
53990.356247 r 17.795 0.033
53990.357081 i 17.233 0.032
53990.357914 u 21.528 0.289
53990.358747 z 16.687 0.019
53990.359581 g 18.707 0.021
53990.356247 r 18.163 0.092
53990.357080 i 17.586 0.094
53990.357913 u 22.318 0.569
#53990.358747 z 20.591 2.284
53990.359580 g 20.251 0.248
53994.366372 r 17.358 0.012
53994.367205 i 16.886 0.011
53994.368038 u 21.102 0.092
53994.368872 z 16.615 0.018
53994.369705 g 18.495 0.015
53996.350065 r 17.325 0.015
53996.350899 i 16.912 0.019
53996.351732 u 20.668 0.089
53996.352565 z 16.669 0.014
53996.353399 g 18.511 0.020
54010.304248 r 17.343 0.013
54010.305082 i 16.888 0.015
54010.305915 u 21.020 0.086
54010.306748 z 16.626 0.016
54010.307582 g 18.543 0.016
54012.296989 r 17.352 0.019
54012.297823 i 16.884 0.013
54012.298656 u 20.714 0.133
#54012.299489 z -99.000 0.019
54012.300323 g 18.531 0.018
54020.302968 r 17.348 0.017
54020.303801 i 16.859 0.016
54020.304635 u 21.202 0.179
54020.305468 z 16.620 0.017
54020.306301 g 18.530 0.020
54024.384606 r 17.354 0.016
54024.385439 i 16.881 0.016
54024.386272 u 21.769 0.195
54024.387106 z 16.644 0.022
54024.387939 g 18.546 0.016
54028.372846 r 17.347 0.044
54028.373679 i 16.883 0.026
54028.374513 u 21.016 0.159
54028.375346 z 16.616 0.018
54028.376179 g 18.530 0.018
54030.296521 r 17.401 0.009
54030.297354 i 16.949 0.012
54030.298187 u 21.048 0.088
54030.299021 z 16.616 0.017
54030.299854 g 18.531 0.022
54035.372318 r 17.340 0.018
54035.373151 i 16.872 0.013
54035.373985 u 21.658 0.312
54035.374818 z 16.626 0.017
54035.375651 g 18.540 0.039
54037.277747 r 17.428 0.010
#54037.278581 i -99.000 0.011
54037.279414 u 21.057 0.082
54037.280247 z 16.580 0.017
54037.281081 g 18.533 0.017
54040.292356 r 17.329 0.017
54040.293189 i 16.884 0.017
54040.294023 u 21.008 0.176
54040.294856 z 16.667 0.018
54040.295689 g 18.552 0.021
54047.323160 r 17.366 0.035
#54047.323993 i -99.000 0.029
#54047.324827 u -99.000 1.365
54047.325660 z 16.676 0.022
54047.326493 g 18.586 0.028
54049.318786 r 17.341 0.009
54049.319619 i 16.895 0.012
54049.320453 u 20.484 0.160
54049.321286 z 16.634 0.016
54049.322119 g 18.554 0.015
54053.283067 r 17.338 0.016
54053.283900 i 16.876 0.012
54053.284734 u 21.097 0.102
54053.285567 z 16.599 0.020
54053.286400 g 18.538 0.017
54056.284682 r 17.344 0.020
54056.285516 i 16.899 0.022
54056.286349 u 20.802 0.154
54056.287182 z 16.658 0.033
54056.288016 g 18.512 0.024
54059.278988 r 17.355 0.014
54059.279821 i 16.879 0.014
54059.280654 u 20.990 0.144
54059.281488 z 16.638 0.019
54059.282321 g 18.533 0.015
54061.290068 r 17.350 0.019
54061.290902 i 16.909 0.028
54061.291735 u 20.865 0.160
54061.292568 z 16.653 0.018
54061.293402 g 18.537 0.011
54062.283872 r 17.300 0.014
54062.284705 i 16.880 0.009
54062.285539 u 20.747 0.103
54062.286372 z 16.637 0.016
54062.287205 g 18.508 0.018
54068.264430 r 17.344 0.011
54068.265263 i 16.889 0.016
54068.266096 u 21.000 0.225
54068.266930 z 16.633 0.018
54068.267763 g 18.521 0.040
54357.322248 r 17.332 0.014
54357.323081 i 16.881 0.012
54357.323915 u 20.854 0.080
54357.324748 z 16.623 0.017
54357.325581 g 18.532 0.013
54359.353992 r 17.348 0.025
54359.354825 i 16.884 0.022
54359.355658 u 20.933 0.138
54359.356492 z 16.627 0.016
54359.357325 g 18.523 0.025
54362.372004 r 17.347 0.009
54362.372837 i 16.877 0.022
54362.373670 u 20.884 0.087
54362.374504 z 16.659 0.017
#54362.375337 g -99.000 0.026
#54376.367231 r -99.000 0.021
54376.368064 i 16.889 0.013
54376.368897 u 21.174 0.150
54376.369731 z 16.604 0.015
54376.370564 g 18.536 0.013
54382.352179 r 17.349 0.022
54382.353012 i 16.904 0.028
#54382.353846 u -99.000 0.148
54382.354679 z 16.635 0.019
54382.355512 g 18.543 0.014
54385.370127 r 17.350 0.008
54385.370961 i 16.884 0.010
54385.371794 u 21.179 0.108
54385.372627 z 16.569 0.027
#54385.373461 g -99.000 0.026
54387.370502 r 17.365 0.018
54387.371335 i 16.881 0.015
54387.372169 u 20.878 0.116
#54387.373002 z -99.000 0.025
#54387.373835 g -99.000 0.023
#54390.363062 r -99.000 0.018
#54390.363896 i -99.000 0.015
#54390.364729 u -99.000 99.999
#54390.365562 z -99.000 0.016
54390.366396 g 18.535 0.016
54391.371316 r 17.377 0.020
54391.372149 i 16.908 0.010
54391.372983 u 20.764 0.163
54391.373816 z 16.627 0.023
54391.374649 g 18.523 0.016
54402.363733 r 17.331 0.023
54402.364566 i 16.893 0.014
54402.365399 u 20.659 0.181
54402.366233 z 16.639 0.024
54402.367066 g 18.578 0.033
