51081.336870 r 17.906 0.007
51081.337703 i 17.592 0.008
51081.338537 u 20.225 0.066
51081.339370 z 17.480 0.021
51081.340203 g 18.549 0.009
52558.373291 r 18.215 0.008
52558.374124 i 18.058 0.009
52558.374958 u 20.219 0.051
52558.375791 z 17.953 0.022
52558.376624 g 18.793 0.009
52931.274957 r 18.075 0.007
52931.275790 i 17.916 0.008
52931.276624 u 20.209 0.056
52931.277457 z 17.765 0.021
52931.278290 g 18.586 0.008
52935.271921 r 18.141 0.008
52935.272754 i 17.915 0.008
52935.273588 u 20.305 0.066
52935.274421 z 17.775 0.024
52935.275254 g 18.646 0.008
52963.194995 r 18.158 0.008
52963.195828 i 17.972 0.008
52963.196662 u 20.228 0.045
52963.197495 z 17.875 0.019
52963.198328 g 18.718 0.008
53351.117297 r 17.925 0.007
53351.118130 i 17.637 0.008
53351.118964 u 20.137 0.068
#53351.119797 z -99.000 0.025
53351.120630 g 18.609 0.008
53638.365163 r 18.159 0.008
53638.365996 i 17.956 0.008
53638.366830 u 20.187 0.062
53638.367663 z 17.927 0.023
53638.368496 g 18.647 0.009
53676.359276 r 18.178 0.008
53676.360109 i 17.938 0.008
53676.360943 u 20.207 0.068
53676.361776 z 17.882 0.022
53676.362609 g 18.666 0.009
53681.322684 r 18.271 0.008
53681.323517 i 17.947 0.008
53681.324351 u 20.362 0.070
53681.325184 z 18.010 0.023
53681.326017 g 18.696 0.009
53685.281738 r 18.161 0.010
53685.282571 i 17.962 0.010
53685.283405 u 20.326 0.122
53685.284238 z 17.829 0.023
53685.285071 g 18.734 0.015
53694.295618 r 17.934 0.012
53694.296451 i 17.654 0.010
53694.297285 u 20.109 0.195
53694.298118 z 17.496 0.029
53694.298951 g 18.592 0.018
53697.279709 r 18.016 0.010
53697.280542 i 17.908 0.011
53697.281376 u 20.113 0.095
53697.282209 z 17.617 0.023
53697.283042 g 18.592 0.011
53705.265337 r 18.051 0.007
53705.266170 i 17.850 0.008
53705.267004 u 20.146 0.065
53705.267837 z 17.750 0.021
53705.268670 g 18.731 0.009
53975.350410 r 18.150 0.016
53975.351244 i 17.966 0.017
53975.352077 u 20.424 0.069
53975.352910 z 17.817 0.034
53975.353744 g 18.761 0.032
53994.373406 r 18.177 0.015
53994.374239 i 17.953 0.019
53994.375072 u 20.249 0.057
53994.375906 z 17.875 0.030
53994.376739 g 18.693 0.053
54010.311216 r 18.143 0.029
54010.312049 i 17.988 0.022
54010.312882 u 20.330 0.050
54010.313716 z 17.843 0.031
54010.314549 g 18.718 0.018
54012.304041 r 18.162 0.018
54012.304874 i 18.018 0.027
54012.305708 u 20.365 0.099
54012.306541 z 17.896 0.033
54012.307374 g 18.906 0.027
54030.303556 r 18.159 0.024
54030.304390 i 17.996 0.019
54030.305223 u 20.330 0.056
54030.306056 z 17.862 0.032
54030.306890 g 18.731 0.018
54035.379463 r 18.022 0.083
54035.380296 i 17.769 0.025
54035.381129 u 20.329 0.099
54035.381963 z 17.674 0.052
54035.382796 g 18.685 0.026
54037.284801 r 18.178 0.026
54037.285634 i 17.893 0.028
54037.286468 u 20.216 0.045
54037.287301 z 17.995 0.035
54037.288134 g 18.708 0.024
54053.290067 r 18.184 0.015
54053.290900 i 17.946 0.018
54053.291733 u 20.323 0.063
54053.292567 z 17.873 0.028
54053.293400 g 18.703 0.022
54061.297120 r 18.034 0.021
54061.297954 i 17.809 0.034
54061.298787 u 20.380 0.113
54061.299620 z 17.662 0.028
54061.300454 g 18.644 0.013
54062.290946 r 18.130 0.023
54062.291779 i 17.957 0.020
54062.292613 u 20.308 0.064
54062.293446 z 17.880 0.027
54062.294279 g 18.759 0.025
54357.329263 r 18.114 0.021
54357.330096 i 17.885 0.025
54357.330930 u 20.213 0.049
54357.331763 z 17.894 0.029
54357.332596 g 18.710 0.012
54362.379159 r 18.159 0.018
54362.379993 i 17.965 0.021
54362.380826 u 20.352 0.053
54362.381659 z 17.928 0.031
54362.382493 g 18.745 0.019
54376.374148 r 18.165 0.017
54376.374981 i 17.998 0.025
54376.375815 u 20.358 0.083
54376.376648 z 17.875 0.030
54376.377481 g 18.752 0.017
54382.359362 r 18.033 0.021
54382.360195 i 17.751 0.027
54382.361028 u 20.279 0.083
54382.361862 z 17.624 0.030
54382.362695 g 18.680 0.018
54385.377049 r 18.174 0.021
54385.377882 i 17.961 0.016
54385.378715 u 20.225 0.055
54385.379549 z 17.912 0.031
54385.380382 g 18.734 0.025
54387.377559 r 18.049 0.020
54387.378392 i 17.774 0.013
54387.379225 u 20.023 0.094
#54387.380059 z -99.000 0.041
54387.380892 g 18.641 0.022
54391.378376 r 18.027 0.010
54391.379209 i 17.740 0.011
54391.380042 u 20.165 0.097
54391.380876 z 17.620 0.034
54391.381709 g 18.645 0.022
