53625.147959 r 17.340 0.006
53625.148792 i 16.969 0.006
53625.149626 u 19.500 0.038
53625.150459 z 16.912 0.012
53625.151292 g 18.054 0.008
53636.106984 r 17.463 0.006
53636.107817 i 17.028 0.006
#53636.108651 u -99.000 0.037
53636.109484 z 16.926 0.014
#53636.110317 g -99.000 0.007
53655.079000 r 17.238 0.006
53655.079833 i 16.959 0.006
53655.080667 u 19.463 0.041
53655.081500 z 16.805 0.011
53655.082333 g 17.937 0.007
53687.097720 r 17.271 0.006
53687.098553 i 17.124 0.006
53687.099387 u 19.450 0.076
53687.100220 z 16.796 0.011
53687.101053 g 18.003 0.010
53994.123424 r 17.440 0.040
53994.124257 i 16.904 0.024
53994.125090 u 19.493 0.035
53994.125924 z 16.890 0.051
#53994.126757 g -99.000 0.029
53998.103398 r 17.194 0.025
#53998.104231 i -99.000 0.073
53998.105065 u 19.494 0.030
53998.105898 z 16.786 0.072
53998.106731 g 17.903 0.020
54010.088842 r 17.457 0.058
54010.089675 i 17.269 0.070
54010.090508 u 19.481 0.039
54010.091342 z 16.838 0.053
54010.092175 g 18.098 0.033
54012.081648 r 17.173 0.024
54012.082482 i 16.926 0.033
54012.083315 u 19.410 0.056
54012.084148 z 16.780 0.043
54012.084982 g 17.894 0.025
54020.087677 r 17.287 0.028
54020.088511 i 17.044 0.035
54020.089344 u 19.510 0.031
54020.090177 z 16.786 0.042
54020.091011 g 17.938 0.021
54022.136923 r 17.252 0.027
54022.137756 i 17.072 0.038
#54022.138589 u -99.000 0.040
#54022.139423 z -99.000 0.052
#54022.140256 g -99.000 0.027
54030.081189 r 17.227 0.052
54030.082022 i 16.993 0.050
54030.082855 u 19.525 0.036
54030.083689 z 16.829 0.044
54030.084522 g 17.953 0.023
54032.070449 r 17.339 0.036
#54032.071282 i -99.000 0.043
54032.072116 u 19.588 0.043
#54032.072949 z -99.000 0.080
#54032.073782 g -99.000 0.025
54034.140782 r 17.283 0.038
#54034.141615 i -99.000 0.066
54034.142448 u 19.409 0.048
#54034.143282 z -99.000 0.050
#54034.144115 g -99.000 0.022
54037.062429 r 17.193 0.028
54037.063263 i 16.909 0.058
54037.064096 u 19.538 0.041
54037.064929 z 16.777 0.039
#54037.065763 g -99.000 0.021
54040.076917 r 17.326 0.029
54040.077750 i 17.113 0.044
54040.078583 u 19.652 0.067
54040.079417 z 16.905 0.051
54040.080250 g 17.907 0.019
54050.061549 r 17.280 0.111
54050.062382 i 16.975 0.066
54050.063215 u 19.537 0.051
54050.064049 z 16.870 0.048
54050.064882 g 17.918 0.021
54053.067698 r 17.284 0.030
54053.068532 i 16.980 0.030
54053.069365 u 19.570 0.045
54053.070198 z 16.805 0.044
54053.071032 g 17.946 0.048
#54056.069387 r -99.000 0.041
#54056.070220 i -99.000 0.121
#54056.071054 u -99.000 0.057
#54056.071887 z -99.000 0.042
54056.072720 g 17.949 0.053
54059.063668 r 17.233 0.030
54059.064501 i 17.365 0.066
54059.065334 u 19.870 0.070
54059.066168 z 16.860 0.040
54059.067001 g 18.006 0.023
#54061.074716 r -99.000 0.036
#54061.075549 i -99.000 0.108
54061.076382 u 19.459 0.051
54061.077216 z 16.827 0.044
#54061.078049 g -99.000 0.023
54068.058580 r 17.295 0.029
54068.059414 i 16.968 0.031
54068.060247 u 19.519 0.076
54068.061080 z 16.853 0.043
54068.061914 g 17.930 0.024
54357.106853 r 17.876 0.093
#54357.107686 i -99.000 0.068
54357.108519 u 19.462 0.037
54357.109353 z 16.788 0.043
#54357.110186 g -99.000 0.032
54385.154678 r 17.292 0.041
54385.155511 i 16.967 0.033
54385.156345 u 19.476 0.033
54385.157178 z 16.814 0.033
54385.158011 g 17.933 0.021
54387.155185 r 17.265 0.043
54387.156018 i 17.029 0.037
54387.156852 u 19.515 0.052
54387.157685 z 16.858 0.041
54387.158518 g 17.977 0.027
54392.149912 r 17.312 0.029
54392.150745 i 16.971 0.035
54392.151578 u 19.548 0.051
54392.152412 z 16.813 0.049
54392.153245 g 17.925 0.026
