51075.245503 r 20.043 0.027
51075.246336 i 19.896 0.032
51075.247170 u 20.845 0.088
51075.248003 z 19.614 0.102
51075.248836 g 20.371 0.025
51464.233434 r 19.940 0.025
51464.234267 i 19.906 0.030
#51464.235101 u -99.000 0.099
51464.235934 z 19.666 0.089
51464.236767 g 20.298 0.023
52197.259128 r 19.529 0.016
52197.259961 i 19.471 0.019
52197.260795 u 20.097 0.054
52197.261628 z 19.453 0.099
52197.262461 g 19.784 0.015
52231.145103 r 19.492 0.016
52231.145936 i 19.453 0.018
52231.146770 u 20.137 0.053
52231.147603 z 19.354 0.056
52231.148436 g 19.770 0.015
52557.253109 r 19.579 0.019
52557.253942 i 19.514 0.021
#52557.254776 u -99.000 0.064
52557.255609 z 19.398 0.071
52557.256442 g 19.898 0.017
52578.149188 r 19.632 0.017
52578.150021 i 19.601 0.021
52578.150855 u 20.247 0.054
52578.151688 z 19.397 0.060
52578.152521 g 19.918 0.016
52934.159570 r 19.715 0.022
52934.160403 i 19.680 0.026
52934.161237 u 20.436 0.081
52934.162070 z 19.351 0.068
52934.162903 g 20.074 0.020
52936.155498 r 19.720 0.018
52936.156331 i 19.693 0.021
52936.157165 u 20.481 0.066
52936.157998 z 19.485 0.064
52936.158831 g 20.087 0.019
53270.219555 r 19.658 0.025
53270.220388 i 19.706 0.028
53270.221222 u 20.211 0.059
53270.222055 z 19.501 0.057
53270.222888 g 19.921 0.027
53272.269505 r 19.717 0.028
53272.270338 i 19.656 0.029
53272.271172 u 20.444 0.135
53272.272005 z 19.523 0.077
53272.272838 g 20.017 0.042
53286.238222 r 19.645 0.018
53286.239055 i 19.611 0.020
53286.239889 u 20.184 0.061
53286.240722 z 19.467 0.061
53286.241555 g 19.923 0.018
53288.196712 r 19.664 0.018
53288.197545 i 19.580 0.019
53288.198379 u 20.121 0.059
53288.199212 z 19.436 0.062
53288.200045 g 19.915 0.017
53294.224034 r 19.655 0.026
53294.224868 i 19.570 0.031
53294.225701 u 20.305 0.065
53294.226534 z 19.468 0.082
53294.227368 g 19.915 0.036
53302.192380 r 19.588 0.032
53302.193213 i 19.586 0.032
53302.194047 u 20.247 0.129
53302.194880 z 19.394 0.077
53302.195713 g 19.838 0.041
53312.147963 r 19.669 0.020
53312.148796 i 19.586 0.024
53312.149630 u 20.192 0.059
53312.150463 z 19.461 0.073
53312.151296 g 19.933 0.019
53314.149108 r 19.674 0.019
53314.149941 i 19.598 0.022
53314.150775 u 20.332 0.061
53314.151608 z 19.493 0.071
53314.152441 g 19.943 0.017
53616.253476 r 19.730 0.023
53616.254309 i 19.708 0.029
53616.255143 u 20.270 0.083
53616.255976 z 19.564 0.092
53616.256809 g 19.994 0.021
#53623.243687 r -99.000 0.028
#53623.244520 i -99.000 0.065
#53623.245354 u -99.000 0.263
#53623.246187 z -99.000 0.724
#53623.247020 g -99.000 0.032
53626.229899 r 19.696 0.023
53626.230732 i 19.618 0.026
53626.231566 u 20.107 0.078
53626.232399 z 19.344 0.066
53626.233232 g 20.029 0.032
53628.214764 r 19.802 0.040
53628.215597 i 19.771 0.038
53628.216431 u 20.492 0.176
53628.217264 z 19.474 0.078
53628.218097 g 19.995 0.044
53637.216379 r 19.706 0.027
53637.217212 i 19.712 0.035
53637.218046 u 20.418 0.113
53637.218879 z 19.499 0.111
53637.219712 g 19.970 0.031
53644.208840 r 19.763 0.018
53644.209673 i 19.682 0.022
53644.210506 u 20.457 0.055
53644.211340 z 19.636 0.056
53644.212173 g 20.026 0.020
53654.243449 r 19.744 0.026
53654.244282 i 19.632 0.031
53654.245116 u 20.366 0.084
53654.245949 z 19.701 0.139
53654.246782 g 20.024 0.039
53656.191043 r 19.790 0.044
53656.191876 i 19.755 0.045
53656.192710 u 20.288 0.163
53656.193543 z 19.732 0.144
53656.194376 g 20.052 0.066
53663.204352 r 19.722 0.021
53663.205185 i 19.726 0.022
53663.206019 u 20.364 0.100
53663.206852 z 19.563 0.062
53663.207685 g 20.096 0.031
53668.193951 r 19.753 0.022
53668.194784 i 19.700 0.028
53668.195618 u 20.441 0.080
53668.196451 z 19.469 0.096
53668.197284 g 20.050 0.033
53670.198804 r 19.740 0.019
53670.199637 i 19.685 0.024
53670.200471 u 20.417 0.074
53670.201304 z 19.595 0.082
53670.202137 g 20.034 0.018
53673.166787 r 19.785 0.021
53673.167620 i 19.693 0.025
53673.168454 u 20.330 0.073
53673.169287 z 19.587 0.078
53673.170120 g 20.019 0.020
53675.163676 r 19.749 0.022
53675.164509 i 19.707 0.026
53675.165343 u 20.344 0.066
53675.166176 z 19.381 0.069
53675.167009 g 19.979 0.018
53677.184708 r 19.775 0.018
53677.185541 i 19.662 0.020
53677.186375 u 20.417 0.062
53677.187208 z 19.578 0.060
53677.188041 g 20.034 0.017
53680.171373 r 19.720 0.018
53680.172206 i 19.666 0.020
53680.173040 u 20.371 0.066
53680.173873 z 19.738 0.077
53680.174706 g 19.988 0.018
53686.238071 r 19.677 0.062
53686.238904 i 19.638 0.059
53686.239738 u 20.367 0.344
53686.240571 z 19.533 0.153
53686.241404 g 20.137 0.107
53693.173274 r 19.774 0.026
53693.174107 i 19.664 0.025
53693.174941 u 20.409 0.139
53693.175774 z 19.580 0.074
53693.176607 g 20.025 0.037
53702.168935 r 19.696 0.040
53702.169769 i 19.711 0.049
53702.170602 u 20.519 0.212
53702.171435 z 20.032 0.291
53702.172269 g 20.084 0.043
53704.156599 r 19.732 0.020
53704.157432 i 19.663 0.025
53704.158266 u 20.392 0.078
53704.159099 z 19.560 0.078
53704.159932 g 20.067 0.019
53989.252648 r 19.720 0.024
53989.253481 i 19.721 0.027
53989.254315 u 20.212 0.107
53989.255148 z 19.467 0.059
53989.255981 g 20.015 0.036
53995.241937 r 19.714 0.018
53995.242770 i 19.659 0.020
53995.243604 u 20.251 0.047
53995.244437 z 19.529 0.046
53995.245270 g 19.990 0.018
54000.228076 r 19.726 0.021
54000.228910 i 19.721 0.028
54000.229743 u 20.286 0.069
54000.230576 z 19.512 0.078
54000.231410 g 19.921 0.022
54007.278211 r 19.698 0.020
54007.279044 i 19.669 0.024
54007.279878 u 20.111 0.054
54007.280711 z 19.528 0.059
54007.281544 g 19.967 0.023
54009.201996 r 19.681 0.021
54009.202829 i 19.658 0.022
54009.203663 u 20.124 0.055
54009.204496 z 19.602 0.064
54009.205329 g 19.903 0.023
54011.266485 r 19.693 0.024
54011.267318 i 19.655 0.029
54011.268152 u 20.281 0.090
54011.268985 z 19.434 0.053
54011.269818 g 19.927 0.032
54019.216732 r 19.669 0.019
54019.217565 i 19.641 0.023
54019.218398 u 20.258 0.073
54019.219232 z 19.509 0.051
54019.220065 g 19.936 0.024
54025.265503 r 19.697 0.023
54025.266336 i 19.669 0.026
54025.267170 u 20.380 0.095
54025.268003 z 19.476 0.073
54025.268836 g 19.922 0.020
54029.195847 r 19.688 0.025
54029.196680 i 19.620 0.021
54029.197513 u 20.210 0.048
54029.198347 z 19.459 0.061
54029.199180 g 19.931 0.023
54358.219050 r 19.794 0.027
54358.219884 i 19.746 0.042
54358.220717 u 20.459 0.108
54358.221550 z 19.594 0.098
54358.222384 g 20.123 0.026
54365.252148 r 19.778 0.026
54365.252982 i 19.741 0.025
54365.253815 u 20.642 0.099
54365.254648 z 19.558 0.067
54365.255482 g 20.120 0.033
54373.326337 r 19.849 0.043
54373.327170 i 19.705 0.046
54373.328004 u 20.184 0.196
54373.328837 z 19.588 0.102
54373.329670 g 20.064 0.064
54382.261237 r 19.851 0.026
54382.262071 i 19.875 0.039
54382.262904 u 20.497 0.104
54382.263737 z 19.667 0.116
54382.264571 g 20.209 0.027
54386.264021 r 19.895 0.023
54386.264854 i 19.834 0.024
54386.265687 u 20.484 0.067
54386.266521 z 19.588 0.063
54386.267354 g 20.174 0.023
54388.268262 r 19.893 0.026
54388.269095 i 19.833 0.027
54388.269929 u 20.529 0.083
54388.270762 z 19.616 0.083
54388.271595 g 20.138 0.025
54403.182047 r 19.814 0.026
54403.182881 i 19.818 0.026
54403.183714 u 20.447 0.088
54403.184547 z 19.567 0.067
54403.185381 g 20.124 0.031
54404.188698 r 19.780 0.020
54404.189531 i 19.809 0.023
54404.190365 u 20.390 0.055
54404.191198 z 19.625 0.060
54404.192031 g 20.115 0.023
54406.175883 r 19.819 0.026
54406.176717 i 19.781 0.027
54406.177550 u 20.452 0.065
54406.178383 z 19.737 0.081
54406.179217 g 20.088 0.026
54412.178845 r 19.824 0.023
54412.179679 i 19.798 0.026
54412.180512 u 20.347 0.075
54412.181345 z 19.675 0.069
54412.182179 g 20.083 0.022
