#53288.081113 r -99.000 0.004
#53288.081946 i -99.000 0.004
53288.082780 u 18.120 0.015
53288.083613 z 15.638 0.006
53288.084446 g 16.625 0.004
53302.076781 r 16.011 0.004
#53302.077614 i -99.000 0.004
53302.078448 u 18.095 0.019
53302.079281 z 15.625 0.007
53302.080114 g 16.629 0.005
53626.114306 r 16.016 0.005
53626.115139 i 15.781 0.005
53626.115973 u 18.125 0.019
53626.116806 z 15.658 0.007
53626.117639 g 16.652 0.005
53628.099171 r 16.012 0.004
53628.100004 i 15.763 0.004
53628.100838 u 18.093 0.025
53628.101671 z 15.641 0.007
53628.102504 g 16.635 0.004
53656.075442 r 16.013 0.004
53656.076275 i 15.791 0.004
53656.077109 u 18.095 0.023
53656.077942 z 15.653 0.007
53656.078775 g 16.634 0.004
53673.051189 r 16.039 0.004
53673.052022 i 15.754 0.004
53673.052856 u 18.115 0.017
53673.053689 z 15.629 0.007
53673.054522 g 16.625 0.004
54009.086385 r 16.051 0.006
54009.087218 i 15.776 0.025
54009.088051 u 18.108 0.035
54009.088885 z 15.641 0.037
54009.089718 g 16.703 0.007
54010.087966 r 15.947 0.052
54010.088799 i 17.701 0.028
54010.089633 u 18.091 0.018
54010.090466 z 15.654 0.024
54010.091299 g 16.549 0.005
54011.150879 r 16.049 0.025
54011.151712 i 15.813 0.006
54011.152545 u 18.112 0.027
54011.153379 z 15.651 0.015
54011.154212 g 16.629 0.008
54012.080769 r 16.949 0.008
54012.081603 i 16.396 0.003
54012.082436 u 20.196 0.101
54012.083269 z 16.214 0.014
54012.084103 g 17.813 0.010
54019.101093 r 15.979 0.012
54019.101927 i 15.743 0.006
54019.102760 u 18.103 0.020
54019.103593 z 15.647 0.009
54019.104427 g 16.658 0.028
#54025.149896 r -99.000 0.602
54025.150729 i 15.837 0.002
54025.151563 u 18.153 0.022
54025.152396 z 15.626 0.013
54025.153229 g 16.650 0.002
54029.080228 r 16.029 0.011
54029.081061 i 15.786 0.018
54029.081895 u 18.099 0.020
54029.082728 z 15.627 0.020
54029.083561 g 16.642 0.002
54030.080307 r 15.968 0.003
54030.081141 i 15.779 0.002
54030.081974 u 18.085 0.018
54030.082807 z 15.674 0.016
54030.083641 g 16.623 0.004
54051.056820 r 16.042 0.007
54051.057653 i 15.818 0.007
#54051.058487 u -99.000 0.032
#54051.059320 z -99.000 0.017
#54051.060153 g -99.000 0.009
54403.066452 r 16.010 0.002
54403.067286 i 15.777 0.002
54403.068119 u 18.112 0.019
#54403.068952 z -99.000 0.012
54403.069786 g 16.632 0.004
54406.060274 r 16.020 0.016
54406.061107 i 15.797 0.008
54406.061940 u 18.089 0.019
#54406.062774 z -99.000 0.009
#54406.063607 g -99.000 0.117
54412.063215 r 16.020 0.002
54412.064048 i 15.796 0.007
54412.064882 u 18.137 0.023
#54412.065715 z -99.000 0.015
54412.066548 g 16.642 0.022
