53270.105930 r 19.009 0.021
53270.106763 i 18.713 0.019
53270.107597 u 20.867 0.104
53270.108430 z 18.576 0.034
53270.109263 g 19.703 0.021
53288.083087 r 18.928 0.011
53288.083920 i 18.631 0.013
53288.084754 u 20.805 0.081
53288.085587 z 18.402 0.027
53288.086420 g 19.592 0.014
53626.116279 r 18.941 0.016
53626.117112 i 18.589 0.015
53626.117946 u 20.733 0.141
53626.118779 z 18.526 0.034
53626.119612 g 19.645 0.030
53628.101145 r 18.899 0.020
53628.101978 i 18.625 0.020
53628.102812 u 20.968 0.274
53628.103645 z 18.458 0.040
53628.104478 g 19.535 0.035
53637.102757 r 18.968 0.012
#53637.103590 i -99.000 0.014
53637.104424 u 21.021 0.124
53637.105257 z 18.426 0.034
#53637.106090 g -99.000 0.015
53656.077418 r 18.893 0.020
53656.078251 i 18.625 0.019
53656.079085 u 20.944 0.294
53656.079918 z 18.418 0.042
53656.080751 g 19.591 0.038
53673.053163 r 18.970 0.014
53673.053996 i 18.643 0.016
53673.054830 u 20.643 0.100
53673.055663 z 18.517 0.035
53673.056496 g 19.583 0.016
53677.071086 r 18.969 0.012
53677.071919 i 18.679 0.015
53677.072753 u 20.781 0.073
53677.073586 z 18.514 0.030
53677.074419 g 19.639 0.014
53693.059659 r 18.904 0.013
53693.060492 i 18.561 0.014
53693.061326 u 20.751 0.107
53693.062159 z 18.450 0.033
53693.062992 g 19.573 0.016
53989.120364 r 19.031 0.012
53989.121197 i 18.757 0.019
53989.122030 u 20.823 0.068
53989.122864 z 18.599 0.031
53989.123697 g 19.673 0.039
53995.128274 r 19.047 0.011
53995.129107 i 18.729 0.010
53995.129941 u 20.950 0.064
53995.130774 z 18.576 0.028
53995.131607 g 19.660 0.011
54005.078500 r 19.006 0.019
54005.079333 i 18.693 0.012
54005.080166 u 20.785 0.101
54005.081000 z 18.547 0.029
54005.081833 g 19.650 0.016
54009.088357 r 19.052 0.035
54009.089191 i 18.675 0.010
54009.090024 u 20.865 0.101
54009.090857 z 18.568 0.027
54009.091691 g 19.747 0.020
54011.152850 r 19.046 0.030
#54011.153683 i -99.000 0.020
54011.154517 u 20.726 0.115
#54011.155350 z -99.000 0.033
54011.156183 g 19.719 0.033
54025.151879 r 19.019 0.014
54025.152712 i 18.710 0.023
54025.153546 u 20.821 0.082
54025.154379 z 18.646 0.033
54025.155212 g 19.678 0.022
54029.082217 r 19.003 0.010
54029.083050 i 18.735 0.015
54029.083883 u 20.831 0.074
54029.084717 z 18.584 0.031
54029.085550 g 19.649 0.025
#54051.058789 r -99.000 0.029
54051.059623 i 18.673 0.037
#54051.060456 u -99.000 0.179
#54051.061289 z -99.000 0.054
54051.062123 g 19.597 0.044
#54358.105596 r -99.000 0.011
#54358.106429 i -99.000 0.602
54358.107263 u 20.871 0.103
#54358.108096 z -99.000 0.066
54358.108929 g 19.640 0.012
54403.068421 r 19.001 0.011
54403.069255 i 18.712 0.024
54403.070088 u 20.940 0.074
54403.070921 z 18.512 0.048
54403.071755 g 19.692 0.027
54406.062252 r 19.004 0.033
#54406.063086 i -99.000 0.066
54406.063919 u 20.947 0.086
54406.064752 z 18.512 0.034
#54406.065586 g -99.000 0.014
#54412.065176 r -99.000 0.047
54412.066009 i 18.677 0.018
54412.066842 u 20.769 0.129
54412.067676 z 18.662 0.043
54412.068509 g 19.650 0.016
