51467.323511 r 17.027 0.005
51467.324344 i 16.822 0.005
51467.325178 u 18.470 0.024
51467.326011 z 16.737 0.012
51467.326844 g 17.499 0.005
51819.299529 r 17.021 0.005
51819.300362 i 16.825 0.005
51819.301196 u 18.482 0.018
51819.302029 z 16.718 0.010
51819.302862 g 17.477 0.005
52172.315088 r 17.017 0.005
52172.315921 i 16.831 0.006
52172.316755 u 18.471 0.017
52172.317588 z 16.720 0.010
52172.318421 g 17.481 0.006
52172.365259 r 17.012 0.005
52172.366092 i 16.812 0.006
52172.366926 u 18.431 0.019
52172.367759 z 16.702 0.010
52172.368592 g 17.488 0.006
52558.264793 r 17.011 0.005
52558.265626 i 16.820 0.006
52558.266460 u 18.408 0.016
52558.267293 z 16.725 0.009
52558.268126 g 17.480 0.005
52577.152290 r 17.011 0.004
52577.153123 i 16.816 0.005
52577.153957 u 18.470 0.016
52577.154790 z 16.716 0.010
52577.155623 g 17.475 0.005
52586.155767 r 17.010 0.005
52586.156600 i 16.825 0.005
52586.157434 u 18.460 0.016
52586.158267 z 16.726 0.010
52586.159100 g 17.475 0.005
52931.166452 r 17.013 0.005
52931.167285 i 16.816 0.006
52931.168119 u 18.483 0.016
52931.168952 z 16.720 0.009
52931.169785 g 17.480 0.005
52935.163414 r 17.012 0.005
52935.164247 i 16.829 0.005
52935.165081 u 18.509 0.017
52935.165914 z 16.741 0.010
52935.166747 g 17.476 0.005
53313.156615 r 17.011 0.005
53313.157448 i 16.827 0.005
53313.158282 u 18.482 0.018
53313.159115 z 16.716 0.010
53313.159948 g 17.471 0.005
53622.265859 r 17.019 0.005
53622.266692 i 16.829 0.005
53622.267526 u 18.453 0.020
53622.268359 z 16.742 0.011
53622.269192 g 17.489 0.005
53634.215329 r 17.795 0.010
53634.216162 i 17.280 0.009
#53634.216996 u -99.000 0.053
53634.217829 z 16.953 0.016
53634.218662 g 18.012 0.012
53636.220862 r 17.015 0.005
53636.221695 i 16.820 0.005
53636.222529 u 18.490 0.021
53636.223362 z 16.726 0.010
53636.224195 g 17.469 0.006
53638.256663 r 17.012 0.005
53638.257496 i 16.826 0.006
53638.258330 u 18.485 0.017
53638.259163 z 16.727 0.009
53638.259996 g 17.469 0.005
53655.192868 r 17.020 0.005
53655.193701 i 16.821 0.005
53655.194535 u 18.472 0.027
53655.195368 z 16.722 0.012
53655.196201 g 17.480 0.007
53664.217825 r 17.044 0.005
53664.218658 i 16.820 0.005
53664.219492 u 18.505 0.032
53664.220325 z 16.720 0.011
53664.221158 g 17.472 0.006
53666.181427 r 17.024 0.005
53666.182260 i 16.812 0.006
53666.183094 u 18.487 0.017
53666.183927 z 16.735 0.010
53666.184760 g 17.467 0.005
53669.177066 r 17.013 0.005
53669.177899 i 16.821 0.005
53669.178733 u 18.472 0.017
53669.179566 z 16.724 0.010
53669.180399 g 17.475 0.005
53671.261850 r 17.028 0.005
53671.262683 i 16.814 0.005
53671.263517 u 18.461 0.026
53671.264350 z 16.705 0.012
53671.265183 g 17.479 0.005
53674.161301 r 17.020 0.005
53674.162134 i 16.821 0.005
53674.162968 u 18.464 0.017
53674.163801 z 16.724 0.009
53674.164634 g 17.475 0.005
53676.250791 r 17.018 0.005
53676.251624 i 16.823 0.006
53676.252458 u 18.446 0.018
53676.253291 z 16.717 0.009
53676.254124 g 17.489 0.006
53679.222677 r 17.015 0.005
53679.223510 i 16.823 0.005
53679.224344 u 18.501 0.020
53679.225177 z 16.758 0.010
53679.226010 g 17.480 0.005
53681.214189 r 17.017 0.005
53681.215022 i 16.822 0.005
53681.215856 u 18.441 0.018
53681.216689 z 16.724 0.009
53681.217522 g 17.472 0.005
53685.173236 r 17.020 0.007
53685.174069 i 16.821 0.007
53685.174903 u 18.471 0.032
53685.175736 z 16.725 0.012
53685.176569 g 17.485 0.008
53687.211580 r 17.032 0.006
53687.212413 i 16.815 0.006
53687.213247 u 18.510 0.045
53687.214080 z 16.698 0.010
53687.214913 g 17.476 0.008
53694.187122 r 17.017 0.006
53694.187955 i 16.839 0.006
53694.188789 u 18.578 0.051
53694.189622 z 16.714 0.014
53694.190455 g 17.486 0.008
53697.171213 r 17.016 0.005
53697.172046 i 16.832 0.006
53697.172880 u 18.514 0.025
53697.173713 z 16.720 0.011
53697.174546 g 17.475 0.006
53700.170173 r 17.011 0.005
53700.171006 i 16.817 0.005
53700.171840 u 18.490 0.019
53700.172673 z 16.735 0.010
53700.173506 g 17.485 0.005
53705.156842 r 17.016 0.005
53705.157675 i 16.837 0.005
53705.158509 u 18.504 0.019
53705.159342 z 16.717 0.009
53705.160175 g 17.483 0.005
53975.241857 r 17.019 0.013
53975.242690 i 16.862 0.014
53975.243523 u 18.518 0.022
53975.244357 z 16.741 0.014
53975.245190 g 17.471 0.011
53993.309664 r 17.016 0.011
53993.310498 i 16.822 0.011
53993.311331 u 18.478 0.020
53993.312164 z 16.728 0.013
53993.312998 g 17.488 0.015
53996.248576 r 16.999 0.014
53996.249409 i 16.830 0.017
53996.250242 u 18.475 0.026
53996.251076 z 16.723 0.016
53996.251909 g 17.468 0.020
53998.217201 r 17.009 0.014
53998.218034 i 16.831 0.011
53998.218868 u 18.463 0.019
53998.219701 z 16.698 0.014
53998.220534 g 17.484 0.013
54005.247444 r 16.999 0.011
54005.248277 i 16.822 0.010
54005.249110 u 18.483 0.017
54005.249944 z 16.720 0.015
54005.250777 g 17.483 0.015
54010.202692 r 17.019 0.013
54010.203525 i 16.814 0.012
54010.204358 u 18.460 0.021
54010.205192 z 16.724 0.012
54010.206025 g 17.493 0.017
54012.195538 r 17.015 0.013
54012.196372 i 16.826 0.012
54012.197205 u 18.521 0.025
54012.198038 z 16.703 0.014
54012.198872 g 17.478 0.013
54020.201502 r 17.016 0.011
54020.202335 i 16.818 0.015
54020.203169 u 18.459 0.018
54020.204002 z 16.727 0.015
54020.204835 g 17.490 0.014
#54022.250776 r -99.000 0.012
54022.251609 i 16.808 0.011
54022.252443 u 18.502 0.023
54022.253276 z 16.715 0.013
#54022.254109 g -99.000 0.015
54028.191890 r 17.012 0.015
54028.192723 i 16.804 0.012
54028.193557 u 18.527 0.023
54028.194390 z 16.728 0.020
54028.195223 g 17.475 0.021
54030.195056 r 17.019 0.010
54030.195890 i 16.826 0.011
54030.196723 u 18.450 0.018
54030.197556 z 16.714 0.017
54030.198390 g 17.480 0.013
54035.270836 r 17.018 0.011
54035.271670 i 16.806 0.012
54035.272503 u 18.502 0.023
54035.273336 z 16.730 0.017
54035.274170 g 17.513 0.021
54037.176309 r 17.008 0.010
54037.177143 i 16.813 0.011
54037.177976 u 18.465 0.020
54037.178809 z 16.719 0.014
54037.179643 g 17.492 0.012
54040.190793 r 17.016 0.011
54040.191627 i 16.812 0.011
54040.192460 u 18.521 0.031
54040.193293 z 16.715 0.014
54040.194127 g 17.480 0.012
54050.175419 r 17.023 0.010
54050.176253 i 16.846 0.014
54050.177086 u 18.467 0.027
54050.177919 z 16.757 0.053
54050.178753 g 17.506 0.020
54053.181564 r 17.016 0.016
54053.182398 i 16.817 0.013
54053.183231 u 18.473 0.023
54053.184064 z 16.732 0.018
54053.184898 g 17.496 0.013
54056.183239 r 17.026 0.012
54056.184073 i 16.851 0.014
54056.184906 u 18.475 0.029
54056.185739 z 16.735 0.016
54056.186573 g 17.509 0.021
54057.151903 r 16.994 0.015
54057.152736 i 16.836 0.013
54057.153569 u 18.483 0.020
54057.154403 z 16.705 0.018
54057.155236 g 17.488 0.015
54059.177527 r 17.050 0.018
54059.178361 i 16.836 0.032
54059.179194 u 18.430 0.023
54059.180027 z 16.726 0.015
54059.180861 g 17.487 0.014
54061.188569 r 17.036 0.019
54061.189402 i 16.817 0.012
54061.190235 u 18.484 0.027
54061.191069 z 16.710 0.018
54061.191902 g 17.498 0.014
54062.182454 r 17.019 0.013
54062.183287 i 16.829 0.015
54062.184120 u 18.514 0.028
54062.184954 z 16.741 0.017
54062.185787 g 17.487 0.017
54068.172389 r 17.002 0.010
54068.173222 i 16.801 0.019
54068.174056 u 18.451 0.041
54068.174889 z 16.716 0.015
54068.175722 g 17.494 0.034
54357.220718 r 17.001 0.017
54357.221551 i 16.809 0.018
54357.222385 u 18.482 0.021
54357.223218 z 16.695 0.018
54357.224051 g 17.470 0.018
54362.270526 r 17.037 0.022
54362.271359 i 16.817 0.018
54362.272193 u 18.463 0.022
54362.273026 z 16.728 0.021
54362.273859 g 17.472 0.017
54365.218582 r 17.016 0.014
54365.219415 i 16.806 0.015
54365.220249 u 18.474 0.023
54365.221082 z 16.692 0.018
54365.221915 g 17.475 0.012
54376.279217 r 17.015 0.015
54376.280051 i 16.809 0.018
54376.280884 u 18.461 0.022
54376.281717 z 16.719 0.014
54376.282551 g 17.482 0.011
54385.268549 r 17.028 0.014
54385.269382 i 16.818 0.012
54385.270216 u 18.518 0.040
54385.271049 z 16.673 0.020
54385.271882 g 17.477 0.023
54387.269056 r 17.012 0.015
54387.269889 i 16.824 0.010
54387.270722 u 18.429 0.021
54387.271556 z 16.724 0.016
54387.272389 g 17.473 0.021
54392.263772 r 17.023 0.015
54392.264605 i 16.811 0.013
54392.265438 u 18.531 0.026
54392.266272 z 16.709 0.017
54392.267105 g 17.477 0.013
54402.262221 r 17.009 0.014
54402.263054 i 16.818 0.016
54402.263887 u 18.351 0.032
54402.264721 z 16.702 0.017
54402.265554 g 17.478 0.015
