53270.100110 r 19.563 0.029
#53270.100943 i -99.000 0.723
53270.101777 u 21.677 0.181
53270.102610 z 19.107 0.089
53270.103443 g 20.259 0.033
53302.072937 r 19.576 0.025
53302.073770 i 19.369 0.027
53302.074604 u 22.297 0.731
#53302.075437 z -99.000 0.055
53302.076270 g 20.308 0.046
53626.110460 r 19.638 0.026
53626.111293 i 19.221 0.023
53626.112127 u 21.824 0.323
53626.112960 z 19.186 0.052
53626.113793 g 20.269 0.044
53628.095326 r 19.834 0.051
53628.096159 i 19.647 0.054
53628.096993 u 21.173 0.330
53628.097826 z 19.266 0.085
53628.098659 g 20.460 0.092
53656.071599 r 19.526 0.031
53656.072432 i 19.301 0.034
53656.073266 u 21.461 0.378
#53656.074099 z -99.000 0.077
53656.074932 g 20.514 0.073
#53677.065267 r -99.000 0.018
#53677.066100 i -99.000 0.021
53677.066934 u 21.624 0.176
#53677.067767 z -99.000 0.071
53677.068600 g 20.177 0.026
53989.114548 r 19.548 0.061
53989.115381 i 19.228 0.198
53989.116215 u 21.619 0.119
53989.117048 z 19.314 0.065
53989.117881 g 20.167 0.023
54009.082541 r 19.486 0.233
54009.083375 i 19.217 0.161
54009.084208 u 21.636 0.201
54009.085041 z 19.096 0.148
54009.085875 g 20.165 0.041
#54011.147032 r -99.000 0.042
#54011.147866 i -99.000 0.107
54011.148699 u 21.492 0.243
#54011.149532 z -99.000 0.142
54011.150366 g 20.205 0.074
54029.076403 r 19.492 0.564
#54029.077237 i -99.000 0.673
54029.078070 u 21.720 0.148
54029.078903 z 19.219 0.742
54029.079737 g 20.216 0.417
54403.062622 r 19.540 0.224
54403.063456 i 19.273 0.242
54403.064289 u 21.898 0.358
54403.065122 z 19.478 0.091
54403.065956 g 20.279 0.129
54406.056438 r 19.521 0.648
54406.057271 i 19.306 0.940
54406.058104 u 22.946 1.000
54406.058938 z 19.294 0.478
#54406.059771 g -99.000 0.095
54412.059361 r 19.555 0.498
54412.060194 i 19.279 0.706
54412.061028 u 22.345 0.374
54412.061861 z 19.325 0.114
54412.062694 g 20.216 0.399
