#53625.144243 r -99.000 0.005
#53625.145076 i -99.000 0.005
53625.145910 u 19.138 0.035
53625.146743 z 15.906 0.007
53625.147576 g 17.281 0.006
#53636.103280 r -99.000 0.005
#53636.104113 i -99.000 0.005
53636.104947 u 19.143 0.030
53636.105780 z 15.891 0.007
#53636.106613 g -99.000 0.005
53655.075295 r 16.632 0.010
53655.076128 i 16.232 0.010
53655.076962 u 19.129 0.037
53655.077795 z 15.906 0.012
53655.078628 g 17.310 0.011
53687.094014 r 16.472 0.004
53687.094847 i 16.080 0.004
53687.095681 u 19.139 0.060
53687.096514 z 15.891 0.007
53687.097347 g 17.288 0.006
53998.099635 r 16.462 0.011
53998.100469 i 16.100 0.010
53998.101302 u 19.062 0.028
53998.102135 z 15.869 0.027
53998.102969 g 17.298 0.031
54012.077990 r 16.454 0.003
54012.078823 i 16.074 0.003
54012.079656 u 19.154 0.047
54012.080490 z 15.923 0.011
54012.081323 g 17.282 0.015
54020.084115 r 16.446 0.008
54020.084948 i 16.091 0.014
54020.085781 u 19.136 0.029
54020.086615 z 15.855 0.005
54020.087448 g 17.293 0.004
#54022.133214 r -99.000 0.602
54022.134047 i 16.087 0.018
54022.134880 u 19.125 0.034
54022.135714 z 15.891 0.014
#54022.136547 g -99.000 0.602
54030.077510 r 17.053 0.044
54030.078343 i 16.796 0.071
54030.079177 u 19.968 0.060
54030.080010 z 17.286 0.205
54030.080843 g 19.498 0.564
54032.066766 r 16.459 0.028
#54032.067600 i -99.000 0.010
54032.068433 u 19.165 0.036
#54032.069266 z -99.000 0.010
#54032.070100 g -99.000 0.011
54037.058984 r 16.435 0.021
54037.059818 i 16.082 0.003
54037.060651 u 19.069 0.031
54037.061484 z 15.867 0.033
54037.062318 g 17.264 0.022
54040.073270 r 16.452 0.010
54040.074104 i 16.086 0.014
54040.074937 u 19.118 0.045
54040.075770 z 15.883 0.010
54040.076604 g 17.279 0.014
54053.063999 r 16.459 0.065
54053.064832 i 16.072 0.020
54053.065666 u 19.111 0.032
54053.066499 z 15.888 0.011
54053.067332 g 17.269 0.047
54059.059975 r 16.422 0.014
#54059.060809 i -99.000 0.020
54059.061642 u 19.142 0.044
54059.062475 z 15.887 0.015
54059.063309 g 17.260 0.010
54068.054835 r 16.447 0.013
54068.055669 i 16.094 0.030
54068.056502 u 19.034 0.048
54068.057335 z 15.878 0.012
54068.058169 g 17.290 0.012
54357.103179 r 16.478 0.004
54357.104013 i 16.095 0.018
54357.104846 u 19.112 0.036
54357.105679 z 15.883 0.020
54357.106513 g 17.304 0.016
54385.150984 r 16.491 0.003
#54385.151817 i -99.000 0.602
54385.152651 u 19.110 0.032
54385.153484 z 15.992 0.020
54385.154317 g 17.295 0.008
54392.146251 r 16.480 0.032
54392.147085 i 16.092 0.017
54392.147918 u 19.151 0.041
54392.148751 z 15.890 0.022
54392.149585 g 17.282 0.025
