53270.103587 r 16.531 0.013
53270.104420 i 16.262 0.008
53270.105254 u 18.476 0.028
53270.106087 z 16.107 0.016
53270.106920 g 17.138 0.010
#53288.080733 r -99.000 0.004
#53288.081566 i -99.000 0.005
53288.082400 u 18.482 0.019
53288.083233 z 16.145 0.007
53288.084066 g 17.134 0.005
53302.076403 r 16.547 0.005
53302.077236 i 16.231 0.004
53302.078070 u 18.500 0.026
53302.078903 z 16.098 0.007
53302.079736 g 17.207 0.006
53626.113925 r 16.537 0.005
53626.114758 i 16.274 0.005
53626.115592 u 18.468 0.025
53626.116425 z 16.162 0.007
53626.117258 g 17.145 0.006
53628.098791 r 16.509 0.004
53628.099624 i 16.270 0.004
53628.100458 u 18.462 0.035
53628.101291 z 16.654 0.010
53628.102124 g 17.113 0.006
53656.075065 r 16.522 0.005
53656.075898 i 16.256 0.004
53656.076732 u 18.463 0.030
53656.077565 z 16.135 0.008
53656.078398 g 17.129 0.006
#53673.050809 r -99.000 0.005
53673.051642 i 16.257 0.004
53673.052476 u 18.453 0.022
53673.053309 z 16.137 0.007
53673.054142 g 17.145 0.005
#53677.068733 r -99.000 0.004
#53677.069566 i -99.000 0.004
53677.070400 u 18.431 0.021
#53677.071233 z -99.000 0.007
#53677.072066 g -99.000 0.004
53989.118004 r 17.323 0.021
#53989.118837 i -99.000 0.023
53989.119671 u 18.488 0.028
53989.120504 z 16.101 0.019
53989.121337 g 17.104 0.047
54009.086038 r 16.513 0.021
#54009.086871 i -99.000 0.022
54009.087705 u 18.480 0.027
54009.088538 z 16.133 0.015
54009.089371 g 17.273 0.011
54011.150501 r 16.532 0.016
54011.151334 i 16.242 0.016
54011.152168 u 18.508 0.029
54011.153001 z 16.116 0.008
54011.153834 g 18.067 0.075
54019.100762 r 16.523 0.015
54019.101595 i 16.239 0.015
54019.102429 u 18.454 0.023
54019.103262 z 16.129 0.023
54019.104095 g 17.107 0.009
54029.079861 r 16.510 0.005
#54029.080694 i -99.000 0.040
54029.081527 u 18.425 0.022
54029.082361 z 16.137 0.014
54029.083194 g 17.167 0.009
#54051.056429 r -99.000 0.006
54051.057262 i 16.243 0.010
54051.058095 u 18.503 0.038
#54051.058929 z -99.000 0.022
#54051.059762 g -99.000 0.011
54403.066071 r 16.502 0.004
54403.066904 i 16.249 0.005
54403.067738 u 18.476 0.025
54403.068571 z 16.135 0.012
54403.069404 g 17.122 0.004
54406.059895 r 16.553 0.006
54406.060728 i 16.230 0.009
54406.061562 u 18.466 0.027
54406.062395 z 16.220 0.016
#54406.063228 g -99.000 0.042
54412.062831 r 16.485 0.006
54412.063664 i 16.240 0.007
54412.064498 u 18.446 0.028
54412.065331 z 16.124 0.016
54412.066164 g 17.126 0.019
