#53625.146447 r -99.000 0.005
#53625.147280 i -99.000 0.005
53625.148114 u 19.038 0.030
53625.148947 z 15.710 0.006
53625.149780 g 17.079 0.005
53636.105485 r 16.286 0.004
53636.106318 i 15.931 0.004
53636.107152 u 18.971 0.025
53636.107985 z 15.735 0.007
53636.108818 g 17.100 0.005
53655.077500 r 16.324 0.004
53655.078333 i 15.946 0.004
53655.079167 u 19.004 0.031
53655.080000 z 15.729 0.006
53655.080833 g 17.074 0.005
53687.096218 r 16.301 0.004
53687.097051 i 15.924 0.004
53687.097885 u 19.004 0.055
53687.098718 z 15.717 0.006
53687.099551 g 17.087 0.006
53994.121923 r 16.286 0.003
53994.122756 i 15.914 0.005
53994.123589 u 18.937 0.025
53994.124423 z 15.695 0.010
#53994.125256 g -99.000 0.018
54010.087304 r 16.320 0.003
54010.088138 i 15.972 0.002
54010.088971 u 18.977 0.029
54010.089804 z 15.720 0.014
54010.090638 g 17.087 0.018
54012.080156 r 16.315 0.006
54012.080989 i 15.942 0.005
54012.081822 u 18.983 0.040
54012.082656 z 15.715 0.009
54012.083489 g 17.085 0.010
54020.086130 r 16.301 0.002
54020.086963 i 15.949 0.002
54020.087797 u 18.990 0.025
54020.088630 z 15.720 0.010
54020.089463 g 17.083 0.003
54022.135413 r 16.307 0.002
54022.136246 i 15.932 0.003
54022.137079 u 19.000 0.026
#54022.137913 z -99.000 0.015
54022.138746 g 17.140 0.035
54030.079692 r 16.297 0.006
54030.080525 i 15.921 0.007
54030.081358 u 18.991 0.028
54030.082192 z 15.687 0.018
54030.083025 g 17.069 0.003
54032.068956 r 16.292 0.028
#54032.069790 i -99.000 0.026
54032.070623 u 19.002 0.030
#54032.071456 z -99.000 0.011
54032.072290 g 17.093 0.027
54034.139192 r 16.267 0.006
54034.140025 i 15.930 0.007
54034.140859 u 18.986 0.041
54034.141692 z 15.704 0.009
54034.142525 g 17.063 0.005
54037.060946 r 16.873 0.037
54037.061779 i 16.249 0.033
54037.062613 u 20.222 0.114
#54037.063446 z -99.000 0.036
54037.064279 g 17.249 0.036
54037.060947 r 16.886 0.043
54037.061780 i 16.824 0.112
54037.062613 u 19.338 0.036
#54037.063447 z -99.000 0.244
54037.064280 g 19.257 0.341
54040.075430 r 16.291 0.007
54040.076264 i 15.934 0.041
54040.077097 u 19.035 0.042
54040.077930 z 15.722 0.008
54040.078764 g 17.066 0.006
54053.066200 r 16.312 0.016
54053.067033 i 15.919 0.033
54053.067867 u 18.971 0.032
54053.068700 z 15.715 0.010
54053.069533 g 17.087 0.016
54059.062188 r 16.299 0.002
54059.063021 i 15.931 0.012
54059.063855 u 18.930 0.032
54059.064688 z 15.700 0.016
#54059.065521 g -99.000 0.003
54068.057035 r 16.286 0.010
54068.057868 i 15.935 0.023
54068.058702 u 18.948 0.046
54068.059535 z 15.716 0.011
54068.060368 g 17.084 0.010
54357.105358 r 16.303 0.003
54357.106192 i 15.923 0.010
54357.107025 u 18.946 0.027
54357.107858 z 15.761 0.054
54357.108692 g 17.064 0.004
54385.153198 r 16.303 0.007
54385.154031 i 15.968 0.002
54385.154865 u 18.967 0.030
54385.155698 z 15.712 0.009
54385.156531 g 17.085 0.003
54387.153684 r 16.304 0.030
#54387.154517 i -99.000 0.035
54387.155350 u 18.973 0.037
54387.156184 z 15.692 0.011
#54387.157017 g -99.000 0.017
54392.148411 r 16.299 0.025
54392.149245 i 15.953 0.042
54392.150078 u 18.982 0.035
54392.150911 z 15.732 0.019
54392.151745 g 17.097 0.025
