53270.104114 r 19.185 0.068
53270.104947 i 18.874 0.054
53270.105780 u 22.100 0.323
53270.106614 z 18.742 0.048
53270.107447 g 20.033 0.053
53288.081268 r 19.310 0.014
#53288.082101 i -99.000 0.015
53288.082935 u 21.964 0.205
53288.083768 z 18.746 0.033
53288.084601 g 20.105 0.019
53302.076937 r 19.351 0.022
53302.077770 i 19.008 0.018
53302.078604 u 22.566 0.675
53302.079437 z 18.875 0.039
53302.080270 g 20.400 0.046
53626.114460 r 19.248 0.019
53626.115293 i 18.996 0.019
53626.116127 u 22.488 0.580
53626.116960 z 18.744 0.037
53626.117793 g 19.999 0.035
53628.099326 r 20.047 0.060
53628.100159 i 19.295 0.036
#53628.100993 u 22.902 1.436
53628.101826 z 19.335 0.088
53628.102659 g 19.992 0.050
53656.075598 r 19.277 0.023
53656.076431 i 18.891 0.021
53656.077265 u 21.462 0.386
53656.078098 z 19.055 0.063
53656.078931 g 20.445 0.079
53673.051344 r 19.187 0.017
53673.052177 i 18.888 0.019
53673.053011 u 21.700 0.246
53673.053844 z 18.754 0.042
53673.054677 g 20.143 0.028
53677.069267 r 19.271 0.018
53677.070100 i 18.750 0.016
53677.070934 u 22.143 0.272
#53677.071767 z -99.000 0.046
53677.072600 g 19.980 0.018
#53989.118528 r -99.000 0.047
53989.119362 i 18.888 0.056
53989.120195 u 21.553 0.124
53989.121028 z 18.673 0.039
53989.121862 g 20.040 0.058
54009.086541 r 19.320 0.069
54009.087374 i 19.031 0.061
54009.088207 u 22.324 0.445
54009.089041 z 18.767 0.045
54009.089874 g 20.351 0.059
#54011.151038 r -99.000 0.060
#54011.151871 i -99.000 0.060
54011.152704 u 21.206 0.182
54011.153538 z 18.698 0.032
54011.154371 g 20.008 0.032
54019.101239 r 19.339 0.050
54019.102073 i 18.999 0.052
54019.102906 u 22.456 0.433
54019.103739 z 18.826 0.061
54019.104573 g 20.544 0.097
54025.150056 r 19.256 0.044
#54025.150889 i -99.000 0.604
54025.151722 u 21.860 0.197
54025.152556 z 18.773 0.050
54025.153389 g 20.140 0.041
54029.080383 r 19.635 0.067
54029.081217 i 19.077 0.057
54029.082050 u 21.953 0.249
54029.082883 z 18.781 0.072
54029.083717 g 20.027 0.078
54051.056966 r 19.303 0.067
54051.057799 i 18.966 0.058
#54051.058633 u -99.000 99.999
#54051.059466 z -99.000 0.146
#54051.060299 g -99.000 0.086
54403.066608 r 19.253 0.063
54403.067441 i 18.873 0.060
54403.068274 u 21.896 0.190
54403.069108 z 18.734 0.037
54403.069941 g 20.044 0.056
54406.060435 r 19.324 0.061
54406.061268 i 18.917 0.104
54406.062102 u 22.245 0.320
54406.062935 z 18.762 0.072
54406.063768 g 20.032 0.035
54412.063360 r 19.332 0.053
54412.064193 i 18.827 0.051
54412.065027 u 21.810 0.238
#54412.065860 z -99.000 0.078
#54412.066693 g -99.000 0.056
