53288.080223 r 18.723 0.011
#53288.081056 i -99.000 0.009
53288.081890 u 21.880 0.192
#53288.082723 z -99.000 0.022
#53288.083556 g -99.000 0.016
53626.113416 r 18.713 0.013
53626.114249 i 18.331 0.012
53626.115083 u 21.755 0.341
53626.115916 z 18.098 0.024
53626.116749 g 19.705 0.029
53656.074554 r 18.696 0.015
53656.075387 i 18.402 0.014
#53656.076221 u 25.722 2.107
53656.077054 z 18.166 0.031
53656.077887 g 19.890 0.044
53673.050301 r 18.658 0.017
#53673.051134 i -99.000 0.014
53673.051968 u 21.945 0.376
#53673.052801 z -99.000 0.028
53673.053634 g 19.848 0.027
53989.117500 r 18.707 0.008
53989.118333 i 18.362 0.015
53989.119167 u 21.952 0.192
53989.120000 z 18.083 0.026
53989.120833 g 19.694 0.028
54009.085506 r 18.788 0.060
54009.086339 i 18.363 0.022
54009.087172 u 21.907 0.290
54009.088006 z 18.043 0.027
54009.088839 g 19.734 0.024
54011.149995 r 18.715 0.014
54011.150828 i 18.342 0.043
54011.151662 u 21.625 0.409
54011.152495 z 18.120 0.020
54011.153328 g 19.671 0.026
#54019.100200 r -99.000 0.602
54019.101033 i 18.697 0.040
54019.101867 u 21.978 0.324
54019.102700 z 18.103 0.028
54019.103533 g 19.754 0.035
54029.079343 r 18.987 0.032
54029.080176 i 18.508 0.023
54029.081009 u 22.650 0.491
54029.081843 z 18.073 0.024
54029.082676 g 19.749 0.035
#54051.055921 r -99.000 0.021
54051.056755 i 18.326 0.043
54051.057588 u 21.320 0.193
#54051.058421 z -99.000 0.057
54051.059255 g 19.647 0.047
54406.059385 r 18.708 0.017
54406.060218 i 18.310 0.030
54406.061052 u 21.801 0.173
54406.061885 z 18.057 0.039
54406.062718 g 19.798 0.022
54412.062315 r 18.679 0.011
54412.063148 i 18.346 0.013
54412.063982 u 21.630 0.168
54412.064815 z 18.112 0.033
#54412.065648 g -99.000 0.032
