51075.342931 r 18.347 0.008
51075.343764 i 17.109 0.006
51075.344598 u 22.809 0.376
51075.345431 z 16.450 0.009
51075.346264 g 19.854 0.018
51081.326633 r 18.380 0.009
#51081.327466 i -99.000 0.005
#51081.328300 u 23.628 1.096
51081.329133 z 16.487 0.009
51081.329966 g 19.883 0.021
51819.397756 r 18.363 0.009
51819.398589 i 17.106 0.006
#51819.399423 u 23.968 1.326
51819.400256 z 16.437 0.009
51819.401089 g 19.845 0.018
52558.363043 r 18.358 0.009
52558.363876 i 17.142 0.005
52558.364710 u 22.504 0.436
52558.365543 z 16.440 0.008
52558.366376 g 19.935 0.019
52577.250547 r 18.348 0.008
52577.251380 i 17.129 0.006
52577.252214 u 22.821 0.475
52577.253047 z 16.427 0.008
52577.253880 g 19.907 0.017
52586.254026 r 18.365 0.009
52586.254859 i 17.136 0.006
52586.255693 u 23.538 0.833
52586.256526 z 16.448 0.009
52586.257359 g 19.900 0.017
52910.334505 r 18.343 0.008
52910.335338 i 17.120 0.006
52910.336172 u 23.186 0.587
52910.337005 z 16.439 0.008
52910.337838 g 19.879 0.016
52931.264709 r 18.342 0.008
52931.265542 i 17.135 0.005
52931.266376 u 22.327 0.296
52931.267209 z 16.413 0.008
52931.268042 g 19.872 0.017
52935.261673 r 18.369 0.012
52935.262506 i 17.137 0.010
52935.263340 u 21.969 0.267
52935.264173 z 16.430 0.012
52935.265006 g 19.914 0.019
52959.205002 r 18.352 0.008
52959.205835 i 17.174 0.006
52959.206669 u 22.443 0.395
52959.207502 z 16.468 0.008
52959.208335 g 19.862 0.019
52963.184746 r 18.362 0.008
52963.185579 i 17.084 0.006
52963.186413 u 22.979 0.448
52963.187246 z 16.432 0.008
52963.188079 g 19.886 0.015
53352.155812 r 18.362 0.008
53352.156645 i 17.126 0.005
53352.157479 u 22.727 0.473
53352.158312 z 16.441 0.008
53352.159145 g 19.882 0.016
53622.364108 r 18.318 0.009
53622.364941 i 17.133 0.005
53622.365775 u 22.900 0.670
53622.366608 z 16.424 0.009
#53622.367441 g -99.000 0.018
53634.313580 r 18.354 0.013
53634.314413 i 17.127 0.006
#53634.315247 u 26.045 2.456
53634.316080 z 16.436 0.008
53634.316913 g 19.902 0.048
53638.354916 r 18.347 0.009
53638.355749 i 17.128 0.006
53638.356583 u 23.005 0.683
53638.357416 z 16.437 0.008
53638.358249 g 19.828 0.019
53640.318951 r 18.342 0.008
53640.319784 i 17.110 0.005
53640.320618 u 22.635 0.527
53640.321451 z 16.417 0.008
53640.322284 g 19.831 0.019
53655.291122 r 18.347 0.009
53655.291955 i 17.118 0.005
53655.292789 u 22.674 0.624
53655.293622 z 16.428 0.009
53655.294455 g 19.860 0.022
53664.316079 r 18.360 0.011
53664.316912 i 17.060 0.006
#53664.317746 u 25.654 2.337
53664.318579 z 16.447 0.009
53664.319412 g 19.827 0.039
53669.275322 r 18.344 0.008
53669.276155 i 17.121 0.006
53669.276989 u 22.625 0.432
53669.277822 z 16.421 0.008
53669.278655 g 19.914 0.018
53671.360087 r 18.360 0.010
53671.360920 i 17.123 0.006
53671.361754 u 22.802 0.656
53671.362587 z 16.434 0.009
53671.363420 g 19.827 0.022
53674.259558 r 18.352 0.009
53674.260391 i 17.123 0.005
53674.261225 u 22.024 0.324
53674.262058 z 16.425 0.008
53674.262891 g 19.872 0.019
53676.349031 r 18.357 0.009
53676.349864 i 17.041 0.006
53676.350698 u 22.427 0.487
53676.351531 z 16.435 0.008
53676.352364 g 19.849 0.017
53679.320925 r 18.366 0.009
53679.321758 i 17.140 0.005
#53679.322592 u 25.038 1.897
53679.323425 z 16.431 0.009
53679.324258 g 19.833 0.019
53681.312438 r 18.362 0.012
53681.313271 i 17.125 0.008
#53681.314105 u 24.195 1.125
53681.314938 z 16.414 0.011
53681.315771 g 19.884 0.027
53685.271491 r 18.325 0.012
53685.272324 i 17.125 0.006
#53685.273158 u -99.000 1.396
53685.273991 z 16.448 0.009
53685.274824 g 19.852 0.044
53694.285369 r 18.344 0.014
53694.286202 i 17.139 0.006
#53694.287036 u 27.118 1.079
53694.287869 z 16.415 0.012
53694.288702 g 19.907 0.065
53697.269462 r 18.357 0.009
53697.270295 i 17.128 0.006
53697.271129 u 22.228 0.417
53697.271962 z 16.448 0.009
53697.272795 g 19.840 0.022
53700.268420 r 18.342 0.009
53700.269253 i 17.139 0.005
#53700.270087 u 23.282 1.247
53700.270920 z 16.446 0.009
53700.271753 g 19.905 0.022
53705.255090 r 18.344 0.008
53705.255923 i 17.108 0.005
#53705.256757 u 23.556 1.036
53705.257590 z 16.432 0.008
53705.258423 g 19.903 0.017
#53975.340108 r -99.000 0.021
53975.340941 i 17.130 0.030
53975.341774 u 22.677 0.497
53975.342608 z 16.456 0.032
53975.343441 g 19.714 0.022
53990.352928 r 18.350 0.016
53990.353761 i 17.103 0.019
53990.354594 u 21.826 0.400
53990.355428 z 16.430 0.016
53990.356261 g 19.851 0.027
53994.363181 r 18.334 0.016
53994.364014 i 17.177 0.016
53994.364848 u 23.005 0.484
53994.365681 z 16.426 0.014
53994.366514 g 19.834 0.019
53996.346837 r 18.355 0.020
53996.347670 i 17.119 0.017
53996.348503 u 22.873 0.568
53996.349337 z 16.446 0.017
53996.350170 g 19.847 0.027
54010.300932 r 18.346 0.015
54010.301766 i 17.106 0.010
54010.302599 u 23.305 0.681
54010.303432 z 16.439 0.023
54010.304266 g 19.866 0.022
54012.293776 r 18.342 0.023
54012.294609 i 17.098 0.020
54012.295442 u 22.489 0.703
54012.296276 z 16.437 0.017
54012.297109 g 19.863 0.035
54020.299772 r 18.363 0.016
54020.300606 i 17.109 0.012
54020.301439 u 21.502 0.265
54020.302272 z 16.431 0.019
54020.303106 g 19.879 0.026
54024.381354 r 18.346 0.022
54024.382188 i 17.117 0.008
#54024.383021 u -99.000 1.343
54024.383854 z 16.430 0.027
54024.384688 g 19.866 0.029
54028.369677 r 18.337 0.047
54028.370510 i 17.087 0.040
54028.371344 u 22.576 0.628
54028.372177 z 16.450 0.015
#54028.373010 g -99.000 0.071
54030.293331 r 18.318 0.011
54030.294164 i 17.005 0.015
54030.294998 u 22.575 0.351
54030.295831 z 16.439 0.017
54030.296664 g 19.841 0.028
54035.369097 r 18.351 0.015
54035.369930 i 17.115 0.018
54035.370763 u 21.672 0.291
54035.371597 z 16.432 0.014
54035.372430 g 19.844 0.027
54037.274572 r 18.350 0.013
54037.275406 i 17.116 0.015
54037.276239 u 22.704 0.373
54037.277072 z 16.414 0.018
54037.277906 g 19.837 0.021
54040.289106 r 18.340 0.018
54040.289940 i 17.113 0.013
#54040.290773 u 23.526 1.964
54040.291606 z 16.446 0.015
54040.292440 g 19.881 0.033
#54047.319715 r -99.000 0.030
54047.320549 i 17.094 0.050
#54047.321382 u -99.000 99.999
54047.322215 z 16.426 0.015
#54047.323049 g -99.000 0.084
54049.315548 r 18.330 0.015
54049.316382 i 17.127 0.017
#54049.317215 u 22.870 1.400
54049.318048 z 16.462 0.014
54049.318882 g 19.796 0.033
54053.279812 r 18.371 0.019
54053.280645 i 17.132 0.012
54053.281479 u 23.337 0.772
54053.282312 z 16.434 0.021
54053.283145 g 19.875 0.021
54056.281491 r 18.340 0.046
#54056.282324 i -99.000 0.043
#54056.283158 u -99.000 0.623
54056.283991 z 16.370 0.037
#54056.284824 g -99.000 0.038
54059.275793 r 19.760 0.173
#54059.276626 i -99.000 0.145
54059.277460 u 21.517 0.235
54059.278293 z 17.978 0.201
54059.279126 g 20.881 0.112
54059.275794 r 18.625 0.024
#54059.276627 i -99.000 0.023
#54059.277460 u 99.993 99.999
54059.278294 z 16.690 0.029
54059.279127 g 20.367 0.037
54061.286896 r 18.336 0.017
#54061.287730 i -99.000 0.097
54061.288563 u 22.109 0.552
54061.289396 z 16.452 0.014
54061.290230 g 19.823 0.032
54062.280671 r 18.361 0.013
54062.281504 i 17.125 0.011
54062.282338 u 22.959 0.763
54062.283171 z 16.442 0.015
54062.284004 g 19.882 0.019
54068.261461 r 18.339 0.022
54068.262295 i 17.119 0.027
54068.263128 u 22.488 0.940
54068.263961 z 16.449 0.018
54068.264795 g 19.900 0.042
54357.319036 r 18.362 0.014
54357.319870 i 17.099 0.024
54357.320703 u 23.324 0.644
54357.321536 z 16.431 0.018
54357.322370 g 19.847 0.030
54359.350698 r 18.414 0.032
54359.351532 i 17.119 0.019
54359.352365 u 22.022 0.336
#54359.353198 z -99.000 0.019
54359.354032 g 19.925 0.029
54362.368793 r 18.360 0.010
54362.369626 i 17.113 0.015
54362.370459 u 22.799 0.454
54362.371293 z 16.416 0.022
54362.372126 g 19.877 0.020
54376.363883 r 18.363 0.019
54376.364716 i 17.111 0.014
#54376.365549 u -99.000 0.737
54376.366383 z 16.411 0.023
#54376.367216 g -99.000 0.028
54382.349000 r 18.342 0.017
54382.349834 i 17.147 0.032
#54382.350667 u -99.000 2.601
54382.351500 z 16.459 0.015
54382.352334 g 19.885 0.023
54385.366814 r 18.358 0.015
54385.367647 i 17.058 0.016
54385.368480 u 22.737 0.437
54385.369314 z 16.436 0.019
54385.370147 g 19.867 0.022
54387.367295 r 18.340 0.017
54387.368128 i 17.121 0.010
54387.368961 u 22.316 0.452
54387.369795 z 16.438 0.024
54387.370628 g 19.894 0.029
#54390.359715 r -99.000 99.999
54390.360549 i 17.093 0.017
#54390.361382 u -99.000 99.999
#54390.362215 z -99.000 0.138
#54390.363049 g -99.000 0.034
54391.368130 r 18.357 0.021
54391.368963 i 17.115 0.019
54391.369797 u 22.463 0.860
54391.370630 z 16.445 0.016
54391.371463 g 19.881 0.026
54402.360493 r 18.343 0.024
54402.361326 i 17.147 0.013
#54402.362160 u -99.000 1.285
54402.362993 z 16.451 0.018
#54402.363826 g -99.000 0.058
