51081.333132 r 18.269 0.008
51081.333965 i 17.650 0.007
51081.334799 u 21.858 0.215
51081.335632 z 17.352 0.015
51081.336465 g 19.574 0.016
51819.404282 r 21.038 0.060
51819.405115 i 20.036 0.040
#51819.405949 u 24.638 1.316
51819.406782 z 17.977 0.023
51819.407615 g 20.549 0.029
52558.369538 r 18.263 0.008
52558.370371 i 17.697 0.008
52558.371205 u 22.029 0.197
52558.372038 z 17.381 0.013
52558.372871 g 19.566 0.013
52577.257043 r 18.264 0.008
52577.257876 i 17.692 0.007
52577.258710 u 22.031 0.205
52577.259543 z 17.343 0.013
52577.260376 g 19.586 0.013
52586.260522 r 18.271 0.008
52586.261355 i 17.701 0.009
52586.262189 u 22.093 0.244
52586.263022 z 17.355 0.020
52586.263855 g 19.581 0.020
52910.341001 r 18.279 0.008
52910.341834 i 17.701 0.007
52910.342668 u 21.722 0.146
52910.343501 z 17.368 0.014
52910.344334 g 19.588 0.014
52931.271204 r 18.271 0.008
52931.272037 i 17.690 0.007
52931.272871 u 21.913 0.174
52931.273704 z 17.372 0.013
52931.274537 g 19.594 0.014
52935.268168 r 18.290 0.008
52935.269001 i 17.721 0.008
52935.269835 u 21.993 0.232
52935.270668 z 17.379 0.015
52935.271501 g 19.610 0.015
52963.191242 r 18.270 0.008
52963.192075 i 17.686 0.008
52963.192909 u 22.222 0.175
52963.193742 z 17.342 0.012
52963.194575 g 19.551 0.013
53352.162309 r 18.271 0.008
53352.163142 i 17.698 0.007
53352.163976 u 21.860 0.167
53352.164809 z 17.345 0.014
53352.165642 g 19.567 0.014
53622.370605 r 18.283 0.008
53622.371438 i 17.681 0.008
53622.372272 u 21.746 0.207
53622.373105 z 17.359 0.016
53622.373938 g 19.594 0.016
53634.320076 r 18.260 0.012
53634.320909 i 17.685 0.009
53634.321743 u 21.721 0.599
53634.322576 z 17.368 0.017
53634.323409 g 19.585 0.038
53638.361411 r 18.258 0.008
53638.362244 i 17.696 0.008
53638.363078 u 21.766 0.199
53638.363911 z 17.370 0.014
53638.364744 g 19.627 0.016
53640.325447 r 18.269 0.008
53640.326280 i 17.694 0.008
53640.327114 u 21.847 0.230
53640.327947 z 17.371 0.014
53640.328780 g 19.544 0.014
53655.297619 r 18.259 0.009
53655.298452 i 17.691 0.008
53655.299286 u 22.313 0.383
53655.300119 z 17.348 0.015
53655.300952 g 19.597 0.017
53664.322574 r 18.240 0.018
53664.323407 i 17.698 0.016
#53664.324241 u 24.346 3.009
#53664.325074 z -99.000 0.025
53664.325907 g 19.585 0.045
53669.281818 r 18.278 0.008
53669.282651 i 17.688 0.008
53669.283485 u 21.622 0.185
53669.284318 z 17.343 0.014
53669.285151 g 19.577 0.014
53671.366580 r 18.290 0.010
53671.367413 i 17.704 0.008
53671.368247 u 22.205 0.499
53671.369080 z 17.351 0.016
53671.369913 g 19.605 0.017
53674.266055 r 18.271 0.008
53674.266888 i 17.678 0.008
53674.267722 u 22.738 0.563
53674.268555 z 17.324 0.015
53674.269388 g 19.586 0.016
53676.355524 r 18.276 0.008
53676.356357 i 17.694 0.008
#53676.357191 u -99.000 0.290
53676.358024 z 17.348 0.013
53676.358857 g 19.551 0.014
53679.327419 r 18.278 0.009
53679.328252 i 17.704 0.009
#53679.329086 u -99.000 0.247
53679.329919 z 17.361 0.018
53679.330752 g 19.623 0.018
53681.318933 r 18.279 0.008
53681.319766 i 17.688 0.008
53681.320600 u 21.876 0.200
53681.321433 z 17.361 0.014
53681.322266 g 19.578 0.014
53685.277986 r 18.262 0.011
53685.278819 i 17.694 0.009
53685.279653 u 22.523 0.795
53685.280486 z 17.341 0.015
53685.281319 g 19.574 0.031
53694.291864 r 18.248 0.015
53694.292697 i 17.685 0.014
#53694.293531 u -99.000 0.784
53694.294364 z 17.335 0.022
53694.295197 g 19.453 0.044
53697.275957 r 18.278 0.010
53697.276790 i 17.692 0.010
53697.277624 u 22.589 0.675
53697.278457 z 17.320 0.017
53697.279290 g 19.574 0.023
53700.274914 r 18.269 0.009
53700.275747 i 17.703 0.009
53700.276581 u 22.135 0.355
53700.277414 z 17.364 0.016
53700.278247 g 19.564 0.016
53705.261585 r 18.285 0.008
53705.262418 i 17.706 0.007
53705.263252 u 21.684 0.191
53705.264085 z 17.353 0.013
53705.264918 g 19.612 0.015
53975.346580 r 18.264 0.016
53975.347414 i 17.673 0.015
53975.348247 u 22.632 0.294
53975.349080 z 17.378 0.017
53975.349914 g 19.549 0.019
53990.359455 r 18.252 0.014
53990.360288 i 17.690 0.014
53990.361121 u 21.634 0.293
53990.361955 z 17.341 0.019
53990.362788 g 19.558 0.024
53994.369574 r 18.276 0.011
53994.370408 i 17.687 0.011
#53994.371241 u -99.000 0.186
53994.372074 z 17.378 0.015
53994.372908 g 19.591 0.018
53996.353312 r 18.301 0.016
53996.354146 i 17.691 0.015
53996.354979 u 22.451 0.290
53996.355812 z 17.370 0.017
53996.356646 g 19.607 0.020
54010.307459 r 18.251 0.019
54010.308293 i 17.689 0.012
54010.309126 u 22.023 0.163
54010.309959 z 17.360 0.015
54010.310793 g 19.575 0.018
54012.300291 r 18.287 0.022
54012.301124 i 17.706 0.013
#54012.301958 u -99.000 0.403
54012.302791 z 17.367 0.018
54012.303624 g 19.569 0.025
54020.306299 r 18.242 0.013
54020.307132 i 17.694 0.015
54020.307966 u 22.041 0.361
54020.308799 z 17.345 0.017
54020.309632 g 19.559 0.019
54024.387839 r 18.271 0.016
54024.388673 i 17.689 0.010
54024.389506 u 22.025 0.303
54024.390339 z 17.344 0.018
54024.391173 g 19.576 0.025
54028.376151 r 18.277 0.019
54028.376985 i 17.702 0.022
54028.377818 u 22.500 0.407
54028.378651 z 17.360 0.018
54028.379485 g 19.551 0.028
54030.299849 r 18.248 0.011
54030.300682 i 17.665 0.014
54030.301515 u 21.652 0.124
54030.302349 z 17.332 0.017
54030.303182 g 19.563 0.023
54035.375566 r 18.274 0.013
54035.376400 i 17.668 0.017
#54035.377233 u 21.822 1.734
54035.378066 z 17.333 0.034
54035.378900 g 19.549 0.071
54037.281051 r 18.287 0.012
54037.281884 i 17.696 0.010
54037.282717 u 21.701 0.117
54037.283551 z 17.353 0.020
54037.284384 g 19.566 0.026
54040.295546 r 18.280 0.014
54040.296380 i 17.698 0.013
54040.297213 u 22.157 0.531
54040.298046 z 17.344 0.014
54040.298880 g 19.600 0.026
54047.326295 r 18.246 0.020
54047.327129 i 17.723 0.018
#54047.327962 u 22.431 2.112
54047.328795 z 17.379 0.039
54047.329629 g 19.661 0.059
54049.321999 r 18.271 0.010
54049.322833 i 17.697 0.013
#54049.323666 u 100.022 99.999
54049.324499 z 17.382 0.019
54049.325333 g 19.628 0.029
54053.286309 r 18.249 0.014
54053.287142 i 17.688 0.014
#54053.287976 u -99.000 0.171
54053.288809 z 17.365 0.016
54053.289642 g 19.585 0.025
54056.288014 r 18.257 0.017
54056.288847 i 17.734 0.028
54056.289681 u 21.954 0.253
54056.290514 z 17.378 0.019
54056.291347 g 19.527 0.037
54059.282284 r 18.260 0.012
54059.283117 i 17.671 0.017
#54059.283951 u -99.000 0.232
54059.284784 z 17.334 0.017
54059.285617 g 19.580 0.021
54061.293371 r 18.271 0.014
54061.294204 i 17.679 0.028
#54061.295038 u -99.000 0.399
54061.295871 z 17.344 0.022
54061.296704 g 19.571 0.042
54062.287163 r 18.275 0.016
54062.287997 i 17.705 0.013
54062.288830 u 22.117 0.256
54062.289663 z 17.306 0.019
54062.290497 g 19.558 0.019
54068.267760 r 18.282 0.016
54068.268593 i 17.688 0.015
54068.269427 u 22.117 0.821
54068.270260 z 17.353 0.018
54068.271093 g 19.552 0.030
54357.325467 r 18.265 0.016
54357.326300 i 17.694 0.020
54357.327133 u 21.987 0.165
54357.327967 z 17.355 0.015
54357.328800 g 19.566 0.016
54359.357182 r 18.276 0.013
54359.358015 i 17.697 0.020
54359.358849 u 22.021 0.299
54359.359682 z 17.340 0.028
54359.360515 g 19.530 0.026
54362.375329 r 18.276 0.015
54362.376162 i 17.690 0.013
54362.376996 u 22.019 0.174
54362.377829 z 17.342 0.019
54362.378662 g 19.563 0.020
54376.370414 r 18.277 0.014
54376.371247 i 17.689 0.012
54376.372080 u 21.753 0.219
54376.372914 z 17.354 0.018
54376.373747 g 19.540 0.021
54382.355505 r 18.262 0.026
54382.356339 i 17.685 0.024
54382.357172 u 21.790 0.264
54382.358005 z 17.418 0.021
54382.358839 g 19.587 0.022
54385.373338 r 18.273 0.013
54385.374172 i 17.707 0.011
54385.375005 u 22.356 0.226
54385.375838 z 17.359 0.015
54385.376672 g 19.571 0.020
54387.373808 r 18.274 0.018
54387.374642 i 17.697 0.018
54387.375475 u 21.848 0.342
54387.376308 z 17.328 0.022
54387.377142 g 19.551 0.030
54390.366195 r 18.271 0.012
54390.367029 i 17.674 0.014
54390.367862 u 21.893 0.282
#54390.368695 z -99.000 0.410
#54390.369529 g -99.000 0.040
54391.374627 r 18.250 0.020
54391.375460 i 17.703 0.012
54391.376294 u 21.684 0.320
54391.377127 z 17.378 0.040
54391.377960 g 19.531 0.020
54402.366961 r 18.299 0.017
54402.367794 i 17.709 0.018
54402.368627 u 20.992 0.333
54402.369461 z 17.370 0.020
54402.370294 g 19.591 0.047
