51075.243472 r 20.362 0.033
51075.244305 i 20.059 0.044
51075.245139 u 21.035 0.098
51075.245972 z 20.220 0.191
51075.246805 g 20.547 0.032
51464.231362 r 20.398 0.030
51464.232195 i 20.193 0.043
51464.233029 u 21.062 0.112
51464.233862 z 19.831 0.107
51464.234695 g 20.510 0.032
52197.257100 r 20.098 0.023
52197.257933 i 20.002 0.030
52197.258767 u 20.615 0.067
52197.259600 z 20.012 0.114
52197.260433 g 20.211 0.023
52231.143073 r 20.124 0.026
52231.143906 i 20.026 0.033
52231.144740 u 20.548 0.064
52231.145573 z 19.895 0.101
52231.146406 g 20.278 0.024
52557.251078 r 20.335 0.032
52557.251911 i 20.131 0.039
52557.252745 u 21.016 0.116
52557.253578 z 19.917 0.118
52557.254411 g 20.442 0.028
52578.147158 r 20.371 0.027
52578.147991 i 20.266 0.036
52578.148825 u 20.962 0.078
52578.149658 z 20.115 0.119
52578.150491 g 20.488 0.026
52929.177385 r 20.929 0.044
52929.178218 i 20.623 0.053
52929.179052 u 22.103 0.218
52929.179885 z 20.592 0.175
52929.180718 g 21.093 0.043
52934.157540 r 20.937 0.054
52934.158373 i 20.670 0.059
52934.159207 u 21.752 0.210
52934.160040 z 20.306 0.178
52934.160873 g 21.141 0.058
52936.153468 r 20.863 0.041
52936.154301 i 20.721 0.053
52936.155135 u 21.945 0.173
52936.155968 z 20.207 0.127
52936.156801 g 21.208 0.047
53270.217572 r 20.833 0.042
53270.218406 i 20.572 0.054
53270.219239 u 21.731 0.188
53270.220072 z 20.388 0.128
53270.220906 g 20.998 0.055
53272.267475 r 20.935 0.072
53272.268308 i 20.614 0.065
53272.269142 u 21.764 0.391
53272.269975 z 20.458 0.191
53272.270808 g 20.919 0.100
53286.236192 r 20.830 0.046
53286.237025 i 20.640 0.052
53286.237859 u 21.463 0.167
53286.238692 z 20.437 0.146
53286.239525 g 21.117 0.049
53288.194681 r 20.712 0.041
53288.195514 i 20.478 0.048
53288.196348 u 21.660 0.185
53288.197181 z 20.269 0.142
53288.198014 g 20.975 0.042
53302.190349 r 20.705 0.089
53302.191182 i 20.424 0.080
53302.192016 u 21.753 0.510
53302.192849 z 20.134 0.174
53302.193682 g 20.917 0.115
53312.145892 r 20.768 0.048
53312.146725 i 20.589 0.061
53312.147559 u 21.480 0.129
53312.148392 z 20.066 0.133
53312.149225 g 20.957 0.044
53314.147079 r 20.631 0.041
53314.147912 i 20.384 0.054
53314.148746 u 21.459 0.139
53314.149579 z 20.225 0.167
53314.150412 g 20.846 0.040
53616.251446 r 20.205 0.038
53616.252279 i 20.021 0.053
53616.253113 u 20.656 0.110
53616.253946 z 20.007 0.166
53616.254779 g 20.417 0.034
#53623.241656 r -99.000 0.078
53623.242489 i 20.416 0.101
53623.243323 u 21.156 0.182
#53623.244156 z -99.000 0.448
#53623.244989 g -99.000 0.062
53626.227869 r 20.187 0.038
53626.228702 i 20.127 0.043
53626.229536 u 21.150 0.165
53626.230369 z 19.912 0.109
53626.231202 g 20.367 0.044
53628.212734 r 20.169 0.051
53628.213567 i 20.105 0.056
53628.214401 u 21.036 0.272
53628.215234 z 19.877 0.140
53628.216067 g 20.372 0.071
53637.214349 r 20.204 0.039
53637.215182 i 20.100 0.058
53637.216016 u 20.983 0.149
53637.216849 z 20.351 0.242
53637.217682 g 20.323 0.041
53644.206805 r 20.220 0.021
53644.207638 i 20.147 0.028
53644.208471 u 20.916 0.068
53644.209305 z 20.157 0.091
53644.210138 g 20.399 0.028
53654.241420 r 20.228 0.033
53654.242253 i 20.133 0.044
53654.243087 u 20.861 0.122
53654.243920 z 20.154 0.182
53654.244753 g 20.358 0.037
53656.189011 r 20.137 0.058
53656.189844 i 19.997 0.056
53656.190678 u 21.155 0.316
53656.191511 z 19.839 0.153
53656.192344 g 20.359 0.075
53663.202321 r 20.251 0.033
53663.203154 i 20.109 0.035
53663.203988 u 20.990 0.157
53663.204821 z 19.913 0.091
53663.205654 g 20.497 0.046
53668.191921 r 20.243 0.033
53668.192754 i 20.166 0.047
53668.193588 u 20.936 0.102
53668.194421 z 20.065 0.157
53668.195254 g 20.428 0.030
53670.196774 r 20.343 0.029
53670.197607 i 20.135 0.037
53670.198441 u 21.119 0.103
53670.199274 z 19.912 0.112
53670.200107 g 20.500 0.030
53673.164757 r 20.347 0.032
53673.165590 i 20.101 0.038
53673.166424 u 20.891 0.094
53673.167257 z 20.078 0.129
53673.168090 g 20.437 0.031
53675.161645 r 20.330 0.031
53675.162478 i 20.200 0.044
53675.163312 u 20.910 0.090
53675.164145 z 20.241 0.161
53675.164978 g 20.441 0.027
53677.182677 r 20.335 0.027
53677.183510 i 20.122 0.030
53677.184344 u 20.958 0.080
53677.185177 z 19.902 0.083
53677.186010 g 20.484 0.027
53680.169343 r 20.389 0.028
53680.170176 i 20.269 0.034
53680.171010 u 21.033 0.089
53680.171843 z 20.006 0.095
53680.172676 g 20.487 0.027
53693.171245 r 20.446 0.046
53693.172078 i 20.206 0.045
53693.172912 u 21.055 0.202
53693.173745 z 20.061 0.114
53693.174578 g 20.621 0.067
53702.166927 r 20.373 0.067
53702.167761 i 20.068 0.083
53702.168594 u 21.095 0.218
53702.169427 z 19.830 0.222
53702.170261 g 20.505 0.060
53704.154570 r 20.504 0.037
53704.155403 i 20.250 0.044
53704.156237 u 21.286 0.131
53704.157070 z 19.874 0.105
53704.157903 g 20.600 0.035
53989.250732 r 20.623 0.051
53989.251565 i 20.416 0.052
53989.252399 u 21.470 0.242
53989.253232 z 20.563 0.165
53989.254065 g 20.892 0.070
53995.239875 r 20.725 0.028
53995.240708 i 20.539 0.040
53995.241542 u 21.511 0.103
53995.242375 z 20.246 0.089
53995.243208 g 20.895 0.031
54000.226041 r 20.582 0.037
54000.226874 i 20.462 0.050
54000.227707 u 21.467 0.154
54000.228541 z 20.766 0.260
54000.229374 g 20.866 0.042
54007.276181 r 20.648 0.034
54007.277015 i 20.484 0.042
54007.277848 u 21.604 0.153
54007.278681 z 20.199 0.122
54007.279515 g 20.856 0.036
54009.199953 r 20.672 0.040
54009.200787 i 20.443 0.044
54009.201620 u 21.654 0.190
54009.202453 z 20.071 0.107
54009.203287 g 20.837 0.044
54011.264533 r 20.815 0.054
54011.265366 i 20.618 0.050
54011.266199 u 21.689 0.293
54011.267033 z 20.356 0.124
54011.267866 g 20.735 0.059
54025.263545 r 20.714 0.050
54025.264378 i 20.481 0.062
54025.265212 u 22.119 0.314
54025.266045 z 20.260 0.149
54025.266878 g 20.813 0.041
54029.193809 r 20.725 0.039
54029.194642 i 20.443 0.046
54029.195476 u 21.851 0.181
54029.196309 z 20.070 0.101
54029.197142 g 20.844 0.035
54358.217032 r 20.085 0.032
54358.217865 i 19.988 0.050
54358.218698 u 20.603 0.088
54358.219532 z 19.556 0.103
54358.220365 g 20.253 0.041
54365.250082 r 20.151 0.032
54365.250915 i 20.049 0.036
54365.251748 u 20.602 0.086
54365.252582 z 19.952 0.108
54365.253415 g 20.294 0.034
54373.324466 r 20.177 0.051
54373.325300 i 19.982 0.049
54373.326133 u 20.426 0.204
#54373.326966 z -99.000 0.145
54373.327800 g 20.206 0.078
54382.259208 r 20.066 0.028
54382.260041 i 19.937 0.036
54382.260874 u 20.508 0.091
54382.261708 z 19.823 0.128
54382.262541 g 20.146 0.041
54386.261983 r 20.063 0.025
54386.262817 i 20.012 0.030
54386.263650 u 20.522 0.061
54386.264483 z 20.186 0.115
54386.265317 g 20.108 0.022
54388.266236 r 19.979 0.024
54388.267070 i 19.952 0.032
54388.267903 u 20.424 0.070
54388.268736 z 19.664 0.088
54388.269570 g 20.085 0.028
54403.180041 r 20.065 0.032
54403.180874 i 19.959 0.037
54403.181707 u 20.422 0.079
54403.182541 z 19.779 0.087
54403.183374 g 20.160 0.033
54404.186625 r 20.074 0.021
54404.187459 i 19.965 0.027
54404.188292 u 20.491 0.056
54404.189125 z 19.849 0.088
54404.189959 g 20.118 0.027
54406.173844 r 20.039 0.025
54406.174677 i 19.901 0.030
54406.175510 u 20.519 0.059
54406.176344 z 19.810 0.100
54406.177177 g 20.130 0.023
54412.176775 r 19.960 0.024
54412.177608 i 19.956 0.031
54412.178441 u 20.418 0.065
54412.179275 z 19.869 0.094
54412.180108 g 20.165 0.028
