52578.149839 r 19.160 0.013
52578.150672 i 18.672 0.012
#52578.151506 u 24.641 1.216
52578.152339 z 18.120 0.023
52578.153172 g 20.240 0.021
53294.224691 r 18.827 0.060
53294.225525 i 18.641 0.067
53294.226358 u 22.450 0.658
53294.227191 z 18.295 0.061
53294.228025 g 19.982 0.074
53302.193030 r 19.164 0.024
53302.193863 i 18.649 0.017
53302.194697 u 21.013 0.275
53302.195530 z 18.265 0.033
53302.196363 g 19.757 0.041
53314.149759 r 19.080 0.013
53314.150592 i 18.629 0.013
53314.151426 u 23.263 0.648
53314.152259 z 18.217 0.027
53314.153092 g 20.234 0.022
53626.230550 r 19.135 0.016
53626.231383 i 18.759 0.014
53626.232217 u 21.524 0.262
53626.233050 z 18.119 0.024
53626.233883 g 20.230 0.041
53644.209483 r 19.071 0.026
53644.210316 i 18.618 0.025
53644.211150 u 22.536 0.350
53644.211983 z 18.185 0.024
53644.212816 g 20.171 0.035
53656.191694 r 19.081 0.024
53656.192527 i 18.754 0.020
53656.193361 u 21.052 0.352
53656.194194 z 18.347 0.046
53656.195027 g 20.226 0.078
53663.205002 r 19.056 0.015
53663.205835 i 18.685 0.013
53663.206669 u 21.706 0.341
53663.207502 z 18.192 0.024
53663.208335 g 20.323 0.042
54011.267142 r 19.124 0.083
54011.267975 i 18.653 0.048
54011.268808 u 21.493 0.252
54011.269642 z 18.303 0.049
54011.270475 g 20.261 0.131
54373.326989 r 19.146 0.047
54373.327823 i 18.812 0.056
54373.328656 u 20.913 0.363
54373.329489 z 18.183 0.045
54373.330323 g 20.239 0.092
54404.189339 r 19.081 0.096
54404.190172 i 18.722 0.065
54404.191006 u 21.978 0.270
#54404.191839 z 99.994 99.999
54404.192672 g 21.424 0.338
