51081.350629 r 19.871 0.023
51081.351462 i 19.759 0.030
51081.352296 u 20.471 0.070
51081.353129 z 19.789 0.096
51081.353962 g 20.106 0.022
51819.421840 r 20.036 0.026
51819.422673 i 19.823 0.030
51819.423507 u 20.431 0.065
51819.424340 z 19.648 0.083
51819.425173 g 20.179 0.023
52225.246466 r 20.044 0.025
52225.247299 i 19.900 0.031
52225.248133 u 20.342 0.054
52225.248966 z 19.623 0.074
52225.249799 g 20.160 0.020
52288.080886 r 20.003 0.023
52288.081719 i 19.869 0.029
52288.082553 u 20.448 0.059
52288.083386 z 19.695 0.077
52288.084219 g 20.108 0.021
52551.354180 r 20.003 0.025
52551.355013 i 19.795 0.034
52551.355847 u 20.379 0.065
52551.356680 z 19.741 0.092
52551.357513 g 20.366 0.024
52558.387054 r 19.936 0.019
52558.387887 i 19.847 0.025
52558.388721 u 20.386 0.052
52558.389554 z 19.589 0.058
52558.390387 g 20.157 0.019
52576.220104 r 19.913 0.021
52576.220937 i 19.780 0.027
52576.221771 u 20.379 0.055
52576.222604 z 19.564 0.071
52576.223437 g 20.084 0.019
52577.274561 r 19.982 0.022
52577.275394 i 19.803 0.029
52577.276228 u 20.536 0.061
52577.277061 z 19.568 0.065
52577.277894 g 20.181 0.021
52585.221638 r 19.960 0.025
52585.222471 i 19.872 0.040
52585.223305 u 20.410 0.058
52585.224138 z 19.648 0.118
52585.224971 g 20.159 0.021
52910.358517 r 19.880 0.019
52910.359350 i 19.782 0.025
52910.360184 u 20.332 0.052
52910.361017 z 19.485 0.061
52910.361850 g 20.110 0.020
52935.285685 r 19.860 0.023
52935.286518 i 19.725 0.032
52935.287352 u 20.439 0.061
52935.288185 z 19.648 0.088
52935.289018 g 20.070 0.020
52963.208760 r 19.837 0.017
52963.209593 i 19.715 0.023
52963.210427 u 20.421 0.051
52963.211260 z 19.544 0.058
52963.212093 g 20.113 0.019
52971.199676 r 19.845 0.021
52971.200509 i 19.739 0.027
52971.201343 u 20.290 0.051
52971.202176 z 19.379 0.054
52971.203009 g 20.063 0.020
53351.131064 r 19.620 0.020
53351.131897 i 19.551 0.028
53351.132731 u 19.998 0.042
53351.133564 z 19.399 0.066
53351.134397 g 19.780 0.017
53622.388120 r 19.653 0.021
#53622.388953 i -99.000 0.026
53622.389787 u 20.087 0.056
53622.390620 z 19.490 0.077
53622.391453 g 19.777 0.018
53634.337592 r 19.681 0.053
#53634.338425 i -99.000 0.062
#53634.339259 u -99.000 0.152
53634.340092 z 19.431 0.114
53634.340925 g 19.782 0.062
53638.378927 r 19.634 0.018
53638.379760 i 19.539 0.023
53638.380594 u 20.073 0.052
53638.381427 z 19.343 0.054
53638.382260 g 19.738 0.017
53640.342962 r 19.613 0.019
53640.343795 i 19.528 0.025
53640.344629 u 19.943 0.049
53640.345462 z 19.344 0.060
53640.346295 g 19.786 0.018
#53646.404372 r -99.000 0.055
53646.405205 i 19.464 0.061
#53646.406039 u -99.000 0.187
#53646.406872 z -99.000 0.119
53646.407705 g 19.722 0.026
53655.315134 r 19.626 0.020
53655.315967 i 19.561 0.027
53655.316801 u 20.128 0.053
53655.317634 z 19.392 0.071
53655.318467 g 19.782 0.016
53664.340090 r 19.620 0.043
53664.340923 i 19.521 0.057
53664.341757 u 19.899 0.109
53664.342590 z 19.186 0.116
53664.343423 g 19.738 0.052
53669.299335 r 19.608 0.017
53669.300168 i 19.499 0.021
53669.301002 u 19.982 0.041
53669.301835 z 19.313 0.053
53669.302668 g 19.760 0.016
53671.384094 r 19.573 0.022
53671.384927 i 19.572 0.030
53671.385761 u 20.116 0.075
53671.386594 z 19.307 0.062
53671.387427 g 19.762 0.019
53674.283571 r 19.615 0.022
53674.284404 i 19.542 0.029
53674.285238 u 20.167 0.064
53674.286071 z 19.346 0.071
53674.286904 g 19.813 0.019
53676.373037 r 19.585 0.021
53676.373870 i 19.525 0.027
#53676.374704 u -99.000 0.051
53676.375537 z 19.369 0.061
53676.376370 g 19.787 0.018
53679.344934 r 19.624 0.026
53679.345767 i 19.545 0.035
53679.346601 u 20.068 0.068
53679.347434 z 19.505 0.113
53679.348267 g 19.800 0.021
53681.336447 r 19.623 0.020
53681.337280 i 19.533 0.024
#53681.338114 u -99.000 0.052
53681.338947 z 19.389 0.056
53681.339780 g 19.752 0.016
53685.295503 r 19.616 0.026
53685.296336 i 19.557 0.030
53685.297170 u 19.983 0.068
53685.298003 z 19.362 0.059
53685.298836 g 19.733 0.029
53694.309384 r 19.527 0.042
53694.310217 i 19.499 0.051
#53694.311051 u -99.000 0.167
53694.311884 z 19.195 0.109
53694.312717 g 19.653 0.059
53697.293472 r 19.608 0.023
53697.294305 i 19.520 0.028
53697.295139 u 20.095 0.071
53697.295972 z 19.349 0.060
53697.296805 g 19.761 0.023
53700.292429 r 19.596 0.024
53700.293262 i 19.485 0.031
53700.294096 u 19.968 0.064
53700.294929 z 19.334 0.086
53700.295762 g 19.706 0.018
53705.279100 r 19.596 0.019
53705.279933 i 19.492 0.022
53705.280767 u 19.924 0.045
53705.281600 z 19.402 0.057
53705.282433 g 19.728 0.016
53975.364111 r 19.587 0.023
53975.364945 i 19.480 0.022
53975.365778 u 20.110 0.040
53975.366611 z 19.298 0.052
53975.367445 g 19.736 0.021
53990.377014 r 19.588 0.025
53990.377848 i 19.562 0.030
53990.378681 u 20.105 0.077
53990.379514 z 19.308 0.061
53990.380348 g 19.751 0.031
53994.387197 r 19.622 0.023
53994.388031 i 19.515 0.030
#53994.388864 u -99.000 0.050
53994.389697 z 19.276 0.057
53994.390531 g 19.779 0.021
53996.370871 r 19.628 0.022
53996.371704 i 19.530 0.027
53996.372538 u 20.109 0.046
53996.373371 z 19.243 0.057
53996.374204 g 19.779 0.026
54010.325021 r 19.618 0.020
54010.325854 i 19.534 0.024
54010.326687 u 20.087 0.052
54010.327521 z 19.249 0.045
54010.328354 g 19.785 0.018
54012.317888 r 19.667 0.029
54012.318722 i 19.527 0.035
54012.319555 u 20.176 0.080
54012.320388 z 19.283 0.063
54012.321222 g 19.780 0.031
54020.323861 r 19.628 0.023
54020.324694 i 19.581 0.029
54020.325527 u 20.082 0.062
54020.326361 z 19.303 0.062
#54020.327194 g -99.000 0.036
54024.405375 r 19.645 0.029
54024.406208 i 19.485 0.034
54024.407041 u 20.039 0.085
54024.407875 z 19.314 0.085
54024.408708 g 19.831 0.027
#54028.393744 r -99.000 0.030
54028.394577 i 19.557 0.041
54028.395410 u 20.093 0.072
54028.396244 z 19.216 0.067
54028.397077 g 19.803 0.021
54030.317349 r 19.634 0.018
54030.318183 i 19.535 0.021
54030.319016 u 20.044 0.043
54030.319849 z 19.339 0.049
54030.320683 g 19.800 0.019
54035.393226 r 19.673 0.032
54035.394059 i 19.538 0.047
54035.394892 u 19.988 0.062
54035.395726 z 19.379 0.090
54035.396559 g 19.803 0.024
54037.298574 r 19.632 0.019
54037.299407 i 19.500 0.024
54037.300240 u 20.084 0.044
54037.301074 z 19.376 0.048
54037.301907 g 19.813 0.020
54040.313162 r 19.621 0.026
54040.313995 i 19.559 0.031
54040.314828 u 20.092 0.072
54040.315662 z 19.428 0.061
54040.316495 g 19.816 0.027
54049.339610 r 19.601 0.031
54049.340444 i 19.518 0.033
54049.341277 u 19.940 0.090
54049.342110 z 19.293 0.073
54049.342944 g 19.845 0.033
54053.303838 r 19.605 0.023
54053.304672 i 19.537 0.029
54053.305505 u 19.971 0.051
54053.306338 z 19.327 0.054
54053.307172 g 19.834 0.020
54056.305574 r 19.587 0.025
54056.306407 i 19.573 0.033
54056.307240 u 20.059 0.055
54056.308074 z 19.275 0.060
54056.308907 g 19.798 0.029
54059.299793 r 19.591 0.031
54059.300626 i 19.560 0.033
54059.301460 u 20.010 0.057
54059.302293 z 19.259 0.076
54059.303126 g 19.776 0.051
54061.310976 r 19.600 0.035
54061.311810 i 19.536 0.037
54061.312643 u 19.999 0.070
54061.313476 z 19.320 0.088
54061.314310 g 19.827 0.038
54062.304690 r 19.636 0.024
54062.305523 i 19.559 0.026
54062.306356 u 20.094 0.047
54062.307190 z 19.367 0.057
54062.308023 g 19.804 0.022
54068.285319 r 19.623 0.028
54068.286153 i 19.511 0.034
54068.286986 u 20.123 0.085
54068.287819 z 19.432 0.068
54068.288653 g 19.719 0.041
54357.343055 r 19.713 0.022
54357.343888 i 19.593 0.033
#54357.344721 u -99.000 0.045
54357.345555 z 19.366 0.047
54357.346388 g 19.869 0.026
54359.374797 r 19.669 0.034
54359.375630 i 19.719 0.042
54359.376464 u 20.078 0.061
54359.377297 z 19.422 0.087
54359.378130 g 19.916 0.022
54362.392786 r 19.706 0.023
54362.393619 i 19.583 0.025
54362.394453 u 20.059 0.045
54362.395286 z 19.387 0.053
54362.396119 g 19.907 0.022
54376.387873 r 19.706 0.020
54376.388706 i 19.603 0.027
54376.389539 u 20.145 0.064
54376.390373 z 19.363 0.057
54376.391206 g 19.894 0.024
54382.373191 r 19.759 0.026
54382.374024 i 19.677 0.060
54382.374858 u 20.131 0.069
54382.375691 z 19.415 0.098
54382.376524 g 19.893 0.035
54385.390814 r 19.703 0.019
54385.391647 i 19.594 0.023
54385.392480 u 20.172 0.047
54385.393314 z 19.362 0.048
54385.394147 g 19.885 0.022
54390.383809 r 19.756 0.033
54390.384642 i 19.627 0.034
#54390.385475 u -99.000 0.058
54390.386309 z 19.385 0.087
54390.387142 g 19.936 0.027
54402.384552 r 19.766 0.040
54402.385385 i 19.714 0.049
54402.386219 u 20.376 0.175
54402.387052 z 19.337 0.068
54402.387885 g 19.943 0.049
