51081.341829 r 18.272 0.008
51081.342662 i 17.907 0.008
51081.343496 u 21.282 0.141
51081.344329 z 17.796 0.025
51081.345162 g 19.083 0.011
51819.413028 r 18.272 0.008
51819.413861 i 17.947 0.008
51819.414695 u 21.062 0.114
51819.415528 z 17.795 0.023
51819.416361 g 19.077 0.011
52288.072076 r 18.253 0.008
52288.072909 i 17.928 0.008
52288.073743 u 21.120 0.106
52288.074576 z 17.760 0.019
52288.075409 g 19.090 0.010
52551.345370 r 18.273 0.008
52551.346203 i 17.918 0.008
52551.347037 u 21.539 0.194
52551.347870 z 17.798 0.023
52551.348703 g 19.063 0.011
52558.378245 r 18.283 0.008
52558.379078 i 17.946 0.008
52558.379912 u 21.212 0.104
52558.380745 z 17.768 0.018
52558.381578 g 19.094 0.010
52577.265752 r 18.272 0.008
52577.266585 i 17.933 0.008
52577.267419 u 21.252 0.119
52577.268252 z 17.730 0.020
52577.269085 g 19.103 0.010
52910.349708 r 18.280 0.008
52910.350541 i 17.942 0.008
52910.351375 u 21.093 0.104
52910.352208 z 17.810 0.021
52910.353041 g 19.058 0.010
52931.279912 r 18.269 0.008
52931.280745 i 17.953 0.008
52931.281579 u 20.952 0.091
52931.282412 z 17.797 0.020
52931.283245 g 19.087 0.010
52935.276876 r 18.271 0.008
52935.277709 i 17.943 0.008
52935.278543 u 21.279 0.137
52935.279376 z 17.763 0.023
52935.280209 g 19.116 0.010
52963.199950 r 18.270 0.008
52963.200783 i 17.962 0.008
52963.201617 u 21.293 0.093
52963.202450 z 17.817 0.019
52963.203283 g 19.090 0.010
52971.190866 r 18.275 0.007
52971.191699 i 17.924 0.007
52971.192533 u 21.167 0.111
52971.193366 z 17.784 0.020
52971.194199 g 19.117 0.010
53352.171017 r 18.270 0.008
53352.171850 i 17.940 0.008
53352.172684 u 21.502 0.154
53352.173517 z 17.753 0.023
53352.174350 g 19.099 0.010
53622.379311 r 18.271 0.008
53622.380144 i 17.936 0.008
53622.380978 u 21.088 0.161
53622.381811 z 17.817 0.028
53622.382644 g 19.075 0.011
53638.370117 r 18.255 0.008
53638.370950 i 17.953 0.008
53638.371784 u 21.352 0.142
53638.372617 z 17.739 0.019
53638.373450 g 19.085 0.011
53640.334153 r 18.270 0.008
53640.334986 i 17.945 0.008
53640.335820 u 21.241 0.148
53640.336653 z 17.765 0.021
53640.337486 g 19.096 0.011
53655.306325 r 18.275 0.009
53655.307158 i 17.943 0.009
53655.307992 u 21.297 0.190
53655.308825 z 17.788 0.029
53655.309658 g 19.100 0.012
53664.331282 r 18.282 0.017
53664.332115 i 17.942 0.017
53664.332949 u 21.274 0.491
53664.333782 z 17.900 0.050
53664.334615 g 19.110 0.028
53669.290526 r 18.274 0.008
53669.291359 i 17.951 0.008
53669.292193 u 21.324 0.129
53669.293026 z 17.796 0.020
53669.293859 g 19.090 0.010
53674.274762 r 18.303 0.008
53674.275595 i 17.966 0.008
53674.276429 u 21.715 0.259
53674.277262 z 17.813 0.025
53674.278095 g 19.075 0.011
53679.336126 r 18.290 0.009
53679.336959 i 17.928 0.009
53679.337793 u 21.033 0.166
53679.338626 z 17.740 0.028
53679.339459 g 19.056 0.011
53681.327639 r 18.284 0.008
53681.328472 i 17.931 0.008
53681.329306 u 21.185 0.125
53681.330139 z 17.755 0.019
53681.330972 g 19.104 0.010
53685.286694 r 18.269 0.011
53685.287527 i 17.946 0.009
53685.288361 u 21.213 0.224
53685.289194 z 17.784 0.022
53685.290027 g 19.114 0.019
53694.300573 r 18.304 0.014
53694.301406 i 17.918 0.010
53694.302240 u 21.798 0.801
53694.303073 z 17.815 0.033
53694.303906 g 19.075 0.025
53697.284663 r 18.285 0.010
53697.285496 i 17.941 0.009
53697.286330 u 21.377 0.245
53697.287163 z 17.724 0.024
53697.287996 g 19.078 0.015
53700.283620 r 18.275 0.009
53700.284453 i 17.972 0.009
53700.285287 u 21.384 0.226
53700.286120 z 17.849 0.030
53700.286953 g 19.090 0.011
53705.270290 r 18.287 0.008
53705.271123 i 17.949 0.008
53705.271957 u 21.321 0.158
53705.272790 z 17.802 0.021
53705.273623 g 19.081 0.010
53975.355369 r 18.305 0.019
53975.356202 i 17.948 0.019
53975.357036 u 21.264 0.122
53975.357869 z 17.808 0.024
53975.358702 g 19.081 0.020
53990.368100 r 18.286 0.014
53990.368933 i 17.918 0.021
53990.369766 u 20.988 0.175
53990.370600 z 17.791 0.020
53990.371433 g 19.107 0.020
53994.378364 r 18.269 0.015
53994.379197 i 17.940 0.020
53994.380030 u 21.296 0.116
53994.380864 z 17.779 0.025
53994.381697 g 19.091 0.017
53996.362031 r 18.661 0.034
53996.362864 i 18.353 0.037
#53996.363697 u -99.000 0.301
53996.364531 z 18.540 0.115
53996.365364 g 20.104 0.148
54010.316133 r 18.290 0.015
54010.316966 i 17.951 0.013
54010.317799 u 20.990 0.114
54010.318633 z 17.781 0.019
54010.319466 g 19.118 0.017
54012.308990 r 18.296 0.013
54012.309824 i 17.949 0.012
54012.310657 u 20.930 0.168
54012.311490 z 17.784 0.022
54012.312324 g 19.135 0.019
54020.314974 r 18.300 0.014
54020.315807 i 17.963 0.013
54020.316640 u 21.235 0.165
54020.317474 z 17.773 0.025
#54020.318307 g -99.000 0.017
54024.396563 r 18.278 0.011
54024.397396 i 17.914 0.011
54024.398230 u 21.383 0.263
54024.399063 z 17.793 0.038
54024.399896 g 19.086 0.027
54028.384848 r 18.290 0.020
54028.385682 i 17.962 0.012
54028.386515 u 21.357 0.184
54028.387348 z 17.741 0.030
54028.388182 g 19.071 0.021
54030.308515 r 18.279 0.013
54030.309349 i 17.947 0.014
54030.310182 u 21.086 0.089
54030.311015 z 17.749 0.023
54030.311849 g 19.125 0.013
54035.384290 r 18.273 0.024
54035.385123 i 17.936 0.042
54035.385956 u 21.646 0.448
54035.386790 z 17.748 0.031
54035.387623 g 19.058 0.018
54037.289761 r 18.279 0.013
54037.290595 i 17.951 0.021
54037.291428 u 21.073 0.091
54037.292261 z 17.749 0.020
54037.293095 g 19.092 0.021
54040.304329 r 18.301 0.016
54040.305162 i 17.959 0.013
54040.305996 u 21.139 0.177
54040.306829 z 17.771 0.022
54040.307662 g 19.098 0.020
54049.330747 r 18.268 0.016
54049.331580 i 17.952 0.014
54049.332413 u 21.584 0.884
54049.333247 z 17.790 0.028
54049.334080 g 19.090 0.044
54053.295099 r 18.264 0.011
54053.295932 i 17.948 0.014
54053.296765 u 21.192 0.140
54053.297599 z 17.740 0.024
54053.298432 g 19.074 0.018
54056.296689 r 18.267 0.016
54056.297522 i 17.956 0.015
54056.298356 u 21.491 0.325
54056.299189 z 17.821 0.034
54056.300022 g 19.060 0.024
54059.290991 r 18.264 0.028
54059.291824 i 17.942 0.015
54059.292658 u 21.022 0.135
54059.293491 z 17.785 0.034
54059.294324 g 19.119 0.014
54061.302070 r 18.260 0.012
54061.302903 i 17.915 0.021
54061.303737 u 21.245 0.241
54061.304570 z 17.736 0.025
54061.305403 g 19.062 0.021
54062.295883 r 18.297 0.018
54062.296716 i 17.964 0.021
54062.297550 u 21.086 0.114
54062.298383 z 17.774 0.023
54062.299216 g 19.075 0.018
54068.276508 r 18.288 0.014
54068.277341 i 17.957 0.032
54068.278174 u 21.228 0.251
54068.279008 z 17.701 0.027
54068.279841 g 19.101 0.025
54357.334222 r 18.256 0.020
54357.335055 i 17.933 0.021
54357.335889 u 22.439 0.449
54357.336722 z 17.791 0.028
54357.337555 g 19.131 0.016
54359.365954 r 18.264 0.017
54359.366788 i 17.947 0.026
54359.367621 u 21.273 0.167
54359.368454 z 17.783 0.031
54359.369288 g 19.077 0.018
54362.383977 r 18.272 0.017
54362.384811 i 17.965 0.022
54362.385644 u 21.215 0.102
54362.386477 z 17.812 0.024
54362.387311 g 19.104 0.019
54376.379064 r 18.267 0.014
54376.379897 i 17.936 0.013
54376.380731 u 21.362 0.149
54376.381564 z 17.745 0.021
54376.382397 g 19.090 0.016
#54382.364263 r -99.000 0.040
54382.365096 i 17.923 0.016
54382.365929 u 21.135 0.157
#54382.366763 z -99.000 0.031
54382.367596 g 19.083 0.018
54385.382001 r 18.265 0.012
54385.382834 i 17.953 0.018
54385.383667 u 21.159 0.102
54385.384501 z 17.722 0.021
54385.385334 g 19.090 0.022
54387.382504 r 18.250 0.027
54387.383338 i 17.936 0.017
54387.384171 u 21.194 0.166
54387.385004 z 17.817 0.027
54387.385838 g 19.066 0.020
#54390.374968 r -99.000 0.020
#54390.375801 i -99.000 0.033
#54390.376634 u -99.000 0.964
#54390.377468 z -99.000 0.034
54390.378301 g 19.083 0.017
54391.383374 r 18.267 0.014
54391.384208 i 17.953 0.018
54391.385041 u 21.220 0.245
54391.385874 z 17.751 0.034
54391.386708 g 19.063 0.015
54402.375690 r 18.286 0.017
54402.376524 i 17.966 0.020
54402.377357 u 21.745 1.000
54402.378190 z 17.707 0.027
54402.379024 g 19.081 0.030
