51075.256121 r 18.896 0.013
51075.256954 i 18.488 0.014
51075.257788 u 22.357 0.351
51075.258621 z 18.145 0.042
51075.259454 g 19.960 0.019
51464.244002 r 19.051 0.013
51464.244835 i 18.715 0.014
#51464.245669 u 24.972 1.386
51464.246502 z 18.371 0.036
51464.247335 g 20.124 0.023
52197.269742 r 19.011 0.011
52197.270575 i 18.544 0.011
52197.271409 u 22.996 0.475
52197.272242 z 18.265 0.029
52197.273075 g 20.084 0.017
52231.155718 r 19.029 0.012
52231.156551 i 18.561 0.011
52231.157385 u 22.081 0.244
52231.158218 z 18.372 0.034
52231.159051 g 20.134 0.019
52253.141893 r 19.044 0.014
52253.142726 i 18.612 0.013
52253.143560 u 22.203 0.415
52253.144393 z 18.451 0.042
52253.145226 g 20.264 0.028
52557.263723 r 19.149 0.013
52557.264556 i 18.693 0.012
52557.265390 u 23.221 0.766
52557.266223 z 18.509 0.040
52557.267056 g 20.185 0.022
52578.159803 r 19.013 0.011
52578.160636 i 18.604 0.012
52578.161470 u 22.492 0.351
52578.162303 z 18.337 0.032
52578.163136 g 20.204 0.020
52908.238288 r 19.082 0.013
52908.239121 i 18.572 0.012
52908.239955 u 22.403 0.382
52908.240788 z 18.420 0.039
52908.241621 g 20.266 0.023
52911.252073 r 19.101 0.013
52911.252906 i 18.651 0.012
52911.253740 u 22.864 0.607
52911.254573 z 18.388 0.037
52911.255406 g 20.143 0.022
52929.190031 r 19.038 0.012
52929.190864 i 18.613 0.012
52929.191698 u 22.477 0.392
52929.192531 z 18.485 0.040
52929.193364 g 20.198 0.020
52934.170187 r 19.099 0.014
52934.171020 i 18.636 0.013
52934.171854 u 22.650 0.509
52934.172687 z 18.274 0.034
52934.173520 g 20.117 0.020
52936.166113 r 19.046 0.012
52936.166946 i 18.595 0.011
52936.167780 u 23.012 0.474
52936.168613 z 18.347 0.031
52936.169446 g 20.200 0.019
53270.230180 r 18.996 0.048
53270.231013 i 18.533 0.056
53270.231847 u 22.130 0.306
53270.232680 z 18.355 0.053
53270.233513 g 20.071 0.047
53272.280121 r 19.013 0.016
53272.280954 i 18.541 0.013
53272.281788 u 22.162 0.528
53272.282621 z 18.318 0.033
53272.283454 g 20.030 0.034
53286.248837 r 19.044 0.014
53286.249670 i 18.626 0.015
53286.250504 u 22.482 0.525
53286.251337 z 18.382 0.041
53286.252170 g 20.126 0.023
53288.207328 r 19.027 0.011
53288.208161 i 18.561 0.011
53288.208995 u 22.310 0.289
53288.209828 z 18.337 0.029
53288.210661 g 20.143 0.018
53294.234642 r 19.127 0.057
53294.235476 i 18.562 0.040
53294.236309 u 22.844 0.627
53294.237142 z 18.407 0.080
53294.237976 g 20.271 0.062
53312.158530 r 18.971 0.037
53312.159363 i 18.591 0.046
53312.160197 u 23.051 0.912
53312.161030 z 18.334 0.054
53312.161863 g 20.148 0.055
53314.159724 r 19.005 0.012
53314.160557 i 18.523 0.012
53314.161391 u 23.487 0.740
53314.162224 z 18.289 0.033
53314.163057 g 20.131 0.018
53616.264091 r 19.075 0.014
53616.264924 i 18.630 0.014
#53616.265758 u 24.595 1.507
53616.266591 z 18.463 0.045
53616.267424 g 20.254 0.027
#53623.254302 r -99.000 0.020
53623.255135 i 18.560 0.012
#53623.255969 u 23.416 1.393
#53623.256802 z -99.000 0.112
#53623.257635 g -99.000 0.321
53626.240515 r 19.060 0.015
53626.241348 i 18.648 0.013
53626.242182 u 22.459 0.516
53626.243015 z 18.296 0.032
53626.243848 g 20.174 0.030
53628.225380 r 19.150 0.019
53628.226213 i 18.587 0.014
53628.227047 u 21.708 0.440
53628.227880 z 18.470 0.038
53628.228713 g 20.137 0.043
53637.226995 r 18.905 0.016
53637.227828 i 18.473 0.015
#53637.228662 u 24.431 2.637
53637.229495 z 18.235 0.052
53637.230328 g 20.137 0.037
53644.219443 r 18.981 0.048
53644.220276 i 18.549 0.059
53644.221109 u 22.485 0.250
53644.221943 z 18.254 0.048
53644.222776 g 20.102 0.071
53654.254064 r 19.009 0.012
53654.254897 i 18.570 0.013
#53654.255731 u -99.000 0.675
53654.256564 z 18.254 0.032
53654.257397 g 20.117 0.021
53663.214966 r 19.045 0.014
53663.215799 i 18.590 0.012
53663.216633 u 22.404 0.579
53663.217466 z 18.431 0.031
53663.218299 g 20.137 0.032
53665.192936 r 18.833 0.139
#53665.193769 i -99.000 0.056
#53665.194603 u -99.000 1.460
53665.195436 z 17.627 0.137
53665.196269 g 19.637 0.119
53668.204566 r 19.039 0.013
53668.205399 i 18.634 0.013
53668.206233 u 22.408 0.439
53668.207066 z 18.395 0.044
53668.207899 g 20.152 0.021
53670.209419 r 19.029 0.012
53670.210252 i 18.545 0.011
53670.211086 u 22.179 0.309
53670.211919 z 18.259 0.033
53670.212752 g 20.084 0.018
53673.177403 r 19.079 0.013
53673.178236 i 18.714 0.013
53673.179070 u 23.014 0.619
53673.179903 z 18.598 0.039
53673.180736 g 20.132 0.018
53675.174291 r 19.057 0.013
53675.175124 i 18.578 0.012
53675.175958 u 22.838 0.504
53675.176791 z 18.382 0.035
53675.177624 g 20.152 0.019
53677.195323 r 19.070 0.012
53677.196156 i 18.601 0.011
53677.196990 u 22.613 0.315
53677.197823 z 18.386 0.028
53677.198656 g 20.268 0.018
53680.181989 r 19.029 0.012
53680.182822 i 18.540 0.011
53680.183656 u 22.897 0.494
53680.184489 z 18.283 0.029
53680.185322 g 20.098 0.019
53693.183889 r 19.005 0.015
53693.184722 i 18.567 0.012
53693.185556 u 22.069 0.528
53693.186389 z 18.272 0.029
53693.187222 g 20.117 0.038
53704.167213 r 19.023 0.012
53704.168046 i 18.564 0.011
#53704.168880 u 24.135 1.186
53704.169713 z 18.391 0.034
53704.170546 g 20.075 0.018
53989.263310 r 19.054 0.058
53989.264143 i 18.532 0.054
53989.264976 u 21.770 0.355
53989.265810 z 18.255 0.051
53989.266643 g 20.075 0.053
53995.252533 r 18.991 0.057
53995.253367 i 18.525 0.059
53995.254200 u 22.321 0.249
53995.255033 z 18.258 0.031
53995.255867 g 20.108 0.071
#53997.359135 r -99.000 0.042
53997.359969 i 18.577 0.046
#53997.360802 u 23.286 1.638
#53997.361635 z -99.000 0.051
#53997.362469 g -99.000 0.045
54000.238678 r 18.980 0.039
54000.239512 i 18.580 0.040
54000.240345 u 22.797 1.000
54000.241178 z 18.355 0.054
54000.242012 g 20.061 0.036
54007.288843 r 19.072 0.076
54007.289676 i 18.621 0.078
54007.290509 u 22.291 0.306
54007.291343 z 18.335 0.051
54007.292176 g 20.145 0.071
54009.212609 r 18.996 0.051
54009.213442 i 18.549 0.064
54009.214276 u 22.196 0.270
54009.215109 z 18.241 0.056
54009.215942 g 20.077 0.056
54011.277087 r 18.981 0.064
54011.277920 i 18.553 0.059
54011.278754 u 22.761 0.797
54011.279587 z 18.221 0.055
54011.280420 g 20.101 0.056
54019.227317 r 19.065 0.081
54019.228150 i 18.588 0.062
54019.228984 u 22.604 0.679
54019.229817 z 18.339 0.064
54019.230650 g 20.095 0.065
54025.276105 r 19.033 0.047
54025.276939 i 18.538 0.045
54025.277772 u 22.490 0.475
54025.278605 z 18.294 0.049
54025.279439 g 20.110 0.035
54029.206440 r 19.077 0.060
54029.207273 i 18.572 0.069
54029.208106 u 22.266 0.310
54029.208940 z 18.366 0.074
54029.209773 g 20.135 0.058
54358.229689 r 19.091 0.058
54358.230522 i 18.628 0.050
54358.231356 u 22.525 0.574
54358.232189 z 18.421 0.059
54358.233022 g 20.148 0.059
54365.262749 r 19.054 0.085
54365.263582 i 18.641 0.062
#54365.264416 u 23.370 1.096
54365.265249 z 18.399 0.049
54365.266082 g 20.219 0.059
54373.337008 r 19.150 0.067
54373.337842 i 18.584 0.045
#54373.338675 u 22.729 3.231
54373.339508 z 18.316 0.052
54373.340342 g 20.544 0.139
54386.274612 r 19.029 0.053
54386.275445 i 18.526 0.054
54386.276279 u 22.523 0.345
54386.277112 z 18.301 0.047
54386.277945 g 20.073 0.055
54388.278918 r 19.033 0.048
54388.279752 i 18.622 0.053
54388.280585 u 21.922 0.261
54388.281418 z 18.389 0.072
54388.282252 g 20.123 0.065
54403.192679 r 19.170 0.084
54403.193512 i 18.578 0.067
#54403.194346 u 22.679 1.075
54403.195179 z 18.457 0.054
54403.196012 g 20.121 0.066
54404.199272 r 19.060 0.062
54404.200105 i 18.631 0.057
54404.200939 u 23.312 0.760
54404.201772 z 18.330 0.066
54404.202605 g 20.113 0.075
54405.248246 r 19.006 0.054
54405.249080 i 18.559 0.055
54405.249913 u 22.386 0.353
54405.250746 z 18.291 0.034
54405.251580 g 20.117 0.066
54406.186503 r 19.057 0.038
54406.187336 i 18.554 0.042
54406.188169 u 22.658 0.436
54406.189003 z 18.363 0.057
54406.189836 g 20.121 0.038
54412.189432 r 19.055 0.083
54412.190266 i 18.612 0.080
#54412.191099 u 24.136 1.303
54412.191932 z 18.382 0.057
54412.192766 g 20.113 0.063
