51075.246090 r 18.554 0.009
51075.246923 i 18.422 0.012
51075.247757 u 19.254 0.026
51075.248590 z 18.330 0.036
51075.249423 g 18.798 0.009
51464.233973 r 18.440 0.008
51464.234806 i 18.306 0.010
51464.235640 u 19.171 0.025
51464.236473 z 18.151 0.025
51464.237306 g 18.675 0.008
52197.259725 r 18.444 0.008
52197.260558 i 18.356 0.010
52197.261392 u 19.098 0.025
52197.262225 z 18.207 0.026
52197.263058 g 18.667 0.008
52231.145692 r 18.508 0.009
52231.146525 i 18.372 0.010
52231.147359 u 19.263 0.026
52231.148192 z 18.251 0.027
52231.149025 g 18.744 0.009
52557.253697 r 18.425 0.009
52557.254530 i 18.342 0.010
52557.255364 u 19.165 0.028
52557.256197 z 18.252 0.028
52557.257030 g 18.639 0.008
52578.149776 r 18.381 0.008
52578.150609 i 18.291 0.009
52578.151443 u 19.065 0.022
52578.152276 z 18.172 0.025
52578.153109 g 18.610 0.008
52929.180003 r 18.420 0.008
52929.180836 i 18.305 0.009
52929.181670 u 19.081 0.023
52929.182503 z 18.144 0.024
52929.183336 g 18.643 0.008
52934.160160 r 18.406 0.009
52934.160993 i 18.325 0.010
52934.161827 u 19.067 0.026
52934.162660 z 18.172 0.027
52934.163493 g 18.624 0.008
52936.156086 r 18.409 0.008
52936.156919 i 18.306 0.009
52936.157753 u 19.032 0.022
52936.158586 z 18.179 0.025
52936.159419 g 18.622 0.008
53270.220180 r 18.415 0.016
53270.221013 i 18.312 0.019
53270.221846 u 19.098 0.024
53270.222680 z 18.143 0.023
53270.223513 g 18.666 0.018
53272.270094 r 18.427 0.011
53272.270927 i 18.316 0.012
#53272.271761 u -99.000 0.042
53272.272594 z 18.146 0.029
53272.273427 g 18.666 0.014
53286.238811 r 18.432 0.008
53286.239644 i 18.312 0.009
53286.240478 u 19.206 0.029
53286.241311 z 18.177 0.024
53286.242144 g 18.681 0.008
53288.197302 r 18.457 0.008
53288.198135 i 18.330 0.009
53288.198969 u 19.252 0.029
53288.199802 z 18.205 0.025
53288.200635 g 18.707 0.008
53294.224616 r 18.460 0.014
53294.225449 i 18.326 0.013
53294.226283 u 19.235 0.030
53294.227116 z 18.230 0.040
53294.227949 g 18.709 0.016
53302.192968 r 18.485 0.013
53302.193801 i 18.354 0.013
53302.194635 u 19.260 0.051
53302.195468 z 18.180 0.030
53302.196301 g 18.761 0.016
53312.148500 r 18.460 0.013
53312.149334 i 18.370 0.015
53312.150167 u 19.215 0.027
53312.151000 z 18.263 0.028
53312.151834 g 18.727 0.015
53314.149697 r 18.473 0.009
53314.150530 i 18.358 0.010
53314.151364 u 19.214 0.026
53314.152197 z 18.258 0.029
53314.153030 g 18.729 0.008
53616.254065 r 18.604 0.010
53616.254898 i 18.462 0.012
53616.255732 u 19.439 0.039
53616.256565 z 18.306 0.034
53616.257398 g 18.853 0.010
#53623.244277 r -99.000 0.026
#53623.245110 i -99.000 0.021
#53623.245944 u -99.000 0.149
#53623.246777 z -99.000 0.081
53623.247610 g 18.974 0.018
53626.230489 r 18.609 0.011
53626.231322 i 18.462 0.012
53626.232156 u 19.449 0.042
53626.232989 z 18.328 0.030
53626.233822 g 18.885 0.014
53628.215355 r 18.628 0.016
53628.216188 i 18.489 0.014
53628.217022 u 19.364 0.060
53628.217855 z 18.327 0.031
53628.218688 g 18.888 0.018
53637.216970 r 18.648 0.012
53637.217803 i 18.477 0.013
53637.218637 u 19.403 0.041
53637.219470 z 18.374 0.045
53637.220303 g 18.900 0.013
53644.209423 r 18.621 0.013
53644.210256 i 18.497 0.022
53644.211090 u 19.437 0.027
53644.211923 z 18.328 0.025
53644.212756 g 18.885 0.017
53654.244039 r 18.612 0.012
53654.244872 i 18.438 0.014
53654.245706 u 19.305 0.038
53654.246539 z 18.205 0.051
53654.247372 g 18.828 0.014
53656.191631 r 18.596 0.016
53656.192464 i 18.455 0.016
53656.193298 u 19.263 0.069
53656.194131 z 18.273 0.046
53656.194964 g 18.803 0.021
53663.204942 r 18.603 0.011
53663.205775 i 18.485 0.011
53663.206609 u 19.352 0.041
53663.207442 z 18.365 0.026
53663.208275 g 18.857 0.012
#53665.182910 r -99.000 0.104
53665.183743 i 18.546 0.154
#53665.184577 u -99.000 0.303
#53665.185410 z -99.000 0.519
#53665.186243 g -99.000 0.052
53668.194541 r 18.447 0.009
53668.195374 i 18.399 0.012
53668.196208 u 19.288 0.033
53668.197041 z 18.192 0.037
53668.197874 g 18.817 0.009
53670.199394 r 18.594 0.009
53670.200227 i 18.459 0.011
53670.201061 u 19.298 0.029
53670.201894 z 18.311 0.030
53670.202727 g 18.857 0.009
53673.167377 r 18.580 0.009
53673.168210 i 18.443 0.011
53673.169044 u 19.320 0.031
53673.169877 z 18.341 0.031
53673.170710 g 18.830 0.009
53675.164265 r 18.583 0.010
53675.165098 i 18.488 0.011
53675.165932 u 19.295 0.029
53675.166765 z 18.358 0.031
53675.167598 g 18.843 0.009
53677.185298 r 18.613 0.015
53677.186131 i 18.425 0.017
53677.186965 u 19.314 0.030
53677.187798 z 18.275 0.031
53677.188631 g 18.835 0.014
53680.171963 r 18.590 0.009
53680.172796 i 18.470 0.010
53680.173630 u 19.344 0.029
53680.174463 z 18.339 0.026
53680.175296 g 18.826 0.009
53686.238660 r 18.595 0.022
53686.239493 i 18.444 0.021
53686.240327 u 19.172 0.104
53686.241160 z 18.269 0.053
53686.241993 g 18.893 0.032
53693.173864 r 18.579 0.011
53693.174697 i 18.468 0.012
53693.175531 u 19.298 0.048
53693.176364 z 18.307 0.027
53693.177197 g 18.840 0.014
53704.157189 r 18.545 0.009
53704.158022 i 18.399 0.011
53704.158856 u 19.291 0.031
53704.159689 z 18.240 0.027
53704.160522 g 18.768 0.009
53989.253234 r 18.509 0.018
53989.254068 i 18.379 0.016
53989.254901 u 19.245 0.039
53989.255734 z 18.267 0.027
53989.256568 g 18.772 0.016
53995.242500 r 18.520 0.011
53995.243333 i 18.392 0.015
53995.244167 u 19.177 0.027
53995.245000 z 18.218 0.026
53995.245833 g 18.742 0.016
54000.228680 r 18.498 0.016
54000.229513 i 18.385 0.020
54000.230347 u 19.172 0.031
54000.231180 z 18.259 0.035
54000.232013 g 18.724 0.021
54007.278830 r 18.510 0.021
54007.279664 i 18.411 0.017
54007.280497 u 19.251 0.027
54007.281330 z 18.202 0.030
54007.282164 g 18.738 0.018
54009.202595 r 18.507 0.017
54009.203428 i 18.385 0.019
54009.204261 u 19.240 0.035
54009.205095 z 18.262 0.025
54009.205928 g 18.735 0.015
54011.267107 r 18.514 0.016
54011.267941 i 18.378 0.018
54011.268774 u 19.246 0.035
54011.269607 z 18.260 0.029
54011.270441 g 18.758 0.019
54019.217316 r 18.492 0.011
54019.218149 i 18.390 0.016
54019.218983 u 19.226 0.032
54019.219816 z 18.197 0.025
54019.220649 g 18.741 0.019
54025.266075 r 18.481 0.016
54025.266909 i 18.378 0.015
54025.267742 u 19.225 0.030
54025.268575 z 18.219 0.029
54025.269409 g 18.749 0.015
54029.196427 r 18.493 0.016
54029.197261 i 18.377 0.018
54029.198094 u 19.170 0.027
54029.198927 z 18.228 0.028
54029.199761 g 18.742 0.014
54358.219695 r 18.346 0.030
54358.220529 i 18.272 0.027
54358.221362 u 19.135 0.037
54358.222195 z 18.145 0.034
54358.223029 g 18.649 0.014
54365.252704 r 18.381 0.018
54365.253537 i 18.279 0.023
54365.254371 u 19.048 0.032
54365.255204 z 18.143 0.028
54365.256037 g 18.647 0.017
54373.326967 r 18.401 0.015
54373.327801 i 18.272 0.018
54373.328634 u 19.067 0.063
54373.329467 z 18.155 0.041
54373.330301 g 18.620 0.030
54382.261887 r 18.291 0.017
54382.262720 i 18.248 0.029
54382.263553 u 19.000 0.038
54382.264387 z 18.043 0.035
54382.265220 g 18.566 0.014
54386.264600 r 18.363 0.016
54386.265433 i 18.264 0.015
54386.266267 u 19.061 0.023
54386.267100 z 18.100 0.026
54386.267933 g 18.591 0.017
54388.268860 r 18.328 0.013
54388.269693 i 18.224 0.014
54388.270527 u 19.049 0.030
54388.271360 z 18.134 0.028
54388.272193 g 18.554 0.020
54403.182640 r 18.339 0.011
54403.183473 i 18.237 0.016
54403.184306 u 18.965 0.026
54403.185140 z 18.103 0.026
54403.185973 g 18.566 0.016
54404.189255 r 18.328 0.012
54404.190088 i 18.228 0.019
54404.190921 u 19.031 0.026
54404.191755 z 18.082 0.023
54404.192588 g 18.592 0.016
54406.176461 r 18.336 0.016
54406.177294 i 18.254 0.017
#54406.178128 u -99.000 0.031
54406.178961 z 18.068 0.026
54406.179794 g 18.576 0.020
54412.179391 r 18.338 0.013
54412.180224 i 18.246 0.015
54412.181057 u 18.974 0.026
54412.181891 z 18.137 0.024
54412.182724 g 18.596 0.017
