51081.293845 r 18.532 0.010
51081.294678 i 17.243 0.006
#51081.295512 u -99.000 0.221
51081.296345 z 16.499 0.009
51081.297178 g 20.132 0.026
51819.365027 r 18.638 0.010
51819.365860 i 17.264 0.006
51819.366694 u 22.729 0.430
51819.367527 z 16.531 0.009
51819.368360 g 20.102 0.020
52577.217756 r 18.593 0.009
52577.218589 i 17.242 0.006
52577.219423 u 22.352 0.295
52577.220256 z 16.563 0.009
52577.221089 g 20.066 0.019
52586.221234 r 18.634 0.010
52586.222067 i 17.273 0.006
52586.222901 u 22.818 0.378
52586.223734 z 16.499 0.009
52586.224567 g 20.177 0.020
52910.301716 r 18.626 0.009
52910.302549 i 17.265 0.006
52910.303383 u 23.379 0.496
52910.304216 z 16.515 0.009
52910.305049 g 20.087 0.018
52931.231918 r 18.667 0.010
52931.232751 i 17.269 0.006
52931.233585 u 22.480 0.318
52931.234418 z 16.497 0.008
52931.235251 g 20.435 0.027
52935.228881 r 18.601 0.009
52935.229714 i 17.238 0.006
52935.230548 u 22.815 0.379
52935.231381 z 16.522 0.009
52935.232214 g 20.104 0.019
52959.172209 r 18.611 0.009
52959.173042 i 17.243 0.006
52959.173876 u 22.113 0.180
52959.174709 z 16.513 0.008
52959.175542 g 20.048 0.018
52963.151953 r 18.700 0.009
52963.152786 i 17.319 0.007
52963.153620 u 22.584 0.224
52963.154453 z 16.527 0.008
52963.155286 g 20.110 0.018
53352.123019 r 18.588 0.009
53352.123852 i 17.214 0.006
53352.124686 u 22.506 0.254
53352.125519 z 16.513 0.009
53352.126352 g 20.044 0.017
53622.331321 r 18.359 0.011
53622.332154 i 17.147 0.007
53622.332988 u 21.868 0.332
53622.333821 z 16.331 0.010
53622.334654 g 20.216 0.032
53634.280791 r 18.328 0.014
53634.281624 i 17.063 0.007
53634.282458 u 21.396 0.488
53634.283291 z 16.343 0.009
53634.284124 g 20.092 0.069
53638.322125 r 18.613 0.009
53638.322958 i 17.229 0.006
53638.323792 u 22.404 0.343
53638.324625 z 16.517 0.009
53638.325458 g 20.036 0.021
#53640.286161 r -99.000 0.084
#53640.286994 i -99.000 0.082
#53640.287828 u -99.000 0.788
53640.288661 z 16.420 0.011
53640.289494 g 19.961 0.025
53655.258332 r 18.700 0.014
53655.259165 i 17.266 0.007
53655.259999 u 21.789 0.403
53655.260832 z 16.520 0.009
53655.261665 g 20.302 0.043
53664.283289 r 18.551 0.012
53664.284122 i 17.227 0.007
#53664.284956 u 24.148 2.487
53664.285789 z 16.514 0.009
53664.286622 g 20.018 0.038
53669.242531 r 18.619 0.009
53669.243364 i 17.247 0.006
53669.244198 u 21.982 0.176
53669.245031 z 16.522 0.009
53669.245864 g 20.136 0.018
53671.327302 r 18.611 0.011
53671.328135 i 17.299 0.006
53671.328969 u 22.012 0.330
53671.329802 z 16.538 0.009
53671.330635 g 20.285 0.026
53676.316244 r 18.582 0.009
53676.317077 i 17.262 0.006
53676.317911 u 22.126 0.295
53676.318744 z 16.519 0.009
53676.319577 g 20.044 0.018
53681.279649 r 18.625 0.010
53681.280482 i 17.243 0.007
53681.281316 u 23.649 0.863
53681.282149 z 16.506 0.009
53681.282982 g 20.045 0.021
53685.238699 r 18.560 0.018
53685.239532 i 17.255 0.008
53685.240366 u 21.392 0.446
53685.241199 z 16.513 0.010
53685.242032 g 19.919 0.056
53694.252578 r 18.114 0.017
53694.253411 i 17.009 0.009
53694.254245 u 21.564 0.902
#53694.255078 z -99.000 0.011
53694.255911 g 19.689 0.068
53697.236673 r 18.581 0.009
53697.237506 i 17.215 0.006
53697.238340 u 22.290 0.314
53697.239173 z 16.520 0.008
53697.240006 g 20.757 0.033
53700.235632 r 18.585 0.010
53700.236465 i 17.248 0.006
53700.237299 u 22.128 0.293
53700.238132 z 16.522 0.009
53700.238965 g 20.285 0.028
53975.307310 r 18.578 0.027
53975.308143 i 17.229 0.013
53975.308976 u 22.036 0.313
53975.309810 z 16.501 0.014
53975.310643 g 20.208 0.040
53990.320130 r 18.610 0.018
53990.320963 i 17.226 0.014
#53990.321797 u 24.485 4.237
53990.322630 z 16.535 0.013
53990.323463 g 20.156 0.044
53994.330298 r 18.633 0.013
53994.331131 i 17.254 0.013
53994.331965 u 21.784 0.140
53994.332798 z 16.512 0.017
53994.333631 g 20.097 0.055
53996.314035 r 18.612 0.039
53996.314868 i 17.407 0.078
53996.315702 u 22.738 0.318
53996.316535 z 16.526 0.020
53996.317368 g 20.561 0.062
53998.282700 r 18.667 0.016
53998.283534 i 17.277 0.012
53998.284367 u 22.305 0.225
53998.285200 z 16.523 0.013
53998.286034 g 20.198 0.032
54005.312902 r 18.614 0.017
54005.313735 i 17.281 0.016
54005.314569 u 22.183 0.197
54005.315402 z 16.529 0.017
54005.316235 g 20.077 0.025
54010.268199 r 18.637 0.016
54010.269032 i 17.264 0.014
54010.269865 u 21.904 0.205
54010.270699 z 16.526 0.018
54010.271532 g 20.070 0.029
54012.261010 r 18.613 0.020
54012.261843 i 17.234 0.018
#54012.262677 u -99.000 1.655
54012.263510 z 16.532 0.014
54012.264343 g 20.088 0.042
54020.266973 r 18.580 0.020
54020.267806 i 17.256 0.015
54020.268640 u 22.483 0.364
54020.269473 z 16.541 0.016
54020.270306 g 20.057 0.045
54024.348587 r 18.616 0.015
54024.349420 i 17.258 0.016
54024.350254 u 22.792 0.485
54024.351087 z 16.529 0.016
54024.351920 g 20.327 0.078
54030.260565 r 18.621 0.015
54030.261398 i 17.287 0.021
54030.262231 u 22.870 1.000
54030.263065 z 16.521 0.014
54030.263898 g 20.073 0.019
54037.241766 r 18.617 0.014
54037.242600 i 17.243 0.018
54037.243433 u 22.511 0.241
54037.244266 z 16.529 0.011
54037.245100 g 20.091 0.026
54040.256259 r 18.611 0.015
54040.257093 i 17.252 0.012
54040.257926 u 22.143 0.421
54040.258759 z 16.529 0.017
54040.259593 g 20.090 0.044
#54047.287032 r -99.000 0.535
54047.287865 i 17.315 0.084
#54047.288698 u -99.000 1.137
54047.289532 z 16.521 0.059
54047.290365 g 19.663 0.396
54049.282764 r 18.687 0.019
54049.283597 i 17.404 0.020
54049.284431 u 21.896 0.623
54049.285264 z 16.581 0.022
54049.286097 g 20.829 0.160
54056.248776 r 18.498 0.076
54056.249609 i 17.240 0.049
54056.250442 u 21.327 0.140
54056.251276 z 16.480 0.023
54056.252109 g 20.230 0.048
54059.242996 r 18.656 0.058
54059.243829 i 17.380 0.025
54059.244662 u 22.265 0.621
54059.245496 z 16.558 0.039
#54059.246329 g -99.000 0.224
54062.247872 r 18.564 0.028
54062.248705 i 17.295 0.031
54062.249539 u 21.346 0.243
54062.250372 z 16.521 0.025
54062.251205 g 20.194 0.060
54068.228522 r 18.595 0.022
54068.229356 i 17.250 0.014
54068.230189 u 22.104 0.474
54068.231022 z 16.530 0.024
54068.231856 g 20.330 0.083
54357.286202 r 18.561 0.019
54357.287035 i 17.236 0.026
54357.287869 u 21.829 0.151
54357.288702 z 16.573 0.029
54357.289535 g 20.076 0.030
54382.316200 r 18.591 0.028
54382.317033 i 17.320 0.016
54382.317866 u 22.119 0.275
54382.318700 z 16.503 0.012
54382.319533 g 20.164 0.046
54387.334531 r 18.651 0.018
54387.335365 i 17.261 0.013
54387.336198 u 21.836 0.273
54387.337031 z 16.513 0.030
54387.337865 g 20.314 0.043
54392.329277 r 18.618 0.018
54392.330110 i 17.272 0.020
54392.330943 u 22.153 0.402
54392.331777 z 16.518 0.024
54392.332610 g 20.222 0.037
54402.327716 r 18.620 0.018
54402.328549 i 17.225 0.019
54402.329383 u 21.678 0.502
54402.330216 z 16.546 0.019
54402.331049 g 20.050 0.074
