51075.366958 r 17.919 0.006
51075.367791 i 17.683 0.007
51075.368625 u 18.385 0.016
51075.369458 z 17.744 0.023
51075.370291 g 18.129 0.006
51081.350701 r 17.923 0.006
51081.351534 i 17.700 0.007
51081.352368 u 18.418 0.016
51081.353201 z 17.754 0.019
51081.354034 g 18.136 0.007
52170.387653 r 17.977 0.007
52170.388486 i 17.765 0.008
52170.389320 u 18.466 0.016
52170.390153 z 17.835 0.020
52170.390986 g 18.197 0.007
52196.386218 r 17.955 0.007
52196.387051 i 17.701 0.007
52196.387885 u 18.375 0.016
52196.388718 z 17.806 0.022
52196.389551 g 18.182 0.007
52207.352929 r 17.947 0.007
52207.353762 i 17.658 0.007
52207.354596 u 18.359 0.016
52207.355429 z 17.794 0.019
52207.356262 g 18.161 0.007
52224.281112 r 17.935 0.007
52224.281945 i 17.714 0.007
52224.282779 u 18.371 0.016
52224.283612 z 17.792 0.018
52224.284445 g 18.155 0.007
52231.266542 r 17.933 0.007
52231.267375 i 17.732 0.007
52231.268209 u 18.358 0.016
52231.269042 z 17.770 0.020
52231.269875 g 18.137 0.007
52234.237630 r 17.940 0.007
52234.238463 i 17.729 0.007
52234.239297 u 18.435 0.015
52234.240130 z 17.787 0.017
52234.240963 g 18.137 0.007
52261.200986 r 17.920 0.007
52261.201819 i 17.707 0.007
52261.202653 u 18.353 0.016
52261.203486 z 17.801 0.020
52261.204319 g 18.106 0.007
52282.127615 r 17.920 0.007
52282.128448 i 17.681 0.007
52282.129282 u 18.272 0.015
52282.130115 z 17.763 0.020
52282.130948 g 18.101 0.007
52287.081478 r 17.891 0.007
52287.082311 i 17.705 0.007
52287.083145 u 18.292 0.014
52287.083978 z 17.770 0.019
52287.084811 g 18.102 0.007
52552.400180 r 17.910 0.007
52552.401013 i 17.704 0.007
52552.401847 u 18.330 0.015
52552.402680 z 17.763 0.019
52552.403513 g 18.114 0.007
52557.374540 r 17.903 0.007
52557.375373 i 17.710 0.007
52557.376207 u 18.332 0.015
52557.377040 z 17.801 0.021
52557.377873 g 18.114 0.007
52908.349105 r 17.886 0.007
52908.349938 i 17.674 0.007
52908.350772 u 18.396 0.016
52908.351605 z 17.720 0.018
52908.352438 g 18.075 0.007
52912.328544 r 17.867 0.006
52912.329377 i 17.661 0.007
#52912.330211 u -99.000 0.016
52912.331044 z 17.723 0.019
52912.331877 g 18.084 0.007
52934.281009 r 17.868 0.007
52934.281842 i 17.649 0.007
52934.282676 u 18.358 0.016
52934.283509 z 17.704 0.021
52934.284342 g 18.072 0.007
52936.276935 r 17.867 0.007
52936.277768 i 17.655 0.007
52936.278602 u 18.319 0.015
52936.279435 z 17.701 0.017
52936.280268 g 18.063 0.007
#53270.340994 r -99.000 0.071
#53270.341827 i -99.000 0.014
#53270.342661 u -99.000 0.036
#53270.343494 z -99.000 0.031
#53270.344327 g -99.000 0.031
53272.390937 r 17.646 0.008
53272.391770 i 17.510 0.009
53272.392604 u 18.011 0.013
53272.393437 z 17.563 0.018
53272.394270 g 17.748 0.007
53286.359655 r 17.669 0.006
53286.360488 i 17.481 0.006
53286.361322 u 18.055 0.014
53286.362155 z 17.557 0.016
53286.362988 g 17.790 0.006
53288.318146 r 17.668 0.006
53288.318979 i 17.495 0.007
53288.319813 u 18.017 0.013
53288.320646 z 17.552 0.015
53288.321479 g 17.812 0.006
53294.365821 r 17.666 0.006
53294.366654 i 17.492 0.006
53294.367488 u 18.035 0.013
53294.368321 z 17.579 0.017
53294.369154 g 17.809 0.006
53296.312823 r 17.651 0.016
53296.313656 i 17.493 0.014
53296.314489 u 18.073 0.056
53296.315323 z 17.593 0.024
53296.316156 g 17.820 0.045
53298.362599 r 17.659 0.007
53298.363432 i 17.502 0.007
53298.364266 u 18.049 0.015
53298.365099 z 17.578 0.018
53298.365932 g 17.801 0.006
53302.313815 r 17.655 0.007
53302.314648 i 17.501 0.007
53302.315482 u 18.050 0.018
53302.316315 z 17.549 0.018
53302.317148 g 17.818 0.008
53312.269460 r 17.646 0.040
#53312.270293 i -99.000 0.019
#53312.271127 u -99.000 0.023
53312.271960 z 17.572 0.037
53312.272793 g 17.782 0.033
53314.270546 r 17.665 0.006
53314.271379 i 17.498 0.007
53314.272213 u 17.988 0.013
53314.273046 z 17.554 0.019
53314.273879 g 17.814 0.006
53319.258343 r 17.676 0.006
53319.259176 i 17.489 0.007
53319.260010 u 18.027 0.013
53319.260843 z 17.530 0.019
53319.261676 g 17.801 0.006
53616.374902 r 17.620 0.006
53616.375735 i 17.438 0.007
53616.376569 u 18.024 0.015
53616.377402 z 17.501 0.020
53616.378235 g 17.734 0.006
53626.351329 r 17.617 0.006
53626.352162 i 17.441 0.007
53626.352996 u 17.984 0.014
53626.353829 z 17.518 0.017
53626.354662 g 17.744 0.006
53628.336194 r 17.633 0.007
53628.337027 i 17.456 0.007
53628.337861 u 18.016 0.017
53628.338694 z 17.442 0.017
53628.339527 g 17.761 0.007
53637.337812 r 17.621 0.006
53637.338645 i 17.461 0.007
53637.339479 u 18.028 0.016
53637.340312 z 17.500 0.018
53637.341145 g 17.774 0.007
53639.383189 r 17.634 0.006
53639.384022 i 17.461 0.007
53639.384856 u 18.009 0.014
53639.385689 z 17.498 0.015
53639.386522 g 17.791 0.006
53641.382355 r 17.631 0.006
53641.383188 i 17.455 0.007
53641.384022 u 17.988 0.014
53641.384855 z 17.503 0.015
53641.385688 g 17.782 0.006
53657.341238 r 17.610 0.011
53657.342071 i 17.457 0.009
53657.342905 u 18.012 0.027
#53657.343738 z -99.000 0.025
53657.344571 g 17.756 0.012
53663.325786 r 17.637 0.007
53663.326619 i 17.461 0.007
53663.327453 u 18.007 0.017
53663.328286 z 17.515 0.016
53663.329119 g 17.787 0.008
53666.395881 r 17.639 0.007
53666.396714 i 17.465 0.007
#53666.397548 u -99.000 0.019
53666.398381 z 17.482 0.016
53666.399214 g 17.790 0.007
53668.315387 r 17.623 0.006
53668.316220 i 17.461 0.007
53668.317054 u 18.053 0.014
53668.317887 z 17.508 0.017
53668.318720 g 17.789 0.006
53669.403014 r 17.643 0.007
53669.403847 i 17.458 0.007
53669.404681 u 18.024 0.019
53669.405514 z 17.544 0.020
53669.406347 g 17.805 0.007
53670.320239 r 17.636 0.006
53670.321072 i 17.462 0.006
53670.321906 u 18.002 0.014
53670.322739 z 17.499 0.017
53670.323572 g 17.764 0.006
53673.288225 r 17.642 0.006
53673.289058 i 17.448 0.006
53673.289892 u 18.008 0.013
53673.290725 z 17.486 0.015
53673.291558 g 17.767 0.006
53675.285113 r 17.637 0.006
53675.285946 i 17.462 0.007
53675.286780 u 18.003 0.013
53675.287613 z 17.498 0.016
53675.288446 g 17.782 0.006
53677.306144 r 17.641 0.006
53677.306977 i 17.441 0.006
53677.307811 u 18.009 0.013
53677.308644 z 17.524 0.015
53677.309477 g 17.808 0.006
53680.292810 r 17.623 0.006
53680.293643 i 17.448 0.006
53680.294477 u 17.971 0.013
53680.295310 z 17.508 0.014
53680.296143 g 17.780 0.006
53686.292243 r 17.661 0.008
53686.293076 i 17.457 0.008
53686.293910 u 18.049 0.024
53686.294743 z 17.506 0.020
53686.295576 g 17.785 0.009
53693.294705 r 17.642 0.007
53693.295538 i 17.463 0.007
53693.296372 u 18.015 0.019
53693.297205 z 17.564 0.017
53693.298038 g 17.823 0.008
53698.292094 r 17.641 0.006
53698.292927 i 17.459 0.007
53698.293761 u 18.013 0.014
53698.294594 z 17.505 0.015
53698.295427 g 17.787 0.006
53704.278026 r 17.643 0.006
53704.278859 i 17.449 0.007
53704.279693 u 18.047 0.014
53704.280526 z 17.482 0.018
53704.281359 g 17.774 0.006
53989.374091 r 17.597 0.013
53989.374924 i 17.453 0.016
53989.375758 u 18.065 0.018
53989.376591 z 17.495 0.019
53989.377424 g 17.743 0.021
53995.388751 r 17.634 0.013
53995.389585 i 17.355 0.020
53995.390418 u 18.018 0.021
53995.391251 z 17.476 0.018
53995.392085 g 17.763 0.018
54000.349506 r 17.618 0.017
54000.350339 i 17.478 0.032
54000.351173 u 17.960 0.016
54000.352006 z 17.490 0.020
54000.352839 g 17.724 0.055
#54006.296422 r -99.000 0.022
#54006.297255 i -99.000 0.051
#54006.298089 u -99.000 0.055
#54006.298922 z -99.000 0.111
#54006.299755 g -99.000 0.052
54007.399648 r 17.613 0.024
54007.400481 i 17.424 0.013
54007.401314 u 18.023 0.032
54007.402148 z 17.456 0.019
54007.402981 g 17.780 0.024
54009.323423 r 17.621 0.025
54009.324257 i 17.430 0.013
54009.325090 u 18.046 0.023
54009.325923 z 17.439 0.020
54009.326757 g 17.786 0.025
54011.387914 r 17.620 0.024
54011.388747 i 17.435 0.018
#54011.389581 u -99.000 0.015
54011.390414 z 17.495 0.022
54011.391247 g 17.807 0.023
54025.386923 r 17.622 0.012
54025.387756 i 17.438 0.036
54025.388589 u 18.027 0.019
54025.389423 z 17.483 0.020
54025.390256 g 17.803 0.018
54029.317400 r 17.617 0.033
54029.318233 i 17.446 0.016
54029.319066 u 18.010 0.016
54029.319900 z 17.483 0.023
54029.320733 g 17.791 0.012
54346.380694 r 17.639 0.015
54346.381528 i 17.456 0.010
54346.382361 u 18.091 0.017
54346.383194 z 17.471 0.020
54346.384028 g 17.769 0.022
54348.384660 r 17.625 0.019
54348.385493 i 17.452 0.013
54348.386327 u 17.995 0.022
54348.387160 z 17.528 0.020
54348.387993 g 17.799 0.018
54358.340475 r 17.634 0.013
54358.341309 i 17.458 0.014
54358.342142 u 18.028 0.052
54358.342975 z 17.514 0.026
54358.343809 g 17.801 0.026
#54359.334520 r -99.000 0.023
54359.335354 i 17.461 0.019
54359.336187 u 18.036 0.032
54359.337020 z 17.531 0.045
54359.337854 g 17.752 0.035
54365.373541 r 17.644 0.014
54365.374374 i 17.473 0.016
54365.375208 u 18.000 0.017
54365.376041 z 17.498 0.022
54365.376874 g 17.779 0.019
54381.393119 r 17.613 0.015
54381.393952 i 17.450 0.011
#54381.394786 u -99.000 0.034
#54381.395619 z -99.000 0.076
54381.396452 g 17.780 0.016
54384.399880 r 17.622 0.015
54384.400713 i 17.463 0.015
54384.401546 u 18.033 0.013
54384.402380 z 17.467 0.026
54384.403213 g 17.813 0.013
54386.385558 r 17.625 0.012
54386.386391 i 17.457 0.008
54386.387224 u 18.040 0.017
54386.388058 z 17.494 0.022
54386.388891 g 17.794 0.021
54388.389688 r 17.619 0.014
54388.390522 i 17.441 0.016
#54388.391355 u -99.000 0.014
54388.392188 z 17.491 0.021
54388.393022 g 17.782 0.019
54392.387263 r 17.623 0.024
54392.388096 i 17.444 0.028
#54392.388930 u -99.000 0.033
54392.389763 z 17.495 0.022
54392.390596 g 17.770 0.043
54403.303607 r 17.624 0.023
#54403.304441 i -99.000 0.026
54403.305274 u 18.022 0.034
54403.306107 z 17.506 0.051
54403.306941 g 17.792 0.036
54404.361079 r 17.649 0.014
#54404.361912 i -99.000 0.015
54404.362746 u 18.017 0.019
54404.363579 z 17.480 0.024
54404.364412 g 17.801 0.016
54405.359010 r 17.640 0.016
54405.359843 i 17.446 0.015
54405.360677 u 17.993 0.088
54405.361510 z 17.508 0.016
54405.362343 g 17.797 0.017
54406.297338 r 17.614 0.011
54406.298171 i 17.439 0.018
54406.299004 u 18.029 0.022
54406.299838 z 17.510 0.021
54406.300671 g 17.778 0.019
54412.323093 r 17.632 0.018
54412.323926 i 17.446 0.013
54412.324760 u 18.048 0.015
54412.325593 z 17.507 0.018
#54412.326426 g -99.000 0.022
