51819.420057 r 19.357 0.018
51819.420890 i 18.886 0.014
51819.421724 u 23.251 0.971
51819.422557 z 19.030 0.051
51819.423390 g 20.376 0.034
52225.244742 r 19.111 0.014
52225.245575 i 18.812 0.012
52225.246409 u 21.633 0.199
52225.247242 z 18.887 0.044
52225.248075 g 20.208 0.026
52288.079162 r 19.373 0.016
52288.079995 i 18.876 0.013
52288.080829 u 21.778 0.211
52288.081662 z 19.188 0.052
52288.082495 g 20.204 0.027
52576.218382 r 19.252 0.014
52576.219215 i 18.946 0.013
52576.220049 u 21.459 0.160
52576.220882 z 18.956 0.041
52576.221715 g 19.834 0.017
52577.272838 r 19.280 0.015
52577.273671 i 18.964 0.014
52577.274505 u 21.748 0.204
52577.275338 z 18.733 0.036
52577.276171 g 19.902 0.018
52585.219915 r 19.473 0.020
52585.220748 i 19.203 0.021
52585.221582 u 21.465 0.166
52585.222415 z 19.155 0.077
52585.223248 g 20.318 0.028
52910.356794 r 18.935 0.012
52910.357627 i 18.830 0.013
52910.358461 u 21.013 0.120
52910.359294 z 18.650 0.034
52910.360127 g 19.821 0.018
52935.283960 r 19.027 0.014
52935.284793 i 19.020 0.017
52935.285627 u 20.799 0.105
52935.286460 z 18.731 0.046
52935.287293 g 19.788 0.018
52963.207036 r 19.286 0.014
52963.207869 i 18.944 0.012
52963.208703 u 21.382 0.122
52963.209536 z 18.883 0.033
52963.210369 g 20.013 0.021
52971.197951 r 20.161 0.032
52971.198784 i 19.159 0.016
52971.199618 u 22.081 0.305
52971.200451 z 18.891 0.039
52971.201284 g 19.620 0.016
53351.129339 r 19.964 0.027
53351.130172 i 19.000 0.014
53351.131006 u 21.678 0.207
53351.131839 z 18.885 0.045
53351.132672 g 19.735 0.016
53352.178103 r 19.091 0.014
53352.178936 i 18.782 0.013
53352.179770 u 20.937 0.107
53352.180603 z 18.890 0.047
53352.181436 g 19.885 0.019
53622.386396 r 19.492 0.022
53622.387229 i 18.849 0.015
53622.388063 u 21.195 0.191
53622.388896 z 18.712 0.041
53622.389729 g 19.745 0.020
53638.377202 r 19.170 0.015
53638.378035 i 19.020 0.015
53638.378869 u 22.352 0.425
53638.379702 z 18.834 0.041
53638.380535 g 20.264 0.029
53640.341238 r 19.265 0.016
53640.342071 i 19.181 0.017
53640.342905 u 21.366 0.197
53640.343738 z 18.902 0.044
53640.344571 g 20.031 0.023
#53646.402648 r -99.000 0.037
53646.403481 i 18.913 0.016
#53646.404315 u 22.835 1.372
#53646.405148 z -99.000 0.108
#53646.405981 g -99.000 0.042
53669.297611 r 19.133 0.014
53669.298444 i 18.848 0.013
53669.299278 u 21.628 0.192
53669.300111 z 18.722 0.035
53669.300944 g 20.605 0.034
53671.382371 r 19.362 0.020
53671.383204 i 18.945 0.016
53671.384038 u 21.985 0.444
53671.384871 z 19.141 0.063
53671.385704 g 19.922 0.026
53676.371314 r 18.987 0.014
53676.372147 i 18.858 0.014
53676.372981 u 21.955 0.381
53676.373814 z 18.931 0.055
53676.374647 g 20.764 0.049
53681.334725 r 19.139 0.014
53681.335558 i 18.890 0.015
53681.336392 u 21.262 0.185
53681.337225 z 18.798 0.042
53681.338058 g 19.696 0.017
53685.293779 r 19.634 0.029
53685.294612 i 19.045 0.018
53685.295446 u 22.877 0.959
53685.296279 z 19.018 0.047
53685.297112 g 20.301 0.049
53697.291748 r 19.576 0.024
53697.292581 i 18.899 0.015
53697.293415 u 21.827 0.377
53697.294248 z 18.778 0.044
53697.295081 g 20.665 0.054
53705.277376 r 19.288 0.015
53705.278209 i 18.808 0.012
53705.279043 u 22.132 0.343
53705.279876 z 19.025 0.045
53705.280709 g 19.641 0.016
53975.362381 r 19.525 0.249
53975.363215 i 18.929 0.138
#53975.364048 u 23.984 2.466
53975.364881 z 18.796 0.137
53975.365715 g 19.779 0.208
53990.375213 r 19.207 0.192
53990.376047 i 18.924 0.154
53990.376880 u 21.047 0.322
53990.377713 z 18.941 0.183
53990.378547 g 19.771 0.261
53994.385378 r 19.200 0.155
53994.386211 i 18.726 0.109
53994.387044 u 20.920 0.255
53994.387878 z 19.194 0.238
53994.388711 g 19.726 0.185
54010.323221 r 19.214 0.240
54010.324054 i 18.900 0.202
54010.324888 u 21.532 0.443
54010.325721 z 18.809 0.227
54010.326554 g 19.866 0.282
54012.316250 r 19.471 0.260
54012.317083 i 18.943 0.196
54012.317916 u 21.883 0.691
54012.318750 z 18.970 0.266
54012.319583 g 19.786 0.243
54020.322061 r 19.302 0.203
54020.322894 i 18.830 0.144
54020.323728 u 21.049 0.338
54020.324561 z 18.889 0.180
54020.325394 g 19.801 0.202
54030.315597 r 19.238 0.242
54030.316430 i 18.883 0.200
54030.317263 u 21.198 0.213
54030.318097 z 18.811 0.226
54030.318930 g 19.784 0.292
54037.296933 r 19.213 0.208
54037.297767 i 18.889 0.173
54037.298600 u 21.387 0.406
54037.299433 z 18.775 0.177
54037.300267 g 19.935 0.301
54040.311345 r 19.128 0.188
54040.312178 i 18.867 0.149
54040.313012 u 21.677 0.443
54040.313845 z 18.799 0.129
54040.314678 g 19.954 0.290
54056.303837 r 19.244 0.163
54056.304670 i 18.807 0.121
54056.305503 u 21.838 0.558
54056.306337 z 18.937 0.177
54056.307170 g 19.781 0.198
54062.303000 r 19.239 0.239
54062.303833 i 18.982 0.210
54062.304666 u 21.283 0.372
54062.305500 z 19.379 0.333
#54062.306333 g -99.000 0.241
54068.283593 r 19.648 0.295
54068.284427 i 19.009 0.172
54068.285260 u 21.063 0.339
54068.286093 z 18.960 0.198
54068.286927 g 20.303 0.326
54357.341266 r 19.213 0.213
54357.342099 i 18.996 0.181
54357.342933 u 22.652 0.643
54357.343766 z 18.763 0.181
54357.344599 g 20.300 0.406
54359.372974 r 19.210 0.172
54359.373808 i 19.145 0.148
#54359.374641 u 22.885 1.066
54359.375474 z 18.925 0.156
54359.376308 g 19.851 0.208
54362.391102 r 19.159 0.162
54362.391936 i 18.886 0.129
54362.392769 u 21.192 0.303
54362.393602 z 19.183 0.221
54362.394436 g 20.038 0.281
54376.386192 r 19.187 0.234
54376.387026 i 18.990 0.217
54376.387859 u 21.141 0.345
54376.388692 z 18.896 0.225
54376.389526 g 20.169 0.422
