51081.338905 r 19.751 0.023
51081.339738 i 19.664 0.027
51081.340572 u 21.066 0.130
51081.341405 z 19.590 0.090
51081.342238 g 19.737 0.019
51819.410040 r 19.642 0.018
51819.410873 i 19.523 0.020
51819.411707 u 20.805 0.096
51819.412540 z 19.416 0.063
51819.413373 g 19.606 0.015
52551.342395 r 19.790 0.024
52551.343228 i 19.720 0.026
52551.344062 u 21.055 0.134
52551.344895 z 19.777 0.108
52551.345728 g 19.763 0.017
52558.375271 r 19.790 0.018
52558.376104 i 19.731 0.021
52558.376938 u 20.944 0.101
52558.377771 z 19.674 0.064
52558.378604 g 19.776 0.015
52577.262775 r 19.739 0.019
52577.263608 i 19.683 0.022
52577.264442 u 20.829 0.096
52577.265275 z 19.536 0.062
52577.266108 g 19.751 0.015
52910.346731 r 19.708 0.018
52910.347564 i 19.573 0.019
52910.348398 u 21.007 0.107
52910.349231 z 19.506 0.062
52910.350064 g 19.703 0.015
52931.276935 r 19.697 0.018
52931.277768 i 19.626 0.021
#52931.278602 u -99.000 0.099
52931.279435 z 19.533 0.065
52931.280268 g 19.680 0.015
52935.273899 r 19.664 0.020
52935.274732 i 19.623 0.024
52935.275566 u 20.987 0.118
52935.276399 z 19.498 0.079
52935.277232 g 19.702 0.016
52963.196974 r 19.626 0.016
52963.197807 i 19.628 0.017
#52963.198641 u -99.000 0.073
52963.199474 z 19.643 0.061
52963.200307 g 19.668 0.014
52971.187889 r 19.658 0.018
52971.188722 i 19.564 0.021
52971.189556 u 20.743 0.086
52971.190389 z 19.614 0.065
52971.191222 g 19.668 0.014
53351.119276 r 19.884 0.027
53351.120109 i 19.811 0.029
53351.120943 u 21.595 0.183
#53351.121776 z -99.000 0.096
53351.122609 g 19.928 0.019
53352.168040 r 19.942 0.024
#53352.168873 i -99.000 0.026
53352.169707 u 21.150 0.136
53352.170540 z 19.950 0.117
53352.171373 g 19.916 0.017
53622.376335 r 19.783 0.023
53622.377168 i 19.806 0.033
53622.378002 u 21.252 0.186
53622.378835 z 19.622 0.101
53622.379668 g 19.821 0.019
53634.325806 r 19.906 0.058
53634.326639 i 19.722 0.038
53634.327473 u 21.790 0.740
53634.328306 z 19.513 0.095
53634.329139 g 19.848 0.053
53638.367141 r 19.780 0.021
53638.367974 i 19.767 0.024
53638.368808 u 20.838 0.113
53638.369641 z 19.635 0.070
53638.370474 g 19.802 0.018
53640.331177 r 19.791 0.022
53640.332010 i 19.646 0.025
53640.332844 u 21.018 0.157
53640.333677 z 19.613 0.073
53640.334510 g 19.847 0.019
53655.303349 r 19.744 0.025
53655.304182 i 19.675 0.030
53655.305016 u 20.703 0.109
53655.305849 z 19.541 0.094
53655.306682 g 19.738 0.020
53664.328305 r 19.640 0.071
53664.329138 i 19.591 0.082
53664.329972 u 20.783 0.369
53664.330805 z 19.902 0.259
53664.331638 g 19.679 0.054
53669.287549 r 19.803 0.020
53669.288382 i 19.671 0.022
53669.289216 u 21.016 0.111
53669.290049 z 19.585 0.078
53669.290882 g 19.732 0.015
53671.372312 r 19.704 0.025
53671.373145 i 19.700 0.032
53671.373979 u 21.087 0.218
53671.374812 z 19.586 0.093
53671.375645 g 19.806 0.021
53674.271785 r 19.680 0.022
53674.272618 i 19.646 0.025
53674.273452 u 20.973 0.147
53674.274285 z 19.698 0.094
53674.275118 g 19.804 0.017
53676.361255 r 19.762 0.021
53676.362088 i 19.689 0.023
53676.362922 u 20.838 0.126
53676.363755 z 19.526 0.069
#53676.364588 g -99.000 0.018
53679.333150 r 19.797 0.030
53679.333983 i 19.641 0.034
53679.334817 u 20.880 0.154
53679.335650 z 19.546 0.115
53679.336483 g 19.770 0.019
53681.324663 r 19.780 0.019
53681.325496 i 19.693 0.022
53681.326330 u 20.864 0.112
53681.327163 z 19.497 0.064
53681.327996 g 19.753 0.015
53685.283717 r 19.716 0.032
53685.284550 i 19.694 0.031
53685.285384 u 21.058 0.242
53685.286217 z 19.554 0.080
53685.287050 g 19.728 0.034
53694.297596 r 19.832 0.053
53694.298429 i 19.638 0.049
#53694.299263 u 23.108 3.038
53694.300096 z 19.416 0.139
53694.300929 g 19.727 0.049
53697.281687 r 19.726 0.028
53697.282520 i 19.692 0.027
53697.283354 u 20.842 0.168
53697.284187 z 19.632 0.090
53697.285020 g 19.730 0.025
53700.280645 r 19.766 0.026
53700.281478 i 19.725 0.033
53700.282312 u 21.039 0.198
53700.283145 z 19.603 0.120
53700.283978 g 19.743 0.019
53705.267315 r 19.745 0.019
53705.268148 i 19.704 0.021
53705.268982 u 20.990 0.126
53705.269815 z 19.617 0.071
53705.270648 g 19.814 0.017
53975.352336 r 19.757 0.024
53975.353169 i 19.684 0.027
#53975.354003 u -99.000 0.098
53975.354836 z 19.544 0.067
53975.355669 g 19.769 0.031
53990.365171 r 19.737 0.026
53990.366004 i 19.655 0.029
53990.366837 u 20.880 0.162
53990.367671 z 19.528 0.064
53990.368504 g 19.807 0.033
53994.375332 r 19.732 0.020
53994.376165 i 19.664 0.024
53994.376999 u 20.924 0.104
53994.377832 z 19.475 0.067
53994.378665 g 19.811 0.024
53996.359179 r 19.749 0.026
53996.360012 i 19.690 0.028
53996.360845 u 21.059 0.110
53996.361679 z 19.619 0.079
53996.362512 g 19.765 0.021
54010.313216 r 19.762 0.020
54010.314050 i 19.687 0.024
54010.314883 u 20.930 0.083
54010.315716 z 19.583 0.054
54010.316550 g 19.776 0.016
54012.306127 r 19.781 0.030
54012.306961 i 19.690 0.026
54012.307794 u 21.248 0.234
54012.308627 z 19.455 0.066
54012.309461 g 19.780 0.033
54020.311988 r 19.835 0.029
54020.312821 i 19.656 0.031
54020.313654 u 21.151 0.207
54020.314488 z 19.613 0.108
54020.315321 g 19.833 0.094
54024.393573 r 19.810 0.025
54024.394406 i 19.717 0.032
54024.395240 u 21.145 0.187
#54024.396073 z -99.000 0.080
54024.396906 g 19.817 0.034
54028.381962 r 19.816 0.022
54028.382795 i 19.645 0.026
#54028.383628 u -99.000 0.144
54028.384462 z 19.515 0.081
54028.385295 g 19.816 0.020
54030.305564 r 19.774 0.021
54030.306398 i 19.656 0.028
54030.307231 u 21.028 0.099
54030.308064 z 19.575 0.059
54030.308898 g 19.811 0.025
#54035.381357 r -99.000 0.040
54035.382191 i 19.644 0.035
54035.383024 u 21.295 0.253
54035.383857 z 19.463 0.115
54035.384691 g 19.784 0.025
54037.286816 r 19.782 0.020
54037.287650 i 19.740 0.022
54037.288483 u 20.964 0.087
54037.289316 z 19.591 0.054
54037.290150 g 19.772 0.023
54040.301299 r 19.774 0.028
54040.302133 i 19.677 0.027
54040.302966 u 20.987 0.171
54040.303799 z 19.572 0.070
54040.304633 g 19.769 0.032
54049.327758 r 19.801 0.033
54049.328592 i 19.709 0.034
54049.329425 u 21.005 0.267
54049.330258 z 19.577 0.109
#54049.331092 g -99.000 0.036
54053.292053 r 19.792 0.022
54053.292886 i 19.712 0.030
54053.293719 u 21.074 0.112
54053.294553 z 19.586 0.073
54053.295386 g 19.819 0.023
54056.293775 r 19.754 0.027
54056.294608 i 19.719 0.050
54056.295441 u 21.201 0.194
54056.296275 z 19.535 0.088
54056.297108 g 19.812 0.028
54059.288007 r 19.816 0.064
#54059.288840 i -99.000 0.037
54059.289674 u 20.919 0.142
54059.290507 z 19.542 0.093
#54059.291340 g -99.000 0.052
54061.299105 r 19.815 0.025
54061.299938 i 19.727 0.034
54061.300772 u 21.004 0.186
54061.301605 z 19.516 0.095
54061.302438 g 19.854 0.025
54062.292955 r 19.768 0.020
54062.293788 i 19.656 0.026
54062.294622 u 21.004 0.124
54062.295455 z 19.817 0.096
54062.296288 g 19.813 0.022
54068.273519 r 19.802 0.036
54068.274353 i 19.764 0.040
#54068.275186 u -99.000 0.199
54068.276019 z 19.580 0.093
#54068.276853 g -99.000 0.041
54357.331213 r 19.713 0.016
54357.332046 i 19.629 0.022
54357.332880 u 20.832 0.080
54357.333713 z 19.679 0.055
54357.334546 g 19.735 0.022
54359.362927 r 19.700 0.029
54359.363761 i 19.695 0.031
54359.364594 u 20.812 0.116
54359.365427 z 19.614 0.090
54359.366261 g 19.769 0.024
54362.381033 r 19.688 0.019
54362.381866 i 19.666 0.031
54362.382699 u 20.872 0.084
54362.383533 z 19.620 0.066
54362.384366 g 19.755 0.023
54376.376130 r 19.729 0.026
54376.376964 i 19.674 0.027
54376.377797 u 20.827 0.114
54376.378630 z 19.510 0.067
54376.379464 g 19.736 0.023
54382.361232 r 19.649 0.025
54382.362065 i 19.727 0.034
54382.362899 u 20.876 0.135
54382.363732 z 19.416 0.089
54382.364565 g 19.747 0.031
54385.379024 r 19.736 0.020
54385.379858 i 19.653 0.022
54385.380691 u 20.875 0.086
54385.381524 z 19.638 0.054
54385.382358 g 19.736 0.020
54387.379540 r 19.707 0.045
54387.380373 i 19.652 0.051
54387.381207 u 20.863 0.177
54387.382040 z 19.512 0.100
#54387.382873 g -99.000 0.067
#54390.371948 r -99.000 0.619
54390.372781 i 19.671 0.036
54390.373615 u 21.002 0.166
#54390.374448 z -99.000 0.147
#54390.375281 g -99.000 0.052
54391.380367 r 19.759 0.036
54391.381200 i 19.656 0.042
54391.382034 u 21.031 0.216
54391.382867 z 19.870 0.189
54391.383700 g 19.694 0.029
54402.372703 r 19.651 0.038
54402.373536 i 19.679 0.032
54402.374369 u 21.267 0.494
54402.375203 z 19.613 0.080
54402.376036 g 19.806 0.050
