51075.361648 r 19.746 0.018
51075.362481 i 19.730 0.026
51075.363315 u 20.603 0.060
51075.364148 z 19.702 0.100
51075.364981 g 19.941 0.017
52196.380840 r 19.414 0.015
52196.381673 i 19.371 0.020
52196.382507 u 20.208 0.054
52196.383340 z 19.383 0.075
52196.384173 g 19.561 0.014
52197.375241 r 19.407 0.014
52197.376074 i 19.373 0.019
52197.376908 u 20.263 0.054
52197.377741 z 19.367 0.066
52197.378574 g 19.558 0.013
52207.347616 r 19.411 0.015
52207.348449 i 19.401 0.018
52207.349283 u 20.133 0.049
52207.350116 z 19.341 0.060
52207.350949 g 19.565 0.014
52225.225449 r 19.408 0.014
52225.226282 i 19.324 0.017
52225.227116 u 20.242 0.048
52225.227949 z 19.296 0.056
52225.228782 g 19.534 0.013
52231.261232 r 19.381 0.014
52231.262065 i 19.311 0.017
52231.262899 u 20.122 0.046
52231.263732 z 19.216 0.053
52231.264565 g 19.502 0.012
52234.232321 r 19.356 0.014
52234.233154 i 19.295 0.017
52234.233988 u 20.183 0.050
52234.234821 z 19.357 0.054
52234.235654 g 19.516 0.013
52282.122305 r 19.348 0.015
52282.123138 i 19.286 0.019
52282.123972 u 20.154 0.049
52282.124805 z 19.229 0.062
52282.125638 g 19.479 0.013
52287.076170 r 19.312 0.015
52287.077003 i 19.290 0.018
52287.077837 u 20.211 0.052
52287.078670 z 19.269 0.054
52287.079503 g 19.461 0.013
52552.394873 r 19.417 0.014
52552.395706 i 19.398 0.019
52552.396540 u 20.312 0.056
52552.397373 z 19.399 0.063
52552.398206 g 19.593 0.013
52557.369231 r 19.439 0.017
52557.370064 i 19.409 0.023
52557.370898 u 20.301 0.061
52557.371731 z 19.289 0.070
52557.372564 g 19.585 0.014
52578.265318 r 19.442 0.014
52578.266151 i 19.404 0.018
52578.266985 u 20.365 0.050
52578.267818 z 19.417 0.062
52578.268651 g 19.584 0.012
52908.343797 r 19.550 0.016
52908.344630 i 19.474 0.019
52908.345464 u 20.507 0.062
52908.346297 z 19.352 0.061
52908.347130 g 19.716 0.014
52912.323236 r 19.565 0.016
52912.324069 i 19.453 0.019
52912.324903 u 20.457 0.064
52912.325736 z 19.492 0.068
52912.326569 g 19.723 0.015
52934.275701 r 19.559 0.019
52934.276534 i 19.505 0.025
52934.277368 u 20.419 0.065
52934.278201 z 19.347 0.073
52934.279034 g 19.760 0.016
52936.271626 r 19.554 0.016
52936.272459 i 19.450 0.020
52936.273293 u 20.433 0.056
52936.274126 z 19.444 0.064
52936.274959 g 19.719 0.014
53270.335771 r 19.381 0.020
#53270.336604 i -99.000 0.068
#53270.337437 u -99.000 0.083
#53270.338271 z -99.000 0.110
#53270.339104 g -99.000 0.073
53272.385628 r 19.409 0.015
53272.386461 i 19.368 0.021
53272.387295 u 20.384 0.072
53272.388128 z 19.414 0.075
53272.388961 g 19.515 0.013
53286.354347 r 19.393 0.015
53286.355180 i 19.354 0.017
53286.356014 u 20.280 0.061
53286.356847 z 19.343 0.058
53286.357680 g 19.554 0.015
53288.312839 r 19.401 0.014
53288.313672 i 19.350 0.017
53288.314506 u 20.278 0.055
53288.315339 z 19.400 0.061
53288.316172 g 19.507 0.013
53294.360513 r 19.381 0.017
53294.361346 i 19.319 0.022
53294.362180 u 20.277 0.065
#53294.363013 z -99.000 0.083
53294.363846 g 19.554 0.015
53296.307564 r 19.405 0.028
53296.308398 i 19.316 0.030
53296.309231 u 20.227 0.081
53296.310064 z 19.349 0.098
53296.310898 g 19.559 0.023
53298.357290 r 19.390 0.017
53298.358123 i 19.337 0.021
53298.358957 u 20.222 0.061
53298.359790 z 19.303 0.083
53298.360623 g 19.544 0.015
53302.308507 r 19.365 0.020
53302.309340 i 19.389 0.023
53302.310174 u 20.283 0.101
53302.311007 z 19.421 0.070
53302.311840 g 19.514 0.025
53312.264072 r 19.400 0.027
53312.264906 i 19.357 0.025
53312.265739 u 20.268 0.091
53312.266572 z 19.276 0.086
53312.267406 g 19.533 0.025
53314.265237 r 19.400 0.018
53314.266070 i 19.325 0.023
53314.266904 u 20.253 0.056
53314.267737 z 19.299 0.068
53314.268570 g 19.431 0.015
53319.253035 r 19.340 0.020
53319.253868 i 19.343 0.026
53319.254702 u 20.297 0.075
53319.255535 z 19.200 0.084
53319.256368 g 19.512 0.017
53616.369596 r 19.455 0.019
53616.370429 i 19.411 0.027
53616.371263 u 20.281 0.075
53616.372096 z 19.355 0.086
53616.372929 g 19.557 0.015
53626.346022 r 19.361 0.018
#53626.346855 i -99.000 0.059
#53626.347689 u -99.000 0.150
53626.348522 z 19.379 0.076
53626.349355 g 19.577 0.016
53628.330887 r 19.433 0.022
53628.331720 i 19.379 0.024
53628.332554 u 20.456 0.120
53628.333387 z 19.304 0.067
53628.334220 g 19.591 0.026
53637.332504 r 19.416 0.021
53637.333337 i 19.347 0.024
53637.334171 u 20.428 0.110
53637.335004 z 19.411 0.082
53637.335837 g 19.643 0.023
53639.377882 r 19.421 0.014
53639.378715 i 19.338 0.017
53639.379549 u 20.331 0.064
53639.380382 z 19.252 0.048
53639.381215 g 19.545 0.015
53641.377049 r 19.404 0.014
53641.377882 i 19.331 0.017
53641.378716 u 20.355 0.057
53641.379549 z 19.324 0.051
53641.380382 g 19.587 0.014
53654.359573 r 19.394 0.015
53654.360406 i 19.315 0.019
53654.361240 u 20.357 0.059
53654.362073 z 19.329 0.071
53654.362906 g 19.585 0.014
53657.335919 r 19.373 0.036
53657.336752 i 19.321 0.041
53657.337586 u 19.859 0.141
53657.338419 z 19.498 0.142
53657.339252 g 19.635 0.049
53663.320479 r 19.472 0.020
53663.321312 i 19.343 0.020
53663.322146 u 20.518 0.138
53663.322979 z 19.380 0.061
53663.323812 g 19.574 0.026
53665.298450 r 19.422 0.027
53665.299283 i 19.266 0.069
53665.300117 u 20.559 0.307
#53665.300950 z -99.000 0.459
#53665.301783 g -99.000 0.225
53666.390573 r 19.416 0.020
53666.391406 i 19.334 0.021
53666.392240 u 20.260 0.105
53666.393073 z 19.217 0.061
53666.393906 g 19.598 0.022
53668.310079 r 19.458 0.020
53668.310912 i 19.365 0.025
53668.311746 u 20.234 0.082
53668.312579 z 19.325 0.079
53668.313412 g 19.622 0.020
53670.314932 r 19.408 0.018
53670.315765 i 19.329 0.021
53670.316599 u 20.452 0.071
53670.317432 z 19.286 0.064
53670.318265 g 19.582 0.014
53673.282918 r 19.427 0.016
53673.283751 i 19.363 0.018
53673.284585 u 20.341 0.060
53673.285418 z 19.273 0.055
53673.286251 g 19.592 0.013
53675.279806 r 19.434 0.016
53675.280639 i 19.376 0.020
53675.281473 u 20.273 0.052
53675.282306 z 19.269 0.058
53675.283139 g 19.577 0.013
53677.300836 r 19.438 0.014
53677.301669 i 19.331 0.017
53677.302503 u 20.287 0.057
53677.303336 z 19.335 0.054
53677.304169 g 19.577 0.013
53680.287503 r 19.433 0.015
53680.288336 i 19.367 0.018
53680.289170 u 20.321 0.051
53680.290003 z 19.440 0.060
53680.290836 g 19.595 0.013
53686.286935 r 19.450 0.037
53686.287768 i 19.414 0.037
53686.288602 u 20.477 0.195
53686.289435 z 19.375 0.103
53686.290268 g 19.558 0.043
53693.289397 r 19.412 0.022
53693.290230 i 19.346 0.024
53693.291064 u 20.596 0.175
53693.291897 z 19.252 0.061
53693.292730 g 19.645 0.028
53698.286786 r 19.427 0.015
53698.287619 i 19.337 0.019
53698.288453 u 20.222 0.059
53698.289286 z 19.276 0.057
53698.290119 g 19.560 0.014
53704.272718 r 19.427 0.018
53704.273551 i 19.350 0.026
53704.274385 u 20.340 0.076
53704.275218 z 19.241 0.086
53704.276051 g 19.596 0.016
53989.368865 r 19.331 0.028
53989.369698 i 19.361 0.025
53989.370532 u 20.027 0.096
53989.371365 z 19.316 0.061
53989.372198 g 19.504 0.031
53995.383417 r 19.413 0.016
53995.384250 i 19.318 0.018
53995.385083 u 20.242 0.046
53995.385917 z 19.281 0.044
53995.386750 g 19.545 0.015
54000.344185 r 19.379 0.019
54000.345019 i 19.350 0.022
54000.345852 u 20.373 0.059
54000.346685 z 19.226 0.062
54000.347519 g 19.587 0.018
#54006.291281 r -99.000 0.078
#54006.292115 i -99.000 0.246
#54006.292948 u -99.000 0.189
#54006.293781 z -99.000 99.999
#54006.294615 g -99.000 99.999
54007.394385 r 19.377 0.027
54007.395219 i 19.315 0.028
54007.396052 u 20.184 0.056
54007.396885 z 19.269 0.058
54007.397719 g 19.563 0.020
54009.318134 r 19.407 0.019
54009.318967 i 19.378 0.020
54009.319800 u 20.184 0.044
54009.320634 z 19.356 0.051
54009.321467 g 19.557 0.018
54011.382662 r 19.372 0.015
54011.383495 i 19.356 0.025
54011.384329 u 20.211 0.043
54011.385162 z 19.308 0.044
54011.385995 g 19.545 0.018
54025.381617 r 19.398 0.022
54025.382450 i 19.353 0.026
54025.383284 u 20.401 0.075
54025.384117 z 19.492 0.081
54025.384950 g 19.568 0.018
54029.311994 r 19.411 0.024
54029.312828 i 19.353 0.034
54029.313661 u 20.240 0.051
54029.314494 z 19.380 0.062
54029.315328 g 19.590 0.019
54348.379399 r 19.583 0.019
54348.380232 i 19.508 0.025
54348.381066 u 20.311 0.069
54348.381899 z 19.553 0.068
54348.382732 g 19.735 0.022
54358.335168 r 19.572 0.028
54358.336002 i 19.510 0.026
54358.336835 u 20.619 0.106
54358.337668 z 19.220 0.084
54358.338502 g 19.759 0.026
54359.329216 r 19.456 0.055
54359.330050 i 19.499 0.096
#54359.330883 u 21.871 1.178
54359.331716 z 19.644 0.465
54359.332550 g 19.600 0.046
54365.368237 r 19.544 0.022
54365.369070 i 19.499 0.020
54365.369903 u 20.528 0.052
54365.370737 z 19.391 0.048
54365.371570 g 19.716 0.020
54381.387851 r 19.567 0.017
54381.388684 i 19.486 0.024
54381.389518 u 20.408 0.065
54381.390351 z 19.348 0.063
54381.391184 g 19.730 0.021
54384.394474 r 19.603 0.020
54384.395307 i 19.443 0.019
54384.396140 u 20.403 0.059
54384.396974 z 19.376 0.060
54384.397807 g 19.718 0.021
54386.380151 r 19.530 0.027
54386.380985 i 19.464 0.026
54386.381818 u 20.455 0.065
54386.382651 z 19.348 0.055
54386.383485 g 19.723 0.020
54388.384404 r 19.576 0.022
54388.385238 i 19.517 0.026
54388.386071 u 20.681 0.086
54388.386904 z 19.425 0.063
54388.387738 g 19.695 0.021
54392.382006 r 19.555 0.031
54392.382839 i 19.530 0.030
54392.383672 u 20.484 0.096
54392.384506 z 19.377 0.081
54392.385339 g 19.679 0.017
54403.298219 r 19.616 0.033
54403.299052 i 19.447 0.045
54403.299886 u 20.365 0.173
54403.300719 z 19.335 0.144
54403.301552 g 19.726 0.068
54404.355846 r 19.599 0.024
54404.356679 i 19.472 0.026
54404.357512 u 20.511 0.121
54404.358346 z 19.431 0.075
54404.359179 g 19.771 0.028
54405.353777 r 19.581 0.019
54405.354610 i 19.537 0.025
54405.355444 u 20.511 0.104
54405.356277 z 19.497 0.070
54405.357110 g 19.744 0.024
54406.292029 r 19.601 0.024
54406.292863 i 19.544 0.031
54406.293696 u 20.342 0.048
54406.294529 z 19.447 0.053
54406.295363 g 19.712 0.018
54412.317772 r 19.577 0.026
54412.318605 i 19.527 0.026
#54412.319438 u -99.000 0.085
54412.320272 z 19.515 0.110
54412.321105 g 19.746 0.024
