51081.341173 r 19.588 0.019
51081.342006 i 19.367 0.022
51081.342840 u 19.853 0.049
51081.343673 z 19.393 0.075
51081.344506 g 19.602 0.018
52196.376549 r 19.599 0.018
52196.377382 i 19.431 0.019
52196.378216 u 19.938 0.052
52196.379049 z 19.302 0.071
52196.379882 g 19.648 0.014
52197.370968 r 19.576 0.017
52197.371801 i 19.418 0.019
52197.372635 u 19.859 0.048
52197.373468 z 19.319 0.061
52197.374301 g 19.599 0.014
52207.343328 r 19.645 0.017
52207.344161 i 19.455 0.018
52207.344995 u 19.921 0.046
52207.345828 z 19.436 0.059
52207.346661 g 19.620 0.014
52225.221158 r 19.594 0.017
52225.221991 i 19.400 0.018
52225.222825 u 19.853 0.043
52225.223658 z 19.497 0.063
52225.224491 g 19.610 0.014
52231.256940 r 19.605 0.016
52231.257773 i 19.394 0.017
52231.258607 u 19.898 0.043
52231.259440 z 19.246 0.052
52231.260273 g 19.589 0.014
52234.228030 r 19.594 0.016
52234.228863 i 19.406 0.017
52234.229697 u 19.852 0.045
52234.230530 z 19.424 0.059
52234.231363 g 19.591 0.014
52282.118014 r 19.478 0.017
52282.118847 i 19.355 0.018
52282.119681 u 19.843 0.044
52282.120514 z 19.375 0.069
52282.121347 g 19.518 0.014
52557.364940 r 19.421 0.016
52557.365773 i 19.236 0.017
52557.366607 u 19.567 0.040
52557.367440 z 19.196 0.062
52557.368273 g 19.395 0.013
52578.261027 r 19.374 0.014
52578.261860 i 19.199 0.016
52578.262694 u 19.622 0.036
52578.263527 z 19.208 0.052
52578.264360 g 19.382 0.012
52908.339506 r 19.477 0.016
52908.340339 i 19.246 0.016
52908.341173 u 19.695 0.039
52908.342006 z 19.152 0.049
52908.342839 g 19.434 0.012
52912.318945 r 19.494 0.016
52912.319778 i 19.275 0.016
52912.320612 u 19.770 0.043
52912.321445 z 19.245 0.053
52912.322278 g 19.451 0.014
52934.271409 r 19.487 0.018
52934.272242 i 19.271 0.019
52934.273076 u 19.714 0.042
52934.273909 z 19.190 0.060
52934.274742 g 19.509 0.013
52936.267335 r 19.492 0.016
52936.268168 i 19.282 0.017
52936.269002 u 19.660 0.043
52936.269835 z 19.185 0.049
52936.270668 g 19.516 0.013
52971.190086 r 19.464 0.015
52971.190919 i 19.314 0.016
52971.191753 u 19.733 0.039
52971.192586 z 19.207 0.047
52971.193419 g 19.482 0.013
53270.331499 r 19.314 0.025
53270.332332 i 19.186 0.020
#53270.333166 u -99.000 0.042
53270.333999 z 19.113 0.043
53270.334832 g 19.303 0.022
53272.381337 r 19.340 0.015
53272.382170 i 19.191 0.016
#53272.383004 u -99.000 0.040
53272.383837 z 19.140 0.058
53272.384670 g 19.296 0.013
53286.350054 r 19.367 0.015
53286.350887 i 19.161 0.015
53286.351721 u 19.504 0.038
53286.352554 z 19.119 0.044
53286.353387 g 19.298 0.013
53288.308547 r 19.318 0.014
53288.309380 i 19.174 0.014
53288.310214 u 19.460 0.036
53288.311047 z 19.162 0.048
53288.311880 g 19.299 0.012
53294.356221 r 19.310 0.017
53294.357054 i 19.141 0.020
#53294.357888 u -99.000 0.050
53294.358721 z 19.282 0.076
53294.359554 g 19.355 0.013
53296.303234 r 19.330 0.022
53296.304067 i 19.165 0.033
53296.304901 u 19.566 0.060
53296.305734 z 19.108 0.059
53296.306567 g 19.360 0.033
53298.352999 r 19.363 0.018
53298.353832 i 19.167 0.018
53298.354666 u 19.544 0.040
53298.355499 z 19.055 0.054
53298.356332 g 19.375 0.013
53302.304215 r 19.320 0.023
53302.305048 i 19.176 0.019
#53302.305882 u -99.000 0.070
53302.306715 z 19.156 0.062
53302.307548 g 19.309 0.026
53312.259902 r 19.332 0.025
53312.260736 i 19.203 0.027
53312.261569 u 19.636 0.053
53312.262402 z 19.243 0.070
53312.263236 g 19.363 0.023
53314.260946 r 19.396 0.016
53314.261779 i 19.192 0.016
53314.262613 u 19.657 0.042
53314.263446 z 19.060 0.055
53314.264279 g 19.398 0.013
53319.248743 r 19.359 0.018
53319.249576 i 19.157 0.018
53319.250410 u 19.596 0.043
53319.251243 z 19.181 0.069
53319.252076 g 19.344 0.014
53616.365303 r 19.459 0.019
53616.366136 i 19.154 0.019
53616.366970 u 19.611 0.049
53616.367803 z 19.149 0.068
53616.368636 g 19.475 0.015
53622.378532 r 19.419 0.019
53622.379365 i 19.173 0.020
53622.380199 u 19.644 0.047
53622.381032 z 19.284 0.076
53622.381865 g 19.487 0.016
53626.341729 r 19.524 0.019
53626.342562 i 19.338 0.028
53626.343396 u 19.709 0.048
53626.344229 z 19.253 0.077
53626.345062 g 19.475 0.018
53628.326595 r 19.508 0.026
53628.327428 i 19.283 0.023
53628.328262 u 19.713 0.078
53628.329095 z 19.149 0.062
#53628.329928 g -99.000 0.027
53637.328212 r 19.451 0.021
53637.329045 i 19.261 0.022
53637.329879 u 19.828 0.068
53637.330712 z 19.156 0.066
53637.331545 g 19.506 0.023
53639.373589 r 19.499 0.016
53639.374422 i 19.301 0.015
53639.375256 u 19.765 0.043
53639.376089 z 19.270 0.046
53639.376922 g 19.485 0.015
53641.372756 r 19.509 0.016
53641.373589 i 19.299 0.015
53641.374423 u 19.818 0.045
53641.375256 z 19.239 0.046
53641.376089 g 19.523 0.013
53654.355281 r 19.522 0.016
53654.356114 i 19.324 0.018
53654.356948 u 19.743 0.044
53654.357781 z 19.242 0.060
53654.358614 g 19.580 0.013
53663.316187 r 19.540 0.021
53663.317020 i 19.297 0.018
53663.317854 u 19.792 0.068
53663.318687 z 19.229 0.050
53663.319520 g 19.590 0.023
#53665.294157 r -99.000 0.234
53665.294990 i 19.345 0.120
#53665.295824 u -99.000 0.480
#53665.296657 z -99.000 0.171
53665.297490 g 19.553 0.023
53666.386282 r 19.562 0.021
53666.387115 i 19.301 0.018
53666.387949 u 19.782 0.074
53666.388782 z 19.237 0.056
53666.389615 g 19.577 0.022
53668.305787 r 19.529 0.021
53668.306620 i 19.311 0.020
53668.307454 u 19.718 0.050
53668.308287 z 19.219 0.062
53668.309120 g 19.500 0.017
53670.310639 r 19.558 0.021
53670.311472 i 19.288 0.022
53670.312306 u 19.800 0.061
53670.313139 z 19.116 0.067
53670.313972 g 19.520 0.015
53673.278626 r 19.553 0.016
53673.279459 i 19.296 0.016
53673.280293 u 19.866 0.045
53673.281126 z 19.259 0.050
53673.281959 g 19.593 0.013
53675.275513 r 19.523 0.018
53675.276346 i 19.256 0.017
53675.277180 u 19.946 0.048
53675.278013 z 19.234 0.059
53675.278846 g 19.549 0.013
53677.296544 r 19.551 0.016
53677.297377 i 19.298 0.015
53677.298211 u 19.872 0.045
53677.299044 z 19.237 0.044
53677.299877 g 19.547 0.013
53680.283211 r 19.502 0.016
53680.284044 i 19.302 0.016
#53680.284878 u -99.000 0.044
53680.285711 z 19.193 0.046
53680.286544 g 19.572 0.014
53686.282643 r 19.526 0.036
53686.283476 i 19.319 0.032
53686.284310 u 19.867 0.134
53686.285143 z 19.267 0.079
53686.285976 g 19.576 0.042
53693.285105 r 19.589 0.024
53693.285938 i 19.323 0.021
53693.286772 u 19.885 0.099
53693.287605 z 19.148 0.057
53693.288438 g 19.638 0.028
53698.282494 r 19.583 0.018
53698.283327 i 19.333 0.018
53698.284161 u 19.830 0.050
53698.284994 z 19.182 0.053
53698.285827 g 19.579 0.014
53704.268426 r 19.563 0.018
53704.269259 i 19.343 0.019
53704.270093 u 19.826 0.050
53704.270926 z 19.082 0.063
53704.271759 g 19.625 0.016
53989.364477 r 19.734 0.035
53989.365310 i 19.503 0.033
53989.366143 u 19.893 0.091
53989.366977 z 19.398 0.065
#53989.367810 g -99.000 0.042
53995.379100 r 19.707 0.019
53995.379933 i 19.489 0.021
53995.380766 u 20.046 0.043
53995.381600 z 19.433 0.049
53995.382433 g 19.740 0.019
54000.339948 r 19.776 0.024
54000.340782 i 19.386 0.036
54000.341615 u 19.962 0.080
54000.342448 z 19.405 0.067
54000.343282 g 19.747 0.017
54006.286673 r 19.774 0.017
54006.287507 i 19.427 0.018
#54006.288340 u -99.000 0.065
#54006.289173 z -99.000 0.147
#54006.290007 g -99.000 0.219
54007.390045 r 19.696 0.032
54007.390879 i 19.505 0.028
54007.391712 u 19.928 0.055
54007.392545 z 19.408 0.069
54007.393379 g 19.743 0.025
54009.313864 r 19.708 0.025
54009.314698 i 19.454 0.020
#54009.315531 u -99.000 0.048
54009.316364 z 19.510 0.053
54009.317198 g 19.777 0.016
54011.378336 r 19.703 0.016
54011.379170 i 19.421 0.021
54011.380003 u 20.005 0.043
54011.380836 z 19.412 0.046
54011.381670 g 19.749 0.021
54024.395770 r 19.632 0.043
54024.396603 i 19.551 0.026
#54024.397437 u 99.991 99.999
54024.398270 z 19.449 0.103
54024.399103 g 19.686 0.038
54025.377431 r 19.753 0.031
54025.378265 i 19.436 0.033
54025.379098 u 19.960 0.065
54025.379931 z 19.622 0.102
54025.380765 g 19.813 0.048
54029.307664 r 19.742 0.028
54029.308497 i 19.436 0.023
54029.309330 u 20.186 0.052
54029.310164 z 19.384 0.069
54029.310997 g 19.794 0.020
54059.290254 r 19.741 0.030
54059.291087 i 19.538 0.030
#54059.291920 u 99.988 99.999
54059.292754 z 19.578 0.083
#54059.293587 g -99.000 99.999
54061.301307 r 19.701 0.029
54061.302140 i 19.514 0.042
#54061.302974 u 99.995 99.999
54061.303807 z 19.297 0.083
54061.304640 g 19.889 0.025
54062.295150 r 19.726 0.018
54062.295983 i 19.509 0.021
#54062.296816 u 99.990 99.999
54062.297650 z 19.419 0.064
#54062.298483 g 99.987 99.999
54348.375060 r 19.668 0.026
54348.375893 i 19.435 0.024
54348.376726 u 19.888 0.068
54348.377560 z 19.402 0.065
54348.378393 g 19.699 0.024
54358.330906 r 19.600 0.021
54358.331739 i 19.412 0.026
#54358.332573 u -99.000 0.052
54358.333406 z 19.338 0.077
54358.334239 g 19.593 0.023
54359.325030 r 19.629 0.047
54359.325863 i 19.348 0.052
54359.326697 u 20.218 0.194
54359.327530 z 19.505 0.251
54359.328363 g 19.604 0.039
54359.365112 r 19.590 0.046
54359.365945 i 19.393 0.023
54359.366778 u 19.808 0.054
54359.367612 z 19.329 0.070
54359.368445 g 19.631 0.019
54362.383208 r 19.587 0.020
54362.384041 i 19.398 0.027
54362.384874 u 19.858 0.040
54362.385708 z 19.321 0.051
54362.386541 g 19.585 0.019
54365.363989 r 19.616 0.020
54365.364823 i 19.451 0.019
54365.365656 u 19.913 0.047
54365.366489 z 19.335 0.047
54365.367323 g 19.687 0.031
54381.383562 r 19.622 0.021
54381.384396 i 19.384 0.026
54381.385229 u 19.834 0.093
54381.386062 z 19.344 0.054
54381.386896 g 19.625 0.021
54384.390209 r 19.632 0.024
54384.391043 i 19.414 0.017
54384.391876 u 19.894 0.045
54384.392709 z 19.396 0.060
54384.393543 g 19.645 0.019
54386.375905 r 19.581 0.029
54386.376738 i 19.413 0.033
54386.377572 u 19.834 0.058
54386.378405 z 19.234 0.058
54386.379238 g 19.597 0.022
54388.380117 r 19.588 0.019
54388.380950 i 19.410 0.020
#54388.381784 u -99.000 0.057
54388.382617 z 19.349 0.060
54388.383450 g 19.638 0.018
54390.374244 r 19.437 0.027
#54390.375077 i -99.000 0.058
#54390.375911 u -99.000 0.146
#54390.376744 z -99.000 99.999
#54390.377577 g -99.000 0.029
54391.382547 r 19.533 0.028
54391.383380 i 19.401 0.043
#54391.384214 u 99.968 99.999
54391.385047 z 19.258 0.106
54391.385880 g 19.486 0.023
54392.377691 r 19.596 0.033
54392.378525 i 19.311 0.028
54392.379358 u 19.829 0.053
54392.380191 z 19.332 0.068
#54392.381025 g -99.000 0.025
54402.374899 r 19.525 0.031
54402.375733 i 19.308 0.029
54402.376566 u 19.789 0.121
54402.377399 z 19.317 0.075
54402.378233 g 19.638 0.039
54403.294048 r 19.625 0.027
54403.294881 i 19.385 0.025
54403.295715 u 19.720 0.070
54403.296548 z 19.444 0.085
54403.297381 g 19.573 0.038
54404.351507 r 19.616 0.031
54404.352340 i 19.382 0.035
54404.353173 u 19.800 0.086
54404.354007 z 19.468 0.085
54404.354840 g 19.641 0.025
54405.349439 r 19.584 0.020
54405.350272 i 19.366 0.022
#54405.351105 u -99.000 0.056
54405.351939 z 19.386 0.058
54405.352772 g 19.576 0.022
54406.287782 r 19.550 0.018
54406.288616 i 19.353 0.022
54406.289449 u 19.794 0.036
54406.290282 z 19.444 0.050
54406.291116 g 19.564 0.024
54412.313530 r 19.579 0.021
54412.314363 i 19.397 0.021
54412.315197 u 19.844 0.054
54412.316030 z 19.199 0.056
54412.316863 g 19.553 0.016
